0 0.503072857857
200 0.225396901369
400 0.293527215719
600 0.218605533242
800 0.180817276239
1000 0.115948937833
1200 0.188904955983
1400 0.215889021754
1600 0.162209898233
1800 0.15666796267
2000 0.0966078564525
2200 0.19931961596
2400 0.111355483532
2600 0.0891779884696
2800 0.116938099265
3000 0.141998156905
3200 0.121683239937
3400 0.127603679895
3600 0.0804756954312
3800 0.159324809909
4000 0.145796105266
4200 0.0811551809311
4400 0.165214970708
4600 0.0963141024113
4800 0.134260118008
5000 0.139106050134
5200 0.08684348315
5400 0.153133735061
5600 0.110672168434
5800 0.213595613837
6000 0.181863158941
6200 0.182627514005
6400 0.132779195905
6600 0.0800665691495
6800 0.0599922947586
7000 0.167708486319
7200 0.138958677649
7400 0.111660636961
7600 0.111875839531
7800 0.0356368385255
8000 0.115116499364
8200 0.153941974044
8400 0.0808485895395
8600 0.106423825026
8800 0.105776406825
9000 0.113876655698
9200 0.133413955569
9400 0.117417156696
9600 0.0985573232174
9800 0.115061067045
10000 0.115979477763
10200 0.0837318077683
10400 0.140010625124
10600 0.116585575044
10800 0.106556952
11000 0.101634263992
11200 0.174047127366
11400 0.0748166367412
11600 0.0922997668386
11800 0.0782426148653
12000 0.0943818986416
12200 0.0747754126787
12400 0.0821311324835
12600 0.074930369854
12800 0.115431725979
13000 0.0879336446524
13200 0.151403903961
13400 0.0474813580513
13600 0.126306757331
13800 0.111058570445
14000 0.116064324975
14200 0.0554891228676
14400 0.114693969488
14600 0.0847031772137
14800 0.0534335896373
15000 0.0899945273995
15200 0.0648107305169
15400 0.0434855669737
15600 0.095844373107
15800 0.0526463165879
16000 0.0642508417368
16200 0.125908121467
16400 0.0760255530477
16600 0.0433102473617
16800 0.0298146698624
17000 0.111678302288
17200 0.0942567437887
17400 0.0624663308263
17600 0.1108481884
17800 0.0548458918929
18000 0.100793972611
18200 0.0479239709675
18400 0.0331584662199
18600 0.113556608558
18800 0.0744818150997
19000 0.0812583714724
19200 0.110507644713
19400 0.104269862175
19600 0.101158864796
19800 0.0958304926753
20000 0.071540184319
20200 0.0759470611811
20400 0.0847898200154
20600 0.152379348874
20800 0.116133496165
21000 0.0468219555914
21200 0.0707377865911
21400 0.107725292444
21600 0.108882345259
21800 0.126351431012
22000 0.0415000990033
22200 0.0645828172565
22400 0.116763114929
22600 0.0627979710698
22800 0.0782984942198
23000 0.0905267372727
23200 0.0850958004594
23400 0.0773665159941
23600 0.0496782809496
23800 0.0890680402517
24000 0.0962114334106
24200 0.0801239833236
24400 0.0660023242235
24600 0.0891373306513
24800 0.0332343056798
25000 0.09126329422
25200 0.0860044658184
25400 0.060161460191
25600 0.0552323535085
25800 0.10133395344
26000 0.0542205795646
26200 0.0770954564214
26400 0.10553959012
26600 0.0514064468443
26800 0.0755114927888
27000 0.0817672163248
27200 0.0521029047668
27400 0.0269227996469
27600 0.131600648165
27800 0.0222972519696
28000 0.13332118094
28200 0.0308994911611
28400 0.0445936433971
28600 0.148768395185
28800 0.142304226756
29000 0.0794718116522
29200 0.0706167221069
29400 0.0302599761635
29600 0.0435511320829
29800 0.0432134568691
30000 0.154284238815
30200 0.093832321465
30400 0.104536399245
30600 0.116879060864
30800 0.03645067662
31000 0.0824802443385
31200 0.0511250197887
31400 0.0795412957668
31600 0.115559287369
31800 0.0911094769835
32000 0.105763375759
32200 0.0622411295772
32400 0.0780904740095
32600 0.0268239080906
32800 0.12288825959
33000 0.0811986550689
33200 0.0693187266588
33400 0.0443003661931
33600 0.0753550678492
33800 0.0423629395664
34000 0.0782732665539
34200 0.157477468252
34400 0.042698636651
34600 0.103707686067
34800 0.109671257436
35000 0.0559621304274
35200 0.0381091088057
35400 0.0506930947304
35600 0.0582427866757
35800 0.108332671225
36000 0.154868677258
36200 0.0876270085573
36400 0.0740842819214
36600 0.070424862206
36800 0.0720492750406
37000 0.073338098824
37200 0.0623753145337
37400 0.127319902182
37600 0.0738471895456
37800 0.0569852925837
38000 0.0936864987016
38200 0.0619170889258
38400 0.0573451928794
38600 0.0379129722714
38800 0.0843428447843
39000 0.0561361163855
39200 0.0530730225146
39400 0.115870721638
39600 0.0890638530254
39800 0.0826663225889
40000 0.0655386820436
40200 0.0448901057243
40400 0.0921939909458
40600 0.0641783997416
40800 0.0603865943849
41000 0.0410040430725
41200 0.029103808105
41400 0.10452631861
41600 0.0627222806215
41800 0.0934320390224
42000 0.0190419834107
42200 0.0361375138164
42400 0.0486330464482
42600 0.0716871917248
42800 0.0244321450591
43000 0.035507734865
43200 0.0386252216995
43400 0.0654408931732
43600 0.0703521370888
43800 0.0597477853298
44000 0.0702081173658
44200 0.062248647213
44400 0.0771144777536
44600 0.0879333093762
44800 0.073669873178
45000 0.0582491420209
45200 0.0425991378725
45400 0.107753887773
45600 0.0882485881448
45800 0.0506735704839
46000 0.0625841245055
46200 0.062308549881
46400 0.0339086912572
46600 0.0626297518611
46800 0.0629195645452
47000 0.0816249772906
47200 0.0722685456276
47400 0.0521759837866
47600 0.108575642109
47800 0.0554060675204
48000 0.0899313166738
48200 0.0227439124137
48400 0.0466343872249
48600 0.0363031923771
48800 0.117884919047
