0 0.502299904823
200 0.330992370844
400 0.288253635168
600 0.271357417107
800 0.192284539342
1000 0.127577066422
1200 0.231942027807
1400 0.200546830893
1600 0.129538565874
1800 0.181571573019
2000 0.122129678726
2200 0.21155589819
2400 0.116291895509
2600 0.10684389621
2800 0.124002121389
3000 0.1262255162
3200 0.143463075161
3400 0.171684846282
3600 0.125079736114
3800 0.189941421151
4000 0.137835741043
4200 0.122097365558
4400 0.166845560074
4600 0.163457423449
4800 0.185110628605
5000 0.136711835861
5200 0.0995063781738
5400 0.183891788125
5600 0.126042813063
5800 0.209384128451
6000 0.165779441595
6200 0.17606587708
6400 0.142964944243
6600 0.0669893324375
6800 0.09497269243
7000 0.145773336291
7200 0.203820601106
7400 0.112605646253
7600 0.15078663826
7800 0.0382578708231
8000 0.122909255326
8200 0.163943633437
8400 0.106177352369
8600 0.130667895079
8800 0.131291523576
9000 0.129451900721
9200 0.139731705189
9400 0.149395033717
9600 0.10715956986
9800 0.167910531163
10000 0.112683884799
10200 0.11125305295
10400 0.162417843938
10600 0.137023732066
10800 0.16954639554
11000 0.146489232779
11200 0.192523121834
11400 0.0768366008997
11600 0.112238533795
11800 0.0978662669659
12000 0.169899135828
12200 0.130219593644
12400 0.111519485712
12600 0.0829654112458
12800 0.111205562949
13000 0.0848568752408
13200 0.135948911309
13400 0.0801728516817
13600 0.119732737541
13800 0.11344178021
14000 0.116850227118
14200 0.0753670632839
14400 0.137354061007
14600 0.135231852531
14800 0.0806905850768
15000 0.110683009028
15200 0.0722960084677
15400 0.0753658562899
15600 0.0989407151937
15800 0.0643198937178
16000 0.070263966918
16200 0.124363772571
16400 0.090974740684
16600 0.0919424518943
16800 0.0459281355143
17000 0.112007975578
17200 0.129970744252
17400 0.0670051649213
17600 0.147874161601
17800 0.0832192748785
18000 0.124694377184
18200 0.0975874215364
18400 0.0348518453538
18600 0.157075539231
18800 0.0890059843659
19000 0.0955255627632
19200 0.147688090801
19400 0.141581535339
19600 0.11228171736
19800 0.0958086997271
20000 0.075057707727
20200 0.1380738765
20400 0.115393653512
20600 0.185878887773
20800 0.151592671871
21000 0.0791682898998
21200 0.0969972088933
21400 0.0928213372827
21600 0.116027265787
21800 0.164041101933
22000 0.0983196347952
22200 0.0856782197952
22400 0.144929215312
22600 0.108040325344
22800 0.105903640389
23000 0.118570670485
23200 0.119582340121
23400 0.119079038501
23600 0.0353445224464
23800 0.1187209934
24000 0.131912857294
24200 0.117116063833
24400 0.059509690851
24600 0.108268857002
24800 0.0724954158068
25000 0.0920433551073
25200 0.0827225670218
25400 0.0716781839728
25600 0.0935126319528
25800 0.194994151592
26000 0.0768332183361
26200 0.0904936939478
26400 0.154235616326
26600 0.0790106356144
26800 0.137301415205
27000 0.0937686860561
27200 0.0754949003458
27400 0.0433607175946
27600 0.157426610589
27800 0.0488157309592
28000 0.164355203509
28200 0.0695438981056
28400 0.0455570742488
28600 0.149456784129
28800 0.138390630484
29000 0.11506035924
29200 0.119567424059
29400 0.0339505784214
29600 0.0609664991498
29800 0.0451857373118
30000 0.193399578333
30200 0.089149273932
30400 0.111938416958
30600 0.101238131523
30800 0.063252389431
31000 0.10950807482
31200 0.0753265470266
31400 0.0918252766132
31600 0.170086175203
31800 0.0929246991873
32000 0.137680992484
32200 0.0675841346383
32400 0.138119861484
32600 0.0476729311049
32800 0.12842784822
33000 0.0852286741138
33200 0.101589292288
33400 0.0749708563089
33600 0.0946819186211
33800 0.0625284686685
34000 0.0884979367256
34200 0.156144201756
34400 0.0520556122065
34600 0.0928252562881
34800 0.107365123928
35000 0.0818747803569
35200 0.0561912469566
35400 0.0640577822924
35600 0.0599429532886
35800 0.128642216325
36000 0.189645111561
36200 0.0949347019196
36400 0.0795907229185
36600 0.10388533771
36800 0.0835546702147
37000 0.0574331507087
37200 0.0857934653759
37400 0.136254414916
37600 0.0959311053157
37800 0.0695809572935
38000 0.0948922336102
38200 0.135130941868
38400 0.0645702332258
38600 0.078303553164
38800 0.0938858389854
39000 0.0919402614236
39200 0.0493038073182
39400 0.105589359999
39600 0.0975046083331
39800 0.122108526528
40000 0.0699458196759
40200 0.0656351819634
40400 0.0798403769732
40600 0.0839670300484
40800 0.0679603070021
41000 0.0650431141257
41200 0.0634395107627
41400 0.102437317371
41600 0.0922014266253
41800 0.116125941277
42000 0.0202551521361
42200 0.0681150481105
42400 0.0690328553319
42600 0.0734094381332
42800 0.032712303102
43000 0.0802071690559
43200 0.0612177066505
43400 0.0681467577815
43600 0.0624348856509
43800 0.0676911473274
44000 0.138680651784
44200 0.0649169906974
44400 0.133234828711
44600 0.0857101231813
44800 0.063635468483
45000 0.0693597197533
45200 0.0468216240406
45400 0.129307746887
45600 0.099646911025
45800 0.073511376977
46000 0.0917011722922
46200 0.0560170486569
46400 0.068118982017
46600 0.0902702584863
46800 0.0748199373484
47000 0.0587207823992
47200 0.0729638785124
47400 0.0671288967133
47600 0.116242945194
47800 0.0839277356863
48000 0.100421652198
48200 0.0295272450894
48400 0.0620168820024
48600 0.0747664868832
48800 0.104048393667
