0, 0.4957, 2.193
1, 0.4888, 0.637
2, 0.5044, 0.378
3, 0.4843, 0.392
4, 0.4844, 0.395
5, 0.4910, 0.394
6, 0.4816, 0.393
7, 0.4845, 0.392
8, 0.4950, 0.405
9, 0.4938, 0.399
10, 0.5022, 0.405
11, 0.4926, 0.409
12, 0.4937, 0.418
13, 0.5042, 0.407
14, 0.4788, 0.408
15, 0.5043, 0.425
16, 0.4978, 0.420
17, 0.4792, 0.394
18, 0.4879, 0.461
19, 0.4802, 0.402
20, 0.5095, 0.422
21, 0.4983, 0.393
22, 0.5071, 0.484
23, 0.4948, 0.674
24, 0.4905, 0.398
25, 0.4976, 0.436
26, 0.5066, 0.422
27, 0.4935, 0.424
28, 0.4946, 0.407
29, 0.5108, 0.405
30, 0.4900, 0.405
31, 0.4983, 0.398
32, 0.4962, 0.411
33, 0.4881, 0.532
34, 0.4949, 0.394
35, 0.4783, 0.411
36, 0.5027, 0.410
37, 0.4881, 0.412
38, 0.4898, 0.409
39, 0.4928, 0.415
40, 0.4959, 0.408
41, 0.4959, 0.406
42, 0.4996, 0.401
43, 0.4989, 0.415
44, 0.4961, 0.395
45, 0.4899, 0.395
46, 0.5027, 0.396
47, 0.4968, 0.404
48, 0.4889, 0.393
49, 0.4909, 0.390
50, 0.5060, 0.393
51, 0.4813, 0.395
52, 0.4855, 0.397
53, 0.4804, 0.396
54, 0.4974, 0.464
55, 0.4883, 0.385
56, 0.4835, 0.395
57, 0.4915, 0.399
58, 0.4885, 0.406
59, 0.4969, 0.394
60, 0.4915, 0.398
61, 0.5001, 0.394
62, 0.4968, 0.391
63, 0.4974, 0.398
64, 0.4940, 0.399
65, 0.4927, 0.393
66, 0.4900, 0.396
67, 0.4929, 0.393
68, 0.4853, 0.399
69, 0.5005, 0.405
70, 0.4979, 0.394
71, 0.4933, 0.395
72, 0.5127, 0.402
73, 0.4886, 0.396
74, 0.4941, 0.394
75, 0.5019, 0.390
76, 0.4895, 0.395
77, 0.4973, 0.394
78, 0.4906, 0.405
79, 0.4913, 0.398
80, 0.4873, 0.403
81, 0.4843, 0.396
82, 0.4874, 0.399
83, 0.4976, 0.396
84, 0.4997, 0.392
85, 0.4911, 0.391
86, 0.4918, 0.401
87, 0.4913, 0.407
88, 0.4768, 0.397
89, 0.4904, 0.392
90, 0.5077, 0.391
91, 0.5031, 0.394
92, 0.4997, 0.395
93, 0.4916, 0.392
94, 0.4910, 0.391
95, 0.4869, 0.388
96, 0.5154, 0.392
97, 0.5067, 0.393
98, 0.5056, 0.410
99, 0.4858, 0.404
100, 0.4976, 0.393
101, 0.4856, 0.394
102, 0.4892, 0.392
103, 0.4887, 0.391
104, 0.4928, 0.392
105, 0.5041, 0.391
106, 0.4961, 0.393
107, 0.4870, 0.409
108, 0.4810, 0.396
109, 0.5166, 0.428
110, 0.4968, 0.436
111, 0.4982, 0.428
112, 0.4916, 0.394
113, 0.4934, 0.387
114, 0.4915, 0.370
115, 0.4872, 0.374
116, 0.4831, 0.376
117, 0.4989, 0.525
118, 0.4892, 0.372
119, 0.5022, 0.371
120, 0.4663, 0.366
121, 0.4969, 2.725
122, 0.4972, 0.381
123, 0.4912, 0.379
124, 0.4935, 0.379
125, 0.4976, 0.380
126, 0.4967, 0.404
127, 0.4916, 0.396
128, 0.4825, 0.393
129, 0.4970, 0.392
130, 0.4644, 1.230
131, 0.4788, 0.398
132, 0.4900, 0.407
133, 0.4768, 0.394
134, 0.5032, 0.405
135, 0.4818, 0.411
136, 0.4931, 0.389
137, 0.5046, 0.396
138, 0.5020, 1.455
139, 0.4908, 0.413
140, 0.4962, 0.391
141, 0.4927, 0.387
142, 0.5001, 0.399
143, 0.4938, 0.392
144, 0.4967, 0.396
145, 0.4952, 0.393
146, 0.4862, 0.396
147, 0.4990, 0.391
148, 0.4947, 0.389
149, 0.5084, 0.390
150, 0.4990, 0.394
151, 0.5142, 0.388
152, 0.4944, 0.390
153, 0.4956, 0.390
154, 0.4988, 0.386
155, 0.4948, 0.383
156, 0.4919, 0.391
157, 0.5020, 0.394
158, 0.4808, 0.395
159, 0.5062, 0.393
160, 0.4808, 0.393
161, 0.5055, 0.390
162, 0.5000, 0.397
163, 0.4834, 0.394
164, 0.4917, 0.392
165, 0.4892, 0.397
166, 0.5066, 0.394
167, 0.5043, 0.394
168, 0.5001, 0.387
169, 0.4969, 0.398
170, 0.4857, 0.428
171, 0.4968, 0.402
172, 0.5008, 0.645
173, 0.4989, 0.393
174, 0.4729, 0.395
175, 0.5037, 0.393
176, 0.4844, 0.391
177, 0.4980, 0.398
178, 0.4895, 0.394
179, 0.4929, 0.392
180, 0.4885, 0.395
181, 0.4894, 0.401
182, 0.4918, 0.396
183, 0.4971, 0.398
184, 0.5029, 0.392
185, 0.4978, 0.393
186, 0.5086, 0.394
187, 0.4802, 0.396
188, 0.4988, 0.389
189, 0.5040, 0.390
190, 0.5005, 0.393
191, 0.5001, 0.404
192, 0.4989, 0.405
193, 0.4901, 0.390
194, 0.4981, 0.397
195, 0.5052, 0.429
196, 0.5002, 0.390
197, 0.4890, 0.406
198, 0.4893, 0.398
199, 0.5045, 0.404
200, 0.4883, 0.397
201, 0.5160, 0.395
202, 0.5028, 0.400
203, 0.5063, 0.396
204, 0.5027, 0.399
205, 0.4961, 0.398
206, 0.4994, 0.396
207, 0.5058, 0.399
208, 0.5056, 0.394
209, 0.4995, 0.409
210, 0.5056, 0.399
211, 0.4816, 0.401
212, 0.4961, 0.999
213, 0.4832, 0.400
214, 0.4739, 0.397
215, 0.5014, 0.403
216, 0.5041, 0.391
217, 0.4926, 0.413
218, 0.5035, 0.403
219, 0.4962, 0.992
220, 0.4930, 0.394
221, 0.4950, 0.393
222, 0.5066, 0.398
223, 0.4799, 0.409
224, 0.4944, 0.395
225, 0.5054, 0.399
226, 0.4920, 0.393
227, 0.4920, 0.390
228, 0.4938, 0.389
229, 0.4817, 0.386
230, 0.5055, 0.390
231, 0.4974, 0.397
232, 0.4922, 0.400
233, 0.4997, 0.394
234, 0.4874, 0.399
235, 0.4990, 0.392
236, 0.5058, 0.409
237, 0.4930, 0.406
238, 0.4782, 0.412
239, 0.4928, 0.406
240, 0.5024, 0.477
241, 0.4975, 0.404
242, 0.4928, 0.399
243, 0.4992, 0.393
244, 0.4873, 0.403
245, 0.4919, 0.396
246, 0.4941, 0.400
247, 0.4889, 0.410
248, 0.4833, 0.392
249, 0.5019, 0.396
250, 0.4932, 0.405
251, 0.4880, 0.402
252, 0.4896, 0.401
253, 0.5049, 0.400
254, 0.5105, 0.393
255, 0.4981, 0.394
256, 0.4988, 0.401
257, 0.4822, 0.404
258, 0.4899, 0.391
259, 0.4918, 0.392
260, 0.4860, 0.403
261, 0.4969, 0.410
262, 0.5097, 0.401
263, 0.4880, 0.390
264, 0.4985, 0.385
265, 0.4894, 0.387
266, 0.4840, 0.390
267, 0.5032, 0.375
268, 0.4904, 0.375
269, 0.4918, 0.379
270, 0.4954, 0.378
271, 0.4983, 0.378
272, 0.4841, 0.373
273, 0.4712, 0.372
274, 0.4907, 2.152
275, 0.4980, 1.677
276, 0.4906, 0.382
277, 0.5031, 0.377
278, 0.5035, 0.537
279, 0.4981, 0.379
280, 0.4818, 0.378
281, 0.4886, 0.380
282, 0.4998, 0.424
283, 0.5129, 0.376
284, 0.5010, 0.378
285, 0.5027, 0.375
286, 0.4922, 0.378
287, 0.4908, 0.374
288, 0.4819, 0.403
289, 0.4973, 0.408
290, 0.5075, 0.388
291, 0.4981, 0.392
292, 0.5076, 0.391
293, 0.4920, 0.400
294, 0.4996, 0.394
295, 0.4967, 0.395
296, 0.5124, 0.394
297, 0.4850, 0.392
298, 0.5037, 0.395
299, 0.5142, 0.393
300, 0.4883, 0.390
301, 0.4979, 0.390
302, 0.4985, 0.391
303, 0.4964, 0.387
304, 0.4957, 0.391
305, 0.4892, 0.393
306, 0.4917, 0.400
307, 0.4926, 0.413
308, 0.4796, 0.399
309, 0.5108, 0.392
310, 0.4908, 0.399
311, 0.4879, 0.401
312, 0.4899, 0.392
313, 0.4839, 0.402
314, 0.4932, 0.402
315, 0.4855, 0.396
316, 0.4944, 0.394
317, 0.5018, 0.402
318, 0.5088, 0.391
319, 0.4928, 0.397
320, 0.5027, 0.921
321, 0.4921, 0.393
322, 0.4875, 0.393
323, 0.5007, 0.400
324, 0.4929, 0.399
325, 0.4876, 0.404
326, 0.4978, 0.407
327, 0.4823, 0.422
328, 0.4911, 0.392
329, 0.4951, 0.391
330, 0.5046, 0.400
331, 0.4935, 0.402
332, 0.5111, 0.394
333, 0.5084, 0.401
334, 0.4971, 0.401
335, 0.4804, 0.389
336, 0.4962, 0.388
337, 0.5066, 0.388
338, 0.5085, 0.393
339, 0.5068, 0.393
340, 0.4907, 0.393
341, 0.4870, 0.395
342, 0.4766, 0.394
343, 0.4929, 0.395
344, 0.5012, 0.397
345, 0.5029, 0.391
346, 0.4830, 0.394
347, 0.4842, 0.400
348, 0.4909, 0.401
349, 0.4678, 0.394
350, 0.4897, 0.398
351, 0.4878, 0.395
352, 0.4894, 0.386
353, 0.4869, 0.388
354, 0.4709, 0.392
355, 0.4930, 0.393
356, 0.4857, 0.399
357, 0.4838, 0.398
358, 0.5051, 0.408
359, 0.4948, 0.403
360, 0.5043, 0.396
361, 0.5016, 0.417
362, 0.4929, 0.400
363, 0.4980, 0.392
364, 0.5092, 0.391
365, 0.5037, 0.467
366, 0.5076, 0.391
367, 0.5015, 0.412
368, 0.5036, 0.401
369, 0.4998, 0.402
370, 0.5058, 0.393
371, 0.4938, 0.388
372, 0.4960, 0.392
373, 0.4971, 0.392
374, 0.4968, 0.389
375, 0.4817, 0.390
376, 0.4944, 0.395
377, 0.4979, 0.392
378, 0.4910, 0.394
379, 0.4859, 0.398
380, 0.4933, 0.396
381, 0.5021, 0.396
382, 0.5164, 0.394
383, 0.5076, 0.424
384, 0.4833, 0.446
385, 0.5045, 0.384
386, 0.4930, 0.394
387, 0.4865, 0.402
388, 0.4814, 0.406
389, 0.4948, 0.399
390, 0.4945, 0.395
391, 0.4957, 0.432
392, 0.4932, 0.435
393, 0.5009, 0.391
394, 0.5057, 0.397
395, 0.5088, 0.391
396, 0.4988, 0.396
397, 0.5015, 0.397
398, 0.4924, 0.393
399, 0.5085, 0.384
400, 0.5077, 0.389
401, 0.5052, 0.389
402, 0.5018, 0.397
403, 0.4938, 0.403
404, 0.4961, 0.409
405, 0.5071, 0.406
406, 0.4768, 0.405
407, 0.4886, 0.401
408, 0.4967, 0.397
409, 0.4984, 0.400
410, 0.4940, 0.411
411, 0.5133, 0.385
412, 0.4881, 0.389
413, 0.4846, 0.387
414, 0.5071, 0.381
415, 0.4964, 0.384
416, 0.5032, 0.411
417, 0.4981, 0.393
418, 0.4902, 0.392
419, 0.4755, 0.390
420, 0.5080, 0.390
421, 0.4926, 0.389
422, 0.4915, 0.389
423, 0.4862, 0.387
424, 0.4990, 0.389
425, 0.4993, 1.487
426, 0.4801, 0.373
427, 0.4995, 0.379
428, 0.4971, 0.371
429, 0.4966, 0.376
430, 0.4683, 0.374
431, 0.4933, 0.369
432, 0.4984, 1.333
433, 0.4859, 0.378
434, 0.4900, 0.381
435, 0.5041, 1.362
436, 0.4923, 0.387
437, 0.4823, 0.383
438, 0.4909, 0.422
439, 0.5049, 0.379
440, 0.4848, 0.392
441, 0.4865, 0.414
442, 0.4874, 0.396
443, 0.4873, 0.401
444, 0.4974, 0.916
445, 0.4878, 0.402
446, 0.4971, 0.404
447, 0.5021, 0.403
448, 0.4949, 0.395
449, 0.4908, 0.399
450, 0.4976, 0.403
451, 0.4984, 0.402
452, 0.4994, 0.404
453, 0.4921, 0.421
454, 0.4767, 0.403
455, 0.4927, 0.447
456, 0.5013, 0.396
457, 0.4963, 0.388
458, 0.4918, 0.413
459, 0.4989, 0.406
460, 0.5021, 0.402
461, 0.4977, 0.524
462, 0.5058, 0.408
463, 0.4954, 0.403
464, 0.5049, 0.397
465, 0.4977, 0.396
466, 0.4892, 0.839
467, 0.5024, 0.398
468, 0.4960, 0.390
469, 0.4995, 0.396
470, 0.4983, 0.389
471, 0.4966, 0.399
472, 0.5031, 0.585
473, 0.4967, 0.421
474, 0.5062, 0.902
475, 0.4776, 0.397
476, 0.4894, 0.397
477, 0.5076, 0.396
478, 0.5198, 0.401
479, 0.5166, 0.622
480, 0.5148, 0.415
481, 0.4891, 0.399
482, 0.4985, 0.393
483, 0.5091, 0.392
484, 0.5015, 0.400
485, 0.5041, 0.399
486, 0.5080, 0.402
487, 0.4800, 0.401
488, 0.4853, 0.410
489, 0.4947, 0.412
490, 0.5103, 0.615
491, 0.4963, 0.404
492, 0.4904, 0.400
493, 0.4910, 0.405
494, 0.5033, 0.396
495, 0.4937, 0.400
496, 0.4756, 0.390
497, 0.4981, 0.398
498, 0.4955, 0.409
499, 0.4968, 0.409
500, 0.5042, 0.402
501, 0.4965, 0.694
502, 0.5065, 0.392
503, 0.4958, 0.389
504, 0.4897, 0.390
505, 0.4746, 0.389
506, 0.4998, 0.390
507, 0.4775, 0.398
508, 0.4944, 0.394
509, 0.4868, 0.392
510, 0.5027, 0.399
511, 0.5042, 0.399
512, 0.4978, 0.386
513, 0.4868, 0.395
514, 0.4948, 0.392
515, 0.5069, 0.395
516, 0.5021, 0.390
517, 0.4967, 0.394
518, 0.4992, 0.393
519, 0.4799, 0.389
520, 0.4862, 0.389
521, 0.4931, 0.389
522, 0.5074, 0.389
523, 0.4983, 0.393
524, 0.4880, 0.391
525, 0.4850, 0.389
526, 0.4935, 0.389
527, 0.4851, 0.393
528, 0.4960, 1.070
529, 0.4891, 0.395
530, 0.4987, 0.388
531, 0.5024, 0.391
532, 0.5068, 0.388
533, 0.5076, 0.578
534, 0.5065, 0.392
535, 0.4846, 0.393
536, 0.4879, 0.389
537, 0.4896, 0.390
538, 0.4941, 0.388
539, 0.4819, 0.388
540, 0.4872, 0.387
541, 0.5002, 0.389
542, 0.4777, 0.399
543, 0.4947, 0.391
544, 0.4967, 0.397
545, 0.4973, 0.399
546, 0.4827, 0.394
547, 0.4863, 0.392
548, 0.5073, 0.391
549, 0.4964, 0.400
550, 0.4891, 0.404
551, 0.4967, 0.396
552, 0.4898, 0.398
553, 0.4841, 0.396
554, 0.4969, 0.394
555, 0.4895, 0.405
556, 0.4904, 0.389
557, 0.5055, 0.391
558, 0.4971, 0.393
559, 0.4789, 0.443
560, 0.4858, 0.394
561, 0.4879, 0.394
562, 0.4908, 0.394
563, 0.4912, 0.394
564, 0.4936, 0.394
565, 0.5038, 0.396
566, 0.4993, 0.395
567, 0.4962, 0.403
568, 0.4968, 0.405
569, 0.4798, 0.396
570, 0.4961, 0.397
571, 0.4816, 0.398
572, 0.4901, 0.392
573, 0.4899, 0.400
574, 0.4956, 0.407
575, 0.4834, 0.397
576, 0.4844, 0.393
577, 0.4775, 0.393
578, 0.4928, 0.398
579, 0.4702, 0.393
580, 0.5006, 0.404
581, 0.4796, 0.400
582, 0.4874, 0.384
583, 0.5048, 0.378
584, 0.4972, 0.377
585, 0.4872, 0.396
586, 0.4933, 0.380
587, 0.4788, 0.377
588, 0.4814, 1.888
589, 0.4966, 0.400
590, 0.5055, 0.439
591, 0.4939, 0.894
592, 0.4993, 0.380
593, 0.4874, 0.830
594, 0.4903, 0.379
595, 0.5150, 0.394
596, 0.5143, 0.393
597, 0.4931, 0.397
598, 0.4988, 0.404
599, 0.4702, 0.396
600, 0.4983, 0.391
601, 0.4814, 0.392
602, 0.4811, 0.396
603, 0.4927, 0.402
604, 0.4853, 0.406
605, 0.5015, 0.405
606, 0.4878, 0.385
607, 0.5013, 0.389
608, 0.5081, 0.387
609, 0.4880, 0.394
610, 0.4962, 0.392
611, 0.4942, 0.392
612, 0.5046, 0.390
613, 0.4996, 0.390
614, 0.5026, 0.387
615, 0.5077, 0.386
616, 0.5009, 0.391
617, 0.5058, 0.392
618, 0.4911, 0.392
619, 0.4807, 1.942
620, 0.4755, 0.388
621, 0.4862, 0.400
622, 0.5068, 0.394
623, 0.4990, 0.398
624, 0.4963, 0.392
625, 0.5095, 0.388
626, 0.5048, 0.408
627, 0.5113, 0.385
628, 0.5223, 0.387
629, 0.4988, 0.389
630, 0.5068, 0.391
631, 0.5018, 0.398
632, 0.4866, 0.407
633, 0.4997, 0.400
634, 0.4899, 0.399
635, 0.4978, 0.402
636, 0.4864, 0.400
637, 0.5055, 0.391
638, 0.4916, 0.892
639, 0.5001, 0.398
640, 0.4948, 0.859
641, 0.4947, 0.393
642, 0.4995, 0.388
643, 0.4869, 0.394
644, 0.4948, 0.925
645, 0.4966, 0.401
646, 0.4923, 0.393
647, 0.4924, 0.398
648, 0.4812, 0.387
649, 0.4902, 0.385
650, 0.4962, 0.394
651, 0.5054, 0.397
652, 0.4977, 0.393
653, 0.4869, 0.410
654, 0.4781, 0.402
655, 0.4859, 0.951
656, 0.4933, 0.380
657, 0.4772, 0.394
658, 0.4900, 0.394
659, 0.4923, 0.395
660, 0.4998, 0.396
661, 0.4981, 0.394
662, 0.5105, 0.390
663, 0.4935, 0.391
664, 0.5024, 0.387
665, 0.4926, 0.393
666, 0.5032, 0.394
667, 0.4886, 0.385
668, 0.4842, 0.397
669, 0.5012, 0.390
670, 0.5050, 0.391
671, 0.4835, 0.389
672, 0.5023, 0.392
673, 0.5042, 0.392
674, 0.5073, 0.391
675, 0.5185, 0.395
676, 0.4964, 0.392
677, 0.4894, 0.392
678, 0.4985, 0.392
679, 0.4910, 0.401
680, 0.4990, 0.391
681, 0.4890, 0.393
682, 0.4853, 0.392
683, 0.4972, 0.393
684, 0.5165, 0.397
685, 0.4949, 0.393
686, 0.4990, 0.417
687, 0.5020, 0.557
688, 0.4936, 0.407
689, 0.5095, 0.414
690, 0.5104, 0.398
691, 0.4989, 0.436
692, 0.5013, 0.432
693, 0.4965, 0.574
694, 0.4837, 0.390
695, 0.5011, 0.391
696, 0.4960, 0.406
697, 0.5016, 0.401
698, 0.4981, 0.398
699, 0.5018, 0.392
700, 0.4778, 0.400
701, 0.4975, 0.388
702, 0.4949, 0.390
703, 0.4852, 0.392
704, 0.4989, 0.393
705, 0.4921, 0.391
706, 0.4957, 0.392
707, 0.5052, 0.401
708, 0.4948, 0.394
709, 0.4839, 0.403
710, 0.4846, 0.391
711, 0.4933, 0.402
712, 0.4810, 0.400
713, 0.4937, 0.394
714, 0.4919, 0.416
715, 0.4969, 0.402
716, 0.4975, 0.399
717, 0.4958, 0.398
718, 0.4985, 0.397
719, 0.5072, 0.395
720, 0.4847, 0.400
721, 0.4971, 0.387
722, 0.4858, 0.397
723, 0.4805, 0.394
724, 0.4822, 0.397
725, 0.4963, 0.389
726, 0.5032, 0.390
727, 0.5066, 0.389
728, 0.5067, 0.379
729, 0.4964, 0.384
730, 0.4976, 0.389
731, 0.4758, 0.388
732, 0.5022, 0.377
733, 0.4888, 0.389
734, 0.4930, 0.381
735, 0.4986, 0.575
736, 0.4891, 0.387
737, 0.4951, 0.373
738, 0.4966, 0.371
739, 0.4965, 0.394
740, 0.4893, 1.479
741, 0.4918, 0.575
742, 0.5034, 0.614
743, 0.4929, 0.380
744, 0.5056, 0.398
745, 0.4908, 0.392
746, 0.5127, 0.378
747, 0.5113, 0.397
748, 0.4975, 0.397
749, 0.4969, 0.409
750, 0.4772, 0.409
751, 0.5123, 0.398
752, 0.4898, 0.389
753, 0.4820, 0.389
754, 0.4946, 0.417
755, 0.4990, 0.390
756, 0.5040, 0.402
757, 0.5009, 0.397
758, 0.4776, 0.395
759, 0.4887, 0.391
760, 0.4937, 0.394
761, 0.4929, 0.391
762, 0.5124, 0.399
763, 0.5020, 0.392
764, 0.5042, 0.396
765, 0.4986, 0.397
766, 0.4895, 0.396
767, 0.4967, 0.406
768, 0.4977, 0.409
769, 0.4953, 0.403
770, 0.4890, 0.396
771, 0.4824, 0.400
772, 0.4875, 0.403
773, 0.5032, 0.442
774, 0.4888, 0.388
775, 0.5000, 0.388
776, 0.4815, 0.438
777, 0.4913, 0.398
778, 0.4908, 0.400
779, 0.4740, 0.409
780, 0.5107, 0.460
781, 0.5065, 0.423
782, 0.5074, 0.402
783, 0.4953, 0.398
784, 0.5026, 0.403
785, 0.4959, 0.555
786, 0.4908, 0.394
787, 0.4986, 0.393
788, 0.4987, 0.396
789, 0.4899, 0.393
790, 0.4924, 0.399
791, 0.5013, 0.394
792, 0.5038, 0.389
793, 0.4994, 0.389
794, 0.4941, 0.385
795, 0.5016, 0.386
796, 0.4960, 0.387
797, 0.5024, 0.398
798, 0.4908, 0.407
799, 0.4891, 0.399
800, 0.4901, 0.396
801, 0.5031, 0.387
802, 0.5042, 0.412
803, 0.5035, 0.399
804, 0.5108, 0.401
805, 0.5023, 0.399
806, 0.4868, 0.403
807, 0.5063, 0.399
808, 0.5045, 0.412
809, 0.5073, 0.446
810, 0.5082, 0.387
811, 0.5004, 0.414
812, 0.5050, 0.404
813, 0.5100, 0.399
814, 0.5010, 0.406
815, 0.4950, 0.523
816, 0.4913, 0.412
817, 0.4922, 0.400
818, 0.4853, 0.701
819, 0.5047, 0.414
820, 0.4837, 0.394
821, 0.4942, 0.396
822, 0.5082, 0.393
823, 0.5015, 0.394
824, 0.4913, 0.471
825, 0.4865, 0.441
826, 0.4920, 0.406
827, 0.4959, 0.439
828, 0.4966, 0.397
829, 0.5195, 0.397
830, 0.5017, 0.401
831, 0.5001, 1.349
832, 0.4982, 0.400
833, 0.4872, 0.394
834, 0.4947, 0.393
835, 0.4940, 0.400
836, 0.4725, 0.399
837, 0.4740, 0.409
838, 0.4853, 0.397
839, 0.4758, 0.408
840, 0.4930, 0.422
841, 0.5033, 0.431
842, 0.4797, 0.423
843, 0.4857, 0.400
844, 0.4920, 1.080
845, 0.4965, 0.386
846, 0.4982, 0.391
847, 0.5032, 0.412
848, 0.5030, 0.400
849, 0.4959, 0.402
850, 0.5039, 0.403
851, 0.4912, 0.424
852, 0.4829, 0.405
853, 0.5084, 0.386
854, 0.5010, 0.648
855, 0.4984, 0.412
856, 0.5078, 0.459
857, 0.4834, 0.405
858, 0.5014, 0.439
859, 0.4881, 0.960
860, 0.5106, 0.386
861, 0.4922, 0.622
862, 0.4782, 0.398
863, 0.4878, 0.396
864, 0.5027, 0.477
865, 0.4971, 0.394
866, 0.4781, 0.616
867, 0.4820, 0.401
868, 0.4978, 0.400
869, 0.5008, 0.379
870, 0.5030, 0.416
871, 0.4944, 0.408
872, 0.4803, 0.732
873, 0.5006, 0.426
874, 0.4861, 0.398
875, 0.4852, 0.379
876, 0.4974, 0.405
877, 0.4818, 1.087
878, 0.4824, 0.393
879, 0.4976, 0.392
880, 0.5012, 0.395
881, 0.4975, 0.397
882, 0.4797, 0.391
883, 0.5021, 0.411
884, 0.4790, 0.389
885, 0.5041, 0.381
886, 0.5018, 0.379
887, 0.5007, 0.383
888, 0.5007, 0.377
889, 0.4961, 0.373
890, 0.4960, 3.220
891, 0.4902, 0.379
892, 0.4762, 0.375
893, 0.4943, 1.996
894, 0.4947, 0.384
895, 0.4819, 0.382
896, 0.4956, 0.391
897, 0.4891, 0.386
898, 0.4922, 0.384
899, 0.4929, 0.378
900, 0.4834, 0.378
901, 0.5011, 0.383
902, 0.5012, 0.410
903, 0.4977, 0.403
904, 0.4876, 0.397
905, 0.4996, 0.402
906, 0.5010, 0.649
907, 0.4866, 0.420
908, 0.4886, 0.432
909, 0.5123, 0.428
910, 0.4804, 0.431
911, 0.4880, 0.399
912, 0.5105, 0.398
913, 0.4965, 0.396
914, 0.4841, 0.397
915, 0.4895, 0.395
916, 0.4968, 0.404
917, 0.4826, 0.399
918, 0.4893, 0.392
919, 0.5157, 0.398
920, 0.4965, 0.394
921, 0.4895, 0.405
922, 0.4992, 0.402
923, 0.4989, 0.401
924, 0.5168, 0.397
925, 0.5036, 0.397
926, 0.5018, 0.398
927, 0.4827, 0.404
928, 0.4911, 0.394
929, 0.4938, 0.397
930, 0.5087, 0.402
931, 0.4862, 0.393
932, 0.4844, 0.393
933, 0.4966, 0.392
934, 0.4866, 0.395
935, 0.5058, 0.394
936, 0.5016, 0.405
937, 0.4743, 0.395
938, 0.4912, 0.407
939, 0.4976, 0.411
940, 0.4979, 0.392
941, 0.4951, 0.395
942, 0.5027, 0.394
943, 0.4819, 0.396
944, 0.4952, 0.392
945, 0.4777, 0.392
946, 0.4867, 0.392
947, 0.4915, 0.392
948, 0.5083, 0.392
949, 0.5010, 0.393
950, 0.4918, 0.393
951, 0.5009, 0.394
952, 0.4927, 0.381
953, 0.5073, 0.396
954, 0.4857, 0.393
955, 0.4897, 0.409
956, 0.5064, 0.392
957, 0.4850, 0.401
958, 0.5101, 0.395
959, 0.4794, 0.394
960, 0.4934, 0.393
961, 0.4875, 0.397
962, 0.4899, 0.399
963, 0.4913, 0.389
964, 0.4869, 0.432
965, 0.4714, 0.437
966, 0.5061, 0.449
967, 0.5024, 0.433
968, 0.5055, 0.420
969, 0.4902, 0.432
970, 0.4826, 0.429
971, 0.5070, 0.403
972, 0.4882, 0.394
973, 0.4941, 0.395
974, 0.4857, 0.398
975, 0.4961, 0.405
976, 0.4896, 0.394
977, 0.4878, 0.398
978, 0.4856, 0.396
979, 0.4954, 0.393
980, 0.5056, 0.390
981, 0.4798, 0.398
982, 0.4966, 0.403
983, 0.4940, 0.403
984, 0.5095, 0.410
985, 0.4997, 0.404
986, 0.4855, 0.402
987, 0.4967, 0.396
988, 0.4892, 0.396
989, 0.5066, 0.394
990, 0.4854, 0.391
991, 0.4929, 0.391
992, 0.4845, 0.390
993, 0.5017, 0.394
994, 0.4850, 0.397
995, 0.4931, 0.403
996, 0.4835, 0.398
997, 0.4992, 0.390
998, 0.4950, 0.395
999, 0.4947, 0.391
1000, 0.4626, 0.392
1001, 0.4841, 0.387
1002, 0.4917, 0.422
1003, 0.4920, 0.414
1004, 0.4888, 0.405
1005, 0.4895, 0.407
1006, 0.4831, 0.407
1007, 0.4892, 0.393
1008, 0.4954, 0.401
1009, 0.4809, 0.399
1010, 0.4825, 0.396
1011, 0.4896, 0.451
1012, 0.4763, 0.395
1013, 0.4778, 0.395
1014, 0.4784, 0.394
1015, 0.5020, 0.396
1016, 0.4899, 0.391
1017, 0.4922, 0.386
1018, 0.4960, 0.400
1019, 0.4965, 0.391
1020, 0.5004, 0.399
1021, 0.4983, 0.391
1022, 0.5092, 0.390
1023, 0.5063, 0.397
1024, 0.5057, 0.394
1025, 0.4902, 0.388
1026, 0.4830, 0.384
1027, 0.5122, 0.385
1028, 0.4843, 0.383
1029, 0.4969, 0.395
1030, 0.5091, 0.394
1031, 0.4876, 0.392
1032, 0.4988, 0.392
1033, 0.4933, 0.393
1034, 0.4853, 0.391
1035, 0.4893, 0.381
1036, 0.4937, 0.381
1037, 0.4850, 0.385
1038, 0.5127, 0.389
1039, 0.4881, 0.384
1040, 0.4758, 0.371
1041, 0.4817, 0.369
1042, 0.5039, 0.373
1043, 0.4918, 0.372
1044, 0.4818, 0.372
1045, 0.5069, 0.368
1046, 0.4999, 0.372
1047, 0.4993, 3.880
1048, 0.5030, 0.371
1049, 0.4898, 0.379
1050, 0.5120, 0.389
1051, 0.4864, 0.380
1052, 0.4979, 0.720
1053, 0.5003, 0.397
1054, 0.4928, 0.397
1055, 0.5021, 0.396
1056, 0.4614, 0.395
1057, 0.4903, 0.400
1058, 0.4963, 0.392
1059, 0.4944, 0.400
1060, 0.5007, 0.428
1061, 0.4937, 0.386
1062, 0.4798, 0.393
1063, 0.5041, 0.394
1064, 0.4942, 0.393
1065, 0.4923, 0.396
1066, 0.4913, 0.402
1067, 0.5045, 0.397
1068, 0.4866, 0.400
1069, 0.4945, 0.391
1070, 0.4978, 0.394
1071, 0.4941, 0.375
1072, 0.4881, 0.388
1073, 0.5096, 1.003
1074, 0.5114, 0.386
1075, 0.4874, 0.393
1076, 0.4839, 0.393
1077, 0.4775, 0.391
1078, 0.5066, 0.420
1079, 0.5037, 0.865
1080, 0.4891, 0.399
1081, 0.4903, 0.394
1082, 0.4984, 0.394
1083, 0.4932, 0.389
1084, 0.5001, 0.394
1085, 0.5026, 0.395
1086, 0.5039, 0.698
1087, 0.5053, 0.391
1088, 0.5015, 0.390
1089, 0.4868, 0.391
1090, 0.5048, 0.380
1091, 0.5053, 0.628
1092, 0.4916, 0.393
1093, 0.4783, 0.396
1094, 0.4927, 0.396
1095, 0.5044, 0.392
1096, 0.4924, 0.398
1097, 0.4827, 0.397
1098, 0.4862, 0.392
1099, 0.4810, 0.390
1100, 0.4975, 0.389
1101, 0.5057, 0.389
1102, 0.4927, 0.392
1103, 0.5091, 0.398
1104, 0.4989, 0.394
1105, 0.5068, 0.394
1106, 0.5053, 0.391
1107, 0.5067, 0.392
1108, 0.5019, 0.396
1109, 0.5071, 0.387
1110, 0.5074, 0.390
1111, 0.5117, 0.385
1112, 0.4907, 0.389
1113, 0.4971, 0.390
1114, 0.4885, 0.389
1115, 0.4976, 0.385
1116, 0.4832, 0.393
1117, 0.4817, 0.396
1118, 0.4934, 0.393
1119, 0.5059, 0.393
1120, 0.5020, 0.394
1121, 0.5017, 0.390
1122, 0.5139, 0.392
1123, 0.4993, 0.389
1124, 0.4969, 0.389
1125, 0.4883, 0.404
1126, 0.5192, 0.393
1127, 0.5007, 0.388
1128, 0.5023, 0.401
1129, 0.4768, 0.454
1130, 0.4784, 0.389
1131, 0.5043, 0.391
1132, 0.5102, 0.391
1133, 0.4841, 0.388
1134, 0.4517, 0.396
1135, 0.4818, 0.394
1136, 0.4898, 0.387
1137, 0.5018, 0.416
1138, 0.5033, 0.387
1139, 0.5002, 0.387
1140, 0.4798, 0.387
1141, 0.5008, 0.399
1142, 0.5097, 0.401
1143, 0.4983, 0.395
1144, 0.4759, 0.396
1145, 0.4920, 0.394
1146, 0.4848, 0.392
1147, 0.4789, 0.397
1148, 0.4905, 0.399
1149, 0.4882, 0.390
1150, 0.4931, 0.396
1151, 0.4900, 0.391
1152, 0.4922, 0.398
1153, 0.4991, 0.389
1154, 0.4842, 0.389
1155, 0.4878, 0.391
1156, 0.4951, 0.396
1157, 0.4935, 0.390
1158, 0.4997, 0.387
1159, 0.4828, 0.398
1160, 0.4931, 0.394
1161, 0.4850, 0.394
1162, 0.4998, 0.395
1163, 0.4871, 0.395
1164, 0.5011, 0.398
1165, 0.5048, 0.394
1166, 0.4850, 0.393
1167, 0.4988, 0.389
1168, 0.4894, 0.395
1169, 0.5029, 0.391
1170, 0.4995, 0.390
1171, 0.4935, 0.398
1172, 0.4881, 0.391
1173, 0.4964, 0.395
1174, 0.4936, 0.389
1175, 0.4894, 0.392
1176, 0.4956, 0.391
1177, 0.4933, 0.390
1178, 0.5015, 0.393
1179, 0.4893, 0.398
1180, 0.4883, 0.396
1181, 0.4933, 0.392
1182, 0.5108, 0.393
1183, 0.4813, 0.393
1184, 0.4899, 0.385
1185, 0.4923, 0.391
1186, 0.4922, 0.394
1187, 0.4987, 0.394
1188, 0.4921, 0.396
1189, 0.4931, 0.391
1190, 0.4859, 0.388
1191, 0.4930, 0.386
1192, 0.5072, 0.391
1193, 0.4895, 0.389
1194, 0.4880, 0.387
1195, 0.5015, 0.390
1196, 0.4929, 0.386
1197, 0.4851, 0.370
1198, 0.4930, 0.373
1199, 0.5041, 0.370
1200, 0.4974, 0.375
1201, 0.4987, 0.374
1202, 0.4920, 0.377
1203, 0.4904, 0.375
1204, 0.4814, 1.860
1205, 0.4939, 0.380
1206, 0.4855, 0.427
1207, 0.4861, 0.392
1208, 0.4897, 0.800
1209, 0.4928, 0.373
1210, 0.4936, 0.795
1211, 0.4964, 0.378
1212, 0.4981, 0.390
1213, 0.4734, 0.380
1214, 0.4794, 0.402
1215, 0.4993, 0.394
1216, 0.5007, 0.384
1217, 0.5036, 0.374
1218, 0.5052, 0.388
1219, 0.4860, 0.382
1220, 0.4860, 0.893
1221, 0.4867, 0.394
1222, 0.4887, 0.501
1223, 0.4933, 0.396
1224, 0.4857, 0.399
1225, 0.4968, 0.399
1226, 0.4844, 0.398
1227, 0.4923, 0.399
1228, 0.4994, 0.380
1229, 0.4951, 0.400
1230, 0.4920, 0.392
1231, 0.4951, 0.393
1232, 0.4867, 0.401
1233, 0.5007, 0.902
1234, 0.4943, 0.841
1235, 0.5080, 0.394
1236, 0.4856, 0.400
1237, 0.5031, 0.388
1238, 0.4825, 0.407
1239, 0.5083, 0.393
1240, 0.4967, 0.391
1241, 0.5048, 0.395
1242, 0.5056, 0.398
1243, 0.4909, 0.390
1244, 0.5034, 0.387
1245, 0.5032, 0.405
1246, 0.4915, 0.403
1247, 0.4823, 0.378
1248, 0.4850, 0.389
1249, 0.4969, 0.396
1250, 0.5016, 1.165
1251, 0.4839, 0.403
1252, 0.4727, 0.391
1253, 0.4897, 0.397
1254, 0.4749, 0.393
1255, 0.5038, 0.389
1256, 0.5139, 0.388
1257, 0.4927, 0.385
1258, 0.5003, 0.389
1259, 0.4941, 0.395
1260, 0.5079, 0.397
1261, 0.4984, 0.390
1262, 0.4771, 0.387
1263, 0.4847, 0.390
1264, 0.4864, 0.396
1265, 0.4877, 0.392
1266, 0.5016, 0.393
1267, 0.4983, 0.394
1268, 0.5023, 0.391
1269, 0.4949, 0.392
1270, 0.4990, 0.393
1271, 0.4901, 0.388
1272, 0.5036, 0.384
1273, 0.5067, 0.388
1274, 0.4837, 0.395
1275, 0.4902, 0.388
1276, 0.4857, 0.388
1277, 0.4885, 0.391
1278, 0.4956, 0.397
1279, 0.4936, 0.387
1280, 0.4988, 0.392
1281, 0.4916, 0.396
1282, 0.5126, 0.389
1283, 0.4856, 0.393
1284, 0.5064, 0.391
1285, 0.4803, 0.395
1286, 0.4785, 0.390
1287, 0.4823, 0.385
1288, 0.4917, 0.395
1289, 0.4848, 0.390
1290, 0.5134, 0.393
1291, 0.4879, 0.730
1292, 0.5124, 0.391
1293, 0.4981, 0.398
1294, 0.4946, 0.390
1295, 0.4825, 0.395
1296, 0.4837, 0.410
1297, 0.4985, 0.389
1298, 0.4993, 0.389
1299, 0.4957, 0.393
1300, 0.4913, 0.392
1301, 0.4908, 0.810
1302, 0.5113, 0.407
1303, 0.4815, 0.400
1304, 0.5004, 0.393
1305, 0.5027, 0.404
1306, 0.4983, 0.398
1307, 0.4962, 0.397
1308, 0.4972, 0.389
1309, 0.5050, 0.390
1310, 0.4905, 0.389
1311, 0.5042, 0.396
1312, 0.4957, 0.388
1313, 0.4957, 0.390
1314, 0.4968, 0.391
1315, 0.5038, 0.389
1316, 0.4860, 0.390
1317, 0.4940, 0.396
1318, 0.4919, 0.399
1319, 0.4971, 0.390
1320, 0.4853, 0.397
1321, 0.4989, 0.388
1322, 0.5155, 0.396
1323, 0.4905, 0.392
1324, 0.5082, 0.391
1325, 0.4958, 0.396
1326, 0.5045, 0.409
1327, 0.5255, 0.389
1328, 0.5188, 0.397
1329, 0.4936, 0.393
1330, 0.4974, 0.389
1331, 0.4923, 0.391
1332, 0.5034, 0.389
1333, 0.4994, 0.387
1334, 0.5045, 0.388
1335, 0.4932, 0.389
1336, 0.4948, 0.391
1337, 0.4840, 0.390
1338, 0.4905, 0.393
1339, 0.4951, 0.390
1340, 0.4892, 0.393
1341, 0.4864, 0.399
1342, 0.4946, 0.395
1343, 0.4907, 0.396
1344, 0.5036, 0.471
1345, 0.4892, 0.393
1346, 0.4900, 0.393
1347, 0.4950, 0.391
1348, 0.4930, 0.389
1349, 0.4863, 0.387
1350, 0.4962, 0.386
1351, 0.4873, 0.382
1352, 0.5033, 0.385
1353, 0.5052, 0.375
1354, 0.5122, 0.372
1355, 0.4809, 0.375
1356, 0.4848, 0.373
1357, 0.4936, 0.378
1358, 0.5158, 0.374
1359, 0.4897, 0.374
1360, 0.4780, 2.609
1361, 0.5070, 0.485
1362, 0.4964, 0.377
1363, 0.5012, 0.377
1364, 0.4868, 0.380
1365, 0.4932, 0.377
1366, 0.4919, 0.375
1367, 0.5059, 0.396
1368, 0.4910, 0.381
1369, 0.4983, 0.379
1370, 0.5049, 0.398
1371, 0.4911, 0.398
1372, 0.4989, 0.404
1373, 0.4905, 0.374
1374, 0.4993, 0.386
1375, 0.4979, 0.411
1376, 0.5177, 0.400
1377, 0.4929, 0.489
1378, 0.4906, 0.437
1379, 0.5096, 0.438
1380, 0.5037, 0.395
1381, 0.4901, 0.392
1382, 0.5056, 0.397
1383, 0.5155, 0.394
1384, 0.5004, 0.403
1385, 0.4897, 0.429
1386, 0.4865, 0.432
1387, 0.5002, 0.429
1388, 0.5057, 0.434
1389, 0.4991, 0.449
1390, 0.4903, 0.445
1391, 0.4971, 0.434
1392, 0.4895, 0.449
1393, 0.4979, 0.392
1394, 0.4870, 0.395
1395, 0.4887, 0.393
1396, 0.4740, 0.397
1397, 0.4975, 0.411
1398, 0.4826, 0.405
1399, 0.5164, 0.402
1400, 0.4912, 0.407
1401, 0.4918, 0.691
1402, 0.4916, 0.403
1403, 0.4996, 0.414
1404, 0.5246, 0.403
1405, 0.5042, 0.401
1406, 0.5255, 0.433
1407, 0.4898, 0.394
1408, 0.4940, 0.391
1409, 0.4988, 0.394
1410, 0.4886, 0.397
1411, 0.4924, 0.476
1412, 0.5016, 0.386
1413, 0.4887, 0.389
1414, 0.4887, 0.384
1415, 0.4939, 0.384
1416, 0.5062, 0.392
1417, 0.4951, 0.394
1418, 0.5102, 0.398
1419, 0.4920, 0.394
1420, 0.4591, 0.392
1421, 0.4692, 0.395
1422, 0.4926, 0.384
1423, 0.4995, 0.395
1424, 0.4804, 0.963
1425, 0.4898, 0.385
1426, 0.4972, 0.390
1427, 0.4939, 0.398
1428, 0.4926, 0.392
1429, 0.4854, 0.397
1430, 0.5018, 0.403
1431, 0.4969, 0.394
1432, 0.4966, 0.406
1433, 0.4927, 0.397
1434, 0.5014, 0.397
1435, 0.5100, 0.394
1436, 0.5065, 0.394
1437, 0.4844, 0.391
1438, 0.5168, 0.394
1439, 0.5028, 0.396
1440, 0.4877, 0.404
1441, 0.4811, 0.397
1442, 0.4922, 0.401
1443, 0.4887, 0.451
1444, 0.4771, 0.408
1445, 0.4988, 0.396
1446, 0.4959, 0.392
1447, 0.5031, 0.390
1448, 0.4956, 0.395
1449, 0.4925, 0.411
1450, 0.4994, 0.504
1451, 0.4973, 0.389
1452, 0.5017, 0.391
1453, 0.4892, 0.397
1454, 0.4968, 0.400
1455, 0.5018, 0.398
1456, 0.5008, 0.388
1457, 0.4978, 0.403
1458, 0.4955, 0.405
1459, 0.5022, 0.413
1460, 0.4927, 0.395
1461, 0.4938, 0.399
1462, 0.4908, 0.398
1463, 0.4950, 0.509
1464, 0.4957, 0.391
1465, 0.5046, 0.428
1466, 0.4966, 0.390
1467, 0.4992, 0.402
1468, 0.4993, 0.396
1469, 0.4929, 0.396
1470, 0.5029, 0.389
1471, 0.5011, 0.396
1472, 0.5070, 0.399
1473, 0.4844, 0.399
1474, 0.4811, 0.397
1475, 0.4966, 0.401
1476, 0.4875, 0.396
1477, 0.5070, 0.399
1478, 0.5028, 0.391
1479, 0.4961, 0.397
1480, 0.4897, 0.419
1481, 0.4948, 0.413
1482, 0.4966, 0.417
1483, 0.4975, 0.413
1484, 0.5022, 0.393
1485, 0.4936, 0.397
1486, 0.4947, 0.450
1487, 0.4882, 0.390
1488, 0.4845, 0.388
1489, 0.5041, 0.394
1490, 0.5026, 0.399
1491, 0.5066, 0.393
1492, 0.5017, 0.405
1493, 0.4969, 0.400
1494, 0.5079, 0.402
1495, 0.4867, 0.393
1496, 0.5000, 0.423
1497, 0.4951, 0.627
1498, 0.5054, 0.408
1499, 0.4904, 0.413
1500, 0.4901, 0.398
1501, 0.5173, 0.400
1502, 0.5074, 0.393
1503, 0.4940, 0.403
1504, 0.5066, 0.412
1505, 0.5027, 0.404
1506, 0.5053, 0.403
1507, 0.5000, 0.393
1508, 0.4867, 0.393
1509, 0.4870, 0.392
1510, 0.4991, 0.380
1511, 0.4951, 0.395
1512, 0.4962, 0.375
1513, 0.4945, 0.379
1514, 0.5091, 0.383
1515, 0.5070, 0.377
1516, 0.5041, 0.381
1517, 0.5087, 3.789
1518, 0.5153, 0.391
1519, 0.5067, 0.385
1520, 0.4937, 0.382
1521, 0.4956, 0.389
1522, 0.4914, 0.381
1523, 0.4748, 0.384
1524, 0.4750, 0.397
1525, 0.4948, 1.242
1526, 0.4904, 0.526
1527, 0.5041, 0.417
1528, 0.5122, 0.415
1529, 0.5001, 0.408
1530, 0.4989, 0.407
1531, 0.5041, 0.402
1532, 0.4935, 0.402
1533, 0.4856, 0.411
1534, 0.5051, 0.402
1535, 0.4964, 0.397
1536, 0.4967, 0.393
1537, 0.5050, 0.394
1538, 0.4974, 0.390
1539, 0.4898, 0.394
1540, 0.4979, 0.393
1541, 0.4852, 0.389
1542, 0.4931, 0.396
1543, 0.5003, 0.391
1544, 0.5010, 0.399
1545, 0.5018, 0.398
1546, 0.4936, 0.393
1547, 0.5092, 0.399
1548, 0.4962, 0.404
1549, 0.4879, 0.399
1550, 0.4894, 0.393
1551, 0.4964, 0.396
1552, 0.4857, 0.392
1553, 0.4946, 0.396
1554, 0.5086, 0.394
1555, 0.4902, 0.391
1556, 0.4876, 0.403
1557, 0.4864, 0.396
1558, 0.4798, 0.395
1559, 0.4849, 0.394
1560, 0.4846, 0.396
1561, 0.4996, 0.396
1562, 0.4881, 0.410
1563, 0.4835, 0.394
1564, 0.4818, 0.394
1565, 0.4769, 0.392
1566, 0.5000, 0.392
1567, 0.4948, 0.391
1568, 0.5091, 0.393
1569, 0.5132, 0.393
1570, 0.5037, 0.395
1571, 0.4957, 0.394
1572, 0.4773, 0.396
1573, 0.4782, 0.395
1574, 0.4842, 0.395
1575, 0.4847, 0.394
1576, 0.4804, 0.396
1577, 0.4914, 0.392
1578, 0.5009, 0.397
1579, 0.4904, 0.396
1580, 0.4943, 0.414
1581, 0.4642, 0.397
1582, 0.4884, 0.393
1583, 0.4962, 0.391
1584, 0.4761, 0.394
1585, 0.4809, 0.392
1586, 0.4901, 0.393
1587, 0.4891, 0.392
1588, 0.4835, 0.390
1589, 0.5065, 0.392
1590, 0.4928, 0.392
1591, 0.4932, 0.398
1592, 0.5031, 0.393
1593, 0.5103, 0.396
1594, 0.4966, 0.390
1595, 0.4786, 0.392
1596, 0.4856, 0.394
1597, 0.4781, 0.391
1598, 0.5001, 0.390
1599, 0.4862, 0.395
1600, 0.4727, 0.395
1601, 0.4858, 0.389
1602, 0.4662, 0.390
1603, 0.4702, 0.396
1604, 0.4684, 0.437
1605, 0.4817, 0.432
1606, 0.4927, 0.404
1607, 0.4892, 0.397
1608, 0.4965, 0.398
1609, 0.4987, 0.395
1610, 0.4877, 0.398
1611, 0.4907, 0.473
1612, 0.4767, 0.394
1613, 0.4970, 0.395
1614, 0.4924, 0.392
1615, 0.5032, 0.391
1616, 0.4853, 0.400
1617, 0.4805, 0.399
1618, 0.4913, 0.397
1619, 0.4845, 0.406
1620, 0.4914, 0.397
1621, 0.4951, 0.397
1622, 0.4905, 0.401
1623, 0.4968, 0.399
1624, 0.4759, 0.396
1625, 0.4898, 0.396
1626, 0.4973, 0.413
1627, 0.4956, 0.399
1628, 0.5055, 0.404
1629, 0.4921, 0.392
1630, 0.4932, 0.398
1631, 0.5002, 0.401
1632, 0.4969, 0.399
1633, 0.5040, 0.398
1634, 0.4755, 0.396
1635, 0.4861, 0.396
1636, 0.4804, 0.392
1637, 0.4777, 0.394
1638, 0.4909, 0.391
1639, 0.5010, 0.389
1640, 0.4866, 0.392
1641, 0.4961, 0.394
1642, 0.4839, 0.389
1643, 0.4928, 0.391
1644, 0.4979, 0.402
1645, 0.4925, 0.390
1646, 0.4938, 0.388
1647, 0.5025, 0.389
1648, 0.4925, 0.398
1649, 0.4836, 0.392
1650, 0.4887, 0.393
1651, 0.5055, 0.391
1652, 0.5033, 0.401
1653, 0.4705, 0.400
1654, 0.4664, 0.407
1655, 0.4760, 0.400
1656, 0.4939, 0.393
1657, 0.4660, 0.392
1658, 0.4838, 0.391
1659, 0.5020, 0.393
1660, 0.4964, 0.385
1661, 0.4833, 0.405
1662, 0.4805, 0.386
1663, 0.4795, 0.392
1664, 0.4865, 0.389
1665, 0.4937, 0.390
1666, 0.4958, 0.390
1667, 0.4865, 0.370
1668, 0.4862, 0.376
1669, 0.4528, 0.389
1670, 0.4816, 0.388
1671, 0.4916, 0.386
1672, 0.4749, 0.382
1673, 0.4885, 0.375
1674, 0.4692, 0.372
1675, 0.4800, 0.372
1676, 0.4843, 0.373
1677, 0.4784, 2.019
1678, 0.4981, 0.376
1679, 0.4855, 0.375
1680, 0.4989, 0.959
1681, 0.5067, 0.377
1682, 0.4819, 0.371
1683, 0.4729, 0.379
1684, 0.4983, 0.392
1685, 0.4953, 0.390
1686, 0.4784, 0.395
1687, 0.4944, 0.389
1688, 0.4880, 0.400
1689, 0.4929, 0.399
1690, 0.5058, 0.397
1691, 0.4827, 0.394
1692, 0.4782, 0.393
1693, 0.4921, 0.394
1694, 0.5004, 0.402
1695, 0.4826, 0.408
1696, 0.4949, 0.398
1697, 0.4801, 0.393
1698, 0.4949, 0.390
1699, 0.5056, 0.392
1700, 0.4975, 0.394
1701, 0.4881, 0.389
1702, 0.5018, 0.389
1703, 0.4965, 0.392
1704, 0.4803, 0.396
1705, 0.4888, 0.396
1706, 0.4692, 0.404
1707, 0.4990, 0.394
1708, 0.4770, 0.387
1709, 0.4974, 0.390
1710, 0.4869, 0.747
1711, 0.5009, 0.394
1712, 0.4755, 0.397
1713, 0.4810, 0.400
1714, 0.4775, 0.391
1715, 0.4883, 0.391
1716, 0.4682, 0.388
1717, 0.4796, 0.392
1718, 0.5057, 0.405
1719, 0.4942, 0.389
1720, 0.4821, 0.397
1721, 0.4940, 0.411
1722, 0.4766, 0.386
1723, 0.4838, 0.385
1724, 0.4669, 0.386
1725, 0.4695, 0.389
1726, 0.4852, 0.392
1727, 0.4732, 0.409
1728, 0.4668, 0.394
1729, 0.4759, 0.391
1730, 0.4765, 0.457
1731, 0.4776, 0.391
1732, 0.4788, 0.395
1733, 0.4896, 0.391
1734, 0.4860, 0.396
1735, 0.4930, 0.390
1736, 0.5001, 0.399
1737, 0.4954, 0.413
1738, 0.5075, 0.398
1739, 0.4972, 0.391
1740, 0.4904, 0.393
1741, 0.5038, 0.396
1742, 0.4791, 0.395
1743, 0.4808, 0.388
1744, 0.4884, 0.400
1745, 0.4890, 0.394
1746, 0.4762, 0.394
1747, 0.4734, 0.390
1748, 0.4800, 0.395
1749, 0.4678, 0.398
1750, 0.4810, 0.388
1751, 0.4914, 0.391
1752, 0.4991, 0.394
1753, 0.5097, 0.396
1754, 0.4888, 0.431
1755, 0.5085, 0.456
1756, 0.4937, 0.437
1757, 0.4815, 0.436
1758, 0.4831, 0.450
1759, 0.4859, 0.446
1760, 0.4951, 0.434
1761, 0.4736, 0.459
1762, 0.4803, 0.462
1763, 0.4933, 0.465
1764, 0.4847, 0.465
1765, 0.4939, 0.464
1766, 0.4931, 0.454
1767, 0.4923, 0.453
1768, 0.4928, 0.469
1769, 0.5037, 0.468
1770, 0.4828, 0.450
1771, 0.4950, 0.428
1772, 0.4839, 0.399
1773, 0.4791, 0.397
1774, 0.5013, 0.390
1775, 0.4963, 0.395
1776, 0.4881, 0.398
1777, 0.4777, 0.398
1778, 0.4896, 0.397
1779, 0.5055, 0.398
1780, 0.4963, 0.398
1781, 0.4874, 0.397
1782, 0.5035, 0.396
1783, 0.4839, 0.396
1784, 0.4971, 0.432
1785, 0.4835, 0.434
1786, 0.4900, 0.436
1787, 0.4846, 0.440
1788, 0.4912, 0.449
1789, 0.4852, 0.465
1790, 0.4973, 0.453
1791, 0.4953, 0.431
1792, 0.4875, 0.438
1793, 0.4734, 0.416
1794, 0.4916, 0.408
1795, 0.5113, 0.401
1796, 0.4974, 0.400
1797, 0.4932, 0.398
1798, 0.4899, 0.404
1799, 0.5029, 0.403
1800, 0.4811, 0.464
1801, 0.4961, 0.387
1802, 0.4907, 0.393
1803, 0.4975, 0.408
1804, 0.4895, 0.396
1805, 0.4902, 0.404
1806, 0.4927, 0.645
1807, 0.4832, 0.400
1808, 0.4894, 0.407
1809, 0.4758, 0.408
1810, 0.4771, 0.412
1811, 0.4982, 0.402
1812, 0.5009, 0.414
1813, 0.4953, 0.407
1814, 0.4829, 0.403
1815, 0.4972, 0.937
1816, 0.5126, 0.396
1817, 0.4904, 0.395
1818, 0.4869, 1.075
1819, 0.4833, 0.399
1820, 0.4811, 0.402
1821, 0.4941, 0.390
1822, 0.4826, 0.397
1823, 0.4825, 0.399
1824, 0.4844, 0.400
1825, 0.4957, 0.397
1826, 0.4964, 0.380
1827, 0.4708, 0.384
1828, 0.4833, 0.384
1829, 0.5043, 0.742
1830, 0.4916, 0.379
1831, 0.5049, 0.376
1832, 0.4952, 0.374
1833, 0.4912, 2.276
1834, 0.4948, 0.388
1835, 0.4841, 0.784
1836, 0.4841, 0.387
1837, 0.4884, 0.401
1838, 0.4767, 0.410
1839, 0.4813, 0.378
1840, 0.4750, 0.408
1841, 0.4968, 0.403
1842, 0.4927, 1.765
1843, 0.4989, 0.409
1844, 0.4828, 0.406
1845, 0.4965, 0.402
1846, 0.4920, 0.411
1847, 0.4957, 0.958
1848, 0.4789, 0.408
1849, 0.5028, 0.394
1850, 0.4863, 0.395
1851, 0.4897, 0.392
1852, 0.4836, 0.396
1853, 0.4851, 0.403
1854, 0.4936, 0.402
1855, 0.4715, 0.397
1856, 0.4848, 0.395
1857, 0.4949, 0.398
1858, 0.4909, 0.394
1859, 0.4998, 0.389
1860, 0.4894, 0.393
1861, 0.4906, 0.394
1862, 0.4936, 0.400
1863, 0.4940, 0.397
1864, 0.4994, 0.396
1865, 0.4854, 0.394
1866, 0.4780, 0.395
1867, 0.4913, 0.392
1868, 0.5051, 0.391
1869, 0.5030, 0.393
1870, 0.4867, 0.389
1871, 0.5175, 0.401
1872, 0.4901, 0.403
1873, 0.4948, 0.394
1874, 0.4879, 0.392
1875, 0.4871, 0.392
1876, 0.4937, 0.391
1877, 0.4900, 0.387
1878, 0.4959, 0.390
1879, 0.4777, 0.400
1880, 0.4948, 0.391
1881, 0.4914, 0.396
1882, 0.5008, 0.393
1883, 0.5071, 0.395
1884, 0.4950, 0.395
1885, 0.4762, 0.395
1886, 0.4938, 0.392
1887, 0.4741, 0.393
1888, 0.4846, 0.391
1889, 0.4990, 0.391
1890, 0.4933, 0.392
1891, 0.4866, 0.394
1892, 0.4778, 0.392
1893, 0.4866, 0.393
1894, 0.4877, 0.390
1895, 0.4826, 0.397
1896, 0.5016, 0.390
1897, 0.5025, 0.386
1898, 0.5041, 0.392
1899, 0.4800, 0.389
1900, 0.5078, 0.388
1901, 0.5060, 0.387
1902, 0.4912, 0.400
1903, 0.4853, 0.393
1904, 0.4730, 0.390
1905, 0.5129, 0.395
1906, 0.4982, 0.395
1907, 0.4988, 0.389
1908, 0.4870, 0.394
1909, 0.5080, 0.395
1910, 0.4881, 0.395
1911, 0.5150, 0.391
1912, 0.4721, 0.386
1913, 0.4992, 0.392
1914, 0.4960, 0.392
1915, 0.4847, 0.396
1916, 0.4896, 0.396
1917, 0.4792, 0.393
1918, 0.4861, 0.399
1919, 0.5049, 0.392
1920, 0.4857, 0.397
1921, 0.4986, 0.386
1922, 0.4896, 0.397
1923, 0.4914, 0.385
1924, 0.4851, 0.392
1925, 0.4674, 0.395
1926, 0.4832, 0.391
1927, 0.4715, 0.398
1928, 0.4951, 0.399
1929, 0.4840, 0.399
1930, 0.5022, 0.393
1931, 0.4904, 0.394
1932, 0.4675, 0.396
1933, 0.4977, 0.393
1934, 0.4781, 0.390
1935, 0.4768, 0.392
1936, 0.4916, 0.389
1937, 0.5082, 0.389
1938, 0.4862, 0.385
1939, 0.5027, 0.392
1940, 0.4934, 0.399
1941, 0.4756, 0.427
1942, 0.4873, 0.393
1943, 0.4987, 0.389
1944, 0.4902, 0.390
1945, 0.5006, 0.394
1946, 0.4913, 0.395
1947, 0.4934, 0.396
1948, 0.4866, 0.391
1949, 0.4778, 0.390
1950, 0.4783, 0.392
1951, 0.4912, 0.387
1952, 0.4982, 0.393
1953, 0.4828, 0.387
1954, 0.4898, 0.428
1955, 0.4974, 0.431
1956, 0.4994, 0.431
1957, 0.4935, 0.514
1958, 0.4891, 0.392
1959, 0.4808, 0.427
1960, 0.4931, 0.449
1961, 0.4849, 0.436
1962, 0.4827, 0.458
1963, 0.4857, 0.461
1964, 0.4847, 0.600
1965, 0.4901, 0.454
1966, 0.5042, 0.440
1967, 0.5021, 0.439
1968, 0.4906, 0.464
1969, 0.4983, 0.407
1970, 0.4975, 0.409
1971, 0.4756, 0.411
1972, 0.4712, 0.406
1973, 0.4921, 0.416
1974, 0.4960, 0.419
1975, 0.4847, 0.643
1976, 0.5015, 0.402
1977, 0.4724, 0.396
1978, 0.4885, 0.396
1979, 0.4775, 0.398
1980, 0.4817, 0.377
1981, 0.4869, 0.388
1982, 0.4941, 0.381
1983, 0.5002, 0.378
1984, 0.4821, 0.377
1985, 0.4987, 0.379
1986, 0.5234, 0.373
1987, 0.5003, 0.375
1988, 0.5041, 0.376
1989, 0.4980, 1.758
1990, 0.5018, 1.317
1991, 0.4918, 1.596
1992, 0.4838, 0.377
1993, 0.4934, 0.512
1994, 0.5121, 0.401
1995, 0.5043, 0.413
1996, 0.5068, 0.385
1997, 0.5033, 0.381
1998, 0.4851, 0.378
1999, 0.5060, 0.435
2000, 0.4986, 0.377
2001, 0.4875, 0.382
2002, 0.4948, 0.379
2003, 0.4797, 0.384
2004, 0.4884, 0.392
2005, 0.4838, 0.386
2006, 0.4975, 0.419
2007, 0.4608, 0.408
2008, 0.4890, 0.398
2009, 0.5108, 0.393
2010, 0.4831, 0.428
2011, 0.4677, 0.417
2012, 0.4955, 0.397
2013, 0.4829, 0.403
2014, 0.4848, 0.395
2015, 0.4818, 0.399
2016, 0.5003, 0.387
2017, 0.5135, 0.393
2018, 0.4968, 0.402
2019, 0.5085, 0.391
2020, 0.4864, 0.387
2021, 0.5021, 0.388
2022, 0.5071, 0.384
2023, 0.5233, 0.391
2024, 0.4809, 0.395
2025, 0.4974, 0.391
2026, 0.4897, 0.391
2027, 0.5000, 0.389
2028, 0.4938, 0.384
2029, 0.5093, 0.387
2030, 0.5008, 0.384
2031, 0.4987, 0.387
2032, 0.5069, 0.386
2033, 0.5025, 0.386
2034, 0.4861, 0.384
2035, 0.4912, 0.388
2036, 0.4885, 0.387
2037, 0.4970, 0.387
2038, 0.4959, 0.390
2039, 0.4928, 0.391
2040, 0.4866, 0.389
2041, 0.4959, 0.386
2042, 0.4775, 0.392
2043, 0.4802, 0.389
2044, 0.5062, 0.390
2045, 0.4846, 0.394
2046, 0.4810, 0.387
2047, 0.4796, 0.392
2048, 0.4754, 0.393
2049, 0.4900, 0.393
2050, 0.5109, 0.387
2051, 0.4956, 0.388
2052, 0.5079, 0.391
2053, 0.4990, 0.392
2054, 0.4860, 0.396
2055, 0.4719, 0.391
2056, 0.4746, 0.387
2057, 0.4719, 0.383
2058, 0.4923, 0.394
2059, 0.4747, 0.395
2060, 0.4818, 0.392
2061, 0.5008, 0.388
2062, 0.4987, 0.388
2063, 0.4946, 0.387
2064, 0.5032, 0.384
2065, 0.5052, 0.386
2066, 0.5012, 0.387
2067, 0.4904, 0.390
2068, 0.4942, 0.389
2069, 0.4790, 0.399
2070, 0.5069, 0.405
2071, 0.5079, 0.389
2072, 0.4968, 0.392
2073, 0.4946, 0.386
2074, 0.4947, 0.390
2075, 0.5023, 0.383
2076, 0.4973, 0.384
2077, 0.4776, 0.387
2078, 0.4624, 0.388
2079, 0.4893, 0.387
2080, 0.4847, 0.383
2081, 0.4856, 0.386
2082, 0.4779, 0.390
2083, 0.4889, 0.385
2084, 0.4918, 0.388
2085, 0.4850, 0.387
2086, 0.4889, 0.385
2087, 0.4826, 0.388
2088, 0.4872, 0.387
2089, 0.4953, 0.383
2090, 0.4986, 0.384
2091, 0.5078, 0.384
2092, 0.5026, 0.390
2093, 0.4864, 0.385
2094, 0.5115, 0.387
2095, 0.4834, 0.389
2096, 0.5038, 0.387
2097, 0.5032, 0.387
2098, 0.4984, 0.388
2099, 0.4951, 0.387
2100, 0.5036, 0.386
2101, 0.5035, 0.387
2102, 0.4960, 0.381
2103, 0.4946, 0.385
2104, 0.5081, 0.385
2105, 0.5085, 0.392
2106, 0.4909, 0.386
2107, 0.5057, 0.390
2108, 0.5072, 0.388
2109, 0.5033, 0.390
2110, 0.4935, 0.387
2111, 0.5076, 0.385
2112, 0.4928, 0.390
2113, 0.5027, 0.383
2114, 0.4988, 0.386
2115, 0.4852, 0.390
2116, 0.5100, 0.384
2117, 0.5053, 0.385
2118, 0.5109, 0.385
2119, 0.5053, 0.386
2120, 0.4999, 0.383
2121, 0.5027, 0.385
2122, 0.4987, 0.394
2123, 0.4755, 0.388
2124, 0.4993, 0.389
2125, 0.4978, 0.389
2126, 0.5071, 0.389
2127, 0.5043, 0.389
2128, 0.4984, 0.388
2129, 0.4871, 0.387
2130, 0.5059, 0.388
2131, 0.5103, 0.388
2132, 0.4853, 0.389
2133, 0.4828, 0.387
2134, 0.4825, 0.384
2135, 0.4792, 0.391
2136, 0.4778, 0.448
2137, 0.4916, 0.387
2138, 0.4947, 0.389
2139, 0.5035, 0.388
2140, 0.4952, 0.387
2141, 0.4990, 0.387
2142, 0.4884, 0.387
2143, 0.5008, 0.388
2144, 0.4921, 0.383
2145, 0.4924, 0.382
2146, 0.4847, 0.372
2147, 0.5035, 0.377
2148, 0.5021, 0.372
2149, 0.4986, 0.370
2150, 0.4853, 0.384
2151, 0.5032, 0.392
2152, 0.4860, 0.375
2153, 0.4785, 0.376
2154, 0.4883, 0.371
2155, 0.4839, 0.738
2156, 0.4795, 0.373
2157, 0.4985, 0.390
2158, 0.4843, 0.395
2159, 0.4978, 0.395
2160, 0.4745, 0.455
2161, 0.4944, 0.380
2162, 0.4853, 0.395
2163, 0.5001, 0.388
2164, 0.5068, 0.390
2165, 0.4945, 0.376
2166, 0.4908, 0.386
2167, 0.4995, 0.388
2168, 0.4971, 0.396
2169, 0.5005, 0.402
2170, 0.4829, 0.393
2171, 0.4985, 0.400
2172, 0.4832, 0.396
2173, 0.5042, 0.389
2174, 0.4820, 0.399
2175, 0.4872, 0.399
2176, 0.5122, 0.394
2177, 0.5031, 0.389
2178, 0.4849, 0.392
2179, 0.5020, 0.389
2180, 0.4973, 0.391
2181, 0.4944, 0.394
2182, 0.4675, 0.397
2183, 0.4830, 0.400
2184, 0.4755, 0.393
2185, 0.4830, 0.427
2186, 0.4727, 0.428
2187, 0.4776, 0.421
2188, 0.4996, 0.388
2189, 0.4840, 0.391
2190, 0.4769, 0.390
2191, 0.4857, 0.387
2192, 0.4889, 0.392
2193, 0.5075, 0.396
2194, 0.5088, 0.390
2195, 0.5222, 0.387
2196, 0.5002, 0.385
2197, 0.5002, 0.387
2198, 0.5181, 0.388
2199, 0.5025, 0.386
2200, 0.4931, 0.388
2201, 0.5022, 0.382
2202, 0.4997, 0.391
2203, 0.5043, 0.400
2204, 0.5022, 0.388
2205, 0.4857, 0.409
2206, 0.5132, 0.408
2207, 0.5285, 0.399
2208, 0.5112, 0.407
2209, 0.5056, 0.431
2210, 0.5002, 0.453
2211, 0.4958, 0.387
2212, 0.5070, 0.388
2213, 0.4896, 0.446
2214, 0.5040, 0.386
2215, 0.4799, 0.389
2216, 0.4887, 0.388
2217, 0.4992, 0.395
2218, 0.4918, 0.393
2219, 0.5073, 0.393
2220, 0.4937, 0.401
2221, 0.4819, 0.403
2222, 0.4971, 0.398
2223, 0.5101, 0.407
2224, 0.4745, 0.394
2225, 0.4636, 0.393
2226, 0.5116, 1.701
2227, 0.5057, 0.402
2228, 0.4975, 0.391
2229, 0.4998, 0.387
2230, 0.4850, 0.397
2231, 0.4889, 0.401
2232, 0.4755, 0.400
2233, 0.4932, 0.406
2234, 0.4840, 0.412
2235, 0.4786, 0.424
2236, 0.5071, 0.410
2237, 0.4971, 0.413
2238, 0.4983, 0.408
2239, 0.4824, 0.396
2240, 0.4867, 0.408
2241, 0.4855, 0.507
2242, 0.4952, 0.433
2243, 0.4878, 0.392
2244, 0.4995, 0.401
2245, 0.5113, 0.710
2246, 0.4952, 0.401
2247, 0.4884, 0.804
2248, 0.5018, 0.390
2249, 0.5112, 0.407
2250, 0.4901, 0.404
2251, 0.4882, 0.407
2252, 0.4692, 0.425
2253, 0.4964, 0.407
2254, 0.4922, 0.698
2255, 0.4683, 0.381
2256, 0.4883, 0.393
2257, 0.4931, 0.404
2258, 0.5004, 0.613
2259, 0.4769, 0.406
2260, 0.4828, 0.569
2261, 0.4764, 0.521
2262, 0.4882, 0.397
2263, 0.4817, 0.391
2264, 0.4980, 0.405
2265, 0.4726, 0.393
2266, 0.4944, 0.396
2267, 0.5002, 0.405
2268, 0.5106, 0.395
2269, 0.4758, 0.391
2270, 0.5018, 0.392
2271, 0.4860, 0.389
2272, 0.4689, 0.401
2273, 0.4850, 0.394
2274, 0.4801, 0.393
2275, 0.4687, 0.388
2276, 0.4601, 0.391
2277, 0.5011, 0.401
2278, 0.4907, 0.397
2279, 0.4946, 0.395
2280, 0.4738, 0.394
2281, 0.4918, 0.399
2282, 0.4881, 0.405
2283, 0.4819, 0.395
2284, 0.4960, 0.393
2285, 0.4957, 0.395
2286, 0.4912, 0.393
2287, 0.5038, 0.396
2288, 0.4998, 0.405
2289, 0.4838, 0.394
2290, 0.4878, 0.392
2291, 0.4775, 0.396
2292, 0.4788, 0.393
2293, 0.4892, 0.394
2294, 0.4993, 0.394
2295, 0.4850, 0.392
2296, 0.4832, 0.395
2297, 0.4874, 0.396
2298, 0.4670, 0.394
2299, 0.4784, 0.391
2300, 0.4941, 0.395
2301, 0.5302, 0.391
2302, 0.4925, 0.390
2303, 0.4802, 0.395
2304, 0.4819, 0.390
2305, 0.4854, 0.391
2306, 0.4931, 0.374
2307, 0.4898, 0.373
2308, 0.4690, 0.374
2309, 0.4912, 0.374
2310, 0.5071, 0.374
2311, 0.5067, 0.374
2312, 0.5019, 0.374
2313, 0.5004, 1.915
2314, 0.4867, 0.545
2315, 0.5029, 0.655
2316, 0.4896, 0.379
2317, 0.5001, 0.397
2318, 0.5138, 0.400
2319, 0.4953, 0.397
2320, 0.4987, 0.399
2321, 0.5105, 0.399
2322, 0.4932, 0.402
2323, 0.4793, 0.402
2324, 0.4757, 0.400
2325, 0.4816, 0.396
2326, 0.4793, 0.399
2327, 0.4862, 0.398
2328, 0.5111, 0.396
2329, 0.4861, 0.394
2330, 0.4947, 0.395
2331, 0.4808, 0.402
2332, 0.4961, 0.395
2333, 0.4826, 0.395
2334, 0.4880, 0.395
2335, 0.4812, 0.400
2336, 0.5094, 0.401
2337, 0.5054, 0.392
2338, 0.4928, 0.393
2339, 0.4970, 0.392
2340, 0.5083, 0.395
2341, 0.4875, 0.410
2342, 0.4885, 0.395
2343, 0.4917, 0.392
2344, 0.4909, 0.394
2345, 0.4884, 0.395
2346, 0.4850, 0.393
2347, 0.4760, 0.394
2348, 0.4729, 0.390
2349, 0.4832, 0.390
2350, 0.4749, 0.394
2351, 0.5007, 0.388
2352, 0.5028, 0.391
2353, 0.4749, 0.393
2354, 0.4967, 0.394
2355, 0.4896, 0.389
2356, 0.4978, 0.394
2357, 0.4932, 0.398
2358, 0.4851, 0.390
2359, 0.4654, 0.390
2360, 0.5053, 0.393
2361, 0.4912, 0.393
2362, 0.5164, 0.501
2363, 0.4789, 0.392
2364, 0.4990, 0.394
2365, 0.4896, 0.398
2366, 0.4891, 0.395
2367, 0.4951, 0.397
2368, 0.4865, 0.394
2369, 0.4893, 0.398
2370, 0.4929, 0.392
2371, 0.4904, 0.397
2372, 0.4808, 0.394
2373, 0.5072, 0.392
2374, 0.4920, 0.393
2375, 0.5024, 0.392
2376, 0.4881, 0.392
2377, 0.5031, 0.391
2378, 0.4910, 0.392
2379, 0.4937, 0.392
2380, 0.4912, 0.396
2381, 0.5014, 0.398
2382, 0.4978, 0.395
2383, 0.4956, 0.391
2384, 0.5032, 0.397
2385, 0.5058, 0.397
2386, 0.5123, 0.396
2387, 0.5038, 0.393
2388, 0.4716, 0.405
2389, 0.4795, 0.397
2390, 0.4932, 0.392
2391, 0.4983, 0.392
2392, 0.4932, 0.395
2393, 0.5141, 0.392
2394, 0.4891, 0.392
2395, 0.4627, 0.393
2396, 0.5000, 0.391
2397, 0.4870, 0.394
2398, 0.4942, 0.395
2399, 0.4844, 0.395
2400, 0.4902, 0.390
2401, 0.4844, 0.385
2402, 0.4844, 0.394
2403, 0.4920, 0.408
2404, 0.4893, 0.423
2405, 0.4844, 0.395
2406, 0.4871, 0.408
2407, 0.4965, 0.396
2408, 0.5141, 0.395
2409, 0.5088, 0.397
2410, 0.5028, 0.395
2411, 0.5001, 0.398
2412, 0.4817, 0.395
2413, 0.4822, 0.395
2414, 0.4938, 0.400
2415, 0.5042, 0.398
2416, 0.4970, 0.461
2417, 0.4993, 0.392
2418, 0.4919, 0.395
2419, 0.4899, 0.394
2420, 0.4806, 0.390
2421, 0.4845, 0.390
2422, 0.4939, 0.391
2423, 0.5020, 0.392
2424, 0.4906, 0.395
2425, 0.5006, 0.394
2426, 0.5110, 0.393
2427, 0.5039, 0.396
2428, 0.4937, 0.395
2429, 0.4828, 0.396
2430, 0.4906, 0.396
2431, 0.5021, 0.397
2432, 0.4878, 0.403
2433, 0.4961, 0.395
2434, 0.5147, 0.395
2435, 0.5153, 0.393
2436, 0.4983, 0.393
2437, 0.5090, 0.394
2438, 0.4859, 0.393
2439, 0.4947, 0.393
2440, 0.4848, 0.407
2441, 0.4914, 0.395
2442, 0.4884, 0.397
2443, 0.5063, 0.395
2444, 0.4876, 0.392
2445, 0.4758, 0.395
2446, 0.4935, 0.393
2447, 0.4947, 0.395
2448, 0.4917, 0.391
2449, 0.4934, 0.403
2450, 0.5077, 0.396
2451, 0.4617, 0.392
2452, 0.4836, 0.395
2453, 0.4997, 0.394
2454, 0.4940, 0.393
2455, 0.4882, 0.393
2456, 0.4784, 0.392
2457, 0.4910, 0.394
2458, 0.4959, 0.394
2459, 0.5048, 0.395
2460, 0.4990, 0.395
2461, 0.4924, 0.394
2462, 0.4896, 0.393
2463, 0.4571, 0.394
2464, 0.4912, 0.392
2465, 0.4942, 0.388
2466, 0.4939, 0.389
2467, 0.4992, 0.394
2468, 0.4887, 0.392
2469, 0.5005, 0.390
2470, 0.4819, 0.388
2471, 0.5082, 0.373
2472, 0.5024, 0.374
2473, 0.4950, 0.370
2474, 0.4988, 0.373
2475, 0.4823, 0.373
2476, 0.4942, 0.373
2477, 0.4951, 0.374
2478, 0.5004, 2.331
2479, 0.5010, 0.384
2480, 0.4951, 0.375
2481, 0.4927, 0.397
2482, 0.4845, 0.380
2483, 0.5032, 0.397
2484, 0.4955, 0.398
2485, 0.5026, 0.399
2486, 0.4921, 0.395
2487, 0.4789, 0.395
2488, 0.5008, 0.395
2489, 0.4970, 0.397
2490, 0.4855, 0.396
2491, 0.4989, 0.400
2492, 0.5020, 0.395
2493, 0.4949, 0.393
2494, 0.4954, 0.403
2495, 0.5022, 0.401
2496, 0.4797, 0.394
2497, 0.4881, 0.394
2498, 0.5049, 0.397
2499, 0.5031, 0.393
2500, 0.5031, 0.395
2501, 0.4945, 0.394
2502, 0.5001, 0.393
2503, 0.5009, 0.396
2504, 0.5022, 0.394
2505, 0.4833, 0.394
2506, 0.4954, 0.390
2507, 0.4859, 0.392
2508, 0.5103, 0.393
2509, 0.4953, 0.394
2510, 0.5110, 0.400
2511, 0.4919, 0.398
2512, 0.5035, 0.394
2513, 0.4557, 0.396
2514, 0.4845, 0.399
2515, 0.4814, 0.397
2516, 0.4964, 0.398
2517, 0.5059, 0.397
2518, 0.4913, 0.409
2519, 0.5087, 0.551
2520, 0.5071, 0.397
2521, 0.4874, 0.404
2522, 0.4998, 0.397
2523, 0.4813, 0.398
2524, 0.4775, 0.393
2525, 0.4831, 0.393
2526, 0.4895, 0.411
2527, 0.5131, 0.396
2528, 0.4909, 0.395
2529, 0.4958, 0.400
2530, 0.4776, 0.395
2531, 0.4853, 0.408
2532, 0.4922, 0.411
2533, 0.4815, 0.435
2534, 0.5028, 0.447
2535, 0.4857, 0.427
2536, 0.4820, 0.438
2537, 0.5029, 0.446
2538, 0.4950, 0.400
2539, 0.5049, 0.401
2540, 0.4829, 0.402
2541, 0.5027, 0.402
2542, 0.4854, 0.402
2543, 0.4894, 0.403
2544, 0.4831, 0.395
2545, 0.4959, 0.392
2546, 0.4988, 0.394
2547, 0.4861, 0.401
2548, 0.4909, 0.407
2549, 0.5041, 0.413
2550, 0.4893, 0.439
2551, 0.4937, 0.428
2552, 0.4715, 0.452
2553, 0.4876, 0.437
2554, 0.4897, 0.448
2555, 0.4835, 0.445
2556, 0.5008, 0.458
2557, 0.4941, 0.462
2558, 0.5069, 0.451
2559, 0.5037, 0.458
2560, 0.4973, 0.428
2561, 0.4985, 0.398
2562, 0.4799, 0.403
2563, 0.4899, 0.404
2564, 0.4842, 0.393
2565, 0.4755, 0.396
2566, 0.5034, 0.398
2567, 0.4959, 0.405
2568, 0.5003, 0.412
2569, 0.5008, 0.459
2570, 0.5045, 0.437
2571, 0.4917, 0.390
2572, 0.5061, 0.396
2573, 0.4883, 0.400
2574, 0.4740, 0.396
2575, 0.4837, 0.388
2576, 0.4894, 0.381
2577, 0.4936, 0.387
2578, 0.5034, 0.399
2579, 0.4918, 0.399
2580, 0.4976, 0.432
2581, 0.4891, 0.393
2582, 0.4928, 0.399
2583, 0.5237, 0.399
2584, 0.4927, 0.398
2585, 0.4821, 0.407
2586, 0.4872, 0.406
2587, 0.4956, 0.399
2588, 0.5102, 0.397
2589, 0.4978, 0.398
2590, 0.4982, 0.403
2591, 0.4975, 0.394
2592, 0.4858, 0.392
2593, 0.5082, 0.397
2594, 0.5014, 0.400
2595, 0.4777, 0.392
2596, 0.4975, 0.395
2597, 0.5103, 0.393
2598, 0.5013, 0.400
2599, 0.4984, 0.401
2600, 0.5126, 0.395
2601, 0.5099, 0.381
2602, 0.4850, 0.383
2603, 0.4832, 0.399
2604, 0.4979, 0.400
2605, 0.5071, 0.401
2606, 0.4992, 0.397
2607, 0.4959, 0.394
2608, 0.4964, 0.394
2609, 0.4988, 0.402
2610, 0.5003, 0.398
2611, 0.4940, 0.409
2612, 0.4890, 0.430
2613, 0.4969, 0.398
2614, 0.4932, 0.403
2615, 0.5056, 0.396
2616, 0.4886, 0.456
2617, 0.5106, 0.391
2618, 0.5105, 0.397
2619, 0.4911, 0.401
2620, 0.4832, 0.396
2621, 0.4840, 0.407
2622, 0.4934, 0.392
2623, 0.4927, 0.396
2624, 0.5122, 0.396
2625, 0.5306, 0.390
2626, 0.4952, 0.402
2627, 0.5105, 0.397
2628, 0.4973, 0.393
2629, 0.4951, 0.390
2630, 0.4942, 0.384
2631, 0.4884, 0.385
2632, 0.5023, 0.385
2633, 0.5122, 0.386
2634, 0.4976, 0.375
2635, 0.4917, 0.374
2636, 0.5021, 0.372
2637, 0.5146, 0.376
2638, 0.4870, 0.375
2639, 0.4917, 0.376
2640, 0.5028, 0.373
2641, 0.4975, 1.605
2642, 0.4879, 0.377
2643, 0.4944, 0.397
2644, 0.4980, 0.378
2645, 0.4939, 0.532
2646, 0.5137, 0.398
2647, 0.4921, 0.391
2648, 0.5067, 0.391
2649, 0.4936, 0.396
2650, 0.4960, 0.387
2651, 0.4909, 0.394
2652, 0.5097, 0.390
2653, 0.4880, 0.396
2654, 0.5033, 0.388
2655, 0.4901, 0.386
2656, 0.5024, 0.393
2657, 0.4803, 0.390
2658, 0.4770, 0.395
2659, 0.4912, 0.387
2660, 0.4927, 0.386
2661, 0.4932, 0.392
2662, 0.5052, 0.395
2663, 0.5140, 0.394
2664, 0.5071, 0.386
2665, 0.4863, 0.390
2666, 0.4836, 0.390
2667, 0.4996, 0.403
2668, 0.5002, 0.389
2669, 0.5159, 0.387
2670, 0.4861, 0.390
2671, 0.5084, 0.387
2672, 0.5056, 0.389
2673, 0.5025, 0.386
2674, 0.4893, 0.387
2675, 0.4867, 0.387
2676, 0.5014, 0.393
2677, 0.4975, 0.387
2678, 0.4947, 0.387
2679, 0.4893, 0.386
2680, 0.4968, 0.385
2681, 0.4896, 0.385
2682, 0.4875, 0.387
2683, 0.4974, 0.385
2684, 0.4781, 0.386
2685, 0.4802, 0.390
2686, 0.4972, 0.392
2687, 0.5104, 0.392
2688, 0.4865, 0.392
2689, 0.5030, 0.387
2690, 0.4999, 0.395
2691, 0.4938, 0.392
2692, 0.5068, 0.386
2693, 0.5174, 0.389
2694, 0.5043, 0.386
2695, 0.5071, 0.389
2696, 0.5095, 0.392
2697, 0.5115, 0.397
2698, 0.5006, 0.404
2699, 0.4876, 0.448
2700, 0.4959, 0.387
2701, 0.4651, 0.385
2702, 0.4912, 0.387
2703, 0.4835, 0.389
2704, 0.5052, 0.392
2705, 0.5130, 0.383
2706, 0.4701, 0.394
2707, 0.5119, 0.396
2708, 0.5102, 0.396
2709, 0.5055, 0.391
2710, 0.4970, 0.384
2711, 0.5012, 0.386
2712, 0.5091, 0.387
2713, 0.4855, 0.389
2714, 0.5050, 0.390
2715, 0.4939, 0.390
2716, 0.4868, 0.392
2717, 0.4987, 0.389
2718, 0.4850, 0.390
2719, 0.4796, 0.392
2720, 0.5023, 0.395
2721, 0.5179, 0.408
2722, 0.5034, 0.390
2723, 0.5094, 0.394
2724, 0.4861, 0.395
2725, 0.4966, 0.389
2726, 0.4951, 0.404
2727, 0.5079, 0.389
2728, 0.5073, 0.390
2729, 0.4904, 0.399
2730, 0.4990, 0.391
2731, 0.4929, 0.391
2732, 0.4841, 0.387
2733, 0.4954, 0.388
2734, 0.4992, 0.387
2735, 0.5018, 0.390
2736, 0.5039, 0.393
2737, 0.4914, 0.395
2738, 0.4854, 0.397
2739, 0.4906, 0.386
2740, 0.5025, 0.387
2741, 0.4973, 0.391
2742, 0.5069, 0.389
2743, 0.5193, 0.387
2744, 0.4926, 0.389
2745, 0.5046, 0.388
2746, 0.4859, 0.390
2747, 0.4984, 0.392
2748, 0.4942, 0.408
2749, 0.4961, 0.390
2750, 0.5014, 0.391
2751, 0.5037, 0.390
2752, 0.5062, 0.387
2753, 0.4982, 0.387
2754, 0.4897, 0.390
2755, 0.5065, 0.393
2756, 0.5090, 0.388
2757, 0.4888, 0.390
2758, 0.5058, 0.387
2759, 0.5110, 0.388
2760, 0.4965, 0.387
2761, 0.4986, 0.391
2762, 0.5058, 0.395
2763, 0.4948, 0.391
2764, 0.4927, 0.395
2765, 0.5091, 0.403
2766, 0.4869, 0.406
2767, 0.5044, 0.397
2768, 0.4867, 0.396
2769, 0.4946, 0.391
2770, 0.5080, 0.392
2771, 0.5013, 0.395
2772, 0.5105, 0.394
2773, 0.4999, 0.391
2774, 0.5145, 0.390
2775, 0.4961, 0.394
2776, 0.5033, 0.394
2777, 0.4981, 0.392
2778, 0.4931, 0.394
2779, 0.5014, 0.394
2780, 0.4976, 0.395
2781, 0.4978, 0.392
2782, 0.5038, 0.392
2783, 0.4958, 0.390
2784, 0.5109, 0.396
2785, 0.4909, 0.393
2786, 0.4752, 0.405
2787, 0.4972, 0.402
2788, 0.4841, 0.393
2789, 0.5082, 0.394
2790, 0.4950, 0.395
2791, 0.5063, 0.396
2792, 0.4976, 0.393
2793, 0.4952, 0.391
2794, 0.4735, 0.396
2795, 0.4990, 0.395
2796, 0.4955, 0.390
2797, 0.4961, 0.392
2798, 0.4723, 0.390
2799, 0.4956, 0.392
2800, 0.4943, 0.396
2801, 0.5110, 0.748
2802, 0.4807, 0.376
2803, 0.5062, 0.377
2804, 0.5027, 0.383
2805, 0.4933, 0.375
2806, 0.4975, 0.379
2807, 0.5148, 0.371
2808, 0.5008, 0.380
2809, 0.5113, 1.241
2810, 0.5085, 0.373
2811, 0.5095, 0.379
2812, 0.5242, 0.595
2813, 0.4869, 0.419
2814, 0.4771, 0.415
2815, 0.4878, 0.453
2816, 0.5230, 0.401
2817, 0.4968, 0.394
2818, 0.5006, 0.471
2819, 0.4845, 0.394
2820, 0.4881, 0.389
2821, 0.4978, 0.400
2822, 0.5002, 0.398
2823, 0.5027, 0.397
2824, 0.4880, 0.394
2825, 0.4982, 0.391
2826, 0.4985, 0.394
2827, 0.4822, 0.396
2828, 0.5148, 0.402
2829, 0.4969, 0.404
2830, 0.5094, 0.708
2831, 0.4685, 0.392
2832, 0.4709, 0.395
2833, 0.4901, 0.389
2834, 0.5046, 0.401
2835, 0.5171, 0.411
2836, 0.4936, 0.407
2837, 0.5130, 0.396
2838, 0.5090, 0.387
2839, 0.4937, 0.390
2840, 0.4944, 0.391
2841, 0.5063, 0.389
2842, 0.4753, 0.392
2843, 0.5127, 0.410
2844, 0.4962, 0.411
2845, 0.4965, 0.399
2846, 0.4989, 0.398
2847, 0.5026, 0.393
2848, 0.5128, 0.406
2849, 0.5021, 0.395
2850, 0.4852, 0.397
2851, 0.4736, 0.388
2852, 0.4847, 0.393
2853, 0.5008, 0.387
2854, 0.4931, 0.386
2855, 0.4889, 0.391
2856, 0.4658, 0.385
2857, 0.4873, 0.387
2858, 0.4951, 0.390
2859, 0.4980, 0.395
2860, 0.5017, 0.389
2861, 0.4863, 0.391
2862, 0.4753, 0.389
2863, 0.4800, 0.388
2864, 0.4787, 0.389
2865, 0.4755, 0.401
2866, 0.4808, 0.393
2867, 0.4948, 0.400
2868, 0.4937, 0.394
2869, 0.5108, 0.389
2870, 0.5051, 0.392
2871, 0.4832, 0.395
2872, 0.4860, 0.404
2873, 0.4832, 0.391
2874, 0.4938, 0.394
2875, 0.5010, 0.397
2876, 0.5139, 0.405
2877, 0.5038, 0.394
2878, 0.5079, 0.390
2879, 0.4939, 0.399
2880, 0.4966, 0.398
2881, 0.4937, 0.390
2882, 0.4809, 0.391
2883, 0.4887, 0.409
2884, 0.4998, 0.402
2885, 0.4882, 0.410
2886, 0.4919, 0.403
2887, 0.5131, 0.400
2888, 0.5111, 0.393
2889, 0.5148, 0.393
2890, 0.4995, 0.388
2891, 0.5059, 0.388
2892, 0.4918, 0.387
2893, 0.4867, 0.396
2894, 0.4923, 0.396
2895, 0.4773, 0.390
2896, 0.5168, 0.389
2897, 0.4835, 0.391
2898, 0.4688, 0.395
2899, 0.4940, 0.392
2900, 0.5161, 0.391
2901, 0.5050, 0.396
2902, 0.5084, 0.395
2903, 0.5055, 0.391
2904, 0.4936, 0.393
2905, 0.4993, 0.396
2906, 0.4873, 0.397
2907, 0.4744, 0.393
2908, 0.4781, 0.400
2909, 0.5033, 0.402
2910, 0.4909, 0.393
2911, 0.5089, 0.395
2912, 0.4946, 0.393
2913, 0.5003, 0.404
2914, 0.4816, 0.392
2915, 0.5083, 0.402
2916, 0.4891, 0.432
2917, 0.4866, 0.405
2918, 0.4953, 0.395
2919, 0.4862, 0.407
2920, 0.4851, 0.396
2921, 0.4836, 0.395
2922, 0.5203, 0.395
2923, 0.4771, 0.397
2924, 0.4854, 0.397
2925, 0.4831, 0.391
2926, 0.4969, 0.404
2927, 0.4943, 0.394
2928, 0.4920, 0.394
2929, 0.4889, 0.395
2930, 0.4855, 0.394
2931, 0.4834, 0.396
2932, 0.4655, 0.391
2933, 0.4624, 0.389
2934, 0.4783, 0.398
2935, 0.4620, 0.405
2936, 0.4682, 0.400
2937, 0.4741, 0.404
2938, 0.4804, 0.393
2939, 0.4867, 0.410
2940, 0.4927, 0.406
2941, 0.4903, 0.399
2942, 0.4905, 0.399
2943, 0.4955, 0.388
2944, 0.4905, 0.397
2945, 0.4873, 0.402
2946, 0.4755, 0.404
2947, 0.4795, 0.402
2948, 0.4718, 0.406
2949, 0.4962, 0.394
2950, 0.5152, 0.397
2951, 0.4923, 0.392
2952, 0.4937, 0.389
2953, 0.4933, 0.383
2954, 0.4995, 0.389
2955, 0.5004, 0.386
2956, 0.4856, 0.383
2957, 0.4863, 0.389
2958, 0.4982, 0.393
2959, 0.4863, 0.390
2960, 0.4624, 0.387
2961, 0.4841, 0.385
2962, 0.4509, 0.387
2963, 0.4733, 0.393
2964, 0.4939, 0.389
2965, 0.4678, 0.387
2966, 0.4890, 0.373
2967, 0.4757, 0.375
2968, 0.5001, 0.374
2969, 0.5142, 0.372
2970, 0.4709, 0.371
2971, 0.4696, 0.373
2972, 0.4890, 0.374
2973, 0.4917, 1.807
2974, 0.4779, 0.377
2975, 0.4953, 0.455
2976, 0.5043, 0.375
2977, 0.4925, 0.401
2978, 0.4928, 0.403
2979, 0.4838, 0.396
2980, 0.4867, 0.391
2981, 0.5086, 0.430
2982, 0.4995, 0.386
2983, 0.4971, 0.395
2984, 0.4903, 0.400
2985, 0.4834, 0.390
2986, 0.4599, 0.392
2987, 0.4575, 0.402
2988, 0.4660, 0.392
2989, 0.4677, 0.399
2990, 0.4946, 0.399
2991, 0.4877, 0.416
2992, 0.4978, 0.398
2993, 0.5002, 0.401
2994, 0.4789, 0.400
2995, 0.4777, 0.453
2996, 0.4763, 0.454
2997, 0.4875, 0.440
2998, 0.5048, 0.453
2999, 0.4645, 0.445
3000, 0.4792, 0.434
3001, 0.5076, 0.435
3002, 0.4929, 0.439
3003, 0.5077, 0.399
3004, 0.5016, 0.399
3005, 0.5001, 0.408
3006, 0.5110, 0.399
3007, 0.4832, 0.404
3008, 0.4551, 0.390
3009, 0.4975, 0.398
3010, 0.5124, 0.446
3011, 0.5053, 0.419
3012, 0.4877, 0.404
3013, 0.4893, 0.406
3014, 0.4932, 0.404
3015, 0.4893, 0.400
3016, 0.4756, 0.435
3017, 0.4964, 0.396
3018, 0.4729, 0.406
3019, 0.4785, 0.397
3020, 0.4645, 0.404
3021, 0.4871, 0.389
3022, 0.4932, 0.390
3023, 0.4782, 0.398
3024, 0.4917, 0.386
3025, 0.4922, 0.389
3026, 0.4758, 0.396
3027, 0.4791, 0.388
3028, 0.4746, 0.387
3029, 0.4628, 0.401
3030, 0.4677, 0.412
3031, 0.5051, 0.685
3032, 0.5048, 0.401
3033, 0.4772, 0.401
3034, 0.4812, 0.387
3035, 0.4851, 0.399
3036, 0.4796, 0.390
3037, 0.4735, 0.389
3038, 0.4975, 1.391
3039, 0.5023, 0.406
3040, 0.5023, 0.393
3041, 0.4736, 0.412
3042, 0.4693, 0.397
3043, 0.4693, 0.394
3044, 0.5135, 0.393
3045, 0.5165, 0.393
3046, 0.4932, 0.394
3047, 0.4568, 0.390
3048, 0.4693, 0.392
3049, 0.4978, 0.386
3050, 0.4977, 0.396
3051, 0.4933, 0.390
3052, 0.5022, 0.391
3053, 0.5057, 0.388
3054, 0.4704, 0.388
3055, 0.5143, 0.392
3056, 0.4789, 0.390
3057, 0.5041, 0.392
3058, 0.4971, 0.394
3059, 0.4913, 0.399
3060, 0.4975, 0.394
3061, 0.4941, 0.393
3062, 0.4922, 0.388
3063, 0.4835, 0.394
3064, 0.4848, 0.401
3065, 0.4783, 0.400
3066, 0.5025, 0.400
3067, 0.4881, 0.399
3068, 0.5012, 0.399
3069, 0.4931, 0.397
3070, 0.4987, 0.395
3071, 0.4862, 0.389
3072, 0.4941, 0.568
3073, 0.4921, 0.390
3074, 0.4982, 0.393
3075, 0.4886, 0.407
3076, 0.5055, 0.412
3077, 0.4887, 0.391
3078, 0.4929, 0.396
3079, 0.5030, 0.396
3080, 0.4871, 0.393
3081, 0.5079, 0.403
3082, 0.4834, 0.398
3083, 0.4936, 0.397
3084, 0.4989, 0.388
3085, 0.5075, 0.391
3086, 0.4728, 0.407
3087, 0.5046, 0.390
3088, 0.4841, 0.395
3089, 0.4807, 0.389
3090, 0.4925, 0.391
3091, 0.4879, 0.389
3092, 0.4914, 0.391
3093, 0.4577, 0.393
3094, 0.4614, 0.389
3095, 0.4889, 0.391
3096, 0.4617, 0.401
3097, 0.4701, 0.398
3098, 0.4865, 0.391
3099, 0.4952, 0.393
3100, 0.5036, 0.390
3101, 0.5058, 0.393
3102, 0.4909, 0.391
3103, 0.4939, 0.391
3104, 0.5016, 0.397
3105, 0.4902, 0.393
3106, 0.4959, 0.410
3107, 0.5046, 0.396
3108, 0.4978, 0.397
3109, 0.4911, 0.391
3110, 0.4683, 0.402
3111, 0.4796, 0.402
3112, 0.4902, 0.403
3113, 0.4965, 0.404
3114, 0.4918, 0.396
3115, 0.4831, 0.391
3116, 0.4726, 0.392
3117, 0.5101, 0.389
3118, 0.4946, 0.395
3119, 0.4751, 0.391
3120, 0.5053, 0.391
3121, 0.5025, 0.388
3122, 0.4990, 0.387
3123, 0.5121, 0.384
3124, 0.4972, 0.389
3125, 0.4714, 0.401
3126, 0.5064, 0.386
3127, 0.4952, 0.389
3128, 0.4974, 0.373
3129, 0.4924, 0.373
3130, 0.4778, 0.372
3131, 0.4898, 0.372
3132, 0.4733, 0.373
3133, 0.5033, 0.375
3134, 0.5035, 0.389
3135, 0.5055, 1.346
3136, 0.5032, 0.376
3137, 0.5209, 0.377
3138, 0.5096, 0.375
3139, 0.4965, 0.389
3140, 0.4670, 0.395
3141, 0.4774, 0.388
3142, 0.4633, 0.391
3143, 0.5015, 0.395
3144, 0.4904, 0.390
3145, 0.4774, 0.387
3146, 0.4941, 0.392
3147, 0.4859, 0.388
3148, 0.4987, 0.387
3149, 0.4733, 0.387
3150, 0.4744, 0.390
3151, 0.5007, 0.396
3152, 0.4973, 0.389
3153, 0.5004, 0.396
3154, 0.4893, 0.401
3155, 0.4811, 0.394
3156, 0.4798, 0.393
3157, 0.4690, 0.394
3158, 0.4871, 0.397
3159, 0.4805, 0.390
3160, 0.4744, 0.389
3161, 0.4910, 0.402
3162, 0.4981, 0.388
3163, 0.4656, 0.397
3164, 0.4835, 0.397
3165, 0.4666, 0.395
3166, 0.4965, 0.391
3167, 0.4698, 0.392
3168, 0.4603, 0.394
3169, 0.4664, 0.397
3170, 0.4625, 0.401
3171, 0.4646, 0.392
3172, 0.4570, 0.391
3173, 0.4860, 0.390
3174, 0.4908, 0.397
3175, 0.4806, 0.388
3176, 0.4909, 0.434
3177, 0.4750, 0.448
3178, 0.4804, 0.437
3179, 0.4816, 0.404
3180, 0.4859, 0.405
3181, 0.5136, 0.398
3182, 0.4947, 0.402
3183, 0.4627, 0.397
3184, 0.4891, 0.400
3185, 0.4732, 0.396
3186, 0.4858, 0.394
3187, 0.4879, 0.401
3188, 0.4963, 0.396
3189, 0.4705, 0.399
3190, 0.4903, 0.403
3191, 0.4877, 0.397
3192, 0.4943, 0.399
3193, 0.4885, 0.400
3194, 0.4959, 0.400
3195, 0.5056, 0.390
3196, 0.5017, 0.394
3197, 0.4796, 0.398
3198, 0.4854, 0.434
3199, 0.4991, 0.448
3200, 0.4946, 0.442
3201, 0.4841, 0.423
3202, 0.5066, 0.421
3203, 0.4951, 0.423
3204, 0.5005, 0.431
3205, 0.5161, 0.439
3206, 0.4918, 0.440
3207, 0.4821, 0.431
3208, 0.4746, 0.425
3209, 0.4757, 0.425
3210, 0.4925, 0.468
3211, 0.4972, 0.432
3212, 0.4982, 0.436
3213, 0.4660, 0.427
3214, 0.4961, 0.427
3215, 0.4923, 0.440
3216, 0.4899, 0.406
3217, 0.5092, 0.401
3218, 0.5023, 0.386
3219, 0.4929, 0.397
3220, 0.4712, 0.394
3221, 0.4861, 0.579
3222, 0.4939, 0.397
3223, 0.4911, 0.394
3224, 0.4911, 0.392
3225, 0.4852, 0.392
3226, 0.4929, 0.386
3227, 0.4878, 0.395
3228, 0.4979, 0.389
3229, 0.4980, 0.389
3230, 0.4963, 0.397
3231, 0.5025, 0.387
3232, 0.4777, 0.391
3233, 0.4597, 0.393
3234, 0.4936, 0.432
3235, 0.4949, 0.431
3236, 0.4966, 0.402
3237, 0.4811, 0.393
3238, 0.4903, 0.393
3239, 0.4799, 0.398
3240, 0.4960, 0.393
3241, 0.4872, 0.399
3242, 0.4908, 0.398
3243, 0.4882, 0.395
3244, 0.4764, 0.394
3245, 0.5010, 0.387
3246, 0.5011, 0.383
3247, 0.4912, 0.390
3248, 0.4810, 0.394
3249, 0.4897, 0.394
3250, 0.5011, 0.395
3251, 0.4866, 0.404
3252, 0.4953, 0.398
3253, 0.5076, 0.404
3254, 0.4719, 0.400
3255, 0.4876, 0.415
3256, 0.5001, 0.399
3257, 0.5143, 0.401
3258, 0.4930, 0.408
3259, 0.4888, 0.403
3260, 0.4839, 0.402
3261, 0.4935, 0.403
3262, 0.4951, 0.400
3263, 0.4775, 0.397
3264, 0.4677, 0.399
3265, 0.5023, 0.390
3266, 0.4802, 0.393
3267, 0.4833, 0.403
3268, 0.4813, 0.411
3269, 0.4752, 0.406
3270, 0.4972, 0.395
3271, 0.4971, 0.395
3272, 0.4929, 0.392
3273, 0.5049, 0.399
3274, 0.4904, 0.403
3275, 0.5036, 0.403
3276, 0.4791, 0.399
3277, 0.4831, 0.402
3278, 0.4859, 0.399
3279, 0.4949, 0.392
3280, 0.4967, 0.392
3281, 0.4857, 0.393
3282, 0.4985, 0.393
3283, 0.4813, 0.403
3284, 0.4937, 0.394
3285, 0.5113, 0.390
3286, 0.4757, 0.390
3287, 0.5068, 0.388
3288, 0.4953, 0.392
3289, 0.4918, 0.391
3290, 0.4724, 0.385
3291, 0.4970, 0.373
3292, 0.4899, 0.375
3293, 0.4841, 0.375
3294, 0.4930, 0.370
3295, 0.4990, 0.373
3296, 0.5075, 0.374
3297, 0.4887, 0.373
3298, 0.4649, 2.041
3299, 0.4903, 0.399
3300, 0.4892, 0.620
3301, 0.4813, 0.839
3302, 0.4917, 0.381
3303, 0.4996, 0.395
3304, 0.4859, 0.389
3305, 0.4810, 0.404
3306, 0.4934, 0.399
3307, 0.4952, 0.396
3308, 0.5006, 0.396
3309, 0.4843, 0.403
3310, 0.4466, 0.401
3311, 0.4815, 0.399
3312, 0.4964, 0.403
3313, 0.5043, 0.396
3314, 0.4702, 0.397
3315, 0.4706, 0.391
3316, 0.4934, 0.397
3317, 0.4925, 0.411
3318, 0.4887, 0.399
3319, 0.4768, 0.398
3320, 0.4893, 0.396
3321, 0.4785, 0.395
3322, 0.4878, 0.391
3323, 0.4930, 0.395
3324, 0.4887, 0.388
3325, 0.4938, 0.392
3326, 0.5033, 0.393
3327, 0.4726, 0.392
3328, 0.4863, 0.390
3329, 0.4758, 0.387
3330, 0.4906, 0.384
3331, 0.5021, 0.400
3332, 0.4997, 0.406
3333, 0.5044, 0.394
3334, 0.4824, 0.389
3335, 0.4910, 0.395
3336, 0.4881, 0.391
3337, 0.4941, 0.405
3338, 0.5061, 0.396
3339, 0.5127, 0.402
3340, 0.4915, 0.398
3341, 0.4815, 0.401
3342, 0.4883, 0.398
3343, 0.4894, 0.404
3344, 0.5000, 0.394
3345, 0.4868, 0.392
3346, 0.4686, 0.397
3347, 0.5085, 0.391
3348, 0.4995, 0.414
3349, 0.5018, 0.397
3350, 0.4961, 0.435
3351, 0.4839, 0.432
3352, 0.4920, 0.440
3353, 0.4759, 0.446
3354, 0.4744, 0.444
3355, 0.4940, 0.456
3356, 0.4861, 0.402
3357, 0.4764, 0.402
3358, 0.5056, 0.410
3359, 0.5160, 0.391
3360, 0.4937, 0.394
3361, 0.4933, 0.392
3362, 0.4720, 0.395
3363, 0.4865, 0.400
3364, 0.4886, 0.399
3365, 0.4996, 0.396
3366, 0.5094, 0.416
3367, 0.5063, 0.416
3368, 0.5055, 0.395
3369, 0.4936, 0.396
3370, 0.4834, 0.404
3371, 0.5072, 0.403
3372, 0.4732, 0.436
3373, 0.4917, 0.441
3374, 0.4905, 0.453
3375, 0.4907, 0.458
3376, 0.4734, 0.467
3377, 0.4856, 0.465
3378, 0.4994, 0.444
3379, 0.4839, 0.456
3380, 0.4969, 0.450
3381, 0.5146, 0.440
3382, 0.4894, 0.449
3383, 0.4802, 0.441
3384, 0.4851, 0.454
3385, 0.4802, 0.460
3386, 0.4797, 0.412
3387, 0.4834, 0.406
3388, 0.5143, 0.397
3389, 0.4960, 0.396
3390, 0.4971, 0.397
3391, 0.4849, 0.400
3392, 0.4920, 0.397
3393, 0.4915, 0.400
3394, 0.4731, 0.394
3395, 0.4970, 0.394
3396, 0.4986, 0.400
3397, 0.5045, 0.403
3398, 0.5008, 0.427
3399, 0.5054, 0.423
3400, 0.4784, 0.432
3401, 0.4942, 0.393
3402, 0.4916, 0.401
3403, 0.4812, 0.401
3404, 0.5090, 0.399
3405, 0.4811, 0.403
3406, 0.4865, 0.419
3407, 0.4735, 0.403
3408, 0.5079, 0.405
3409, 0.5037, 0.417
3410, 0.5010, 0.405
3411, 0.4821, 0.396
3412, 0.4843, 0.394
3413, 0.5032, 0.396
3414, 0.4912, 0.407
3415, 0.5037, 0.393
3416, 0.5158, 0.400
3417, 0.4985, 0.534
3418, 0.4941, 0.389
3419, 0.5048, 0.410
3420, 0.5017, 0.406
3421, 0.4995, 0.400
3422, 0.5044, 0.388
3423, 0.5014, 0.391
3424, 0.4919, 0.396
3425, 0.4909, 0.398
3426, 0.4932, 0.390
3427, 0.4837, 0.390
3428, 0.4828, 0.392
3429, 0.4914, 0.390
3430, 0.4940, 0.392
3431, 0.4882, 0.387
3432, 0.5165, 0.385
3433, 0.4963, 0.397
3434, 0.5083, 0.402
3435, 0.5018, 0.400
3436, 0.4884, 0.398
3437, 0.5101, 0.387
3438, 0.4993, 0.393
3439, 0.4858, 0.402
3440, 0.5037, 0.393
3441, 0.5034, 0.395
3442, 0.5176, 0.392
3443, 0.5013, 0.401
3444, 0.4908, 0.393
3445, 0.5030, 0.390
3446, 0.4988, 0.409
3447, 0.5043, 0.398
3448, 0.4905, 0.396
3449, 0.4898, 0.384
3450, 0.4801, 0.386
3451, 0.4611, 0.392
3452, 0.4866, 0.386
3453, 0.4662, 0.391
3454, 0.4727, 0.377
3455, 0.4799, 0.374
3456, 0.5051, 0.373
3457, 0.5150, 0.374
3458, 0.5037, 0.372
3459, 0.4929, 0.378
3460, 0.4795, 1.571
3461, 0.4967, 0.877
3462, 0.4988, 0.379
3463, 0.4925, 0.885
3464, 0.5020, 0.386
3465, 0.4917, 0.405
3466, 0.4990, 0.391
3467, 0.5076, 0.396
3468, 0.5050, 0.396
3469, 0.4796, 0.391
3470, 0.5051, 0.395
3471, 0.5022, 0.395
3472, 0.4877, 0.386
3473, 0.5029, 0.389
3474, 0.4913, 0.390
3475, 0.4772, 0.392
3476, 0.4803, 0.394
3477, 0.4905, 0.398
3478, 0.4799, 0.399
3479, 0.4791, 0.392
3480, 0.5091, 0.395
3481, 0.5013, 0.389
3482, 0.5007, 0.396
3483, 0.4994, 0.402
3484, 0.5176, 0.399
3485, 0.5017, 0.396
3486, 0.5007, 0.396
3487, 0.5053, 0.397
3488, 0.4722, 0.394
3489, 0.4885, 0.399
3490, 0.5085, 0.390
3491, 0.4874, 0.402
3492, 0.4842, 0.393
3493, 0.4898, 0.396
3494, 0.4587, 0.397
3495, 0.4869, 0.396
3496, 0.5068, 0.390
3497, 0.4977, 0.395
3498, 0.4549, 0.394
3499, 0.4800, 0.406
3500, 0.4871, 0.396
3501, 0.5095, 0.414
3502, 0.4985, 0.392
3503, 0.5030, 0.402
3504, 0.5211, 0.390
3505, 0.5025, 0.390
3506, 0.5146, 0.392
3507, 0.5039, 0.394
3508, 0.4952, 0.401
3509, 0.5049, 0.385
3510, 0.4777, 0.398
3511, 0.4960, 0.385
3512, 0.5032, 0.394
3513, 0.5051, 0.392
3514, 0.5114, 0.403
3515, 0.4972, 0.387
3516, 0.4895, 0.388
3517, 0.4465, 0.397
3518, 0.5099, 0.402
3519, 0.5017, 0.396
3520, 0.4993, 0.404
3521, 0.4995, 0.395
3522, 0.4979, 0.394
3523, 0.5066, 0.394
3524, 0.4938, 0.401
3525, 0.5110, 0.403
3526, 0.4848, 0.395
3527, 0.5085, 0.394
3528, 0.5105, 0.389
3529, 0.4987, 0.393
3530, 0.4938, 0.390
3531, 0.4836, 0.395
3532, 0.4748, 0.396
3533, 0.4936, 0.388
3534, 0.4970, 0.389
3535, 0.5019, 0.391
3536, 0.4918, 0.393
3537, 0.4799, 0.389
3538, 0.4821, 0.391
3539, 0.5035, 0.395
3540, 0.5159, 0.393
3541, 0.5123, 0.388
3542, 0.5044, 0.389
3543, 0.4924, 0.389
3544, 0.4722, 0.393
3545, 0.4955, 0.402
3546, 0.5173, 0.395
3547, 0.4865, 0.387
3548, 0.4901, 0.389
3549, 0.4999, 0.391
3550, 0.4918, 0.394
3551, 0.5033, 0.392
3552, 0.4870, 0.392
3553, 0.5046, 0.390
3554, 0.4899, 0.394
3555, 0.4790, 0.391
3556, 0.5035, 0.393
3557, 0.5025, 0.402
3558, 0.5132, 0.401
3559, 0.4967, 0.400
3560, 0.4927, 0.406
3561, 0.4939, 0.390
3562, 0.5107, 0.391
3563, 0.4793, 0.424
3564, 0.4772, 0.434
3565, 0.5028, 0.430
3566, 0.5043, 0.438
3567, 0.4954, 0.424
3568, 0.4972, 0.439
3569, 0.4734, 0.421
3570, 0.4998, 0.450
3571, 0.5011, 0.454
3572, 0.4755, 0.460
3573, 0.4785, 0.460
3574, 0.4995, 0.453
3575, 0.4739, 0.465
3576, 0.5092, 0.462
3577, 0.5013, 0.459
3578, 0.4985, 0.456
3579, 0.4979, 0.460
3580, 0.5043, 0.459
3581, 0.4961, 0.433
3582, 0.5026, 0.425
3583, 0.5050, 0.441
3584, 0.5077, 0.431
3585, 0.4784, 0.431
3586, 0.4859, 0.416
3587, 0.4950, 0.433
3588, 0.5012, 0.439
3589, 0.5099, 0.430
3590, 0.4886, 0.449
3591, 0.4808, 0.412
3592, 0.5013, 0.404
3593, 0.5005, 0.404
3594, 0.5006, 0.400
3595, 0.4799, 0.393
3596, 0.4997, 0.392
3597, 0.5030, 0.390
3598, 0.5075, 0.398
3599, 0.4880, 0.390
3600, 0.4969, 0.388
3601, 0.5193, 0.384
3602, 0.5138, 0.399
3603, 0.4901, 0.390
3604, 0.5133, 0.389
3605, 0.5013, 0.400
3606, 0.4715, 0.390
3607, 0.4700, 0.392
3608, 0.4662, 0.392
3609, 0.4932, 0.398
3610, 0.5007, 0.401
3611, 0.4974, 0.390
3612, 0.5172, 0.375
3613, 0.5186, 0.378
3614, 0.5171, 0.373
3615, 0.4917, 0.372
3616, 0.4846, 0.373
3617, 0.4888, 0.373
3618, 0.4738, 0.373
3619, 0.4743, 0.426
3620, 0.4841, 1.641
3621, 0.4854, 0.376
3622, 0.5065, 0.377
3623, 0.4989, 0.373
3624, 0.4801, 0.383
3625, 0.4944, 0.405
3626, 0.4965, 0.380
3627, 0.4987, 0.407
3628, 0.5119, 0.403
3629, 0.5069, 0.386
3630, 0.5047, 0.388
3631, 0.5033, 0.388
3632, 0.4986, 0.406
3633, 0.4715, 0.394
3634, 0.5034, 0.392
3635, 0.5147, 0.400
3636, 0.5028, 0.395
3637, 0.5088, 0.395
3638, 0.4966, 0.408
3639, 0.4842, 0.399
3640, 0.4823, 0.393
3641, 0.4663, 0.407
3642, 0.4999, 0.389
3643, 0.4985, 0.402
3644, 0.4849, 0.401
3645, 0.5209, 0.404
3646, 0.5010, 0.398
3647, 0.4849, 0.395
3648, 0.5043, 0.395
3649, 0.4936, 0.391
3650, 0.4991, 0.392
3651, 0.5061, 0.403
3652, 0.4723, 0.396
3653, 0.4780, 0.399
3654, 0.4809, 0.404
3655, 0.4813, 0.391
3656, 0.4938, 0.393
3657, 0.4984, 0.395
3658, 0.5110, 0.393
3659, 0.4850, 0.391
3660, 0.4901, 0.413
3661, 0.4930, 0.390
3662, 0.4981, 0.392
3663, 0.5087, 0.394
3664, 0.4921, 0.392
3665, 0.4955, 0.403
3666, 0.4961, 0.393
3667, 0.5178, 0.386
3668, 0.5060, 0.389
3669, 0.5154, 0.391
3670, 0.4965, 0.391
3671, 0.4911, 0.486
3672, 0.4662, 0.389
3673, 0.5021, 0.386
3674, 0.5250, 0.390
3675, 0.5108, 0.388
3676, 0.5085, 0.384
3677, 0.4912, 0.389
3678, 0.5052, 0.396
3679, 0.4883, 0.390
3680, 0.5003, 0.390
3681, 0.4750, 0.390
3682, 0.4824, 0.397
3683, 0.4900, 0.400
3684, 0.4982, 0.398
3685, 0.4784, 0.392
3686, 0.4979, 0.395
3687, 0.4916, 0.398
3688, 0.5047, 0.397
3689, 0.4726, 0.403
3690, 0.4621, 0.389
3691, 0.5110, 0.390
3692, 0.5005, 0.412
3693, 0.4972, 0.410
3694, 0.4990, 0.403
3695, 0.4926, 0.408
3696, 0.5053, 0.444
3697, 0.5094, 0.437
3698, 0.5162, 0.394
3699, 0.5035, 0.397
3700, 0.5022, 0.392
3701, 0.4973, 0.389
3702, 0.4823, 0.390
3703, 0.4961, 0.393
3704, 0.4956, 0.390
3705, 0.4808, 0.386
3706, 0.5041, 0.386
3707, 0.4937, 0.392
3708, 0.4837, 0.386
3709, 0.4833, 0.388
3710, 0.4969, 0.398
3711, 0.4912, 0.402
3712, 0.4828, 0.389
3713, 0.4627, 0.764
3714, 0.4884, 0.401
3715, 0.4972, 0.397
3716, 0.5007, 0.397
3717, 0.5121, 0.405
3718, 0.4927, 0.406
3719, 0.4955, 0.389
3720, 0.4781, 0.388
3721, 0.4925, 0.385
3722, 0.4967, 0.391
3723, 0.4720, 0.403
3724, 0.4824, 0.397
3725, 0.4781, 0.402
3726, 0.5151, 0.394
3727, 0.5002, 0.395
3728, 0.5140, 0.391
3729, 0.5044, 0.400
3730, 0.5004, 0.409
3731, 0.4926, 0.402
3732, 0.4930, 0.396
3733, 0.4840, 0.388
3734, 0.4945, 0.394
3735, 0.4737, 0.396
3736, 0.4933, 0.389
3737, 0.4713, 0.390
3738, 0.4623, 0.390
3739, 0.4774, 0.397
3740, 0.4945, 0.388
3741, 0.4845, 0.402
3742, 0.4887, 0.389
3743, 0.4913, 0.392
3744, 0.5185, 0.392
3745, 0.4909, 0.388
3746, 0.4906, 0.395
3747, 0.5028, 0.398
3748, 0.5080, 0.387
3749, 0.4982, 0.391
3750, 0.4856, 0.414
3751, 0.5030, 0.389
3752, 0.4924, 0.388
3753, 0.5010, 0.390
3754, 0.4916, 0.395
3755, 0.5003, 0.392
3756, 0.4910, 0.390
3757, 0.4991, 0.387
3758, 0.4933, 0.390
3759, 0.4834, 0.394
3760, 0.4961, 0.415
3761, 0.5080, 0.397
3762, 0.4862, 0.393
3763, 0.4893, 0.388
3764, 0.5050, 0.391
3765, 0.5049, 0.398
3766, 0.4979, 0.437
3767, 0.4866, 0.426
3768, 0.5007, 0.450
3769, 0.4856, 0.445
3770, 0.4916, 0.451
3771, 0.4861, 0.442
3772, 0.5104, 0.442
3773, 0.5114, 0.449
3774, 0.5058, 0.459
3775, 0.5078, 0.440
3776, 0.5013, 0.450
3777, 0.5048, 0.449
3778, 0.5099, 0.449
3779, 0.5049, 0.425
3780, 0.4942, 0.427
3781, 0.5231, 0.432
3782, 0.4993, 0.405
3783, 0.5040, 0.419
3784, 0.4972, 0.422
3785, 0.4770, 0.430
3786, 0.4937, 0.905
3787, 0.5046, 0.385
3788, 0.5115, 0.393
3789, 0.5278, 0.398
3790, 0.5118, 0.395
3791, 0.5024, 0.409
3792, 0.5051, 0.396
3793, 0.5129, 0.391
3794, 0.5061, 0.393
3795, 0.4982, 0.397
3796, 0.4961, 0.397
3797, 0.5021, 0.400
3798, 0.5021, 0.414
3799, 0.4973, 0.414
3800, 0.4878, 0.403
3801, 0.5022, 0.388
3802, 0.5018, 0.400
3803, 0.5105, 0.401
3804, 0.5174, 0.410
3805, 0.4875, 0.401
3806, 0.4919, 0.400
3807, 0.5009, 0.409
3808, 0.4957, 0.433
3809, 0.5039, 0.390
3810, 0.4814, 0.396
3811, 0.4758, 0.391
3812, 0.5048, 0.409
3813, 0.5068, 0.421
3814, 0.4958, 0.388
3815, 0.5034, 0.391
3816, 0.4851, 0.387
3817, 0.5181, 0.423
3818, 0.4970, 0.397
3819, 0.5063, 0.394
3820, 0.5011, 0.393
3821, 0.4794, 0.389
3822, 0.4847, 0.392
3823, 0.4984, 0.398
3824, 0.5069, 0.399
3825, 0.5164, 0.406
3826, 0.5086, 0.397
3827, 0.4977, 0.393
3828, 0.4709, 0.400
3829, 0.4772, 0.399
3830, 0.4826, 0.988
3831, 0.4858, 0.390
3832, 0.4858, 0.401
3833, 0.5066, 0.395
3834, 0.5117, 0.394
3835, 0.5160, 0.396
3836, 0.5257, 0.407
3837, 0.4958, 0.398
3838, 0.5048, 0.393
3839, 0.4943, 0.404
3840, 0.4956, 0.399
3841, 0.5078, 0.405
3842, 0.4939, 0.477
3843, 0.4927, 0.395
3844, 0.5046, 0.405
3845, 0.4929, 0.394
3846, 0.4981, 0.408
3847, 0.4924, 0.389
3848, 0.5036, 0.391
3849, 0.4978, 0.404
3850, 0.4995, 0.395
3851, 0.4783, 0.390
3852, 0.5037, 0.388
3853, 0.4851, 0.396
3854, 0.4925, 0.394
3855, 0.4799, 0.407
3856, 0.4906, 0.395
3857, 0.4934, 0.409
3858, 0.4746, 0.398
3859, 0.4831, 0.396
3860, 0.4810, 0.398
3861, 0.5114, 0.405
3862, 0.5006, 0.390
3863, 0.4982, 0.389
3864, 0.4986, 0.398
3865, 0.4995, 0.389
3866, 0.4994, 0.396
3867, 0.5082, 0.395
3868, 0.5128, 0.393
3869, 0.5083, 0.395
3870, 0.4963, 0.398
3871, 0.4923, 0.391
3872, 0.4786, 0.391
3873, 0.4821, 0.393
3874, 0.5003, 0.393
3875, 0.4932, 0.395
3876, 0.5028, 0.396
3877, 0.4931, 0.393
3878, 0.4998, 0.394
3879, 0.5087, 0.402
3880, 0.4956, 0.386
3881, 0.5038, 0.391
3882, 0.4986, 0.396
3883, 0.4821, 0.396
3884, 0.4957, 0.390
3885, 0.5036, 0.398
3886, 0.5182, 0.389
3887, 0.5120, 0.390
3888, 0.4764, 0.394
3889, 0.4788, 0.390
3890, 0.4866, 0.394
3891, 0.4961, 0.392
3892, 0.4868, 0.387
3893, 0.4900, 0.392
3894, 0.4900, 0.398
3895, 0.4767, 0.388
3896, 0.4849, 0.391
3897, 0.5134, 0.393
3898, 0.5004, 0.394
3899, 0.5049, 0.390
3900, 0.5117, 0.396
3901, 0.4980, 0.400
3902, 0.4578, 0.398
3903, 0.4898, 0.406
3904, 0.4851, 0.398
3905, 0.5055, 0.399
3906, 0.5026, 0.402
3907, 0.4988, 0.390
3908, 0.4954, 0.398
3909, 0.5011, 0.395
3910, 0.5072, 0.394
3911, 0.4986, 0.408
3912, 0.5227, 0.398
3913, 0.4997, 0.398
3914, 0.5045, 0.395
3915, 0.5027, 0.400
3916, 0.5050, 0.402
3917, 0.4835, 0.393
3918, 0.4856, 0.397
3919, 0.4732, 0.399
3920, 0.4718, 0.411
3921, 0.4948, 0.599
3922, 0.4819, 0.412
3923, 0.4940, 0.396
3924, 0.4955, 0.392
3925, 0.4907, 0.389
3926, 0.4993, 0.390
3927, 0.5066, 0.470
3928, 0.5020, 0.394
3929, 0.4826, 0.389
3930, 0.4979, 0.402
3931, 0.4859, 0.387
3932, 0.4949, 0.389
3933, 0.5032, 0.394
3934, 0.4994, 0.390
3935, 0.4683, 0.381
3936, 0.4928, 0.383
3937, 0.4842, 0.388
3938, 0.4912, 0.393
3939, 0.4825, 0.388
3940, 0.5070, 0.381
3941, 0.4875, 0.379
3942, 0.4894, 0.372
3943, 0.4997, 0.372
3944, 0.5039, 0.372
3945, 0.4951, 0.368
3946, 0.4980, 0.369
3947, 0.4976, 0.372
3948, 0.4839, 1.693
3949, 0.4998, 0.374
3950, 0.5010, 0.733
3951, 0.5034, 0.395
3952, 0.4924, 0.397
3953, 0.4868, 0.406
3954, 0.4908, 0.401
3955, 0.4807, 0.415
3956, 0.4845, 0.424
3957, 0.4930, 0.402
3958, 0.5022, 0.386
3959, 0.4861, 0.391
3960, 0.4802, 0.394
3961, 0.4938, 0.399
3962, 0.4878, 0.396
3963, 0.4811, 0.386
3964, 0.5099, 0.392
3965, 0.5036, 0.395
3966, 0.5028, 0.406
3967, 0.5050, 0.400
3968, 0.5019, 0.405
3969, 0.4919, 0.398
3970, 0.4752, 0.393
3971, 0.4905, 0.391
3972, 0.4887, 0.407
3973, 0.4904, 0.417
3974, 0.4971, 0.398
3975, 0.4838, 0.395
3976, 0.5056, 0.395
3977, 0.5150, 0.397
3978, 0.4931, 0.397
3979, 0.5059, 0.391
3980, 0.5005, 0.392
3981, 0.4928, 0.389
3982, 0.4791, 0.392
3983, 0.4639, 0.387
3984, 0.4749, 0.394
3985, 0.4643, 0.395
3986, 0.4970, 0.396
3987, 0.4970, 0.396
3988, 0.4931, 0.404
3989, 0.5100, 0.396
3990, 0.5071, 0.431
3991, 0.5044, 0.451
3992, 0.5010, 0.415
3993, 0.4709, 0.437
3994, 0.5061, 0.449
3995, 0.4877, 0.447
3996, 0.4903, 0.462
3997, 0.4825, 0.464
3998, 0.4910, 0.456
3999, 0.5066, 0.458
4000, 0.5042, 0.467
4001, 0.4737, 0.414
4002, 0.4938, 0.416
4003, 0.4982, 0.422
4004, 0.5076, 0.399
4005, 0.5087, 0.401
4006, 0.4995, 0.397
4007, 0.5033, 0.411
4008, 0.4936, 0.422
4009, 0.5229, 0.421
4010, 0.4891, 0.393
4011, 0.4918, 0.393
4012, 0.5079, 0.397
4013, 0.4892, 0.401
4014, 0.4714, 0.403
4015, 0.4975, 0.401
4016, 0.4915, 0.469
4017, 0.4834, 0.402
4018, 0.4869, 0.401
4019, 0.4865, 0.405
4020, 0.4874, 0.395
4021, 0.4860, 0.395
4022, 0.4941, 0.392
4023, 0.5097, 0.392
4024, 0.4849, 0.400
4025, 0.4930, 0.401
4026, 0.4864, 0.400
4027, 0.4929, 0.394
4028, 0.4890, 0.393
4029, 0.4912, 0.393
4030, 0.4839, 0.403
4031, 0.4720, 0.401
4032, 0.4911, 0.405
4033, 0.5034, 0.391
4034, 0.4997, 0.396
4035, 0.4993, 0.406
4036, 0.4787, 0.403
4037, 0.4901, 0.404
4038, 0.4814, 0.389
4039, 0.4848, 0.393
4040, 0.4945, 0.398
4041, 0.5052, 0.397
4042, 0.4716, 0.396
4043, 0.5049, 0.389
4044, 0.4963, 0.386
4045, 0.4957, 0.386
4046, 0.5004, 0.386
4047, 0.4804, 0.396
4048, 0.4936, 0.395
4049, 0.4912, 0.393
4050, 0.5033, 0.409
4051, 0.4931, 0.392
4052, 0.5106, 0.392
4053, 0.4924, 0.407
4054, 0.5238, 0.392
4055, 0.4942, 0.396
4056, 0.4973, 0.403
4057, 0.4853, 0.395
4058, 0.4885, 0.387
4059, 0.4860, 0.443
4060, 0.4912, 0.387
4061, 0.4997, 0.391
4062, 0.4866, 0.411
4063, 0.4919, 0.393
4064, 0.4940, 0.395
4065, 0.5002, 0.395
4066, 0.5108, 0.398
4067, 0.5113, 0.397
4068, 0.4996, 0.415
4069, 0.5020, 0.400
4070, 0.5028, 0.400
4071, 0.4900, 0.394
4072, 0.4858, 0.392
4073, 0.4964, 0.396
4074, 0.4914, 0.393
4075, 0.5028, 0.387
4076, 0.4985, 0.387
4077, 0.4994, 0.391
4078, 0.5138, 0.392
4079, 0.4893, 0.388
4080, 0.5025, 0.398
4081, 0.5076, 0.391
4082, 0.5014, 0.394
4083, 0.5214, 0.389
4084, 0.4972, 0.407
4085, 0.4852, 0.392
4086, 0.4968, 0.405
4087, 0.4883, 0.397
4088, 0.5090, 0.390
4089, 0.5021, 0.397
4090, 0.4891, 0.385
4091, 0.4927, 0.402
4092, 0.4899, 0.399
4093, 0.4902, 0.393
4094, 0.4941, 0.401
4095, 0.5174, 0.401
4096, 0.4826, 0.395
4097, 0.4954, 0.392
4098, 0.5118, 0.389
4099, 0.5046, 0.390
4100, 0.4993, 0.392
4101, 0.4839, 0.401
4102, 0.5058, 0.388
4103, 0.4895, 0.376
4104, 0.4907, 0.390
4105, 0.4962, 0.381
4106, 0.5057, 0.800
4107, 0.5000, 0.391
4108, 0.4898, 0.376
4109, 0.5080, 0.384
4110, 0.5051, 0.391
4111, 0.4878, 0.371
4112, 0.5034, 1.052
4113, 0.5050, 0.379
4114, 0.4867, 0.383
4115, 0.5015, 1.078
4116, 0.5003, 1.190
4117, 0.4981, 0.379
4118, 0.4926, 0.400
4119, 0.4875, 0.397
4120, 0.4980, 0.391
4121, 0.5059, 0.395
4122, 0.5070, 0.387
4123, 0.4935, 0.395
4124, 0.4760, 0.392
4125, 0.4702, 0.392
4126, 0.5005, 0.392
4127, 0.4916, 0.397
4128, 0.5126, 0.392
4129, 0.4976, 0.385
4130, 0.5200, 0.386
4131, 0.4974, 0.391
4132, 0.4961, 0.390
4133, 0.4965, 0.392
4134, 0.5006, 0.386
4135, 0.5029, 0.387
4136, 0.4959, 0.411
4137, 0.4922, 0.395
4138, 0.4941, 0.394
4139, 0.4953, 0.395
4140, 0.4987, 0.397
4141, 0.4829, 0.391
4142, 0.4874, 0.405
4143, 0.4889, 0.393
4144, 0.5068, 0.388
4145, 0.4895, 0.389
4146, 0.5027, 0.393
4147, 0.4904, 0.396
4148, 0.5146, 0.416
4149, 0.4932, 0.393
4150, 0.4961, 0.391
4151, 0.5019, 0.394
4152, 0.4888, 0.395
4153, 0.4841, 0.404
4154, 0.4905, 0.393
4155, 0.4938, 0.387
4156, 0.4882, 0.393
4157, 0.4932, 0.397
4158, 0.4980, 0.389
4159, 0.5018, 0.389
4160, 0.4936, 0.396
4161, 0.4960, 0.395
4162, 0.5012, 0.392
4163, 0.4833, 0.385
4164, 0.5018, 0.385
4165, 0.4867, 0.389
4166, 0.4981, 0.392
4167, 0.4907, 0.395
4168, 0.4957, 0.395
4169, 0.4926, 0.394
4170, 0.4816, 0.396
4171, 0.4894, 0.397
4172, 0.4840, 0.397
4173, 0.4889, 0.391
4174, 0.4794, 0.409
4175, 0.4745, 0.392
4176, 0.4947, 0.395
4177, 0.4917, 0.395
4178, 0.4795, 0.390
4179, 0.4907, 0.404
4180, 0.5089, 0.402
4181, 0.4892, 0.445
4182, 0.4974, 0.439
4183, 0.4989, 0.464
4184, 0.4791, 0.469
4185, 0.4772, 0.480
4186, 0.5059, 0.484
4187, 0.4902, 0.477
4188, 0.4753, 0.442
4189, 0.4996, 0.398
4190, 0.4869, 0.399
4191, 0.4923, 0.412
4192, 0.5177, 0.394
4193, 0.4974, 0.390
4194, 0.4998, 0.386
4195, 0.5092, 0.387
4196, 0.4977, 0.389
4197, 0.4962, 0.395
4198, 0.4953, 0.396
4199, 0.4729, 0.402
4200, 0.5080, 0.403
4201, 0.5173, 0.381
4202, 0.4873, 0.383
4203, 0.4922, 0.382
4204, 0.4966, 0.394
4205, 0.5048, 0.415
4206, 0.4925, 0.409
4207, 0.5032, 0.400
4208, 0.5038, 0.404
4209, 0.4809, 0.397
4210, 0.4924, 0.394
4211, 0.5028, 0.394
4212, 0.5006, 0.404
4213, 0.5059, 0.412
4214, 0.5080, 0.404
4215, 0.5002, 0.399
4216, 0.5004, 0.393
4217, 0.4799, 0.388
4218, 0.5010, 0.391
4219, 0.4953, 0.427
4220, 0.4894, 0.396
4221, 0.5018, 0.395
4222, 0.4889, 0.403
4223, 0.4937, 0.402
4224, 0.5012, 0.403
4225, 0.5019, 0.656
4226, 0.4870, 0.400
4227, 0.4749, 0.404
4228, 0.4846, 0.396
4229, 0.5039, 0.395
4230, 0.5005, 0.389
4231, 0.5066, 0.399
4232, 0.5012, 0.388
4233, 0.4947, 0.396
4234, 0.4986, 0.394
4235, 0.5054, 0.391
4236, 0.5009, 0.388
4237, 0.5008, 0.403
4238, 0.4985, 0.394
4239, 0.5109, 0.389
4240, 0.4974, 0.395
4241, 0.5107, 0.391
4242, 0.4995, 0.406
4243, 0.5177, 0.393
4244, 0.4913, 0.393
4245, 0.5008, 0.394
4246, 0.4868, 0.393
4247, 0.5073, 0.394
4248, 0.4931, 0.402
4249, 0.5131, 0.396
4250, 0.5055, 0.392
4251, 0.4931, 0.400
4252, 0.4896, 0.385
4253, 0.4963, 0.385
4254, 0.4936, 0.396
4255, 0.5147, 0.389
4256, 0.5092, 0.393
4257, 0.4959, 0.394
4258, 0.4959, 0.407
4259, 0.4981, 0.394
4260, 0.5017, 0.390
4261, 0.5095, 0.399
4262, 0.4984, 0.392
4263, 0.4754, 0.375
4264, 0.4906, 0.388
4265, 0.4864, 0.373
4266, 0.5042, 0.381
4267, 0.4990, 0.378
4268, 0.4897, 0.393
4269, 0.5057, 0.375
4270, 0.5059, 0.389
4271, 0.4935, 0.392
4272, 0.5068, 2.629
4273, 0.4947, 0.381
4274, 0.5033, 0.376
4275, 0.4969, 0.376
4276, 0.5030, 0.392
4277, 0.5116, 0.381
4278, 0.4930, 0.401
4279, 0.5046, 0.391
4280, 0.4964, 0.403
4281, 0.5020, 0.408
4282, 0.5101, 0.396
4283, 0.4804, 0.396
4284, 0.4999, 0.394
4285, 0.5106, 0.394
4286, 0.5113, 0.397
4287, 0.5008, 0.392
4288, 0.5111, 0.390
4289, 0.4853, 0.395
4290, 0.5129, 0.400
4291, 0.4987, 0.386
4292, 0.5143, 0.385
4293, 0.4876, 0.387
4294, 0.4794, 0.394
4295, 0.4923, 0.397
4296, 0.4905, 0.396
4297, 0.4924, 0.393
4298, 0.4961, 0.394
4299, 0.5023, 0.391
4300, 0.5214, 0.391
4301, 0.4988, 0.389
4302, 0.4958, 0.386
4303, 0.4956, 0.398
4304, 0.4829, 0.390
4305, 0.4989, 0.397
4306, 0.4999, 0.400
4307, 0.4986, 0.394
4308, 0.5084, 0.393
4309, 0.4925, 0.402
4310, 0.4872, 0.391
4311, 0.5153, 0.398
4312, 0.4942, 0.407
4313, 0.4955, 0.398
4314, 0.4916, 0.513
4315, 0.4965, 0.395
4316, 0.4968, 0.390
4317, 0.5024, 0.386
4318, 0.5111, 0.386
4319, 0.5121, 0.388
4320, 0.4881, 0.394
4321, 0.5159, 0.388
4322, 0.5002, 0.390
4323, 0.5089, 0.389
4324, 0.5035, 0.386
4325, 0.4780, 0.388
4326, 0.4942, 0.393
4327, 0.5036, 0.390
4328, 0.4966, 0.387
4329, 0.4902, 0.389
4330, 0.4717, 0.395
4331, 0.4970, 0.401
4332, 0.5018, 0.392
4333, 0.4856, 0.394
4334, 0.5019, 0.393
4335, 0.4989, 0.393
4336, 0.4961, 0.406
4337, 0.4950, 0.406
4338, 0.4987, 0.399
4339, 0.4963, 0.400
4340, 0.4904, 0.390
4341, 0.5058, 0.390
4342, 0.5004, 0.411
4343, 0.4975, 0.393
4344, 0.5072, 0.398
4345, 0.5111, 0.521
4346, 0.5064, 0.402
4347, 0.5113, 0.401
4348, 0.5060, 0.408
4349, 0.5002, 0.405
4350, 0.5151, 0.394
4351, 0.4980, 0.396
4352, 0.5016, 0.392
4353, 0.5045, 0.393
4354, 0.5006, 0.389
4355, 0.5056, 0.396
4356, 0.5036, 0.389
4357, 0.4948, 0.386
4358, 0.5074, 0.389
4359, 0.4982, 0.395
4360, 0.5083, 0.387
4361, 0.4997, 0.389
4362, 0.4985, 0.477
4363, 0.4989, 0.392
4364, 0.5045, 0.388
4365, 0.4978, 0.389
4366, 0.5049, 0.392
4367, 0.4973, 0.391
4368, 0.5045, 0.390
4369, 0.4908, 0.390
4370, 0.5082, 0.394
4371, 0.5105, 0.405
4372, 0.5072, 0.395
4373, 0.5131, 0.390
4374, 0.4938, 0.392
4375, 0.5066, 0.391
4376, 0.5117, 0.391
4377, 0.5211, 0.448
4378, 0.5013, 0.393
4379, 0.4969, 0.391
4380, 0.5018, 0.395
4381, 0.5015, 0.390
4382, 0.4969, 0.394
4383, 0.4890, 0.389
4384, 0.4981, 0.400
4385, 0.5038, 0.386
4386, 0.5017, 0.391
4387, 0.4979, 0.392
4388, 0.5104, 0.397
4389, 0.4958, 0.393
4390, 0.4969, 0.392
4391, 0.5054, 0.393
4392, 0.4958, 0.389
4393, 0.5117, 0.392
4394, 0.5028, 0.393
4395, 0.4957, 0.391
4396, 0.4947, 0.406
4397, 0.4951, 0.395
4398, 0.4907, 0.395
4399, 0.4931, 0.397
4400, 0.4944, 0.394
4401, 0.5048, 0.383
4402, 0.4986, 0.395
4403, 0.5115, 0.399
4404, 0.5071, 0.404
4405, 0.4908, 0.393
4406, 0.4869, 0.405
4407, 0.4965, 0.403
4408, 0.5118, 0.411
4409, 0.5004, 0.407
4410, 0.4910, 0.411
4411, 0.4900, 0.400
4412, 0.4865, 0.395
4413, 0.5233, 0.398
4414, 0.5094, 0.395
4415, 0.4912, 0.387
4416, 0.5103, 0.389
4417, 0.5046, 0.403
4418, 0.4939, 0.408
4419, 0.5068, 0.443
4420, 0.4901, 0.395
4421, 0.4915, 0.382
4422, 0.5020, 0.388
4423, 0.4976, 0.382
4424, 0.4995, 0.383
4425, 0.4922, 0.393
4426, 0.4817, 0.395
4427, 0.4943, 0.406
4428, 0.5052, 0.374
4429, 0.5127, 0.374
4430, 0.4949, 0.372
4431, 0.4868, 0.375
4432, 0.5096, 0.390
4433, 0.5033, 0.391
4434, 0.4930, 0.375
4435, 0.4868, 0.381
4436, 0.4868, 2.121
4437, 0.4973, 0.375
4438, 0.5113, 0.392
4439, 0.5060, 0.380
4440, 0.5144, 0.395
4441, 0.5171, 0.396
4442, 0.5063, 0.381
4443, 0.4998, 0.375
4444, 0.4931, 0.390
4445, 0.5146, 0.390
4446, 0.5006, 0.396
4447, 0.5065, 0.396
4448, 0.4904, 0.399
4449, 0.5083, 0.409
4450, 0.5055, 0.405
4451, 0.4853, 0.407
4452, 0.4872, 0.405
4453, 0.4956, 0.400
4454, 0.4968, 0.392
4455, 0.4991, 0.397
4456, 0.4818, 0.398
4457, 0.4956, 0.982
4458, 0.5019, 0.394
4459, 0.5000, 0.391
4460, 0.5065, 0.387
4461, 0.5096, 0.390
4462, 0.5029, 0.402
4463, 0.4995, 0.664
4464, 0.5004, 0.391
4465, 0.5016, 0.387
4466, 0.4994, 0.390
4467, 0.5017, 0.405
4468, 0.4844, 0.475
4469, 0.4962, 0.389
4470, 0.5151, 0.395
4471, 0.5006, 0.403
4472, 0.5075, 0.396
4473, 0.4919, 0.397
4474, 0.4961, 0.398
4475, 0.4909, 0.398
4476, 0.4950, 0.385
4477, 0.4940, 0.393
4478, 0.4861, 0.396
4479, 0.5076, 0.428
4480, 0.4803, 0.393
4481, 0.5060, 0.397
4482, 0.5029, 0.514
4483, 0.4877, 0.388
4484, 0.5113, 0.385
4485, 0.4937, 0.388
4486, 0.5028, 0.391
4487, 0.4872, 0.386
4488, 0.5066, 0.406
4489, 0.5077, 0.391
4490, 0.5046, 0.385
4491, 0.4896, 0.395
4492, 0.5056, 0.401
4493, 0.5025, 0.405
4494, 0.4916, 0.390
4495, 0.5067, 0.400
4496, 0.5129, 0.391
4497, 0.4889, 0.390
4498, 0.5047, 0.398
4499, 0.5058, 0.403
4500, 0.4972, 0.393
4501, 0.4969, 0.397
4502, 0.5122, 0.392
4503, 0.4897, 0.391
4504, 0.5053, 0.388
4505, 0.5026, 0.398
4506, 0.5202, 0.393
4507, 0.4827, 0.404
4508, 0.4862, 0.409
4509, 0.4954, 0.397
4510, 0.5036, 0.394
4511, 0.5125, 0.391
4512, 0.4949, 0.398
4513, 0.5081, 0.392
4514, 0.4997, 0.397
4515, 0.4970, 0.394
4516, 0.5058, 0.395
4517, 0.4982, 0.395
4518, 0.5034, 0.407
4519, 0.4957, 0.397
4520, 0.5026, 0.399
4521, 0.5023, 0.388
4522, 0.5143, 0.390
4523, 0.5073, 0.385
4524, 0.5028, 0.395
4525, 0.4805, 0.390
4526, 0.5029, 0.389
4527, 0.5074, 0.400
4528, 0.4991, 0.390
4529, 0.4943, 0.396
4530, 0.5161, 0.401
4531, 0.4993, 0.388
4532, 0.5028, 0.402
4533, 0.5014, 0.412
4534, 0.5016, 0.404
4535, 0.4891, 0.400
4536, 0.4997, 0.396
4537, 0.5063, 0.398
4538, 0.5234, 0.396
4539, 0.5035, 0.395
4540, 0.5005, 0.404
4541, 0.5028, 0.396
4542, 0.5109, 0.398
4543, 0.5060, 0.393
4544, 0.4955, 0.414
4545, 0.5060, 0.402
4546, 0.4864, 0.394
4547, 0.4977, 0.393
4548, 0.4820, 0.388
4549, 0.5004, 0.395
4550, 0.4959, 0.401
4551, 0.4971, 0.393
4552, 0.5041, 0.394
4553, 0.4937, 0.404
4554, 0.4995, 0.395
4555, 0.5051, 0.388
4556, 0.5092, 0.393
4557, 0.4960, 0.390
4558, 0.5064, 0.401
4559, 0.5133, 0.402
4560, 0.5082, 0.391
4561, 0.5221, 0.398
4562, 0.5089, 0.407
4563, 0.5174, 0.404
4564, 0.5044, 0.400
4565, 0.4885, 0.398
4566, 0.4969, 0.388
4567, 0.4935, 0.389
4568, 0.5022, 0.391
4569, 0.4953, 0.388
4570, 0.4975, 0.391
4571, 0.4976, 0.389
4572, 0.5027, 0.392
4573, 0.5083, 0.390
4574, 0.5091, 0.389
4575, 0.5021, 0.390
4576, 0.4996, 0.390
4577, 0.5096, 0.392
4578, 0.4997, 0.394
4579, 0.4945, 0.394
4580, 0.4898, 0.431
4581, 0.5011, 0.452
4582, 0.5032, 0.454
4583, 0.5154, 0.457
4584, 0.4884, 0.451
4585, 0.5066, 0.450
4586, 0.5037, 0.448
4587, 0.4992, 0.450
4588, 0.5023, 0.460
4589, 0.5122, 0.407
4590, 0.4916, 0.401
4591, 0.5029, 0.395
4592, 0.4900, 0.478
4593, 0.4966, 0.383
4594, 0.4962, 0.387
4595, 0.4965, 0.430
4596, 0.4983, 0.434
4597, 0.5066, 0.452
4598, 0.5123, 0.432
4599, 0.5100, 0.437
4600, 0.5062, 0.843
4601, 0.5086, 0.386
4602, 0.4960, 0.393
4603, 0.5115, 0.396
4604, 0.4812, 0.400
4605, 0.5129, 0.387
4606, 0.5005, 0.379
4607, 0.5070, 0.395
4608, 0.4986, 0.397
4609, 0.4957, 0.394
4610, 0.4970, 0.402
4611, 0.5017, 0.406
4612, 0.5068, 0.394
4613, 0.4996, 0.427
4614, 0.5123, 0.423
4615, 0.5008, 0.433
4616, 0.4989, 0.516
4617, 0.4952, 0.407
4618, 0.4948, 0.384
4619, 0.4754, 0.388
4620, 0.4966, 0.389
4621, 0.5136, 0.394
4622, 0.5002, 0.422
4623, 0.5047, 0.421
4624, 0.4821, 0.430
4625, 0.5014, 0.441
4626, 0.5111, 0.400
4627, 0.5060, 0.394
4628, 0.4969, 0.397
4629, 0.4974, 0.392
4630, 0.5002, 1.426
4631, 0.5120, 0.401
4632, 0.4985, 0.404
4633, 0.4924, 0.740
4634, 0.5031, 0.394
4635, 0.4882, 0.392
4636, 0.4960, 0.390
4637, 0.5101, 0.396
4638, 0.4962, 0.389
4639, 0.4916, 0.391
4640, 0.4883, 0.394
4641, 0.4963, 0.391
4642, 0.4978, 0.388
4643, 0.5060, 0.389
4644, 0.5109, 0.397
4645, 0.4884, 0.394
4646, 0.5028, 0.397
4647, 0.4950, 0.404
4648, 0.4893, 0.385
4649, 0.5017, 0.385
4650, 0.5106, 0.383
4651, 0.5006, 0.392
4652, 0.4920, 0.386
4653, 0.4961, 0.395
4654, 0.5057, 0.392
4655, 0.5002, 0.389
4656, 0.4929, 0.391
4657, 0.4996, 0.392
4658, 0.5131, 0.392
4659, 0.4977, 0.390
4660, 0.4964, 0.390
4661, 0.4951, 0.385
4662, 0.5008, 0.386
4663, 0.5007, 0.383
4664, 0.5051, 0.390
4665, 0.4992, 0.388
4666, 0.5003, 0.398
4667, 0.5021, 0.396
4668, 0.5021, 0.393
4669, 0.5161, 0.400
4670, 0.5257, 0.397
4671, 0.4980, 0.395
4672, 0.4907, 0.391
4673, 0.5108, 0.390
4674, 0.5084, 0.391
4675, 0.5032, 0.404
4676, 0.4833, 0.388
4677, 0.4913, 0.387
4678, 0.5025, 0.392
4679, 0.4997, 0.389
4680, 0.5179, 0.390
4681, 0.5067, 0.388
4682, 0.5099, 0.394
4683, 0.5135, 0.398
4684, 0.4996, 0.395
4685, 0.5028, 0.397
4686, 0.5022, 0.412
4687, 0.5198, 0.407
4688, 0.5083, 0.391
4689, 0.4942, 0.390
4690, 0.4897, 0.390
4691, 0.5026, 0.398
4692, 0.5036, 0.391
4693, 0.5005, 0.400
4694, 0.5010, 0.395
4695, 0.4924, 0.402
4696, 0.4923, 0.387
4697, 0.5053, 0.393
4698, 0.4988, 0.405
4699, 0.5073, 0.393
4700, 0.4926, 0.396
4701, 0.5050, 0.396
4702, 0.5001, 0.415
4703, 0.5053, 0.392
4704, 0.4965, 0.394
4705, 0.5310, 0.391
4706, 0.4988, 0.536
4707, 0.5081, 0.404
4708, 0.5046, 0.400
4709, 0.5188, 0.396
4710, 0.5005, 0.393
4711, 0.5129, 0.399
4712, 0.5146, 0.393
4713, 0.4845, 0.394
4714, 0.4946, 0.388
4715, 0.5006, 0.392
4716, 0.5011, 0.387
4717, 0.4971, 0.392
4718, 0.4962, 0.387
4719, 0.5056, 0.387
4720, 0.5071, 0.388
4721, 0.5110, 0.393
4722, 0.4845, 0.391
4723, 0.5007, 0.390
4724, 0.5017, 0.402
4725, 0.5174, 0.390
4726, 0.5030, 0.395
4727, 0.5025, 0.406
4728, 0.4993, 0.397
4729, 0.4897, 0.395
4730, 0.5084, 0.391
4731, 0.5114, 0.388
4732, 0.5032, 0.391
4733, 0.4908, 0.398
4734, 0.5072, 0.393
4735, 0.5051, 0.395
4736, 0.4985, 0.407
4737, 0.4940, 0.397
4738, 0.4983, 0.392
4739, 0.4967, 0.404
4740, 0.4949, 0.436
4741, 0.5001, 0.405
4742, 0.5026, 0.402
4743, 0.5169, 0.395
4744, 0.5037, 0.391
4745, 0.4952, 0.389
4746, 0.4983, 0.391
4747, 0.5044, 0.386
4748, 0.4955, 0.389
4749, 0.5145, 0.386
4750, 0.5028, 0.400
4751, 0.4945, 0.404
4752, 0.5114, 0.390
4753, 0.5190, 0.387
4754, 0.5089, 0.393
4755, 0.5073, 0.409
4756, 0.5084, 0.390
4757, 0.5160, 0.386
4758, 0.5091, 0.387
4759, 0.4958, 0.392
4760, 0.5168, 0.392
4761, 0.5098, 0.390
4762, 0.5007, 0.397
4763, 0.5017, 0.393
4764, 0.4940, 0.392
4765, 0.5092, 0.394
4766, 0.5029, 0.389
4767, 0.4973, 0.431
4768, 0.4840, 0.426
4769, 0.4999, 0.454
4770, 0.5012, 0.452
4771, 0.5061, 0.464
4772, 0.4984, 0.454
4773, 0.5115, 0.454
4774, 0.5114, 0.463
4775, 0.5080, 0.460
4776, 0.4979, 0.486
4777, 0.5052, 0.492
4778, 0.5117, 0.479
4779, 0.4907, 0.445
4780, 0.5044, 0.430
4781, 0.5218, 0.438
4782, 0.4961, 0.471
4783, 0.4943, 0.472
4784, 0.4985, 0.454
4785, 0.5023, 0.428
4786, 0.4989, 0.424
4787, 0.5017, 0.425
4788, 0.4899, 0.418
4789, 0.4948, 0.404
4790, 0.4840, 0.391
4791, 0.4948, 0.389
4792, 0.5084, 0.390
4793, 0.5050, 0.395
4794, 0.5215, 0.398
4795, 0.5082, 0.400
4796, 0.5108, 0.398
4797, 0.4902, 0.395
4798, 0.4924, 0.398
4799, 0.4817, 0.398
4800, 0.5095, 0.405
4801, 0.4881, 0.388
4802, 0.4949, 0.393
4803, 0.5141, 0.397
4804, 0.4947, 0.388
4805, 0.5031, 0.392
4806, 0.5153, 0.390
4807, 0.5074, 0.406
4808, 0.5087, 0.403
4809, 0.5070, 0.397
4810, 0.5073, 0.396
4811, 0.5024, 0.397
4812, 0.5132, 0.415
4813, 0.5076, 0.405
4814, 0.5023, 0.395
4815, 0.5111, 0.395
4816, 0.5105, 0.397
4817, 0.5112, 0.432
4818, 0.4916, 0.407
4819, 0.5107, 0.406
4820, 0.4978, 0.399
4821, 0.4882, 0.393
4822, 0.5085, 0.391
4823, 0.5027, 0.384
4824, 0.5111, 0.395
4825, 0.5021, 0.411
4826, 0.4936, 0.410
4827, 0.5011, 0.412
4828, 0.4998, 0.398
4829, 0.5027, 0.396
4830, 0.5121, 0.392
4831, 0.4922, 0.390
4832, 0.5024, 0.391
4833, 0.5092, 0.396
4834, 0.5147, 0.403
4835, 0.5026, 0.400
4836, 0.4864, 0.397
4837, 0.4864, 0.393
4838, 0.5046, 0.387
4839, 0.4933, 0.391
4840, 0.4918, 0.390
4841, 0.4966, 0.389
4842, 0.5132, 0.390
4843, 0.4981, 0.393
4844, 0.5041, 0.411
4845, 0.5042, 0.428
4846, 0.5027, 0.388
4847, 0.4929, 0.386
4848, 0.5090, 0.404
4849, 0.5116, 0.398
4850, 0.4976, 0.397
4851, 0.5054, 0.411
4852, 0.4925, 0.398
4853, 0.4913, 0.388
4854, 0.5014, 0.400
4855, 0.5170, 0.392
4856, 0.5117, 0.395
4857, 0.5137, 0.396
4858, 0.4836, 0.406
4859, 0.5097, 0.401
4860, 0.5008, 0.403
4861, 0.4979, 0.401
4862, 0.4986, 0.600
4863, 0.4973, 0.402
4864, 0.4971, 0.406
4865, 0.4995, 0.411
4866, 0.5154, 0.451
4867, 0.4991, 0.406
4868, 0.5044, 0.400
4869, 0.5072, 0.399
4870, 0.5124, 0.399
4871, 0.4989, 0.411
4872, 0.4949, 0.395
4873, 0.5068, 0.404
4874, 0.4969, 0.397
4875, 0.5044, 0.403
4876, 0.5011, 0.400
4877, 0.5015, 0.398
4878, 0.4935, 0.401
4879, 0.5186, 0.403
4880, 0.4937, 0.412
4881, 0.5006, 0.433
4882, 0.5122, 1.134
4883, 0.5062, 0.408
4884, 0.4840, 0.407
4885, 0.5039, 0.412
4886, 0.4876, 0.585
4887, 0.4818, 0.380
4888, 0.4870, 0.406
4889, 0.4890, 0.405
4890, 0.4971, 0.403
4891, 0.4866, 0.400
4892, 0.5090, 0.829
4893, 0.4925, 0.391
4894, 0.5136, 0.404
4895, 0.4753, 0.406
4896, 0.5148, 0.404
4897, 0.4760, 0.408
4898, 0.4879, 0.490
4899, 0.4943, 0.406
4900, 0.4671, 0.395
4901, 0.4822, 0.398
4902, 0.4767, 0.393
4903, 0.4852, 0.400
4904, 0.5103, 0.391
4905, 0.5014, 0.390
4906, 0.4947, 0.404
4907, 0.4758, 0.388
4908, 0.4884, 0.389
4909, 0.4924, 0.383
4910, 0.4908, 0.388
4911, 0.4882, 0.405
4912, 0.5130, 0.392
4913, 0.4934, 0.392
4914, 0.5027, 0.396
4915, 0.4918, 0.391
4916, 0.4843, 0.391
4917, 0.4905, 0.376
4918, 0.4715, 0.392
4919, 0.4856, 0.389
4920, 0.4861, 0.385
4921, 0.4854, 0.387
4922, 0.4729, 0.377
4923, 0.4926, 0.388
4924, 0.4790, 0.712
4925, 0.4950, 0.382
4926, 0.5008, 0.390
4927, 0.5077, 0.392
4928, 0.4772, 0.377
4929, 0.4954, 0.395
4930, 0.4992, 0.391
4931, 0.4820, 0.391
4932, 0.5013, 0.402
4933, 0.4892, 0.391
4934, 0.4587, 0.391
4935, 0.4734, 0.389
4936, 0.4760, 0.396
4937, 0.4920, 0.391
4938, 0.4951, 0.390
4939, 0.4903, 0.390
4940, 0.4875, 0.392
4941, 0.4924, 0.393
4942, 0.4846, 0.408
4943, 0.4756, 0.391
4944, 0.4750, 0.395
4945, 0.4791, 0.391
4946, 0.4811, 0.391
4947, 0.4709, 0.389
4948, 0.4962, 0.394
4949, 0.4964, 0.393
4950, 0.4890, 0.392
4951, 0.4894, 0.390
4952, 0.4899, 0.395
4953, 0.4870, 0.407
4954, 0.4945, 0.396
4955, 0.4921, 0.392
4956, 0.5065, 0.392
4957, 0.5047, 0.408
4958, 0.4823, 0.398
4959, 0.4976, 0.412
4960, 0.4864, 0.469
4961, 0.4779, 0.394
4962, 0.4977, 0.398
4963, 0.4987, 0.471
4964, 0.4960, 0.394
4965, 0.4786, 0.397
4966, 0.5038, 0.399
4967, 0.4883, 0.391
4968, 0.4874, 0.393
4969, 0.5006, 0.394
4970, 0.4838, 0.394
4971, 0.4933, 0.392
4972, 0.5021, 0.392
4973, 0.5036, 0.399
4974, 0.4910, 0.393
4975, 0.4968, 0.407
4976, 0.5059, 0.400
4977, 0.4841, 0.397
4978, 0.4891, 0.403
4979, 0.4981, 0.398
4980, 0.4886, 0.394
4981, 0.4989, 0.410
4982, 0.4952, 0.399
4983, 0.4950, 0.408
4984, 0.4994, 0.407
4985, 0.4749, 0.401
4986, 0.4843, 0.490
4987, 0.4854, 0.398
4988, 0.4937, 0.404
4989, 0.4961, 0.721
4990, 0.4899, 0.392
4991, 0.4813, 0.475
4992, 0.5037, 0.598
4993, 0.5013, 0.404
4994, 0.4882, 0.481
4995, 0.4875, 0.394
4996, 0.4973, 0.464
4997, 0.4783, 0.381
4998, 0.4958, 0.394
4999, 0.4662, 0.400
5000, 0.4939, 0.387
