0, 0.5038, 2.226
1, 0.5072, 0.418
2, 0.5033, 0.423
3, 0.5003, 0.634
4, 0.4936, 0.425
5, 0.4970, 0.453
6, 0.4837, 0.452
7, 0.4966, 0.433
8, 0.4995, 0.455
9, 0.5060, 0.459
10, 0.4924, 0.493
11, 0.4738, 0.462
12, 0.4778, 0.460
13, 0.4860, 0.424
14, 0.5008, 0.473
15, 0.5005, 0.463
16, 0.4998, 0.459
17, 0.4746, 0.461
18, 0.4884, 0.465
19, 0.4786, 0.461
20, 0.4791, 0.462
21, 0.4924, 0.454
22, 0.4755, 0.458
23, 0.4801, 0.449
24, 0.4866, 0.448
25, 0.4916, 0.431
26, 0.5064, 0.446
27, 0.4617, 0.417
28, 0.4650, 0.430
29, 0.4463, 0.419
30, 0.4188, 0.458
31, 0.4414, 0.456
32, 0.4610, 0.458
33, 0.4776, 0.453
34, 0.4474, 0.451
35, 0.4860, 0.458
36, 0.4058, 0.455
37, 0.4403, 0.437
38, 0.4471, 0.454
39, 0.3941, 0.443
40, 0.4015, 0.464
41, 0.3401, 0.446
42, 0.4114, 0.446
43, 0.3730, 0.447
44, 0.3675, 0.452
45, 0.4096, 0.454
46, 0.3875, 0.419
47, 0.4092, 0.422
48, 0.3798, 0.424
49, 0.3826, 0.421
50, 0.2755, 0.430
51, 0.2881, 0.445
52, 0.3750, 0.448
53, 0.3742, 0.462
54, 0.2923, 0.443
55, 0.2168, 0.438
56, 0.3836, 0.439
57, 0.2449, 0.424
58, 0.3329, 0.422
59, 0.3025, 0.456
60, 0.3308, 0.445
61, 0.3037, 0.429
62, 0.3449, 0.430
63, 0.3118, 0.433
64, 0.3551, 0.425
65, 0.2891, 0.418
66, 0.4184, 0.427
67, 0.1966, 0.427
68, 0.2771, 0.430
69, 0.3145, 0.428
70, 0.2473, 0.427
71, 0.2921, 0.439
72, 0.3050, 0.421
73, 0.3983, 0.421
74, 0.2915, 0.415
75, 0.3438, 0.442
76, 0.2578, 0.450
77, 0.2327, 0.449
78, 0.3306, 0.454
79, 0.3360, 0.430
80, 0.2717, 0.422
81, 0.2498, 0.428
82, 0.2610, 0.416
83, 0.2644, 0.449
84, 0.2813, 0.452
85, 0.2564, 0.452
86, 0.2854, 0.470
87, 0.2963, 0.453
88, 0.3097, 0.447
89, 0.3391, 0.454
90, 0.3470, 0.415
91, 0.1897, 0.420
92, 0.2847, 0.445
93, 0.2451, 0.448
94, 0.3300, 0.456
95, 0.2720, 0.427
96, 0.1881, 0.455
97, 0.3107, 0.432
98, 0.2744, 0.420
99, 0.2188, 0.453
100, 0.2371, 0.435
101, 0.3392, 0.424
102, 0.2549, 0.431
103, 0.3355, 0.441
104, 0.3196, 0.422
105, 0.2766, 0.426
106, 0.3033, 0.421
107, 0.2983, 0.431
108, 0.2936, 0.437
109, 0.3115, 0.441
110, 0.3205, 0.422
111, 0.1833, 0.436
112, 0.2416, 0.427
113, 0.3230, 0.427
114, 0.2667, 0.422
115, 0.2920, 0.426
116, 0.2599, 0.444
117, 0.2326, 0.424
118, 0.3234, 0.426
119, 0.3294, 0.422
120, 0.2271, 0.421
121, 0.1985, 0.435
122, 0.2094, 0.418
123, 0.2559, 0.438
124, 0.1964, 0.431
125, 0.2161, 0.427
126, 0.2238, 0.434
127, 0.3487, 0.421
128, 0.1949, 0.431
129, 0.2015, 0.419
130, 0.2457, 0.418
131, 0.2590, 0.430
132, 0.2580, 0.427
133, 0.2373, 0.435
134, 0.2052, 0.429
135, 0.2239, 0.425
136, 0.2932, 0.431
137, 0.2926, 0.435
138, 0.2227, 0.429
139, 0.2391, 0.432
140, 0.1396, 0.415
141, 0.0962, 0.418
142, 0.2163, 0.422
143, 0.1755, 0.416
144, 0.3198, 0.411
145, 0.2907, 0.419
146, 0.1784, 0.417
147, 0.3154, 0.429
148, 0.3080, 0.429
149, 0.2811, 0.425
150, 0.2747, 0.411
151, 0.1593, 0.417
152, 0.2726, 0.422
153, 0.2611, 0.440
154, 0.3094, 0.408
155, 0.3119, 0.410
156, 0.2431, 0.407
157, 0.2661, 0.413
158, 0.1422, 0.407
159, 0.3019, 0.408
160, 0.2254, 0.413
161, 0.2736, 0.417
162, 0.3019, 0.414
163, 0.3092, 0.415
164, 0.2660, 0.425
165, 0.2821, 0.441
166, 0.2966, 0.437
167, 0.2545, 0.425
168, 0.2286, 0.431
169, 0.2903, 0.433
170, 0.2378, 0.421
171, 0.2378, 0.419
172, 0.3204, 0.434
173, 0.2441, 0.445
174, 0.2225, 0.430
175, 0.2697, 0.421
176, 0.3061, 0.410
177, 0.2868, 0.414
178, 0.2265, 0.409
179, 0.2969, 0.413
180, 0.2476, 0.413
181, 0.3001, 0.409
182, 0.2190, 0.413
183, 0.2339, 0.415
184, 0.3044, 0.415
185, 0.2333, 0.417
186, 0.1990, 0.415
187, 0.2208, 0.430
188, 0.1967, 0.415
189, 0.2281, 0.415
190, 0.2800, 0.425
191, 0.1920, 0.441
192, 0.2856, 0.458
193, 0.2041, 0.439
194, 0.2780, 0.429
195, 0.1950, 0.480
196, 0.2002, 0.433
197, 0.2484, 0.433
198, 0.2541, 0.422
199, 0.1982, 0.424
200, 0.2164, 0.468
201, 0.3089, 0.414
202, 0.1214, 0.426
203, 0.1300, 0.438
204, 0.1079, 0.449
205, 0.1645, 0.437
206, 0.1118, 0.444
207, 0.2020, 0.443
208, 0.2668, 0.433
209, 0.2005, 0.424
210, 0.1466, 0.431
211, 0.2087, 0.460
212, 0.1645, 0.446
213, 0.2358, 0.431
214, 0.2598, 0.434
215, 0.1462, 0.429
216, 0.1789, 0.429
217, 0.2270, 0.430
218, 0.2498, 0.425
219, 0.2195, 0.424
220, 0.2656, 0.469
221, 0.2554, 0.450
222, 0.2455, 0.449
223, 0.2246, 0.435
224, 0.2637, 0.419
225, 0.2066, 0.426
226, 0.2158, 0.437
227, 0.1956, 0.447
228, 0.2695, 0.436
229, 0.1998, 0.432
230, 0.1578, 0.429
231, 0.1933, 0.414
232, 0.2629, 0.438
233, 0.1266, 0.418
234, 0.1958, 0.420
235, 0.2013, 0.429
236, 0.1851, 0.429
237, 0.1698, 0.416
238, 0.1506, 0.419
239, 0.1560, 0.418
240, 0.1568, 0.417
241, 0.2091, 0.417
242, 0.2672, 0.419
243, 0.1801, 0.416
244, 0.1613, 0.416
245, 0.1871, 0.417
246, 0.2097, 0.421
247, 0.2980, 0.420
248, 0.3104, 0.416
249, 0.1671, 0.416
250, 0.2072, 0.419
251, 0.2956, 0.419
252, 0.2229, 0.416
253, 0.2668, 0.416
254, 0.3065, 0.439
255, 0.2269, 0.440
256, 0.2818, 0.416
257, 0.2224, 0.421
258, 0.1999, 0.419
259, 0.2479, 0.427
260, 0.2536, 0.430
261, 0.1709, 0.429
262, 0.2652, 0.416
263, 0.1565, 0.421
264, 0.2924, 0.426
265, 0.2914, 0.417
266, 0.2121, 0.418
267, 0.2998, 0.418
268, 0.2005, 0.419
269, 0.2948, 0.414
270, 0.1942, 0.419
271, 0.1779, 0.410
272, 0.2080, 0.419
273, 0.1731, 0.420
274, 0.1869, 0.414
275, 0.2357, 0.414
276, 0.1698, 0.417
277, 0.2374, 0.413
278, 0.2156, 0.437
279, 0.2479, 0.433
280, 0.2149, 0.420
281, 0.2656, 0.416
282, 0.1666, 0.415
283, 0.1823, 0.433
284, 0.1534, 0.428
285, 0.1649, 0.427
286, 0.2424, 0.429
287, 0.2723, 0.419
288, 0.2833, 0.411
289, 0.2598, 0.411
290, 0.2272, 0.416
291, 0.2239, 0.420
292, 0.1343, 0.422
293, 0.1670, 0.412
294, 0.2105, 0.418
295, 0.1580, 0.439
296, 0.1992, 0.430
297, 0.1976, 0.409
298, 0.1903, 0.425
299, 0.1811, 0.414
300, 0.2114, 0.421
301, 0.1960, 0.415
302, 0.2165, 0.418
303, 0.1848, 0.422
304, 0.1686, 0.417
305, 0.2316, 0.419
306, 0.1975, 0.427
307, 0.1442, 0.429
308, 0.2105, 0.412
309, 0.1642, 0.435
310, 0.1626, 0.427
311, 0.1727, 0.417
312, 0.2698, 0.416
313, 0.2641, 0.414
314, 0.2730, 0.424
315, 0.2194, 0.421
316, 0.1713, 0.428
317, 0.2260, 0.429
318, 0.1432, 0.424
319, 0.1957, 0.430
320, 0.2288, 0.418
321, 0.2312, 0.419
322, 0.2728, 0.419
323, 0.1888, 0.418
324, 0.1931, 0.420
325, 0.2790, 0.421
326, 0.2423, 0.432
327, 0.2176, 0.419
328, 0.2722, 0.417
329, 0.2469, 0.412
330, 0.2255, 0.423
331, 0.1922, 0.439
332, 0.2171, 0.425
333, 0.2131, 0.443
334, 0.1533, 0.409
335, 0.1643, 0.421
336, 0.2013, 0.417
337, 0.1702, 0.417
338, 0.1269, 0.419
339, 0.1907, 0.417
340, 0.1813, 0.418
341, 0.1523, 0.416
342, 0.1071, 0.417
343, 0.1221, 0.414
344, 0.2026, 0.415
345, 0.1998, 0.426
346, 0.1539, 0.429
347, 0.1877, 0.414
348, 0.2550, 0.415
349, 0.2548, 0.427
350, 0.1816, 0.421
351, 0.2207, 0.424
352, 0.1416, 0.420
353, 0.2424, 0.433
354, 0.2476, 0.417
355, 0.2325, 0.416
356, 0.2397, 0.415
357, 0.2012, 0.417
358, 0.2431, 0.420
359, 0.2967, 0.517
360, 0.1690, 0.416
361, 0.2736, 0.431
362, 0.3315, 0.417
363, 0.1946, 0.422
364, 0.2703, 0.424
365, 0.2254, 0.430
366, 0.2061, 0.419
367, 0.1412, 0.426
368, 0.1867, 0.420
369, 0.1698, 0.422
370, 0.2157, 0.416
371, 0.1585, 0.417
372, 0.1765, 0.414
373, 0.2042, 0.424
374, 0.1996, 0.429
375, 0.2106, 0.425
376, 0.2422, 0.426
377, 0.2268, 0.430
378, 0.1679, 0.428
379, 0.1622, 0.435
380, 0.0980, 0.433
381, 0.1687, 0.430
382, 0.2741, 0.430
383, 0.1606, 0.423
384, 0.1955, 0.421
385, 0.2438, 0.415
386, 0.2203, 0.418
387, 0.2195, 0.418
388, 0.2837, 0.413
389, 0.2466, 0.434
390, 0.1428, 0.425
391, 0.1810, 0.416
392, 0.1566, 0.409
393, 0.1966, 0.413
394, 0.1694, 0.420
395, 0.1627, 0.424
396, 0.1788, 0.473
397, 0.2083, 0.454
398, 0.1714, 0.457
399, 0.2072, 0.454
400, 0.1905, 0.449
401, 0.3581, 0.411
402, 0.1769, 0.420
403, 0.2039, 0.417
404, 0.1387, 0.418
405, 0.1902, 0.434
406, 0.1647, 0.425
407, 0.2189, 0.421
408, 0.2656, 0.421
409, 0.1430, 0.432
410, 0.1844, 0.493
411, 0.1879, 0.428
412, 0.1762, 0.432
413, 0.1589, 0.432
414, 0.2131, 0.432
415, 0.2661, 0.429
416, 0.3091, 0.428
417, 0.2320, 0.424
418, 0.2022, 0.421
419, 0.2921, 0.417
420, 0.2070, 0.429
421, 0.2182, 0.430
422, 0.2565, 0.442
423, 0.2139, 0.431
424, 0.2055, 0.441
425, 0.1498, 0.427
426, 0.1759, 0.435
427, 0.2026, 0.436
428, 0.1941, 0.422
429, 0.1741, 0.440
430, 0.2026, 0.427
431, 0.2593, 0.424
432, 0.2478, 0.421
433, 0.2196, 0.433
434, 0.2166, 0.423
435, 0.1838, 0.456
436, 0.1760, 0.430
437, 0.1461, 0.417
438, 0.2142, 0.454
439, 0.2380, 0.422
440, 0.1757, 0.421
441, 0.1625, 0.416
442, 0.2602, 0.416
443, 0.2287, 0.425
444, 0.1225, 0.418
445, 0.1835, 0.420
446, 0.2122, 0.423
447, 0.1994, 0.422
448, 0.1801, 0.420
449, 0.1970, 0.423
450, 0.2624, 0.414
451, 0.1657, 0.423
452, 0.2860, 0.430
453, 0.2532, 0.425
454, 0.1557, 0.434
455, 0.2501, 0.443
456, 0.1953, 0.413
457, 0.2002, 0.417
458, 0.2157, 0.415
459, 0.2049, 0.439
460, 0.2413, 0.419
461, 0.1534, 0.426
462, 0.1931, 0.412
463, 0.1633, 0.431
464, 0.2405, 0.420
465, 0.2633, 0.421
466, 0.1571, 0.431
467, 0.2124, 0.421
468, 0.1783, 0.413
469, 0.2322, 0.415
470, 0.1151, 0.415
471, 0.1318, 0.416
472, 0.2348, 0.415
473, 0.1560, 0.419
474, 0.2693, 0.419
475, 0.1746, 0.418
476, 0.1791, 0.415
477, 0.1478, 0.414
478, 0.1610, 0.422
479, 0.1754, 0.417
480, 0.1499, 0.428
481, 0.1315, 0.418
482, 0.2248, 0.426
483, 0.1744, 0.427
484, 0.1702, 0.419
485, 0.2200, 0.418
486, 0.1929, 0.417
487, 0.1795, 0.416
488, 0.1615, 0.422
489, 0.1813, 0.424
490, 0.1873, 0.421
491, 0.1668, 0.425
492, 0.2203, 0.422
493, 0.2158, 0.425
494, 0.2807, 0.421
495, 0.1992, 0.432
496, 0.1729, 0.430
497, 0.2320, 0.415
498, 0.1255, 0.418
499, 0.1224, 0.414
500, 0.2002, 0.413
501, 0.2147, 0.437
502, 0.1396, 0.433
503, 0.1140, 0.427
504, 0.1917, 0.415
505, 0.1875, 0.458
506, 0.2882, 0.453
507, 0.2683, 0.416
508, 0.1607, 0.416
509, 0.1310, 0.422
510, 0.1468, 0.417
511, 0.2266, 0.419
512, 0.2061, 0.427
513, 0.1660, 0.428
514, 0.2539, 0.424
515, 0.2031, 0.416
516, 0.1705, 0.407
517, 0.1922, 0.412
518, 0.1804, 0.430
519, 0.1966, 0.430
520, 0.2133, 0.416
521, 0.1459, 0.416
522, 0.0962, 0.415
523, 0.1996, 0.430
524, 0.1868, 0.419
525, 0.1764, 0.418
526, 0.1116, 0.415
527, 0.1959, 0.416
528, 0.2336, 0.421
529, 0.2045, 0.424
530, 0.2240, 0.422
531, 0.2270, 0.419
532, 0.0847, 0.413
533, 0.1351, 0.432
534, 0.1681, 0.418
535, 0.2194, 0.417
536, 0.1551, 0.421
537, 0.1784, 0.422
538, 0.2540, 0.413
539, 0.2465, 0.415
540, 0.2057, 0.415
541, 0.1677, 0.415
542, 0.1559, 0.419
543, 0.2124, 0.437
544, 0.2473, 0.452
545, 0.2280, 0.450
546, 0.1912, 0.413
547, 0.1929, 0.424
548, 0.2465, 0.414
549, 0.1751, 0.414
550, 0.1415, 0.416
551, 0.2165, 0.415
552, 0.2287, 0.415
553, 0.1664, 0.417
554, 0.1947, 0.425
555, 0.1869, 0.417
556, 0.1721, 0.417
557, 0.3663, 0.424
558, 0.1945, 0.431
559, 0.1875, 0.413
560, 0.2583, 0.420
561, 0.1492, 0.430
562, 0.1553, 0.421
563, 0.2148, 0.411
564, 0.1717, 0.415
565, 0.2009, 0.419
566, 0.1823, 0.417
567, 0.1256, 0.412
568, 0.1799, 0.414
569, 0.1440, 0.425
570, 0.1681, 0.472
571, 0.1147, 0.415
572, 0.1551, 0.413
573, 0.1462, 0.411
574, 0.2019, 0.413
575, 0.1968, 0.412
576, 0.1462, 0.416
577, 0.1048, 0.417
578, 0.1457, 0.416
579, 0.1946, 0.417
580, 0.1849, 0.420
581, 0.2574, 0.419
582, 0.1499, 0.417
583, 0.1493, 0.412
584, 0.2028, 0.415
585, 0.1714, 0.425
586, 0.1667, 0.416
587, 0.1484, 0.414
588, 0.1850, 0.411
589, 0.2208, 0.429
590, 0.2851, 0.423
591, 0.1520, 0.418
592, 0.1922, 0.417
593, 0.1903, 0.428
594, 0.1882, 0.414
595, 0.1577, 0.415
596, 0.2097, 0.457
597, 0.1486, 0.460
598, 0.1174, 0.472
599, 0.2416, 0.450
600, 0.1981, 0.457
601, 0.1861, 0.487
602, 0.1361, 0.426
603, 0.2835, 0.420
604, 0.1868, 0.424
605, 0.1817, 0.467
606, 0.2320, 0.420
607, 0.1717, 0.430
608, 0.2280, 0.455
609, 0.1484, 0.421
610, 0.1569, 0.513
611, 0.2267, 0.451
612, 0.1559, 0.459
613, 0.2367, 0.462
614, 0.1049, 0.438
615, 0.1796, 0.429
616, 0.1542, 0.432
617, 0.2474, 0.431
618, 0.1918, 0.444
619, 0.1292, 0.434
620, 0.2285, 0.425
621, 0.1299, 0.440
622, 0.1520, 0.443
623, 0.1731, 0.434
624, 0.1763, 0.430
625, 0.1855, 0.429
626, 0.1900, 0.425
627, 0.1489, 0.424
628, 0.1986, 0.424
629, 0.1459, 0.423
630, 0.1782, 0.421
631, 0.0879, 0.420
632, 0.1663, 0.411
633, 0.1872, 0.427
634, 0.2502, 0.418
635, 0.1339, 0.416
636, 0.2046, 0.425
637, 0.1318, 0.418
638, 0.1594, 0.423
639, 0.2411, 0.410
640, 0.2511, 0.425
641, 0.1320, 0.424
642, 0.2220, 0.417
643, 0.2207, 0.418
644, 0.2046, 0.419
645, 0.0955, 0.415
646, 0.1610, 0.415
647, 0.1965, 0.416
648, 0.2142, 0.421
649, 0.2187, 0.418
650, 0.1559, 0.415
651, 0.2674, 0.417
652, 0.1888, 0.411
653, 0.1457, 0.417
654, 0.1708, 0.412
655, 0.1695, 0.417
656, 0.1761, 0.422
657, 0.1429, 0.420
658, 0.1789, 0.433
659, 0.1880, 0.427
660, 0.1963, 0.435
661, 0.1736, 0.430
662, 0.1261, 0.418
663, 0.1582, 0.416
664, 0.2718, 0.430
665, 0.1782, 0.413
666, 0.1967, 0.431
667, 0.1933, 0.424
668, 0.1659, 0.417
669, 0.1770, 0.419
670, 0.2203, 0.420
671, 0.1953, 0.412
672, 0.1405, 0.414
673, 0.2696, 0.416
674, 0.1379, 0.417
675, 0.2240, 0.428
676, 0.1082, 0.426
677, 0.1479, 0.423
678, 0.1560, 0.420
679, 0.2085, 0.419
680, 0.2256, 0.423
681, 0.2211, 0.430
682, 0.2219, 0.426
683, 0.1075, 0.426
684, 0.1750, 0.418
685, 0.1938, 0.418
686, 0.2608, 0.438
687, 0.2078, 0.430
688, 0.1855, 0.425
689, 0.1594, 0.443
690, 0.2146, 0.410
691, 0.1902, 0.418
692, 0.2099, 0.420
693, 0.1878, 0.416
694, 0.2550, 0.426
695, 0.2038, 0.426
696, 0.1974, 0.415
697, 0.1260, 0.417
698, 0.2314, 0.417
699, 0.2352, 0.411
700, 0.1457, 0.428
701, 0.1844, 0.429
702, 0.1863, 0.417
703, 0.1409, 0.429
704, 0.1515, 0.420
705, 0.2263, 0.430
706, 0.2990, 0.430
707, 0.1735, 0.427
708, 0.1671, 0.414
709, 0.1537, 0.458
710, 0.1618, 0.449
711, 0.3115, 0.418
712, 0.2494, 0.414
713, 0.2889, 0.414
714, 0.1687, 0.459
715, 0.2282, 0.434
716, 0.1850, 0.424
717, 0.1714, 0.421
718, 0.1742, 0.421
719, 0.1722, 0.422
720, 0.1759, 0.418
721, 0.2255, 0.421
722, 0.2772, 0.435
723, 0.1908, 0.429
724, 0.1193, 0.433
725, 0.2074, 0.458
726, 0.2223, 0.453
727, 0.2519, 0.452
728, 0.2902, 0.428
729, 0.2271, 0.416
730, 0.2387, 0.423
731, 0.1771, 0.416
732, 0.1873, 0.422
733, 0.1846, 0.420
734, 0.2143, 0.420
735, 0.2228, 0.418
736, 0.1321, 0.417
737, 0.1907, 0.416
738, 0.1876, 0.430
739, 0.1999, 0.423
740, 0.2275, 0.419
741, 0.2414, 0.437
742, 0.1552, 0.429
743, 0.2091, 0.429
744, 0.2127, 0.432
745, 0.2114, 0.432
746, 0.1318, 0.413
747, 0.1808, 0.427
748, 0.2111, 0.422
749, 0.1739, 0.422
750, 0.1931, 0.453
751, 0.1847, 0.414
752, 0.2563, 0.439
753, 0.1834, 0.414
754, 0.2046, 0.419
755, 0.2057, 0.430
756, 0.1626, 0.423
757, 0.2438, 0.443
758, 0.1363, 0.415
759, 0.1302, 0.418
760, 0.1687, 0.437
761, 0.1752, 0.413
762, 0.1662, 0.408
763, 0.1410, 0.455
764, 0.2544, 0.450
765, 0.2756, 0.456
766, 0.1866, 0.421
767, 0.1973, 0.420
768, 0.1790, 0.420
769, 0.1417, 0.419
770, 0.2685, 0.418
771, 0.1768, 0.413
772, 0.1228, 0.456
773, 0.1993, 0.453
774, 0.1849, 0.475
775, 0.1247, 0.475
776, 0.2721, 0.452
777, 0.1723, 0.476
778, 0.2557, 0.423
779, 0.1411, 0.458
780, 0.2234, 0.437
781, 0.1847, 0.436
782, 0.1965, 0.459
783, 0.2003, 0.423
784, 0.2102, 0.451
785, 0.2745, 0.430
786, 0.2273, 0.451
787, 0.2200, 0.456
788, 0.2254, 0.455
789, 0.2112, 0.452
790, 0.1683, 0.442
791, 0.1599, 0.440
792, 0.1660, 0.439
793, 0.2319, 0.430
794, 0.2018, 0.459
795, 0.1364, 0.465
796, 0.1935, 0.487
797, 0.2129, 0.458
798, 0.1435, 0.428
799, 0.1959, 0.453
800, 0.2371, 0.451
801, 0.1925, 0.419
802, 0.1775, 0.426
803, 0.1665, 0.463
804, 0.2179, 0.466
805, 0.1998, 0.474
806, 0.1388, 0.460
807, 0.1938, 0.451
808, 0.1807, 0.451
809, 0.1118, 0.460
810, 0.1968, 0.475
811, 0.1817, 0.462
812, 0.1362, 0.423
813, 0.1606, 0.425
814, 0.1619, 0.463
815, 0.1908, 0.459
816, 0.1438, 0.462
817, 0.1577, 0.467
818, 0.2530, 0.467
819, 0.2562, 0.431
820, 0.2277, 0.432
821, 0.2034, 0.450
822, 0.2210, 0.471
823, 0.2415, 0.470
824, 0.2035, 0.456
825, 0.1411, 0.460
826, 0.1481, 0.424
827, 0.1740, 0.424
828, 0.1439, 0.434
829, 0.1983, 0.421
830, 0.1226, 0.448
831, 0.1421, 0.455
832, 0.1774, 0.456
833, 0.2212, 0.434
834, 0.2016, 0.430
835, 0.1751, 0.465
836, 0.2053, 0.426
837, 0.1987, 0.429
838, 0.2115, 0.421
839, 0.1528, 0.419
840, 0.2028, 0.430
841, 0.1428, 0.433
842, 0.1710, 0.433
843, 0.1446, 0.452
844, 0.1653, 0.418
845, 0.1392, 0.449
846, 0.2211, 0.457
847, 0.2405, 0.425
848, 0.1780, 0.423
849, 0.2183, 0.426
850, 0.1681, 0.416
851, 0.1716, 0.455
852, 0.1859, 0.419
853, 0.2137, 0.424
854, 0.1852, 0.424
855, 0.2020, 0.419
856, 0.1290, 0.459
857, 0.1956, 0.448
858, 0.1926, 0.462
859, 0.1879, 0.454
860, 0.2005, 0.451
861, 0.1567, 0.445
862, 0.2105, 0.453
863, 0.2597, 0.480
864, 0.2250, 0.432
865, 0.3006, 0.450
866, 0.1978, 0.450
867, 0.2498, 0.428
868, 0.1551, 0.432
869, 0.1907, 0.431
870, 0.2112, 0.456
871, 0.1961, 0.427
872, 0.1772, 0.448
873, 0.2005, 0.441
874, 0.1737, 0.449
875, 0.0892, 0.416
876, 0.1282, 0.459
877, 0.1580, 0.425
878, 0.1822, 0.426
879, 0.2145, 0.420
880, 0.1238, 0.414
881, 0.2494, 0.415
882, 0.2108, 0.455
883, 0.1533, 0.467
884, 0.1706, 0.420
885, 0.1319, 0.415
886, 0.1801, 0.420
887, 0.1861, 0.415
888, 0.2370, 0.430
889, 0.1686, 0.449
890, 0.1495, 0.453
891, 0.1934, 0.447
892, 0.1359, 0.443
893, 0.1944, 0.422
894, 0.1905, 0.454
895, 0.0627, 0.456
896, 0.1076, 0.450
897, 0.1834, 0.447
898, 0.2420, 0.459
899, 0.1425, 0.456
900, 0.2361, 0.457
901, 0.1194, 0.424
902, 0.1201, 0.457
903, 0.2257, 0.457
904, 0.2186, 0.461
905, 0.1513, 0.487
906, 0.1531, 0.451
907, 0.2428, 0.452
908, 0.1447, 0.453
909, 0.1594, 0.423
910, 0.2003, 0.454
911, 0.1229, 0.462
912, 0.1474, 0.471
913, 0.1960, 0.428
914, 0.2288, 0.490
915, 0.2084, 0.423
916, 0.1127, 0.425
917, 0.1007, 0.416
918, 0.1473, 0.431
919, 0.1868, 0.426
920, 0.2124, 0.420
921, 0.2076, 0.412
922, 0.2127, 0.420
923, 0.2743, 0.416
924, 0.1816, 0.418
925, 0.1629, 0.452
926, 0.1762, 0.451
927, 0.1317, 0.457
928, 0.2287, 0.417
929, 0.1256, 0.433
930, 0.1366, 0.449
931, 0.1377, 0.457
932, 0.1971, 0.419
933, 0.1589, 0.448
934, 0.1512, 0.447
935, 0.1227, 0.418
936, 0.1859, 0.411
937, 0.2063, 0.454
938, 0.2023, 0.449
939, 0.1548, 0.448
940, 0.2116, 0.460
941, 0.2573, 0.419
942, 0.1799, 0.418
943, 0.2488, 0.465
944, 0.1397, 0.449
945, 0.1736, 0.448
946, 0.2450, 0.421
947, 0.2310, 0.469
948, 0.1898, 0.448
949, 0.1511, 0.437
950, 0.1559, 0.429
951, 0.1232, 0.416
952, 0.2058, 0.450
953, 0.0826, 0.449
954, 0.0981, 0.475
955, 0.1893, 0.473
956, 0.2502, 0.478
957, 0.1810, 0.483
958, 0.2425, 0.482
959, 0.1924, 0.471
960, 0.2067, 0.472
961, 0.1150, 0.471
962, 0.1875, 0.449
963, 0.2521, 0.459
964, 0.1927, 0.485
965, 0.1470, 0.486
966, 0.2975, 0.486
967, 0.1448, 0.476
968, 0.1541, 0.474
969, 0.2198, 0.481
970, 0.1662, 0.449
971, 0.1564, 0.449
972, 0.1271, 0.472
973, 0.0983, 0.482
974, 0.1010, 0.470
975, 0.0971, 0.454
976, 0.1899, 0.421
977, 0.2004, 0.421
978, 0.2133, 0.423
979, 0.1202, 0.453
980, 0.1883, 0.445
981, 0.2245, 0.466
982, 0.2018, 0.449
983, 0.2047, 0.472
984, 0.2184, 0.469
985, 0.2222, 0.474
986, 0.1839, 0.473
987, 0.1553, 0.475
988, 0.2070, 0.447
989, 0.2373, 0.466
990, 0.2084, 0.445
991, 0.1920, 0.472
992, 0.2386, 0.470
993, 0.2007, 0.474
994, 0.1503, 0.483
995, 0.1249, 0.468
996, 0.1477, 0.453
997, 0.1689, 0.477
998, 0.2081, 0.484
999, 0.1643, 0.434
1000, 0.1028, 0.459
1001, 0.3268, 0.425
1002, 0.1947, 0.435
1003, 0.2193, 0.452
1004, 0.1352, 0.451
1005, 0.0801, 0.453
1006, 0.1710, 0.442
1007, 0.1780, 0.473
1008, 0.1905, 0.445
1009, 0.2035, 0.446
1010, 0.1709, 0.461
1011, 0.1988, 0.523
1012, 0.2320, 0.487
1013, 0.1299, 0.416
1014, 0.1671, 0.449
1015, 0.2712, 0.491
1016, 0.2761, 0.468
1017, 0.1756, 0.484
1018, 0.1983, 0.492
1019, 0.2493, 0.483
1020, 0.2713, 0.441
1021, 0.2564, 0.440
1022, 0.2005, 0.432
1023, 0.2396, 0.434
1024, 0.1553, 0.417
1025, 0.2534, 0.422
1026, 0.1801, 0.425
1027, 0.2126, 0.435
1028, 0.2144, 0.428
1029, 0.1830, 0.422
1030, 0.2214, 0.425
1031, 0.1076, 0.420
1032, 0.1678, 0.422
1033, 0.2253, 0.434
1034, 0.1683, 0.435
1035, 0.1953, 0.452
1036, 0.1906, 0.427
1037, 0.1930, 0.434
1038, 0.1933, 0.429
1039, 0.1676, 0.425
1040, 0.1636, 0.431
1041, 0.1003, 0.426
1042, 0.2083, 0.423
1043, 0.1254, 0.420
1044, 0.1709, 0.464
1045, 0.2362, 0.455
1046, 0.1707, 0.431
1047, 0.2197, 0.469
1048, 0.2161, 0.467
1049, 0.0698, 0.453
1050, 0.1438, 0.454
1051, 0.1625, 0.422
1052, 0.1932, 0.429
1053, 0.2205, 0.421
1054, 0.1954, 0.421
1055, 0.1923, 0.453
1056, 0.1211, 0.464
1057, 0.2122, 0.448
1058, 0.1524, 0.453
1059, 0.1324, 0.448
1060, 0.1978, 0.450
1061, 0.1754, 0.462
1062, 0.1527, 0.446
1063, 0.1292, 0.451
1064, 0.2127, 0.446
1065, 0.2775, 0.434
1066, 0.1850, 0.424
1067, 0.2007, 0.424
1068, 0.1876, 0.424
1069, 0.1558, 0.423
1070, 0.2490, 0.420
1071, 0.1345, 0.424
1072, 0.2185, 0.413
1073, 0.1560, 0.422
1074, 0.1858, 0.425
1075, 0.1478, 0.452
1076, 0.1697, 0.452
1077, 0.1594, 0.455
1078, 0.1404, 0.452
1079, 0.1332, 0.464
1080, 0.1910, 0.421
1081, 0.2057, 0.454
1082, 0.1521, 0.422
1083, 0.1199, 0.421
1084, 0.1209, 0.421
1085, 0.1283, 0.423
1086, 0.1911, 0.417
1087, 0.2339, 0.419
1088, 0.1714, 0.421
1089, 0.1690, 0.449
1090, 0.2714, 0.448
1091, 0.1705, 0.450
1092, 0.2187, 0.415
1093, 0.1240, 0.420
1094, 0.1432, 0.422
1095, 0.1560, 0.422
1096, 0.1099, 0.424
1097, 0.1728, 0.417
1098, 0.1649, 0.425
1099, 0.1750, 0.433
1100, 0.2358, 0.422
1101, 0.1787, 0.419
1102, 0.1856, 0.417
1103, 0.2239, 0.416
1104, 0.1895, 0.419
1105, 0.1369, 0.417
1106, 0.2549, 0.421
1107, 0.2265, 0.452
1108, 0.1608, 0.420
1109, 0.1722, 0.418
1110, 0.1402, 0.448
1111, 0.2102, 0.447
1112, 0.2455, 0.427
1113, 0.1895, 0.420
1114, 0.1585, 0.424
1115, 0.1355, 0.424
1116, 0.1465, 0.415
1117, 0.2064, 0.419
1118, 0.1591, 0.422
1119, 0.1277, 0.428
1120, 0.1716, 0.413
1121, 0.2146, 0.422
1122, 0.1970, 0.423
1123, 0.2015, 0.420
1124, 0.2501, 0.418
1125, 0.1483, 0.420
1126, 0.1163, 0.457
1127, 0.1354, 0.455
1128, 0.1644, 0.450
1129, 0.1539, 0.456
1130, 0.1260, 0.463
1131, 0.2121, 0.448
1132, 0.1807, 0.450
1133, 0.1416, 0.447
1134, 0.1100, 0.451
1135, 0.2530, 0.457
1136, 0.0855, 0.474
1137, 0.2005, 0.454
1138, 0.1354, 0.454
1139, 0.2153, 0.452
1140, 0.2398, 0.453
1141, 0.1733, 0.421
1142, 0.1535, 0.427
1143, 0.1264, 0.417
1144, 0.2328, 0.445
1145, 0.1584, 0.452
1146, 0.2256, 0.452
1147, 0.2007, 0.429
1148, 0.2112, 0.424
1149, 0.2027, 0.421
1150, 0.0921, 0.554
1151, 0.2085, 0.421
1152, 0.1975, 0.422
1153, 0.1298, 0.452
1154, 0.1593, 0.474
1155, 0.1742, 0.448
1156, 0.1165, 0.423
1157, 0.2382, 0.419
1158, 0.2116, 0.446
1159, 0.1976, 0.422
1160, 0.2387, 0.420
1161, 0.1574, 0.439
1162, 0.2144, 0.432
1163, 0.1913, 0.445
1164, 0.2226, 0.425
1165, 0.1496, 0.424
1166, 0.1507, 0.461
1167, 0.1260, 0.432
1168, 0.1612, 0.431
1169, 0.2219, 0.453
1170, 0.2106, 0.463
1171, 0.1764, 0.467
1172, 0.1806, 0.488
1173, 0.1510, 0.455
1174, 0.2021, 0.446
1175, 0.2019, 0.470
1176, 0.2505, 0.420
1177, 0.1515, 0.447
1178, 0.1757, 0.467
1179, 0.1041, 0.464
1180, 0.1678, 0.473
1181, 0.1234, 0.484
1182, 0.2505, 0.484
1183, 0.1420, 0.471
1184, 0.1367, 0.474
1185, 0.1846, 0.481
1186, 0.2047, 0.461
1187, 0.1713, 0.455
1188, 0.1694, 0.452
1189, 0.1560, 0.453
1190, 0.1782, 0.473
1191, 0.1588, 0.460
1192, 0.1037, 0.468
1193, 0.1490, 0.484
1194, 0.1498, 0.420
1195, 0.1680, 0.444
1196, 0.2261, 0.457
1197, 0.1372, 0.452
1198, 0.1774, 0.483
1199, 0.1450, 0.483
1200, 0.2509, 0.474
1201, 0.1423, 0.450
1202, 0.1850, 0.443
1203, 0.1306, 0.438
1204, 0.1752, 0.452
1205, 0.1788, 0.471
1206, 0.1983, 0.454
1207, 0.1428, 0.447
1208, 0.1978, 0.445
1209, 0.2110, 0.454
1210, 0.1859, 0.438
1211, 0.1928, 0.446
1212, 0.1595, 0.455
1213, 0.1780, 0.455
1214, 0.1789, 0.464
1215, 0.2158, 0.580
1216, 0.1950, 0.454
1217, 0.1403, 0.452
1218, 0.0873, 0.460
1219, 0.1983, 0.472
1220, 0.1741, 0.476
1221, 0.1875, 0.477
1222, 0.2087, 0.489
1223, 0.1851, 0.471
1224, 0.1673, 0.456
1225, 0.1565, 0.439
1226, 0.1250, 0.452
1227, 0.2219, 0.468
1228, 0.2043, 0.459
1229, 0.1888, 0.457
1230, 0.1720, 0.458
1231, 0.1839, 0.460
1232, 0.1812, 0.424
1233, 0.1621, 0.419
1234, 0.1830, 0.447
1235, 0.2227, 0.451
1236, 0.1797, 0.448
1237, 0.1962, 0.459
1238, 0.1738, 0.418
1239, 0.2298, 0.421
1240, 0.1654, 0.449
1241, 0.1744, 0.440
1242, 0.1615, 0.440
1243, 0.1941, 0.468
1244, 0.2655, 0.435
1245, 0.2001, 0.456
1246, 0.2207, 0.458
1247, 0.1829, 0.448
1248, 0.2213, 0.451
1249, 0.1882, 0.449
1250, 0.1969, 0.412
1251, 0.1649, 0.444
1252, 0.1956, 0.447
1253, 0.2359, 0.452
1254, 0.1914, 0.458
1255, 0.2585, 0.447
1256, 0.2109, 0.446
1257, 0.1958, 0.462
1258, 0.2370, 0.466
1259, 0.1914, 0.454
1260, 0.1891, 0.466
1261, 0.1822, 0.430
1262, 0.2195, 0.421
1263, 0.2052, 0.453
1264, 0.1998, 0.449
1265, 0.1809, 0.462
1266, 0.1213, 0.448
1267, 0.1849, 0.446
1268, 0.2989, 0.431
1269, 0.1982, 0.457
1270, 0.1951, 0.464
1271, 0.2271, 0.427
1272, 0.2871, 0.423
1273, 0.2269, 0.425
1274, 0.2105, 0.426
1275, 0.2143, 0.431
1276, 0.2096, 0.467
1277, 0.2254, 0.465
1278, 0.2274, 0.430
1279, 0.1894, 0.457
1280, 0.0907, 0.468
1281, 0.2040, 0.460
1282, 0.1475, 0.428
1283, 0.1962, 0.420
1284, 0.1862, 0.447
1285, 0.1551, 0.453
1286, 0.1246, 0.451
1287, 0.1636, 0.446
1288, 0.2026, 0.447
1289, 0.1592, 0.462
1290, 0.1232, 0.456
1291, 0.1313, 0.451
1292, 0.2715, 0.462
1293, 0.1818, 0.423
1294, 0.1797, 0.415
1295, 0.1494, 0.418
1296, 0.1655, 0.448
1297, 0.1482, 0.452
1298, 0.1559, 0.450
1299, 0.2104, 0.454
1300, 0.1560, 0.441
1301, 0.0909, 0.445
1302, 0.1801, 0.430
1303, 0.1733, 0.420
1304, 0.1344, 0.454
1305, 0.1965, 0.452
1306, 0.1670, 0.446
1307, 0.1716, 0.428
1308, 0.1860, 0.431
1309, 0.1607, 0.444
1310, 0.1849, 0.457
1311, 0.1367, 0.450
1312, 0.1842, 0.447
1313, 0.2063, 0.444
1314, 0.2000, 0.419
1315, 0.1770, 0.417
1316, 0.1623, 0.421
1317, 0.2558, 0.436
1318, 0.2494, 0.456
1319, 0.1825, 0.461
1320, 0.1731, 0.454
1321, 0.2107, 0.450
1322, 0.1384, 0.431
1323, 0.1612, 0.452
1324, 0.1642, 0.416
1325, 0.1972, 0.412
1326, 0.1452, 0.411
1327, 0.1540, 0.431
1328, 0.1514, 0.423
1329, 0.1409, 0.425
1330, 0.2861, 0.423
1331, 0.1918, 0.447
1332, 0.1814, 0.449
1333, 0.1917, 0.454
1334, 0.1965, 0.453
1335, 0.1416, 0.451
1336, 0.1550, 0.465
1337, 0.1856, 0.427
1338, 0.1206, 0.422
1339, 0.1713, 0.418
1340, 0.2088, 0.447
1341, 0.2029, 0.451
1342, 0.2337, 0.457
1343, 0.2099, 0.456
1344, 0.2182, 0.449
1345, 0.1281, 0.454
1346, 0.1651, 0.456
1347, 0.1348, 0.447
1348, 0.1431, 0.451
1349, 0.1876, 0.426
1350, 0.2396, 0.419
1351, 0.1945, 0.421
1352, 0.0916, 0.449
1353, 0.2017, 0.452
1354, 0.1639, 0.471
1355, 0.1635, 0.446
1356, 0.2179, 0.429
1357, 0.1208, 0.461
1358, 0.1900, 0.463
1359, 0.1892, 0.449
1360, 0.2111, 0.434
1361, 0.1920, 0.422
1362, 0.2326, 0.445
1363, 0.1985, 0.446
1364, 0.2645, 0.468
1365, 0.1989, 0.475
1366, 0.1683, 0.421
1367, 0.1632, 0.452
1368, 0.2270, 0.427
1369, 0.1661, 0.423
1370, 0.1680, 0.451
1371, 0.1908, 0.473
1372, 0.2075, 0.482
1373, 0.2215, 0.473
1374, 0.1413, 0.451
1375, 0.2074, 0.456
1376, 0.1556, 0.448
1377, 0.1949, 0.429
1378, 0.1402, 0.448
1379, 0.1842, 0.466
1380, 0.2869, 0.444
1381, 0.1977, 0.445
1382, 0.2332, 0.448
1383, 0.2248, 0.449
1384, 0.2138, 0.469
1385, 0.2399, 0.425
1386, 0.2363, 0.453
1387, 0.1987, 0.466
1388, 0.1617, 0.441
1389, 0.1812, 0.474
1390, 0.1656, 0.480
1391, 0.0830, 0.472
1392, 0.0974, 0.445
1393, 0.1988, 0.428
1394, 0.2016, 0.449
1395, 0.1981, 0.441
1396, 0.1958, 0.446
1397, 0.1987, 0.473
1398, 0.1843, 0.469
1399, 0.1732, 0.472
1400, 0.2209, 0.477
1401, 0.2380, 0.408
1402, 0.2109, 0.447
1403, 0.1741, 0.461
1404, 0.1760, 0.448
1405, 0.2194, 0.431
1406, 0.1412, 0.464
1407, 0.2197, 0.475
1408, 0.2295, 0.461
1409, 0.1838, 0.442
1410, 0.2249, 0.479
1411, 0.2232, 0.455
1412, 0.1797, 0.452
1413, 0.1625, 0.462
1414, 0.2111, 0.479
1415, 0.1653, 0.454
1416, 0.1487, 0.458
1417, 0.1572, 0.454
1418, 0.1898, 0.454
1419, 0.1082, 0.462
1420, 0.1405, 0.522
1421, 0.1960, 0.465
1422, 0.2365, 0.459
1423, 0.2381, 0.460
1424, 0.1471, 0.451
1425, 0.1264, 0.448
1426, 0.1513, 0.450
1427, 0.1155, 0.459
1428, 0.1568, 0.449
1429, 0.1225, 0.451
1430, 0.1562, 0.437
1431, 0.2294, 0.428
1432, 0.1913, 0.444
1433, 0.1879, 0.424
1434, 0.1570, 0.422
1435, 0.1803, 0.463
1436, 0.1416, 0.454
1437, 0.2275, 0.434
1438, 0.1258, 0.451
1439, 0.1310, 0.448
1440, 0.1891, 0.420
1441, 0.1307, 0.422
1442, 0.1254, 0.419
1443, 0.1760, 0.420
1444, 0.1875, 0.451
1445, 0.1810, 0.445
1446, 0.1179, 0.422
1447, 0.2066, 0.420
1448, 0.2158, 0.455
1449, 0.1846, 0.459
1450, 0.2202, 0.449
1451, 0.1484, 0.447
1452, 0.1582, 0.445
1453, 0.1896, 0.445
1454, 0.2037, 0.448
1455, 0.2271, 0.420
1456, 0.2054, 0.430
1457, 0.2071, 0.414
1458, 0.2241, 0.453
1459, 0.1344, 0.441
1460, 0.0846, 0.457
1461, 0.1650, 0.445
1462, 0.1825, 0.459
1463, 0.2055, 0.456
1464, 0.1948, 0.449
1465, 0.1639, 0.465
1466, 0.1434, 0.418
1467, 0.1919, 0.422
1468, 0.1100, 0.422
1469, 0.2152, 0.441
1470, 0.1882, 0.450
1471, 0.1777, 0.453
1472, 0.1711, 0.419
1473, 0.1776, 0.420
1474, 0.1607, 0.419
1475, 0.1408, 0.422
1476, 0.2133, 0.427
1477, 0.2111, 0.430
1478, 0.1805, 0.420
1479, 0.1832, 0.420
1480, 0.1839, 0.414
1481, 0.2002, 0.425
1482, 0.1197, 0.426
1483, 0.1571, 0.433
1484, 0.2997, 0.432
1485, 0.1453, 0.422
1486, 0.2149, 0.418
1487, 0.1138, 0.420
1488, 0.1691, 0.456
1489, 0.1498, 0.451
1490, 0.2050, 0.454
1491, 0.1502, 0.431
1492, 0.1870, 0.463
1493, 0.1952, 0.437
1494, 0.0909, 0.434
1495, 0.1313, 0.422
1496, 0.1472, 0.433
1497, 0.1472, 0.418
1498, 0.2335, 0.448
1499, 0.1817, 0.427
1500, 0.1960, 0.416
1501, 0.2270, 0.422
1502, 0.1633, 0.415
1503, 0.1973, 0.419
1504, 0.1928, 0.413
1505, 0.2483, 0.417
1506, 0.2116, 0.419
1507, 0.1500, 0.415
1508, 0.2357, 0.432
1509, 0.1027, 0.427
1510, 0.2480, 0.418
1511, 0.1664, 0.424
1512, 0.1212, 0.419
1513, 0.1776, 0.420
1514, 0.1655, 0.417
1515, 0.1716, 0.451
1516, 0.1196, 0.449
1517, 0.1267, 0.425
1518, 0.2062, 0.425
1519, 0.1896, 0.420
1520, 0.1181, 0.426
1521, 0.1680, 0.424
1522, 0.1648, 0.452
1523, 0.1710, 0.453
1524, 0.1669, 0.450
1525, 0.2045, 0.456
1526, 0.1869, 0.464
1527, 0.1341, 0.469
1528, 0.1803, 0.451
1529, 0.2468, 0.466
1530, 0.2047, 0.453
1531, 0.1120, 0.462
1532, 0.1368, 0.464
1533, 0.1904, 0.449
1534, 0.2447, 0.417
1535, 0.1468, 0.449
1536, 0.1519, 0.419
1537, 0.1593, 0.454
1538, 0.1145, 0.420
1539, 0.1274, 0.421
1540, 0.1615, 0.452
1541, 0.1224, 0.461
1542, 0.1437, 0.453
1543, 0.1731, 0.452
1544, 0.1874, 0.452
1545, 0.1123, 0.417
1546, 0.1679, 0.440
1547, 0.1918, 0.428
1548, 0.1615, 0.433
1549, 0.2435, 0.423
1550, 0.1893, 0.432
1551, 0.1321, 0.453
1552, 0.1389, 0.474
1553, 0.1443, 0.454
1554, 0.1006, 0.465
1555, 0.1627, 0.424
1556, 0.1584, 0.423
1557, 0.0977, 0.423
1558, 0.0765, 0.420
1559, 0.1673, 0.418
1560, 0.1037, 0.497
1561, 0.1748, 0.414
1562, 0.1968, 0.420
1563, 0.1829, 0.428
1564, 0.1561, 0.461
1565, 0.1486, 0.421
1566, 0.2135, 0.420
1567, 0.3000, 0.457
1568, 0.2177, 0.484
1569, 0.1893, 0.479
1570, 0.1503, 0.479
1571, 0.1552, 0.479
1572, 0.1882, 0.476
1573, 0.1723, 0.479
1574, 0.1953, 0.444
1575, 0.1164, 0.461
1576, 0.1936, 0.432
1577, 0.1911, 0.424
1578, 0.1977, 0.422
1579, 0.1545, 0.424
1580, 0.1644, 0.427
1581, 0.1696, 0.446
1582, 0.1704, 0.426
1583, 0.1443, 0.421
1584, 0.1099, 0.424
1585, 0.1081, 0.429
1586, 0.1557, 0.428
1587, 0.1732, 0.452
1588, 0.1538, 0.459
1589, 0.1636, 0.428
1590, 0.1953, 0.420
1591, 0.2029, 0.456
1592, 0.1213, 0.464
1593, 0.2136, 0.459
1594, 0.1553, 0.466
1595, 0.1665, 0.472
1596, 0.1275, 0.463
1597, 0.0838, 0.455
1598, 0.1469, 0.486
1599, 0.2063, 0.479
1600, 0.1678, 0.471
1601, 0.1603, 0.460
1602, 0.1603, 0.432
1603, 0.1244, 0.454
1604, 0.1305, 0.456
1605, 0.1309, 0.457
1606, 0.1561, 0.427
1607, 0.0996, 0.425
1608, 0.2103, 0.428
1609, 0.1656, 0.467
1610, 0.0629, 0.435
1611, 0.1729, 0.428
1612, 0.1612, 0.466
1613, 0.1605, 0.451
1614, 0.1668, 0.431
1615, 0.2397, 0.468
1616, 0.1969, 0.459
1617, 0.1188, 0.424
1618, 0.2412, 0.427
1619, 0.2075, 0.459
1620, 0.1875, 0.452
1621, 0.1841, 0.425
1622, 0.2249, 0.434
1623, 0.1583, 0.437
1624, 0.1910, 0.430
1625, 0.1719, 0.433
1626, 0.1908, 0.429
1627, 0.1833, 0.455
1628, 0.1810, 0.521
1629, 0.1624, 0.460
1630, 0.1259, 0.420
1631, 0.1870, 0.424
1632, 0.1867, 0.464
1633, 0.1557, 0.469
1634, 0.1687, 0.426
1635, 0.1417, 0.430
1636, 0.1416, 0.433
1637, 0.1782, 0.438
1638, 0.2139, 0.433
1639, 0.1849, 0.423
1640, 0.1832, 0.430
1641, 0.1950, 0.473
1642, 0.1186, 0.430
1643, 0.1046, 0.435
1644, 0.2037, 0.425
1645, 0.1699, 0.425
1646, 0.1813, 0.440
1647, 0.2025, 0.427
1648, 0.1933, 0.435
1649, 0.1591, 0.419
1650, 0.1821, 0.428
1651, 0.1883, 0.435
1652, 0.2056, 0.419
1653, 0.1169, 0.454
1654, 0.1288, 0.447
1655, 0.2110, 0.419
1656, 0.0948, 0.423
1657, 0.1639, 0.459
1658, 0.1192, 0.448
1659, 0.2361, 0.454
1660, 0.1428, 0.448
1661, 0.0859, 0.414
1662, 0.1654, 0.417
1663, 0.1831, 0.414
1664, 0.1550, 0.415
1665, 0.0990, 0.419
1666, 0.1712, 0.425
1667, 0.1499, 0.424
1668, 0.1301, 0.419
1669, 0.1738, 0.447
1670, 0.1312, 0.422
1671, 0.2582, 0.419
1672, 0.2811, 0.425
1673, 0.1796, 0.414
1674, 0.0892, 0.447
1675, 0.1752, 0.427
1676, 0.1338, 0.416
1677, 0.1540, 0.433
1678, 0.1156, 0.425
1679, 0.1436, 0.415
1680, 0.1627, 0.416
1681, 0.1509, 0.423
1682, 0.1982, 0.409
1683, 0.2318, 0.411
1684, 0.1897, 0.412
1685, 0.1258, 0.422
1686, 0.1557, 0.427
1687, 0.1219, 0.417
1688, 0.1718, 0.422
1689, 0.1545, 0.419
1690, 0.2115, 0.418
1691, 0.1755, 0.423
1692, 0.1256, 0.422
1693, 0.1490, 0.447
1694, 0.1895, 0.449
1695, 0.1670, 0.452
1696, 0.1776, 0.453
1697, 0.1413, 0.444
1698, 0.1293, 0.425
1699, 0.1467, 0.425
1700, 0.1541, 0.421
1701, 0.1847, 0.420
1702, 0.1897, 0.442
1703, 0.1566, 0.412
1704, 0.2036, 0.411
1705, 0.1597, 0.420
1706, 0.1936, 0.423
1707, 0.1617, 0.416
1708, 0.1636, 0.417
1709, 0.1612, 0.420
1710, 0.1886, 0.422
1711, 0.1712, 0.421
1712, 0.1165, 0.419
1713, 0.1702, 0.420
1714, 0.1449, 0.419
1715, 0.0883, 0.415
1716, 0.0974, 0.406
1717, 0.1525, 0.416
1718, 0.2078, 0.424
1719, 0.2258, 0.417
1720, 0.1985, 0.446
1721, 0.1252, 0.455
1722, 0.2237, 0.417
1723, 0.1568, 0.422
1724, 0.0593, 0.422
1725, 0.0730, 0.423
1726, 0.1465, 0.432
1727, 0.1420, 0.420
1728, 0.0601, 0.426
1729, 0.1635, 0.425
1730, 0.1413, 0.416
1731, 0.1110, 0.424
1732, 0.1182, 0.437
1733, 0.1298, 0.420
1734, 0.1190, 0.423
1735, 0.1619, 0.417
1736, 0.1288, 0.417
1737, 0.2218, 0.420
1738, 0.2832, 0.417
1739, 0.2020, 0.429
1740, 0.1496, 0.425
1741, 0.1915, 0.431
1742, 0.2036, 0.429
1743, 0.1609, 0.426
1744, 0.1384, 0.465
1745, 0.1933, 0.419
1746, 0.1714, 0.418
1747, 0.1828, 0.421
1748, 0.0838, 0.415
1749, 0.1550, 0.416
1750, 0.1365, 0.419
1751, 0.1478, 0.418
1752, 0.2025, 0.457
1753, 0.2059, 0.457
1754, 0.1126, 0.465
1755, 0.1571, 0.467
1756, 0.1668, 0.469
1757, 0.1476, 0.447
1758, 0.1127, 0.421
1759, 0.2011, 0.416
1760, 0.1543, 0.427
1761, 0.2204, 0.422
1762, 0.1418, 0.427
1763, 0.2288, 0.412
1764, 0.2024, 0.415
1765, 0.2953, 0.418
1766, 0.1455, 0.431
1767, 0.3029, 0.429
1768, 0.4187, 0.416
1769, 0.1990, 0.426
1770, 0.1484, 0.428
1771, 0.2159, 0.427
1772, 0.1475, 0.443
1773, 0.1482, 0.425
1774, 0.1409, 0.428
1775, 0.1358, 0.422
1776, 0.1486, 0.420
1777, 0.2234, 0.421
1778, 0.1103, 0.421
1779, 0.1241, 0.421
1780, 0.2383, 0.419
1781, 0.1279, 0.417
1782, 0.1650, 0.418
1783, 0.1778, 0.418
1784, 0.2138, 0.417
1785, 0.1113, 0.419
1786, 0.2654, 0.424
1787, 0.1412, 0.422
1788, 0.1329, 0.418
1789, 0.1540, 0.415
1790, 0.1805, 0.415
1791, 0.1147, 0.419
1792, 0.1721, 0.422
1793, 0.1395, 0.422
1794, 0.1477, 0.423
1795, 0.1465, 0.422
1796, 0.1317, 0.422
1797, 0.1999, 0.420
1798, 0.1375, 0.417
1799, 0.1743, 0.417
1800, 0.1404, 0.416
1801, 0.1397, 0.409
1802, 0.1471, 0.420
1803, 0.2701, 0.422
1804, 0.1587, 0.419
1805, 0.1492, 0.428
1806, 0.1548, 0.416
1807, 0.2263, 0.420
1808, 0.1391, 0.427
1809, 0.1566, 0.422
1810, 0.1839, 0.432
1811, 0.1464, 0.423
1812, 0.1585, 0.426
1813, 0.1849, 0.421
1814, 0.1426, 0.419
1815, 0.1978, 0.454
1816, 0.2323, 0.414
1817, 0.2473, 0.418
1818, 0.1359, 0.420
1819, 0.1317, 0.420
1820, 0.1220, 0.421
1821, 0.0696, 0.430
1822, 0.0967, 0.428
1823, 0.1359, 0.437
1824, 0.1232, 0.419
1825, 0.1545, 0.422
1826, 0.2956, 0.428
1827, 0.1518, 0.424
1828, 0.1447, 0.429
1829, 0.2226, 0.423
1830, 0.2070, 0.425
1831, 0.2524, 0.422
1832, 0.1740, 0.417
1833, 0.1708, 0.416
1834, 0.0774, 0.416
1835, 0.1619, 0.415
1836, 0.2302, 0.435
1837, 0.1912, 0.423
1838, 0.1696, 0.427
1839, 0.0938, 0.435
1840, 0.1418, 0.416
1841, 0.2127, 0.421
1842, 0.1503, 0.431
1843, 0.1450, 0.430
1844, 0.2095, 0.503
1845, 0.1228, 0.433
1846, 0.1488, 0.420
1847, 0.1489, 0.420
1848, 0.0882, 0.430
1849, 0.1204, 0.417
1850, 0.0996, 0.437
1851, 0.2442, 0.417
1852, 0.1372, 0.434
1853, 0.1480, 0.429
1854, 0.0985, 0.429
1855, 0.0631, 0.426
1856, 0.1148, 0.418
1857, 0.1152, 0.421
1858, 0.1387, 0.418
1859, 0.2175, 0.425
1860, 0.1414, 0.421
1861, 0.1116, 0.413
1862, 0.1406, 0.423
1863, 0.1116, 0.422
1864, 0.2099, 0.416
1865, 0.1441, 0.425
1866, 0.1303, 0.416
1867, 0.1620, 0.413
1868, 0.2082, 0.418
1869, 0.3542, 0.413
1870, 0.1792, 0.420
1871, 0.1622, 0.417
1872, 0.2339, 0.420
1873, 0.0789, 0.414
1874, 0.1493, 0.423
1875, 0.1809, 0.418
1876, 0.1541, 0.418
1877, 0.1366, 0.453
1878, 0.1981, 0.428
1879, 0.1375, 0.414
1880, 0.1279, 0.419
1881, 0.1440, 0.434
1882, 0.2432, 0.432
1883, 0.1135, 0.424
1884, 0.0868, 0.457
1885, 0.1517, 0.417
1886, 0.1071, 0.417
1887, 0.1088, 0.417
1888, 0.1603, 0.418
1889, 0.2125, 0.430
1890, 0.2453, 0.417
1891, 0.1552, 0.416
1892, 0.1300, 0.418
1893, 0.1345, 0.429
1894, 0.1502, 0.428
1895, 0.1422, 0.417
1896, 0.0799, 0.420
1897, 0.2093, 0.421
1898, 0.0867, 0.423
1899, 0.1129, 0.418
1900, 0.1225, 0.418
1901, 0.0975, 0.423
1902, 0.1713, 0.415
1903, 0.1716, 0.420
1904, 0.1417, 0.419
1905, 0.0715, 0.417
1906, 0.1015, 0.417
1907, 0.1778, 0.409
1908, 0.1290, 0.418
1909, 0.1597, 0.411
1910, 0.1005, 0.415
1911, 0.0918, 0.417
1912, 0.1618, 0.411
1913, 0.1383, 0.416
1914, 0.2279, 0.414
1915, 0.1877, 0.420
1916, 0.1810, 0.429
1917, 0.1635, 0.418
1918, 0.2241, 0.419
1919, 0.2170, 0.417
1920, 0.1144, 0.417
1921, 0.1490, 0.418
1922, 0.2269, 0.430
1923, 0.2018, 0.422
1924, 0.2270, 0.420
1925, 0.2031, 0.417
1926, 0.3098, 0.416
1927, 0.2023, 0.416
1928, 0.1321, 0.418
1929, 0.1522, 0.419
1930, 0.0914, 0.420
1931, 0.1861, 0.415
1932, 0.1617, 0.414
1933, 0.1213, 0.414
1934, 0.1221, 0.419
1935, 0.1283, 0.420
1936, 0.1600, 0.430
1937, 0.1659, 0.415
1938, 0.1819, 0.414
1939, 0.1445, 0.425
1940, 0.2193, 0.416
1941, 0.1846, 0.409
1942, 0.2682, 0.418
1943, 0.1570, 0.419
1944, 0.3071, 0.413
1945, 0.2010, 0.420
1946, 0.1425, 0.422
1947, 0.1843, 0.415
1948, 0.1095, 0.418
1949, 0.1887, 0.416
1950, 0.0950, 0.417
1951, 0.1408, 0.419
1952, 0.2023, 0.417
1953, 0.1710, 0.415
1954, 0.1925, 0.464
1955, 0.1577, 0.448
1956, 0.1188, 0.414
1957, 0.1469, 0.421
1958, 0.1736, 0.417
1959, 0.1918, 0.424
1960, 0.1739, 0.416
1961, 0.1830, 0.418
1962, 0.1915, 0.420
1963, 0.1567, 0.416
1964, 0.0811, 0.422
1965, 0.0950, 0.427
1966, 0.1458, 0.419
1967, 0.0758, 0.428
1968, 0.1913, 0.427
1969, 0.2257, 0.426
1970, 0.1866, 0.433
1971, 0.1611, 0.431
1972, 0.1991, 0.428
1973, 0.1345, 0.425
1974, 0.0967, 0.421
1975, 0.1890, 0.425
1976, 0.0714, 0.423
1977, 0.1504, 0.419
1978, 0.1432, 0.422
1979, 0.1787, 0.418
1980, 0.1467, 0.416
1981, 0.1344, 0.427
1982, 0.2063, 0.428
1983, 0.1303, 0.423
1984, 0.1201, 0.428
1985, 0.1805, 0.457
1986, 0.1930, 0.423
1987, 0.1975, 0.423
1988, 0.1930, 0.421
1989, 0.1541, 0.420
1990, 0.1253, 0.417
1991, 0.2014, 0.419
1992, 0.1588, 0.414
1993, 0.1632, 0.418
1994, 0.1290, 0.419
1995, 0.2537, 0.419
1996, 0.1810, 0.420
1997, 0.2543, 0.423
1998, 0.2126, 0.420
1999, 0.1342, 0.419
2000, 0.0763, 0.420
2001, 0.1108, 0.412
2002, 0.1632, 0.420
2003, 0.1879, 0.421
2004, 0.1418, 0.420
2005, 0.1486, 0.427
2006, 0.1373, 0.417
2007, 0.0689, 0.417
2008, 0.2064, 0.416
2009, 0.1508, 0.420
2010, 0.1844, 0.426
2011, 0.1695, 0.420
2012, 0.2538, 0.418
2013, 0.1780, 0.421
2014, 0.1927, 0.419
2015, 0.1816, 0.436
2016, 0.1732, 0.424
2017, 0.1572, 0.421
2018, 0.2097, 0.422
2019, 0.1666, 0.422
2020, 0.1474, 0.422
2021, 0.1706, 0.425
2022, 0.1855, 0.420
2023, 0.1377, 0.422
2024, 0.1482, 0.414
2025, 0.0877, 0.435
2026, 0.1536, 0.426
2027, 0.2017, 0.419
2028, 0.1423, 0.422
2029, 0.1291, 0.427
2030, 0.0981, 0.436
2031, 0.1651, 0.424
2032, 0.1240, 0.452
2033, 0.1605, 0.451
2034, 0.1445, 0.454
2035, 0.1434, 0.449
2036, 0.2168, 0.458
2037, 0.0955, 0.462
2038, 0.1821, 0.455
2039, 0.1072, 0.419
2040, 0.1281, 0.433
2041, 0.2596, 0.439
2042, 0.2521, 0.426
2043, 0.1171, 0.418
2044, 0.1720, 0.419
2045, 0.1357, 0.421
2046, 0.1150, 0.426
2047, 0.1605, 0.423
2048, 0.0914, 0.424
2049, 0.1393, 0.427
2050, 0.1866, 0.414
2051, 0.0725, 0.419
2052, 0.1030, 0.426
2053, 0.1945, 0.432
2054, 0.1673, 0.435
2055, 0.0814, 0.437
2056, 0.1214, 0.450
2057, 0.1372, 0.425
2058, 0.1253, 0.424
2059, 0.2016, 0.422
2060, 0.1414, 0.441
2061, 0.1850, 0.424
2062, 0.1606, 0.439
2063, 0.0765, 0.426
2064, 0.2790, 0.417
2065, 0.2692, 0.417
2066, 0.1689, 0.419
2067, 0.2042, 0.433
2068, 0.1648, 0.432
2069, 0.1835, 0.431
2070, 0.1527, 0.427
2071, 0.1921, 0.424
2072, 0.1641, 0.424
2073, 0.0950, 0.422
2074, 0.1315, 0.420
2075, 0.1933, 0.411
2076, 0.1604, 0.420
2077, 0.1192, 0.415
2078, 0.1340, 0.418
2079, 0.1876, 0.415
2080, 0.1302, 0.418
2081, 0.1482, 0.416
2082, 0.1246, 0.408
2083, 0.1380, 0.417
2084, 0.0741, 0.426
2085, 0.1203, 0.424
2086, 0.1207, 0.414
2087, 0.0912, 0.422
2088, 0.1817, 0.435
2089, 0.1352, 0.416
2090, 0.1938, 0.416
2091, 0.1721, 0.416
2092, 0.2305, 0.418
2093, 0.1513, 0.412
2094, 0.1439, 0.425
2095, 0.1308, 0.425
2096, 0.1936, 0.420
2097, 0.1662, 0.424
2098, 0.1612, 0.418
2099, 0.1492, 0.417
2100, 0.0961, 0.418
2101, 0.1021, 0.413
2102, 0.1577, 0.418
2103, 0.2146, 0.418
2104, 0.1589, 0.420
2105, 0.1179, 0.416
2106, 0.1428, 0.417
2107, 0.1862, 0.417
2108, 0.1146, 0.415
2109, 0.1146, 0.419
2110, 0.2044, 0.419
2111, 0.1930, 0.416
2112, 0.2257, 0.417
2113, 0.1142, 0.416
2114, 0.1394, 0.415
2115, 0.1260, 0.417
2116, 0.2469, 0.423
2117, 0.1443, 0.416
2118, 0.1544, 0.417
2119, 0.2361, 0.417
2120, 0.2148, 0.410
2121, 0.1581, 0.415
2122, 0.2096, 0.413
2123, 0.1642, 0.429
2124, 0.2223, 0.418
2125, 0.1777, 0.423
2126, 0.2614, 0.415
2127, 0.1369, 0.416
2128, 0.1021, 0.414
2129, 0.1919, 0.425
2130, 0.1614, 0.415
2131, 0.0911, 0.418
2132, 0.1168, 0.411
2133, 0.0972, 0.417
2134, 0.1769, 0.417
2135, 0.2260, 0.414
2136, 0.2024, 0.448
2137, 0.1910, 0.416
2138, 0.1400, 0.446
2139, 0.0933, 0.425
2140, 0.1773, 0.416
2141, 0.2284, 0.415
2142, 0.0979, 0.414
2143, 0.1846, 0.415
2144, 0.1460, 0.412
2145, 0.1564, 0.414
2146, 0.1101, 0.416
2147, 0.1864, 0.414
2148, 0.1948, 0.417
2149, 0.1586, 0.450
2150, 0.1301, 0.453
2151, 0.1335, 0.416
2152, 0.1886, 0.415
2153, 0.1399, 0.420
2154, 0.1376, 0.425
2155, 0.2234, 0.425
2156, 0.1610, 0.412
2157, 0.2617, 0.453
2158, 0.1987, 0.415
2159, 0.1579, 0.420
2160, 0.2014, 0.418
2161, 0.1743, 0.431
2162, 0.0836, 0.417
2163, 0.1135, 0.416
2164, 0.1367, 0.416
2165, 0.1133, 0.427
2166, 0.1122, 0.425
2167, 0.0907, 0.435
2168, 0.2873, 0.432
2169, 0.1657, 0.427
2170, 0.1574, 0.418
2171, 0.1786, 0.418
2172, 0.1486, 0.426
2173, 0.2630, 0.429
2174, 0.1603, 0.437
2175, 0.1770, 0.424
2176, 0.2001, 0.425
2177, 0.2421, 0.416
2178, 0.1998, 0.417
2179, 0.1938, 0.418
2180, 0.1474, 0.414
2181, 0.1502, 0.417
2182, 0.1155, 0.421
2183, 0.1063, 0.419
2184, 0.2163, 0.421
2185, 0.1923, 0.437
2186, 0.1243, 0.420
2187, 0.1463, 0.420
2188, 0.1266, 0.427
2189, 0.1629, 0.421
2190, 0.1764, 0.430
2191, 0.1344, 0.422
2192, 0.2457, 0.431
2193, 0.2146, 0.418
2194, 0.1590, 0.420
2195, 0.1852, 0.419
2196, 0.1198, 0.415
2197, 0.1518, 0.416
2198, 0.2137, 0.415
2199, 0.1877, 0.429
2200, 0.1950, 0.416
2201, 0.2225, 0.409
2202, 0.1356, 0.498
2203, 0.1210, 0.421
2204, 0.1927, 0.436
2205, 0.1952, 0.428
2206, 0.1297, 0.420
2207, 0.1055, 0.425
2208, 0.1351, 0.422
2209, 0.1416, 0.423
2210, 0.1759, 0.420
2211, 0.2013, 0.422
2212, 0.2684, 0.414
2213, 0.2163, 0.416
2214, 0.1804, 0.415
2215, 0.1639, 0.454
2216, 0.1358, 0.419
2217, 0.1642, 0.422
2218, 0.2359, 0.422
2219, 0.1434, 0.422
2220, 0.1618, 0.418
2221, 0.2282, 0.431
2222, 0.1935, 0.424
2223, 0.2123, 0.422
2224, 0.1806, 0.425
2225, 0.1400, 0.424
2226, 0.1255, 0.427
2227, 0.1493, 0.422
2228, 0.1957, 0.416
2229, 0.1936, 0.419
2230, 0.1683, 0.421
2231, 0.2427, 0.417
2232, 0.0757, 0.415
2233, 0.1775, 0.413
2234, 0.1936, 0.417
2235, 0.1378, 0.419
2236, 0.1288, 0.420
2237, 0.1514, 0.432
2238, 0.1724, 0.421
2239, 0.1578, 0.429
2240, 0.1907, 0.425
2241, 0.1155, 0.422
2242, 0.1744, 0.421
2243, 0.1511, 0.415
2244, 0.1408, 0.415
2245, 0.1942, 0.417
2246, 0.1300, 0.420
2247, 0.1901, 0.416
2248, 0.1174, 0.421
2249, 0.1837, 0.417
2250, 0.1492, 0.420
2251, 0.1196, 0.424
2252, 0.1486, 0.426
2253, 0.2416, 0.429
2254, 0.2462, 0.417
2255, 0.1906, 0.426
2256, 0.1842, 0.419
2257, 0.1562, 0.423
2258, 0.1187, 0.424
2259, 0.1265, 0.415
2260, 0.0950, 0.415
2261, 0.1660, 0.415
2262, 0.1718, 0.425
2263, 0.1706, 0.425
2264, 0.1347, 0.420
2265, 0.1948, 0.421
2266, 0.1956, 0.440
2267, 0.1699, 0.425
2268, 0.1785, 0.421
2269, 0.1439, 0.418
2270, 0.1352, 0.419
2271, 0.1725, 0.426
2272, 0.1445, 0.425
2273, 0.1644, 0.431
2274, 0.1685, 0.431
2275, 0.1548, 0.424
2276, 0.1902, 0.418
2277, 0.1619, 0.420
2278, 0.1506, 0.424
2279, 0.1570, 0.443
2280, 0.2026, 0.431
2281, 0.2442, 0.422
2282, 0.2173, 0.423
2283, 0.1846, 0.420
2284, 0.1862, 0.420
2285, 0.1287, 0.417
2286, 0.2085, 0.427
2287, 0.2025, 0.429
2288, 0.2085, 0.428
2289, 0.1831, 0.430
2290, 0.1950, 0.428
2291, 0.1123, 0.423
2292, 0.1374, 0.424
2293, 0.1896, 0.424
2294, 0.2314, 0.428
2295, 0.1724, 0.425
2296, 0.1668, 0.423
2297, 0.1328, 0.422
2298, 0.2001, 0.419
2299, 0.2003, 0.416
2300, 0.1492, 0.410
2301, 0.1530, 0.414
2302, 0.1455, 0.416
2303, 0.1526, 0.416
2304, 0.1736, 0.421
2305, 0.1186, 0.416
2306, 0.1189, 0.411
2307, 0.1975, 0.416
2308, 0.1325, 0.434
2309, 0.1527, 0.424
2310, 0.1426, 0.419
2311, 0.1721, 0.419
2312, 0.1687, 0.414
2313, 0.1542, 0.413
2314, 0.2436, 0.417
2315, 0.1636, 0.415
2316, 0.1746, 0.429
2317, 0.3401, 0.414
2318, 0.1935, 0.416
2319, 0.1370, 0.416
2320, 0.1148, 0.415
2321, 0.1004, 0.411
2322, 0.2028, 0.419
2323, 0.1712, 0.415
2324, 0.1781, 0.414
2325, 0.1800, 0.415
2326, 0.1848, 0.423
2327, 0.2859, 0.410
2328, 0.2153, 0.421
2329, 0.1174, 0.416
2330, 0.2812, 0.415
2331, 0.2005, 0.412
2332, 0.2072, 0.410
2333, 0.2159, 0.417
2334, 0.1618, 0.425
2335, 0.1864, 0.425
2336, 0.1813, 0.423
2337, 0.1978, 0.420
2338, 0.2417, 0.436
2339, 0.1484, 0.422
2340, 0.1686, 0.435
2341, 0.1138, 0.423
2342, 0.1377, 0.420
2343, 0.1548, 0.426
2344, 0.1877, 0.449
2345, 0.1895, 0.417
2346, 0.1895, 0.416
2347, 0.1826, 0.412
2348, 0.1628, 0.416
2349, 0.1488, 0.409
2350, 0.2277, 0.417
2351, 0.1267, 0.418
2352, 0.2563, 0.430
2353, 0.1004, 0.425
2354, 0.1286, 0.413
2355, 0.1804, 0.406
2356, 0.1308, 0.408
2357, 0.2179, 0.415
2358, 0.0611, 0.433
2359, 0.1904, 0.416
2360, 0.1161, 0.425
2361, 0.1469, 0.418
2362, 0.1719, 0.425
2363, 0.1840, 0.417
2364, 0.1083, 0.415
2365, 0.2158, 0.422
2366, 0.1414, 0.426
2367, 0.1483, 0.426
2368, 0.2083, 0.423
2369, 0.1916, 0.425
2370, 0.1641, 0.427
2371, 0.1933, 0.418
2372, 0.1016, 0.421
2373, 0.1879, 0.424
2374, 0.1653, 0.416
2375, 0.2819, 0.422
2376, 0.2367, 0.415
2377, 0.1386, 0.418
2378, 0.1143, 0.430
2379, 0.2197, 0.424
2380, 0.1567, 0.423
2381, 0.1504, 0.424
2382, 0.1795, 0.420
2383, 0.2290, 0.422
2384, 0.1260, 0.424
2385, 0.1889, 0.423
2386, 0.1783, 0.427
2387, 0.1621, 0.417
2388, 0.1287, 0.415
2389, 0.1611, 0.419
2390, 0.1627, 0.417
2391, 0.2258, 0.417
2392, 0.2376, 0.424
2393, 0.1783, 0.418
2394, 0.2642, 0.421
2395, 0.1275, 0.413
2396, 0.1600, 0.416
2397, 0.1463, 0.419
2398, 0.2444, 0.419
2399, 0.1549, 0.420
2400, 0.1302, 0.426
2401, 0.0733, 0.419
2402, 0.2438, 0.423
2403, 0.1656, 0.424
2404, 0.1452, 0.418
2405, 0.1819, 0.421
2406, 0.1721, 0.423
2407, 0.1761, 0.418
2408, 0.1392, 0.432
2409, 0.1231, 0.430
2410, 0.1521, 0.455
2411, 0.2147, 0.417
2412, 0.1404, 0.420
2413, 0.1432, 0.433
2414, 0.1747, 0.427
2415, 0.1200, 0.426
2416, 0.1361, 0.433
2417, 0.2265, 0.422
2418, 0.0970, 0.441
2419, 0.1370, 0.422
2420, 0.1510, 0.428
2421, 0.2460, 0.425
2422, 0.2675, 0.420
2423, 0.1654, 0.418
2424, 0.1294, 0.421
2425, 0.1656, 0.426
2426, 0.2077, 0.425
2427, 0.2287, 0.419
2428, 0.1368, 0.420
2429, 0.1111, 0.419
2430, 0.1694, 0.423
2431, 0.1043, 0.418
2432, 0.1369, 0.422
2433, 0.1523, 0.422
2434, 0.1747, 0.425
2435, 0.2045, 0.418
2436, 0.1341, 0.415
2437, 0.1921, 0.421
2438, 0.0908, 0.430
2439, 0.1732, 0.420
2440, 0.1669, 0.420
2441, 0.2257, 0.423
2442, 0.1901, 0.419
2443, 0.1647, 0.427
2444, 0.1728, 0.422
2445, 0.2104, 0.422
2446, 0.1459, 0.417
2447, 0.2404, 0.423
2448, 0.2074, 0.429
2449, 0.1751, 0.427
2450, 0.2280, 0.423
2451, 0.1813, 0.424
2452, 0.1503, 0.440
2453, 0.1541, 0.428
2454, 0.1819, 0.418
2455, 0.1833, 0.425
2456, 0.1315, 0.419
2457, 0.1165, 0.417
2458, 0.2089, 0.423
2459, 0.1854, 0.419
2460, 0.1292, 0.414
2461, 0.1611, 0.415
2462, 0.0827, 0.415
2463, 0.1629, 0.418
2464, 0.2138, 0.416
2465, 0.1227, 0.419
2466, 0.1072, 0.424
2467, 0.0914, 0.416
2468, 0.1681, 0.418
2469, 0.1292, 0.430
2470, 0.1248, 0.420
2471, 0.1770, 0.423
2472, 0.2178, 0.416
2473, 0.1250, 0.423
2474, 0.1187, 0.422
2475, 0.1350, 0.425
2476, 0.1741, 0.420
2477, 0.1877, 0.424
2478, 0.1968, 0.426
2479, 0.1623, 0.426
2480, 0.1789, 0.426
2481, 0.1177, 0.430
2482, 0.1951, 0.456
2483, 0.2082, 0.453
2484, 0.2325, 0.458
2485, 0.1673, 0.474
2486, 0.1286, 0.453
2487, 0.2178, 0.476
2488, 0.1913, 0.462
2489, 0.1310, 0.425
2490, 0.1574, 0.424
2491, 0.1750, 0.423
2492, 0.2049, 0.433
2493, 0.1710, 0.425
2494, 0.1830, 0.429
2495, 0.1071, 0.426
2496, 0.1439, 0.473
2497, 0.1335, 0.527
2498, 0.2254, 0.421
2499, 0.2015, 0.441
2500, 0.1486, 0.459
2501, 0.1756, 0.464
2502, 0.1631, 0.430
2503, 0.2815, 0.429
2504, 0.1613, 0.431
2505, 0.1139, 0.420
2506, 0.0804, 0.425
2507, 0.1174, 0.425
2508, 0.1512, 0.421
2509, 0.1440, 0.422
2510, 0.1228, 0.420
2511, 0.1436, 0.442
2512, 0.1527, 0.437
2513, 0.1615, 0.426
2514, 0.0991, 0.423
2515, 0.1821, 0.423
2516, 0.2217, 0.423
2517, 0.1747, 0.422
2518, 0.1898, 0.428
2519, 0.1471, 0.418
2520, 0.1398, 0.421
2521, 0.1937, 0.416
2522, 0.2077, 0.419
2523, 0.1749, 0.420
2524, 0.1554, 0.417
2525, 0.1208, 0.420
2526, 0.1275, 0.411
2527, 0.1319, 0.417
2528, 0.1897, 0.412
2529, 0.2037, 0.418
2530, 0.2117, 0.422
2531, 0.2014, 0.414
2532, 0.0782, 0.412
2533, 0.1254, 0.425
2534, 0.2055, 0.422
2535, 0.1397, 0.420
2536, 0.1269, 0.428
2537, 0.1696, 0.416
2538, 0.1213, 0.426
2539, 0.1279, 0.420
2540, 0.1882, 0.417
2541, 0.1458, 0.420
2542, 0.1329, 0.415
2543, 0.1532, 0.415
2544, 0.1087, 0.415
2545, 0.1365, 0.418
2546, 0.1195, 0.417
2547, 0.0985, 0.417
2548, 0.1435, 0.420
2549, 0.1466, 0.420
2550, 0.1813, 0.431
2551, 0.2073, 0.425
2552, 0.1560, 0.423
2553, 0.1185, 0.425
2554, 0.2153, 0.434
2555, 0.1694, 0.421
2556, 0.1431, 0.420
2557, 0.1711, 0.419
2558, 0.0970, 0.416
2559, 0.1752, 0.416
2560, 0.2316, 0.416
2561, 0.1368, 0.430
2562, 0.1931, 0.423
2563, 0.1887, 0.416
2564, 0.1652, 0.419
2565, 0.1473, 0.422
2566, 0.1585, 0.424
2567, 0.2191, 0.423
2568, 0.1818, 0.417
2569, 0.2060, 0.431
2570, 0.1196, 0.427
2571, 0.1834, 0.429
2572, 0.1865, 0.423
2573, 0.2011, 0.436
2574, 0.1508, 0.421
2575, 0.1866, 0.417
2576, 0.2080, 0.414
2577, 0.1256, 0.419
2578, 0.1907, 0.427
2579, 0.1605, 0.419
2580, 0.1578, 0.424
2581, 0.1764, 0.418
2582, 0.0883, 0.430
2583, 0.2190, 0.420
2584, 0.1704, 0.419
2585, 0.1979, 0.439
2586, 0.1381, 0.425
2587, 0.1852, 0.427
2588, 0.2016, 0.428
2589, 0.1545, 0.425
2590, 0.2211, 0.418
2591, 0.1611, 0.435
2592, 0.1492, 0.421
2593, 0.1436, 0.421
2594, 0.1360, 0.422
2595, 0.1268, 0.418
2596, 0.1463, 0.435
2597, 0.1745, 0.416
2598, 0.1091, 0.424
2599, 0.1465, 0.418
2600, 0.1015, 0.421
2601, 0.1703, 0.420
2602, 0.1520, 0.420
2603, 0.1927, 0.431
2604, 0.1714, 0.425
2605, 0.1507, 0.424
2606, 0.1441, 0.423
2607, 0.1881, 0.420
2608, 0.2198, 0.417
2609, 0.1318, 0.423
2610, 0.2326, 0.509
2611, 0.2407, 0.423
2612, 0.1567, 0.428
2613, 0.1214, 0.424
2614, 0.1864, 0.425
2615, 0.2058, 0.425
2616, 0.1291, 0.422
2617, 0.1899, 0.420
2618, 0.1813, 0.434
2619, 0.2063, 0.425
2620, 0.2325, 0.425
2621, 0.1934, 0.431
2622, 0.1311, 0.428
2623, 0.0952, 0.423
2624, 0.1613, 0.418
2625, 0.1747, 0.417
2626, 0.1663, 0.418
2627, 0.0923, 0.414
2628, 0.1487, 0.425
2629, 0.1864, 0.415
2630, 0.2130, 0.418
2631, 0.1696, 0.483
2632, 0.1724, 0.417
2633, 0.1330, 0.426
2634, 0.1970, 0.412
2635, 0.1967, 0.412
2636, 0.2252, 0.412
2637, 0.2029, 0.419
2638, 0.1211, 0.423
2639, 0.1250, 0.451
2640, 0.2307, 0.450
2641, 0.1847, 0.459
2642, 0.1237, 0.426
2643, 0.1667, 0.424
2644, 0.1405, 0.418
2645, 0.2015, 0.425
2646, 0.1435, 0.431
2647, 0.1071, 0.423
2648, 0.1501, 0.434
2649, 0.1451, 0.431
2650, 0.1247, 0.423
2651, 0.1233, 0.418
2652, 0.0743, 0.419
2653, 0.2289, 0.422
2654, 0.1308, 0.417
2655, 0.2224, 0.415
2656, 0.1925, 0.418
2657, 0.1870, 0.418
2658, 0.1828, 0.421
2659, 0.1851, 0.416
2660, 0.0995, 0.433
2661, 0.2126, 0.421
2662, 0.1847, 0.432
2663, 0.1503, 0.429
2664, 0.1706, 0.431
2665, 0.2069, 0.431
2666, 0.1171, 0.427
2667, 0.1755, 0.426
2668, 0.1760, 0.426
2669, 0.1483, 0.422
2670, 0.2136, 0.421
2671, 0.2038, 0.418
2672, 0.1461, 0.421
2673, 0.1766, 0.418
2674, 0.1958, 0.418
2675, 0.1699, 0.416
2676, 0.1501, 0.419
2677, 0.1431, 0.434
2678, 0.1757, 0.417
2679, 0.1809, 0.428
2680, 0.1319, 0.431
2681, 0.1493, 0.423
2682, 0.2786, 0.419
2683, 0.1494, 0.419
2684, 0.0943, 0.419
2685, 0.2148, 0.418
2686, 0.2225, 0.420
2687, 0.0720, 0.417
2688, 0.1772, 0.416
2689, 0.2684, 0.419
2690, 0.1946, 0.431
2691, 0.2039, 0.420
2692, 0.1907, 0.421
2693, 0.1152, 0.420
2694, 0.1231, 0.426
2695, 0.2159, 0.437
2696, 0.1066, 0.437
2697, 0.1328, 0.421
2698, 0.2222, 0.425
2699, 0.1442, 0.420
2700, 0.4860, 0.420
2701, 0.1650, 0.418
2702, 0.1741, 0.417
2703, 0.1349, 0.434
2704, 0.1821, 0.417
2705, 0.1873, 0.432
2706, 0.1807, 0.418
2707, 0.1235, 0.421
2708, 0.1920, 0.421
2709, 0.2531, 0.431
2710, 0.1432, 0.482
2711, 0.1710, 0.465
2712, 0.1525, 0.453
2713, 0.1550, 0.423
2714, 0.1195, 0.420
2715, 0.1664, 0.472
2716, 0.1986, 0.424
2717, 0.1579, 0.423
2718, 0.1954, 0.424
2719, 0.1694, 0.422
2720, 0.1185, 0.419
2721, 0.1847, 0.435
2722, 0.1463, 0.419
2723, 0.1203, 0.420
2724, 0.1528, 0.428
2725, 0.1336, 0.432
2726, 0.1837, 0.426
2727, 0.2123, 0.417
2728, 0.1593, 0.417
2729, 0.1689, 0.418
2730, 0.1328, 0.412
2731, 0.1075, 0.420
2732, 0.1189, 0.457
2733, 0.2115, 0.451
2734, 0.2160, 0.451
2735, 0.2114, 0.465
2736, 0.2196, 0.417
2737, 0.2010, 0.415
2738, 0.1391, 0.411
2739, 0.0729, 0.418
2740, 0.1517, 0.423
2741, 0.0931, 0.423
2742, 0.1752, 0.415
2743, 0.1131, 0.437
2744, 0.1381, 0.424
2745, 0.1270, 0.433
2746, 0.1583, 0.426
2747, 0.2160, 0.424
2748, 0.2527, 0.430
2749, 0.1697, 0.428
2750, 0.1049, 0.428
2751, 0.1725, 0.430
2752, 0.1907, 0.431
2753, 0.2093, 0.429
2754, 0.2070, 0.416
2755, 0.2030, 0.423
2756, 0.1799, 0.425
2757, 0.1426, 0.425
2758, 0.1435, 0.427
2759, 0.1590, 0.427
2760, 0.1409, 0.422
2761, 0.1738, 0.419
2762, 0.1536, 0.421
2763, 0.1405, 0.417
2764, 0.1748, 0.415
2765, 0.1461, 0.422
2766, 0.2069, 0.422
2767, 0.1384, 0.450
2768, 0.1727, 0.453
2769, 0.1395, 0.456
2770, 0.1365, 0.418
2771, 0.1173, 0.418
2772, 0.1450, 0.440
2773, 0.1237, 0.423
2774, 0.1495, 0.421
2775, 0.2333, 0.423
2776, 0.1892, 0.426
2777, 0.1954, 0.418
2778, 0.0946, 0.424
2779, 0.1351, 0.419
2780, 0.1919, 0.420
2781, 0.1499, 0.417
2782, 0.1496, 0.417
2783, 0.1517, 0.417
2784, 0.1992, 0.431
2785, 0.1881, 0.419
2786, 0.1012, 0.425
2787, 0.2831, 0.425
2788, 0.1187, 0.424
2789, 0.1813, 0.423
2790, 0.2283, 0.432
2791, 0.1996, 0.417
2792, 0.0963, 0.420
2793, 0.2005, 0.420
2794, 0.1414, 0.417
2795, 0.1648, 0.416
2796, 0.1439, 0.416
2797, 0.2523, 0.418
2798, 0.1108, 0.432
2799, 0.1891, 0.418
2800, 0.0859, 0.428
2801, 0.1218, 0.407
2802, 0.1246, 0.422
2803, 0.0597, 0.427
2804, 0.2089, 0.423
2805, 0.1538, 0.439
2806, 0.1235, 0.433
2807, 0.1044, 0.428
2808, 0.0920, 0.424
2809, 0.1416, 0.435
2810, 0.1144, 0.475
2811, 0.2079, 0.426
2812, 0.1926, 0.429
2813, 0.1573, 0.427
2814, 0.1781, 0.423
2815, 0.2133, 0.438
2816, 0.1618, 0.420
2817, 0.2136, 0.437
2818, 0.1864, 0.420
2819, 0.1660, 0.442
2820, 0.1019, 0.424
2821, 0.2085, 0.429
2822, 0.1825, 0.427
2823, 0.1543, 0.434
2824, 0.1564, 0.419
2825, 0.1660, 0.419
2826, 0.1173, 0.422
2827, 0.1559, 0.423
2828, 0.1764, 0.418
2829, 0.1487, 0.415
2830, 0.1377, 0.418
2831, 0.0931, 0.410
2832, 0.0741, 0.413
2833, 0.1482, 0.419
2834, 0.1147, 0.415
2835, 0.1482, 0.417
2836, 0.1567, 0.424
2837, 0.1557, 0.421
2838, 0.1293, 0.422
2839, 0.2061, 0.419
2840, 0.1207, 0.417
2841, 0.1758, 0.420
2842, 0.1353, 0.418
2843, 0.1427, 0.425
2844, 0.2310, 0.424
2845, 0.0948, 0.423
2846, 0.1401, 0.426
2847, 0.2228, 0.423
2848, 0.1128, 0.425
2849, 0.1607, 0.429
2850, 0.1090, 0.453
2851, 0.1517, 0.451
2852, 0.1338, 0.457
2853, 0.1288, 0.466
2854, 0.1559, 0.469
2855, 0.1424, 0.463
2856, 0.1620, 0.452
2857, 0.2082, 0.427
2858, 0.2429, 0.426
2859, 0.2115, 0.467
2860, 0.1673, 0.462
2861, 0.1823, 0.480
2862, 0.1392, 0.422
2863, 0.1441, 0.423
2864, 0.1139, 0.425
2865, 0.2160, 0.430
2866, 0.1278, 0.422
2867, 0.1052, 0.433
2868, 0.1733, 0.446
2869, 0.1761, 0.438
2870, 0.1592, 0.429
2871, 0.1347, 0.426
2872, 0.1418, 0.425
2873, 0.1772, 0.437
2874, 0.1443, 0.423
2875, 0.0923, 0.415
2876, 0.1099, 0.425
2877, 0.1524, 0.428
2878, 0.1301, 0.432
2879, 0.1934, 0.425
2880, 0.1388, 0.426
2881, 0.1476, 0.429
2882, 0.1811, 0.422
2883, 0.1501, 0.419
2884, 0.1212, 0.419
2885, 0.0902, 0.424
2886, 0.1638, 0.417
2887, 0.1574, 0.424
2888, 0.1398, 0.425
2889, 0.1303, 0.430
2890, 0.1562, 0.428
2891, 0.1878, 0.419
2892, 0.1593, 0.421
2893, 0.1173, 0.419
2894, 0.1555, 0.417
2895, 0.2691, 0.432
2896, 0.1891, 0.428
2897, 0.3039, 0.418
2898, 0.1460, 0.419
2899, 0.1620, 0.415
2900, 0.1251, 0.420
2901, 0.1601, 0.434
2902, 0.1400, 0.422
2903, 0.2169, 0.422
2904, 0.1435, 0.419
2905, 0.1267, 0.420
2906, 0.2094, 0.439
2907, 0.1527, 0.421
2908, 0.1902, 0.418
2909, 0.1599, 0.427
2910, 0.1676, 0.420
2911, 0.1758, 0.423
2912, 0.1436, 0.423
2913, 0.2099, 0.416
2914, 0.1438, 0.423
2915, 0.1387, 0.432
2916, 0.1524, 0.419
2917, 0.1266, 0.420
2918, 0.1492, 0.419
2919, 0.1521, 0.419
2920, 0.1474, 0.434
2921, 0.0844, 0.432
2922, 0.1201, 0.439
2923, 0.1298, 0.417
2924, 0.1023, 0.419
2925, 0.1110, 0.435
2926, 0.1514, 0.432
2927, 0.0651, 0.424
2928, 0.1605, 0.417
2929, 0.1270, 0.418
2930, 0.1640, 0.483
2931, 0.0911, 0.419
2932, 0.0478, 0.425
2933, 0.0506, 0.441
2934, 0.1320, 0.422
2935, 0.1123, 0.426
2936, 0.1439, 0.423
2937, 0.1793, 0.426
2938, 0.0961, 0.423
2939, 0.0623, 0.431
2940, 0.1044, 0.423
2941, 0.1232, 0.422
2942, 0.1064, 0.423
2943, 0.1551, 0.419
2944, 0.2040, 0.423
2945, 0.1436, 0.428
2946, 0.0968, 0.429
2947, 0.2514, 0.417
2948, 0.1579, 0.423
2949, 0.1881, 0.415
2950, 0.1952, 0.417
2951, 0.1544, 0.418
2952, 0.2090, 0.420
2953, 0.2047, 0.426
2954, 0.1245, 0.422
2955, 0.1984, 0.426
2956, 0.1260, 0.419
2957, 0.1506, 0.418
2958, 0.1612, 0.423
2959, 0.1521, 0.427
2960, 0.1135, 0.417
2961, 0.1785, 0.416
2962, 0.1140, 0.415
2963, 0.1283, 0.415
2964, 0.1592, 0.422
2965, 0.2409, 0.413
2966, 0.1413, 0.420
2967, 0.0954, 0.431
2968, 0.2008, 0.417
2969, 0.1498, 0.419
2970, 0.1089, 0.425
2971, 0.1443, 0.424
2972, 0.1436, 0.435
2973, 0.1451, 0.421
2974, 0.1299, 0.427
2975, 0.1143, 0.417
2976, 0.1429, 0.418
2977, 0.1661, 0.427
2978, 0.2734, 0.416
2979, 0.2052, 0.419
2980, 0.1927, 0.415
2981, 0.1199, 0.417
2982, 0.1476, 0.417
2983, 0.0740, 0.415
2984, 0.1495, 0.428
2985, 0.1640, 0.434
2986, 0.0995, 0.432
2987, 0.0761, 0.424
2988, 0.1950, 0.419
2989, 0.1512, 0.420
2990, 0.1995, 0.418
2991, 0.1372, 0.414
2992, 0.1686, 0.431
2993, 0.1398, 0.417
2994, 0.1182, 0.418
2995, 0.1738, 0.419
2996, 0.2591, 0.424
2997, 0.1499, 0.418
2998, 0.2038, 0.422
2999, 0.0743, 0.417
3000, 0.1260, 0.420
3001, 0.1288, 0.411
3002, 0.1083, 0.423
3003, 0.1804, 0.425
3004, 0.2085, 0.421
3005, 0.1596, 0.420
3006, 0.1238, 0.435
3007, 0.1256, 0.435
3008, 0.0977, 0.419
3009, 0.2170, 0.422
3010, 0.1277, 0.449
3011, 0.1911, 0.424
3012, 0.1182, 0.436
3013, 0.1570, 0.437
3014, 0.1096, 0.419
3015, 0.1877, 0.442
3016, 0.1356, 0.419
3017, 0.1269, 0.427
3018, 0.1665, 0.439
3019, 0.1868, 0.421
3020, 0.1445, 0.426
3021, 0.1961, 0.428
3022, 0.1716, 0.425
3023, 0.1372, 0.413
3024, 0.1476, 0.411
3025, 0.1377, 0.413
3026, 0.1384, 0.419
3027, 0.1454, 0.417
3028, 0.2084, 0.426
3029, 0.0655, 0.425
3030, 0.1317, 0.462
3031, 0.1518, 0.458
3032, 0.1766, 0.457
3033, 0.2049, 0.461
3034, 0.1832, 0.478
3035, 0.1165, 0.454
3036, 0.1609, 0.460
3037, 0.1467, 0.446
3038, 0.1534, 0.452
3039, 0.2220, 0.443
3040, 0.1162, 0.410
3041, 0.1360, 0.427
3042, 0.0580, 0.417
3043, 0.1844, 0.415
3044, 0.0780, 0.414
3045, 0.1527, 0.410
3046, 0.1882, 0.423
3047, 0.1296, 0.421
3048, 0.2108, 0.425
3049, 0.1384, 0.416
3050, 0.1560, 0.418
3051, 0.2339, 0.417
3052, 0.1176, 0.418
3053, 0.1184, 0.419
3054, 0.1275, 0.427
3055, 0.1204, 0.415
3056, 0.1555, 0.425
3057, 0.2055, 0.414
3058, 0.1339, 0.417
3059, 0.1122, 0.434
3060, 0.1877, 0.416
3061, 0.1589, 0.414
3062, 0.1855, 0.419
3063, 0.1394, 0.414
3064, 0.2291, 0.411
3065, 0.1543, 0.407
3066, 0.1317, 0.407
3067, 0.1076, 0.409
3068, 0.1514, 0.423
3069, 0.2008, 0.410
3070, 0.0953, 0.409
3071, 0.1174, 0.412
3072, 0.1148, 0.420
3073, 0.1718, 0.421
3074, 0.1286, 0.425
3075, 0.1591, 0.425
3076, 0.1593, 0.424
3077, 0.1772, 0.420
3078, 0.1472, 0.421
3079, 0.1189, 0.423
3080, 0.1272, 0.422
3081, 0.1395, 0.413
3082, 0.1606, 0.416
3083, 0.1893, 0.422
3084, 0.1424, 0.419
3085, 0.1960, 0.420
3086, 0.2096, 0.418
3087, 0.2084, 0.421
3088, 0.2273, 0.419
3089, 0.1989, 0.424
3090, 0.1678, 0.438
3091, 0.1473, 0.432
3092, 0.1645, 0.426
3093, 0.1349, 0.421
3094, 0.1948, 0.424
3095, 0.1587, 0.420
3096, 0.1310, 0.424
3097, 0.1035, 0.424
3098, 0.1232, 0.416
3099, 0.1906, 0.417
3100, 0.0993, 0.434
3101, 0.0640, 0.419
3102, 0.1372, 0.419
3103, 0.1369, 0.425
3104, 0.2292, 0.425
3105, 0.2112, 0.430
3106, 0.1023, 0.423
3107, 0.2131, 0.422
3108, 0.1752, 0.423
3109, 0.1750, 0.418
3110, 0.1120, 0.419
3111, 0.2223, 0.426
3112, 0.1614, 0.425
3113, 0.0753, 0.422
3114, 0.1481, 0.420
3115, 0.1523, 0.420
3116, 0.1861, 0.428
3117, 0.2446, 0.423
3118, 0.1394, 0.418
3119, 0.1458, 0.417
3120, 0.1529, 0.420
3121, 0.2277, 0.417
3122, 0.1377, 0.420
3123, 0.1021, 0.439
3124, 0.1836, 0.427
3125, 0.0837, 0.423
3126, 0.1425, 0.422
3127, 0.1383, 0.423
3128, 0.1232, 0.425
3129, 0.1965, 0.419
3130, 0.1305, 0.433
3131, 0.1046, 0.421
3132, 0.1357, 0.418
3133, 0.1767, 0.423
3134, 0.1287, 0.427
3135, 0.2317, 0.426
3136, 0.1430, 0.416
3137, 0.2405, 0.421
3138, 0.1304, 0.422
3139, 0.1962, 0.418
3140, 0.1995, 0.428
3141, 0.1525, 0.518
3142, 0.1275, 0.427
3143, 0.1601, 0.426
3144, 0.2011, 0.418
3145, 0.2035, 0.419
3146, 0.1870, 0.417
3147, 0.1099, 0.418
3148, 0.1251, 0.427
3149, 0.1654, 0.418
3150, 0.1845, 0.415
3151, 0.1309, 0.418
3152, 0.1396, 0.420
3153, 0.2470, 0.499
3154, 0.1202, 0.417
3155, 0.1310, 0.423
3156, 0.0835, 0.421
3157, 0.1280, 0.421
3158, 0.1252, 0.425
3159, 0.1622, 0.428
3160, 0.1330, 0.423
3161, 0.2786, 0.415
3162, 0.2138, 0.416
3163, 0.1268, 0.418
3164, 0.0790, 0.422
3165, 0.1065, 0.418
3166, 0.1069, 0.421
3167, 0.0485, 0.430
3168, 0.0589, 0.428
3169, 0.0964, 0.421
3170, 0.0876, 0.424
3171, 0.1387, 0.413
3172, 0.1439, 0.422
3173, 0.1845, 0.417
3174, 0.2010, 0.421
3175, 0.1491, 0.421
3176, 0.1823, 0.419
3177, 0.1887, 0.415
3178, 0.1407, 0.435
3179, 0.1411, 0.421
3180, 0.1836, 0.430
3181, 0.2153, 0.415
3182, 0.1697, 0.419
3183, 0.1647, 0.418
3184, 0.2034, 0.420
3185, 0.1892, 0.422
3186, 0.1417, 0.418
3187, 0.0739, 0.416
3188, 0.1214, 0.414
3189, 0.0924, 0.417
3190, 0.0624, 0.418
3191, 0.2418, 0.420
3192, 0.1935, 0.420
3193, 0.1187, 0.420
3194, 0.1218, 0.418
3195, 0.1380, 0.418
3196, 0.0788, 0.424
3197, 0.1332, 0.419
3198, 0.2096, 0.433
3199, 0.2239, 0.423
3200, 0.1090, 0.430
3201, 0.1924, 0.410
3202, 0.2440, 0.423
3203, 0.0890, 0.419
3204, 0.0487, 0.417
3205, 0.1238, 0.421
3206, 0.1550, 0.436
3207, 0.2476, 0.428
3208, 0.1534, 0.431
3209, 0.2243, 0.425
3210, 0.1747, 0.435
3211, 0.1084, 0.464
3212, 0.1949, 0.426
3213, 0.0978, 0.418
3214, 0.1507, 0.423
3215, 0.1278, 0.428
3216, 0.1334, 0.429
3217, 0.1845, 0.422
3218, 0.0733, 0.423
3219, 0.1093, 0.460
3220, 0.1166, 0.463
3221, 0.1393, 0.466
3222, 0.2186, 0.460
3223, 0.2225, 0.454
3224, 0.1853, 0.459
3225, 0.1474, 0.454
3226, 0.1119, 0.455
3227, 0.1152, 0.424
3228, 0.0824, 0.427
3229, 0.0860, 0.419
3230, 0.1566, 0.451
3231, 0.1733, 0.451
3232, 0.0756, 0.452
3233, 0.1216, 0.453
3234, 0.1029, 0.425
3235, 0.1643, 0.425
3236, 0.1058, 0.429
3237, 0.1757, 0.426
3238, 0.1659, 0.420
3239, 0.1472, 0.428
3240, 0.1726, 0.431
3241, 0.1721, 0.430
3242, 0.1742, 0.428
3243, 0.0889, 0.420
3244, 0.1029, 0.416
3245, 0.1164, 0.416
3246, 0.1082, 0.425
3247, 0.1604, 0.421
3248, 0.1465, 0.427
3249, 0.1516, 0.423
3250, 0.2001, 0.415
3251, 0.1384, 0.415
3252, 0.1304, 0.422
3253, 0.1795, 0.418
3254, 0.1906, 0.413
3255, 0.1623, 0.412
3256, 0.2350, 0.411
3257, 0.1944, 0.415
3258, 0.1737, 0.417
3259, 0.1823, 0.447
3260, 0.1214, 0.450
3261, 0.1382, 0.446
3262, 0.1477, 0.447
3263, 0.1445, 0.444
3264, 0.1660, 0.448
3265, 0.2197, 0.453
3266, 0.0941, 0.447
3267, 0.1498, 0.449
3268, 0.2257, 0.465
3269, 0.1587, 0.448
3270, 0.1629, 0.450
3271, 0.1361, 0.450
3272, 0.1342, 0.461
3273, 0.1728, 0.417
3274, 0.1851, 0.446
3275, 0.2513, 0.450
3276, 0.1441, 0.451
3277, 0.1748, 0.452
3278, 0.1230, 0.448
3279, 0.1147, 0.444
3280, 0.1749, 0.449
3281, 0.1294, 0.446
3282, 0.1573, 0.441
3283, 0.1862, 0.441
3284, 0.2042, 0.444
3285, 0.2311, 0.421
3286, 0.1437, 0.489
3287, 0.1746, 0.419
3288, 0.2022, 0.431
3289, 0.1440, 0.423
3290, 0.2362, 0.418
3291, 0.1800, 0.418
3292, 0.1894, 0.421
3293, 0.0576, 0.422
3294, 0.1221, 0.417
3295, 0.0831, 0.422
3296, 0.1338, 0.430
3297, 0.0951, 0.427
3298, 0.1010, 0.432
3299, 0.1544, 0.419
3300, 0.1635, 0.427
3301, 0.1238, 0.428
3302, 0.1790, 0.427
3303, 0.1548, 0.424
3304, 0.1623, 0.423
3305, 0.1601, 0.422
3306, 0.1487, 0.420
3307, 0.2618, 0.418
3308, 0.1053, 0.416
3309, 0.1351, 0.417
3310, 0.1253, 0.422
3311, 0.1707, 0.427
3312, 0.1465, 0.418
3313, 0.1917, 0.419
3314, 0.1275, 0.431
3315, 0.1726, 0.421
3316, 0.1694, 0.424
3317, 0.1585, 0.421
3318, 0.1777, 0.422
3319, 0.0649, 0.423
3320, 0.2143, 0.432
3321, 0.1314, 0.430
3322, 0.2082, 0.428
3323, 0.1754, 0.420
3324, 0.1363, 0.425
3325, 0.2199, 0.425
3326, 0.1680, 0.428
3327, 0.1125, 0.422
3328, 0.1293, 0.425
3329, 0.0877, 0.424
3330, 0.1645, 0.426
3331, 0.2244, 0.421
3332, 0.2412, 0.428
3333, 0.1700, 0.455
3334, 0.1693, 0.461
3335, 0.1630, 0.430
3336, 0.1490, 0.422
3337, 0.1309, 0.425
3338, 0.1334, 0.444
3339, 0.1458, 0.457
3340, 0.1202, 0.414
3341, 0.1762, 0.417
3342, 0.1229, 0.420
3343, 0.1430, 0.415
3344, 0.1010, 0.414
3345, 0.1327, 0.416
3346, 0.1497, 0.415
3347, 0.2569, 0.417
3348, 0.1725, 0.417
3349, 0.1505, 0.419
3350, 0.1444, 0.419
3351, 0.1099, 0.420
3352, 0.1077, 0.417
3353, 0.1312, 0.428
3354, 0.1688, 0.429
3355, 0.1892, 0.425
3356, 0.1333, 0.424
3357, 0.2475, 0.433
3358, 0.1959, 0.419
3359, 0.1720, 0.420
3360, 0.1045, 0.420
3361, 0.1291, 0.422
3362, 0.1510, 0.428
3363, 0.0984, 0.421
3364, 0.1658, 0.420
3365, 0.1488, 0.421
3366, 0.2050, 0.432
3367, 0.1265, 0.485
3368, 0.0989, 0.420
3369, 0.1079, 0.423
3370, 0.2022, 0.421
3371, 0.1832, 0.417
3372, 0.1132, 0.419
3373, 0.1011, 0.425
3374, 0.0607, 0.417
3375, 0.0916, 0.419
3376, 0.0556, 0.416
3377, 0.1568, 0.427
3378, 0.1220, 0.421
3379, 0.1144, 0.417
3380, 0.1346, 0.420
3381, 0.1899, 0.427
3382, 0.2085, 0.421
3383, 0.0966, 0.419
3384, 0.0762, 0.422
3385, 0.1456, 0.431
3386, 0.1066, 0.418
3387, 0.0705, 0.421
3388, 0.1478, 0.421
3389, 0.1078, 0.420
3390, 0.1490, 0.427
3391, 0.1232, 0.417
3392, 0.1321, 0.418
3393, 0.1255, 0.424
3394, 0.1283, 0.423
3395, 0.1911, 0.424
3396, 0.1396, 0.419
3397, 0.1472, 0.426
3398, 0.1089, 0.421
3399, 0.1113, 0.417
3400, 0.1646, 0.418
3401, 0.2881, 0.414
3402, 0.1399, 0.430
3403, 0.1049, 0.430
3404, 0.1156, 0.421
3405, 0.1648, 0.441
3406, 0.0966, 0.438
3407, 0.0909, 0.419
3408, 0.2707, 0.419
3409, 0.2168, 0.436
3410, 0.1080, 0.436
3411, 0.1286, 0.438
3412, 0.1180, 0.426
3413, 0.2091, 0.422
3414, 0.0903, 0.430
3415, 0.1173, 0.426
3416, 0.2369, 0.423
3417, 0.1119, 0.419
3418, 0.0993, 0.443
3419, 0.0943, 0.438
3420, 0.1607, 0.429
3421, 0.0713, 0.424
3422, 0.1643, 0.427
3423, 0.1532, 0.423
3424, 0.1038, 0.415
3425, 0.1432, 0.424
3426, 0.1213, 0.420
3427, 0.1402, 0.440
3428, 0.1352, 0.425
3429, 0.2423, 0.424
3430, 0.1869, 0.426
3431, 0.1803, 0.422
3432, 0.1380, 0.418
3433, 0.1925, 0.425
3434, 0.1510, 0.422
3435, 0.2247, 0.425
3436, 0.0930, 0.426
3437, 0.1215, 0.423
3438, 0.2006, 0.440
3439, 0.1325, 0.422
3440, 0.1599, 0.424
3441, 0.1450, 0.418
3442, 0.1278, 0.421
3443, 0.0993, 0.426
3444, 0.1051, 0.425
3445, 0.1240, 0.421
3446, 0.2569, 0.421
3447, 0.2333, 0.420
3448, 0.1405, 0.421
3449, 0.1345, 0.423
3450, 0.1092, 0.422
3451, 0.1462, 0.435
3452, 0.1093, 0.419
3453, 0.0910, 0.424
3454, 0.1179, 0.431
3455, 0.1578, 0.420
3456, 0.1578, 0.425
3457, 0.1449, 0.417
3458, 0.1470, 0.416
3459, 0.0746, 0.425
3460, 0.1698, 0.417
3461, 0.1469, 0.415
3462, 0.1403, 0.420
3463, 0.1856, 0.417
3464, 0.2434, 0.413
3465, 0.2086, 0.415
3466, 0.0922, 0.415
3467, 0.2223, 0.451
3468, 0.0818, 0.427
3469, 0.1256, 0.428
3470, 0.2245, 0.415
3471, 0.1697, 0.417
3472, 0.1240, 0.412
3473, 0.1021, 0.415
3474, 0.1530, 0.415
3475, 0.0587, 0.412
3476, 0.1294, 0.430
3477, 0.1207, 0.426
3478, 0.1730, 0.414
3479, 0.1608, 0.417
3480, 0.1391, 0.418
3481, 0.0712, 0.414
3482, 0.1344, 0.419
3483, 0.1520, 0.418
3484, 0.1174, 0.422
3485, 0.1248, 0.426
3486, 0.1496, 0.418
3487, 0.2067, 0.415
3488, 0.1163, 0.418
3489, 0.1246, 0.412
3490, 0.1875, 0.417
3491, 0.1857, 0.424
3492, 0.0834, 0.420
3493, 0.0722, 0.424
3494, 0.1525, 0.413
3495, 0.1429, 0.418
3496, 0.1548, 0.419
3497, 0.1495, 0.414
3498, 0.2714, 0.416
3499, 0.1402, 0.419
3500, 0.1280, 0.421
3501, 0.2113, 0.421
3502, 0.2284, 0.414
3503, 0.1768, 0.496
3504, 0.1391, 0.410
3505, 0.1988, 0.408
3506, 0.1682, 0.413
3507, 0.1644, 0.411
3508, 0.1585, 0.412
3509, 0.1773, 0.410
3510, 0.1002, 0.416
3511, 0.1680, 0.412
3512, 0.1362, 0.430
3513, 0.1338, 0.418
3514, 0.1511, 0.421
3515, 0.3022, 0.422
3516, 0.1835, 0.417
3517, 0.1015, 0.414
3518, 0.1314, 0.431
3519, 0.1383, 0.415
3520, 0.1247, 0.425
3521, 0.1427, 0.429
3522, 0.1227, 0.427
3523, 0.1371, 0.419
3524, 0.1269, 0.425
3525, 0.1399, 0.420
3526, 0.1214, 0.426
3527, 0.0792, 0.437
3528, 0.1447, 0.416
3529, 0.1983, 0.426
3530, 0.2064, 0.420
3531, 0.1093, 0.418
3532, 0.2073, 0.418
3533, 0.1613, 0.422
3534, 0.1000, 0.420
3535, 0.2425, 0.427
3536, 0.2001, 0.419
3537, 0.1264, 0.424
3538, 0.1245, 0.422
3539, 0.1987, 0.418
3540, 0.1416, 0.420
3541, 0.2150, 0.421
3542, 0.1408, 0.420
3543, 0.1888, 0.415
3544, 0.1012, 0.415
3545, 0.1373, 0.426
3546, 0.0786, 0.454
3547, 0.1848, 0.417
3548, 0.1430, 0.418
3549, 0.1227, 0.417
3550, 0.1280, 0.420
3551, 0.0965, 0.424
3552, 0.2162, 0.421
3553, 0.1541, 0.417
3554, 0.1207, 0.416
3555, 0.0904, 0.415
3556, 0.2009, 0.416
3557, 0.1420, 0.418
3558, 0.1568, 0.416
3559, 0.1885, 0.416
3560, 0.2032, 0.417
3561, 0.1631, 0.422
3562, 0.1643, 0.423
3563, 0.1766, 0.423
3564, 0.1027, 0.420
3565, 0.1717, 0.417
3566, 0.1582, 0.419
3567, 0.1608, 0.422
3568, 0.2974, 0.424
3569, 0.1231, 0.425
3570, 0.1577, 0.422
3571, 0.1840, 0.415
3572, 0.2020, 0.419
3573, 0.1179, 0.420
3574, 0.1030, 0.424
3575, 0.2026, 0.418
3576, 0.1493, 0.417
3577, 0.1600, 0.421
3578, 0.1261, 0.422
3579, 0.1894, 0.424
3580, 0.2273, 0.422
3581, 0.2118, 0.418
3582, 0.1478, 0.421
3583, 0.1330, 0.421
3584, 0.1264, 0.449
3585, 0.0953, 0.416
3586, 0.1429, 0.417
3587, 0.1694, 0.416
3588, 0.1045, 0.416
3589, 0.0677, 0.420
3590, 0.1587, 0.418
3591, 0.1497, 0.422
3592, 0.2022, 0.418
3593, 0.1671, 0.425
3594, 0.1708, 0.439
3595, 0.0925, 0.420
3596, 0.1584, 0.421
3597, 0.2243, 0.419
3598, 0.1917, 0.419
3599, 0.1634, 0.422
3600, 0.0924, 0.417
3601, 0.1885, 0.408
3602, 0.2005, 0.433
3603, 0.1586, 0.420
3604, 0.2306, 0.417
3605, 0.1539, 0.430
3606, 0.1205, 0.421
3607, 0.1588, 0.434
3608, 0.1200, 0.416
3609, 0.1323, 0.424
3610, 0.1477, 0.484
3611, 0.1266, 0.430
3612, 0.1741, 0.431
3613, 0.1868, 0.424
3614, 0.1969, 0.423
3615, 0.1700, 0.417
3616, 0.1933, 0.418
3617, 0.1768, 0.417
3618, 0.0943, 0.440
3619, 0.1172, 0.429
3620, 0.1159, 0.425
3621, 0.1435, 0.422
3622, 0.1315, 0.426
3623, 0.1352, 0.414
3624, 0.1131, 0.416
3625, 0.1772, 0.414
3626, 0.2428, 0.420
3627, 0.1460, 0.417
3628, 0.1248, 0.427
3629, 0.1805, 0.416
3630, 0.2085, 0.415
3631, 0.1679, 0.412
3632, 0.0987, 0.426
3633, 0.1465, 0.427
3634, 0.1281, 0.417
3635, 0.1753, 0.418
3636, 0.1894, 0.416
3637, 0.1043, 0.418
3638, 0.1264, 0.433
3639, 0.1379, 0.416
3640, 0.1439, 0.416
3641, 0.1340, 0.418
3642, 0.1412, 0.420
3643, 0.1064, 0.416
3644, 0.1131, 0.416
3645, 0.1191, 0.416
3646, 0.2275, 0.418
3647, 0.1903, 0.414
3648, 0.1997, 0.418
3649, 0.1799, 0.447
3650, 0.2010, 0.415
3651, 0.1091, 0.409
3652, 0.1504, 0.409
3653, 0.1696, 0.416
3654, 0.1400, 0.415
3655, 0.1017, 0.417
3656, 0.1234, 0.420
3657, 0.1324, 0.423
3658, 0.2121, 0.426
3659, 0.1282, 0.419
3660, 0.1449, 0.416
3661, 0.2163, 0.424
3662, 0.1666, 0.416
3663, 0.1151, 0.420
3664, 0.1153, 0.416
3665, 0.1434, 0.421
3666, 0.2471, 0.419
3667, 0.1485, 0.428
3668, 0.1316, 0.419
3669, 0.2440, 0.417
3670, 0.1453, 0.415
3671, 0.1217, 0.409
3672, 0.0878, 0.425
3673, 0.2586, 0.416
3674, 0.1470, 0.414
3675, 0.1187, 0.416
3676, 0.1130, 0.424
3677, 0.0831, 0.411
3678, 0.1502, 0.415
3679, 0.2349, 0.413
3680, 0.1728, 0.414
3681, 0.1108, 0.415
3682, 0.1587, 0.413
3683, 0.1241, 0.416
3684, 0.1577, 0.419
3685, 0.1661, 0.417
3686, 0.1346, 0.417
3687, 0.2458, 0.411
3688, 0.1758, 0.413
3689, 0.1244, 0.422
3690, 0.1207, 0.428
3691, 0.1934, 0.470
3692, 0.1237, 0.427
3693, 0.2092, 0.426
3694, 0.2494, 0.425
3695, 0.1019, 0.409
3696, 0.1276, 0.422
3697, 0.1163, 0.414
3698, 0.1890, 0.412
3699, 0.1239, 0.413
3700, 0.1315, 0.415
3701, 0.2430, 0.415
3702, 0.1482, 0.452
3703, 0.1068, 0.448
3704, 0.1139, 0.447
3705, 0.1620, 0.426
3706, 0.1438, 0.422
3707, 0.2159, 0.418
3708, 0.1404, 0.411
3709, 0.0799, 0.430
3710, 0.1560, 0.427
3711, 0.1476, 0.425
3712, 0.1448, 0.418
3713, 0.1527, 0.413
3714, 0.1622, 0.426
3715, 0.1309, 0.417
3716, 0.1574, 0.427
3717, 0.1690, 0.419
3718, 0.1804, 0.413
3719, 0.1690, 0.437
3720, 0.1488, 0.420
3721, 0.2174, 0.415
3722, 0.2086, 0.422
3723, 0.1158, 0.414
3724, 0.1322, 0.418
3725, 0.1545, 0.414
3726, 0.1189, 0.415
3727, 0.2008, 0.415
3728, 0.1688, 0.452
3729, 0.1255, 0.446
3730, 0.1300, 0.460
3731, 0.1519, 0.439
3732, 0.1656, 0.409
3733, 0.1307, 0.408
3734, 0.1476, 0.417
3735, 0.1792, 0.416
3736, 0.1616, 0.416
3737, 0.1880, 0.409
3738, 0.0957, 0.409
3739, 0.1615, 0.426
3740, 0.1576, 0.417
3741, 0.1338, 0.417
3742, 0.2562, 0.415
3743, 0.1662, 0.420
3744, 0.3294, 0.418
3745, 0.1469, 0.422
3746, 0.2402, 0.426
3747, 0.1823, 0.429
3748, 0.1814, 0.431
3749, 0.1302, 0.424
3750, 0.0977, 0.427
3751, 0.1526, 0.489
3752, 0.1864, 0.420
3753, 0.1698, 0.418
3754, 0.1681, 0.424
3755, 0.1950, 0.418
3756, 0.1274, 0.415
3757, 0.1044, 0.418
3758, 0.1483, 0.416
3759, 0.0784, 0.418
3760, 0.0944, 0.416
3761, 0.1606, 0.418
3762, 0.1702, 0.419
3763, 0.1856, 0.413
3764, 0.1570, 0.419
3765, 0.1695, 0.421
3766, 0.1119, 0.423
3767, 0.1393, 0.429
3768, 0.2184, 0.427
3769, 0.0922, 0.435
3770, 0.2015, 0.426
3771, 0.1850, 0.416
3772, 0.1355, 0.416
3773, 0.1391, 0.417
3774, 0.0752, 0.430
3775, 0.1017, 0.418
3776, 0.1883, 0.414
3777, 0.2111, 0.416
3778, 0.1446, 0.419
3779, 0.1466, 0.416
3780, 0.1809, 0.418
3781, 0.1803, 0.422
3782, 0.3100, 0.420
3783, 0.1673, 0.417
3784, 0.2225, 0.415
3785, 0.2297, 0.415
3786, 0.1714, 0.422
3787, 0.2754, 0.412
3788, 0.2101, 0.415
3789, 0.0611, 0.411
3790, 0.1171, 0.411
3791, 0.1980, 0.423
3792, 0.1445, 0.409
3793, 0.2092, 0.415
3794, 0.1708, 0.416
3795, 0.1683, 0.410
3796, 0.2145, 0.411
3797, 0.2371, 0.419
3798, 0.1698, 0.423
3799, 0.2294, 0.423
3800, 0.1767, 0.416
3801, 0.0918, 0.406
3802, 0.1062, 0.419
3803, 0.1768, 0.420
3804, 0.2160, 0.420
3805, 0.1596, 0.428
3806, 0.2030, 0.419
3807, 0.1402, 0.421
3808, 0.0691, 0.420
3809, 0.2184, 0.422
3810, 0.1961, 0.515
3811, 0.1464, 0.420
3812, 0.1853, 0.419
3813, 0.0884, 0.423
3814, 0.1329, 0.419
3815, 0.1525, 0.418
3816, 0.1544, 0.419
3817, 0.1329, 0.420
3818, 0.2023, 0.419
3819, 0.1282, 0.416
3820, 0.1943, 0.447
3821, 0.2348, 0.439
3822, 0.1621, 0.428
3823, 0.1187, 0.431
3824, 0.1155, 0.422
3825, 0.1925, 0.424
3826, 0.1831, 0.425
3827, 0.1572, 0.439
3828, 0.1304, 0.422
3829, 0.0943, 0.423
3830, 0.0852, 0.414
3831, 0.1051, 0.412
3832, 0.1280, 0.417
3833, 0.1347, 0.418
3834, 0.1562, 0.424
3835, 0.1457, 0.413
3836, 0.1472, 0.427
3837, 0.1563, 0.419
3838, 0.1192, 0.420
3839, 0.1974, 0.426
3840, 0.0465, 0.419
3841, 0.1403, 0.418
3842, 0.1160, 0.416
3843, 0.1414, 0.415
3844, 0.1117, 0.418
3845, 0.1362, 0.420
3846, 0.1298, 0.412
3847, 0.1878, 0.414
3848, 0.1477, 0.417
3849, 0.1429, 0.415
3850, 0.1078, 0.416
3851, 0.1930, 0.416
3852, 0.1416, 0.422
3853, 0.0972, 0.424
3854, 0.1740, 0.418
3855, 0.1935, 0.420
3856, 0.0967, 0.415
3857, 0.1142, 0.427
3858, 0.1603, 0.420
3859, 0.2002, 0.430
3860, 0.1353, 0.465
3861, 0.1513, 0.427
3862, 0.1821, 0.409
3863, 0.2429, 0.413
3864, 0.1921, 0.415
3865, 0.1810, 0.426
3866, 0.2148, 0.418
3867, 0.1311, 0.421
3868, 0.1415, 0.422
3869, 0.1802, 0.419
3870, 0.1967, 0.418
3871, 0.1594, 0.416
3872, 0.1493, 0.417
3873, 0.1709, 0.422
3874, 0.1604, 0.413
3875, 0.1581, 0.420
3876, 0.2457, 0.421
3877, 0.2063, 0.419
3878, 0.1578, 0.426
3879, 0.2068, 0.418
3880, 0.1933, 0.427
3881, 0.2128, 0.414
3882, 0.1431, 0.415
3883, 0.2334, 0.425
3884, 0.3450, 0.420
3885, 0.2099, 0.410
3886, 0.1110, 0.417
3887, 0.3070, 0.413
3888, 0.2466, 0.418
3889, 0.2334, 0.429
3890, 0.1612, 0.430
3891, 0.0991, 0.446
3892, 0.2144, 0.457
3893, 0.1451, 0.457
3894, 0.1007, 0.454
3895, 0.1210, 0.454
3896, 0.1688, 0.417
3897, 0.1530, 0.424
3898, 0.1485, 0.415
3899, 0.1806, 0.416
3900, 0.1234, 0.415
3901, 0.1477, 0.423
3902, 0.1017, 0.430
3903, 0.1154, 0.417
3904, 0.1786, 0.417
3905, 0.1244, 0.419
3906, 0.0958, 0.415
3907, 0.1492, 0.423
3908, 0.1263, 0.419
3909, 0.1409, 0.423
3910, 0.2042, 0.417
3911, 0.1726, 0.419
3912, 0.0490, 0.422
3913, 0.2127, 0.418
3914, 0.1372, 0.420
3915, 0.1218, 0.417
3916, 0.1169, 0.423
3917, 0.1385, 0.414
3918, 0.2444, 0.426
3919, 0.1044, 0.424
3920, 0.1674, 0.416
3921, 0.1365, 0.418
3922, 0.1309, 0.422
3923, 0.1431, 0.411
3924, 0.1500, 0.417
3925, 0.1313, 0.415
3926, 0.2053, 0.416
3927, 0.2044, 0.428
3928, 0.0812, 0.427
3929, 0.2062, 0.409
3930, 0.1662, 0.416
3931, 0.1696, 0.439
3932, 0.1556, 0.420
3933, 0.1759, 0.415
3934, 0.1566, 0.417
3935, 0.0928, 0.409
3936, 0.1498, 0.415
3937, 0.1560, 0.416
3938, 0.1756, 0.431
3939, 0.1243, 0.435
3940, 0.1841, 0.424
3941, 0.1238, 0.417
3942, 0.1364, 0.421
3943, 0.1039, 0.421
3944, 0.1394, 0.418
3945, 0.1580, 0.415
3946, 0.1314, 0.412
3947, 0.1541, 0.451
3948, 0.1178, 0.449
3949, 0.1341, 0.447
3950, 0.2153, 0.420
3951, 0.1429, 0.413
3952, 0.1808, 0.419
3953, 0.2027, 0.414
3954, 0.1289, 0.418
3955, 0.1286, 0.414
3956, 0.1420, 0.417
3957, 0.1775, 0.416
3958, 0.1824, 0.423
3959, 0.2799, 0.429
3960, 0.1884, 0.419
3961, 0.1734, 0.417
3962, 0.1368, 0.417
3963, 0.1060, 0.418
3964, 0.1546, 0.419
3965, 0.1658, 0.418
3966, 0.1897, 0.416
3967, 0.1352, 0.418
3968, 0.1617, 0.419
3969, 0.1927, 0.422
3970, 0.1188, 0.424
3971, 0.1453, 0.422
3972, 0.1049, 0.424
3973, 0.1727, 0.418
3974, 0.2133, 0.419
3975, 0.1757, 0.420
3976, 0.1105, 0.419
3977, 0.1438, 0.418
3978, 0.1347, 0.416
3979, 0.2097, 0.417
3980, 0.1832, 0.420
3981, 0.0966, 0.418
3982, 0.1241, 0.416
3983, 0.1291, 0.421
3984, 0.1866, 0.417
3985, 0.2066, 0.424
3986, 0.1590, 0.421
3987, 0.1675, 0.420
3988, 0.1409, 0.420
3989, 0.0936, 0.419
3990, 0.1417, 0.418
3991, 0.1734, 0.424
3992, 0.1718, 0.422
3993, 0.1354, 0.420
3994, 0.2401, 0.416
3995, 0.1505, 0.414
3996, 0.1052, 0.420
3997, 0.0896, 0.421
3998, 0.1252, 0.416
3999, 0.2578, 0.418
4000, 0.1182, 0.420
4001, 0.1534, 0.411
4002, 0.2399, 0.426
4003, 0.0908, 0.425
4004, 0.2002, 0.421
4005, 0.2801, 0.439
4006, 0.1685, 0.424
4007, 0.1679, 0.426
4008, 0.1089, 0.424
4009, 0.1671, 0.424
4010, 0.1882, 0.417
4011, 0.1524, 0.415
4012, 0.1897, 0.416
4013, 0.1383, 0.420
4014, 0.2030, 0.419
4015, 0.1681, 0.444
4016, 0.1275, 0.488
4017, 0.1055, 0.414
4018, 0.1366, 0.415
4019, 0.2109, 0.415
4020, 0.1054, 0.417
4021, 0.1120, 0.432
4022, 0.1362, 0.432
4023, 0.0858, 0.435
4024, 0.1707, 0.431
4025, 0.1454, 0.431
4026, 0.1598, 0.437
4027, 0.1461, 0.425
4028, 0.2031, 0.426
4029, 0.1946, 0.422
4030, 0.1015, 0.418
4031, 0.1371, 0.430
4032, 0.1976, 0.426
4033, 0.1543, 0.423
4034, 0.1844, 0.421
4035, 0.1845, 0.420
4036, 0.1486, 0.419
4037, 0.1370, 0.424
4038, 0.2008, 0.422
4039, 0.1727, 0.424
4040, 0.1711, 0.423
4041, 0.1266, 0.418
4042, 0.1502, 0.420
4043, 0.1310, 0.423
4044, 0.1075, 0.416
4045, 0.1438, 0.427
4046, 0.2061, 0.415
4047, 0.1592, 0.418
4048, 0.1467, 0.422
4049, 0.2103, 0.416
4050, 0.1698, 0.415
4051, 0.1350, 0.417
4052, 0.1751, 0.416
4053, 0.1698, 0.420
4054, 0.1368, 0.435
4055, 0.1374, 0.419
4056, 0.1241, 0.422
4057, 0.1721, 0.415
4058, 0.1591, 0.420
4059, 0.1862, 0.415
4060, 0.1971, 0.415
4061, 0.1628, 0.415
4062, 0.1999, 0.418
4063, 0.1871, 0.416
4064, 0.1207, 0.414
4065, 0.1177, 0.414
4066, 0.0783, 0.414
4067, 0.2099, 0.416
4068, 0.1883, 0.417
4069, 0.1480, 0.421
4070, 0.1339, 0.418
4071, 0.1289, 0.414
4072, 0.0929, 0.412
4073, 0.0740, 0.422
4074, 0.1247, 0.423
4075, 0.1395, 0.417
4076, 0.0989, 0.416
4077, 0.1535, 0.408
4078, 0.1103, 0.408
4079, 0.1580, 0.409
4080, 0.1196, 0.416
4081, 0.0767, 0.415
4082, 0.2117, 0.415
4083, 0.1625, 0.422
4084, 0.1791, 0.428
4085, 0.1443, 0.421
4086, 0.2434, 0.417
4087, 0.1465, 0.417
4088, 0.1291, 0.425
4089, 0.1670, 0.412
4090, 0.1930, 0.420
4091, 0.2040, 0.418
4092, 0.1073, 0.417
4093, 0.1871, 0.423
4094, 0.1278, 0.450
4095, 0.1512, 0.453
4096, 0.1730, 0.415
4097, 0.1472, 0.413
4098, 0.1599, 0.414
4099, 0.1212, 0.420
4100, 0.1378, 0.421
4101, 0.1728, 0.421
4102, 0.1617, 0.417
4103, 0.0860, 0.413
4104, 0.0862, 0.418
4105, 0.1362, 0.419
4106, 0.1876, 0.432
4107, 0.1443, 0.419
4108, 0.1095, 0.410
4109, 0.1846, 0.418
4110, 0.1574, 0.433
4111, 0.2034, 0.423
4112, 0.1483, 0.418
4113, 0.1806, 0.414
4114, 0.2032, 0.441
4115, 0.1666, 0.417
4116, 0.1206, 0.412
4117, 0.1198, 0.417
4118, 0.1390, 0.419
4119, 0.1271, 0.415
4120, 0.1604, 0.420
4121, 0.1699, 0.412
4122, 0.2060, 0.416
4123, 0.1724, 0.416
4124, 0.2043, 0.413
4125, 0.1300, 0.418
4126, 0.1561, 0.415
4127, 0.2364, 0.412
4128, 0.1587, 0.428
4129, 0.1676, 0.412
4130, 0.1345, 0.419
4131, 0.1421, 0.422
4132, 0.1743, 0.414
4133, 0.1480, 0.416
4134, 0.1597, 0.416
4135, 0.1464, 0.419
4136, 0.1446, 0.415
4137, 0.1507, 0.415
4138, 0.1133, 0.426
4139, 0.1057, 0.411
4140, 0.1668, 0.415
4141, 0.1752, 0.419
4142, 0.1168, 0.414
4143, 0.1254, 0.413
4144, 0.0942, 0.418
4145, 0.1495, 0.432
4146, 0.0977, 0.449
4147, 0.2077, 0.424
4148, 0.1715, 0.424
4149, 0.1721, 0.423
4150, 0.1203, 0.416
4151, 0.1479, 0.428
4152, 0.1329, 0.419
4153, 0.2027, 0.418
4154, 0.0949, 0.420
4155, 0.0927, 0.414
4156, 0.1442, 0.413
4157, 0.1211, 0.420
4158, 0.1929, 0.428
4159, 0.1777, 0.416
4160, 0.2362, 0.417
4161, 0.0950, 0.413
4162, 0.1544, 0.472
4163, 0.2136, 0.411
4164, 0.1521, 0.406
4165, 0.0817, 0.404
4166, 0.1670, 0.405
4167, 0.1322, 0.407
4168, 0.1573, 0.404
4169, 0.1690, 0.403
4170, 0.1895, 0.406
4171, 0.1669, 0.411
4172, 0.1793, 0.409
4173, 0.1261, 0.411
4174, 0.2278, 0.412
4175, 0.1445, 0.412
4176, 0.1887, 0.408
4177, 0.1384, 0.416
4178, 0.0606, 0.412
4179, 0.1439, 0.405
4180, 0.1287, 0.409
4181, 0.1526, 0.405
4182, 0.1730, 0.406
4183, 0.2082, 0.406
4184, 0.2233, 0.407
4185, 0.1692, 0.408
4186, 0.1497, 0.406
4187, 0.1970, 0.409
4188, 0.1830, 0.410
4189, 0.1695, 0.413
4190, 0.1438, 0.409
4191, 0.1634, 0.409
4192, 0.1810, 0.406
4193, 0.1893, 0.412
4194, 0.1192, 0.411
4195, 0.1456, 0.412
4196, 0.1410, 0.414
4197, 0.2066, 0.412
4198, 0.1472, 0.407
4199, 0.1429, 0.407
4200, 0.0903, 0.407
4201, 0.1765, 0.398
4202, 0.1301, 0.411
4203, 0.1366, 0.423
4204, 0.1934, 0.423
4205, 0.1801, 0.442
4206, 0.1860, 0.423
4207, 0.1291, 0.418
4208, 0.1583, 0.419
4209, 0.1807, 0.422
4210, 0.1349, 0.435
4211, 0.1545, 0.448
4212, 0.2240, 0.445
4213, 0.1578, 0.446
4214, 0.0651, 0.449
4215, 0.0802, 0.491
4216, 0.1229, 0.431
4217, 0.1296, 0.429
4218, 0.1516, 0.416
4219, 0.1434, 0.419
4220, 0.1769, 0.423
4221, 0.1198, 0.431
4222, 0.0979, 0.427
4223, 0.1527, 0.426
4224, 0.1648, 0.430
4225, 0.1703, 0.426
4226, 0.1634, 0.429
4227, 0.0982, 0.428
4228, 0.3136, 0.426
4229, 0.1000, 0.431
4230, 0.0954, 0.434
4231, 0.1697, 0.496
4232, 0.1959, 0.416
4233, 0.1569, 0.422
4234, 0.1617, 0.428
4235, 0.1490, 0.417
4236, 0.1505, 0.424
4237, 0.1764, 0.419
4238, 0.0896, 0.420
4239, 0.1371, 0.431
4240, 0.1034, 0.428
4241, 0.1191, 0.432
4242, 0.1122, 0.426
4243, 0.1894, 0.430
4244, 0.1356, 0.423
4245, 0.1829, 0.424
4246, 0.1849, 0.415
4247, 0.1482, 0.417
4248, 0.2049, 0.415
4249, 0.1623, 0.419
4250, 0.0637, 0.418
4251, 0.1469, 0.417
4252, 0.1213, 0.449
4253, 0.1826, 0.455
4254, 0.1475, 0.419
4255, 0.1389, 0.417
4256, 0.1889, 0.421
4257, 0.2419, 0.421
4258, 0.1151, 0.424
4259, 0.1577, 0.418
4260, 0.2044, 0.422
4261, 0.1931, 0.435
4262, 0.1702, 0.454
4263, 0.1422, 0.466
4264, 0.1366, 0.468
4265, 0.1938, 0.453
4266, 0.2210, 0.417
4267, 0.1331, 0.415
4268, 0.1511, 0.415
4269, 0.1551, 0.418
4270, 0.1518, 0.428
4271, 0.0970, 0.427
4272, 0.1547, 0.423
4273, 0.2349, 0.418
4274, 0.1668, 0.424
4275, 0.1713, 0.422
4276, 0.1431, 0.419
4277, 0.1095, 0.419
4278, 0.2069, 0.430
4279, 0.2416, 0.419
4280, 0.2059, 0.414
4281, 0.1834, 0.414
4282, 0.1482, 0.417
4283, 0.1182, 0.414
4284, 0.1233, 0.417
4285, 0.2236, 0.417
4286, 0.1793, 0.417
4287, 0.1585, 0.423
4288, 0.1018, 0.413
4289, 0.1481, 0.418
4290, 0.1912, 0.417
4291, 0.1899, 0.418
4292, 0.1741, 0.422
4293, 0.1455, 0.415
4294, 0.1231, 0.450
4295, 0.1392, 0.446
4296, 0.1393, 0.449
4297, 0.1186, 0.434
4298, 0.1116, 0.408
4299, 0.1239, 0.417
4300, 0.1130, 0.425
4301, 0.1598, 0.420
4302, 0.1338, 0.413
4303, 0.1652, 0.420
4304, 0.2002, 0.422
4305, 0.1905, 0.417
4306, 0.1321, 0.413
4307, 0.1700, 0.415
4308, 0.1495, 0.421
4309, 0.1515, 0.416
4310, 0.2330, 0.414
4311, 0.1128, 0.421
4312, 0.1791, 0.426
4313, 0.1605, 0.417
4314, 0.1622, 0.432
4315, 0.1710, 0.415
4316, 0.1448, 0.416
4317, 0.2253, 0.415
4318, 0.1136, 0.418
4319, 0.1892, 0.427
4320, 0.1473, 0.422
4321, 0.2233, 0.413
4322, 0.2082, 0.413
4323, 0.1988, 0.416
4324, 0.1573, 0.417
4325, 0.1677, 0.413
4326, 0.1532, 0.413
4327, 0.1959, 0.414
4328, 0.2090, 0.411
4329, 0.1431, 0.419
4330, 0.1943, 0.423
4331, 0.1394, 0.419
4332, 0.1805, 0.417
4333, 0.1291, 0.415
4334, 0.1236, 0.416
4335, 0.1565, 0.424
4336, 0.2096, 0.421
4337, 0.1735, 0.428
4338, 0.1423, 0.413
4339, 0.1699, 0.413
4340, 0.1595, 0.410
4341, 0.1847, 0.431
4342, 0.1113, 0.434
4343, 0.1372, 0.415
4344, 0.1773, 0.417
4345, 0.1873, 0.424
4346, 0.1479, 0.415
4347, 0.0928, 0.428
4348, 0.1982, 0.427
4349, 0.1667, 0.422
4350, 0.2313, 0.425
4351, 0.1721, 0.428
4352, 0.2182, 0.420
4353, 0.2293, 0.415
4354, 0.1250, 0.419
4355, 0.1914, 0.418
4356, 0.2155, 0.422
4357, 0.1824, 0.418
4358, 0.1216, 0.419
4359, 0.2085, 0.417
4360, 0.1719, 0.417
4361, 0.1952, 0.415
4362, 0.1627, 0.416
4363, 0.2398, 0.420
4364, 0.1707, 0.420
4365, 0.1779, 0.412
4366, 0.2340, 0.422
4367, 0.0678, 0.417
4368, 0.1653, 0.411
4369, 0.1607, 0.423
4370, 0.1825, 0.420
4371, 0.2610, 0.419
4372, 0.1453, 0.419
4373, 0.1208, 0.425
4374, 0.1941, 0.427
4375, 0.1607, 0.426
4376, 0.1054, 0.465
4377, 0.1708, 0.420
4378, 0.1158, 0.414
4379, 0.1272, 0.416
4380, 0.1001, 0.430
4381, 0.0969, 0.419
4382, 0.1365, 0.417
4383, 0.1698, 0.415
4384, 0.1532, 0.416
4385, 0.2280, 0.418
4386, 0.1508, 0.427
4387, 0.1879, 0.416
4388, 0.1548, 0.419
4389, 0.1845, 0.414
4390, 0.1261, 0.416
4391, 0.1905, 0.421
4392, 0.0980, 0.434
4393, 0.2648, 0.421
4394, 0.2624, 0.418
4395, 0.2133, 0.415
4396, 0.1900, 0.417
4397, 0.1437, 0.419
4398, 0.1717, 0.418
4399, 0.1988, 0.416
4400, 0.1540, 0.419
4401, 0.1227, 0.407
4402, 0.1493, 0.418
4403, 0.1155, 0.421
4404, 0.1678, 0.421
4405, 0.1348, 0.421
4406, 0.1116, 0.420
4407, 0.1813, 0.423
4408, 0.2319, 0.423
4409, 0.2175, 0.429
4410, 0.1526, 0.420
4411, 0.1105, 0.415
4412, 0.1597, 0.427
4413, 0.1402, 0.424
4414, 0.2040, 0.420
4415, 0.1974, 0.457
4416, 0.1997, 0.414
4417, 0.1742, 0.417
4418, 0.1389, 0.418
4419, 0.1220, 0.420
4420, 0.1709, 0.419
4421, 0.1371, 0.424
4422, 0.1738, 0.433
4423, 0.1115, 0.423
4424, 0.1448, 0.428
4425, 0.1776, 0.432
4426, 0.1966, 0.424
4427, 0.1821, 0.419
4428, 0.1716, 0.429
4429, 0.1650, 0.424
4430, 0.1488, 0.427
4431, 0.1306, 0.418
4432, 0.1303, 0.414
4433, 0.1868, 0.416
4434, 0.1560, 0.414
4435, 0.1271, 0.431
4436, 0.2256, 0.425
4437, 0.1110, 0.424
4438, 0.1872, 0.420
4439, 0.0949, 0.425
4440, 0.1139, 0.428
4441, 0.1690, 0.420
4442, 0.1722, 0.441
4443, 0.1577, 0.426
4444, 0.1919, 0.426
4445, 0.1447, 0.420
4446, 0.1432, 0.427
4447, 0.1544, 0.521
4448, 0.1266, 0.419
4449, 0.1723, 0.415
4450, 0.0901, 0.416
4451, 0.0606, 0.423
4452, 0.1359, 0.419
4453, 0.1575, 0.432
4454, 0.1648, 0.427
4455, 0.1489, 0.430
4456, 0.1703, 0.433
4457, 0.1374, 0.427
4458, 0.1507, 0.425
4459, 0.1577, 0.435
4460, 0.1453, 0.426
4461, 0.1583, 0.426
4462, 0.1496, 0.429
4463, 0.2044, 0.462
4464, 0.2160, 0.456
4465, 0.0867, 0.450
4466, 0.1824, 0.454
4467, 0.1803, 0.456
4468, 0.1240, 0.455
4469, 0.1593, 0.453
4470, 0.1591, 0.467
4471, 0.2020, 0.461
4472, 0.0965, 0.424
4473, 0.1896, 0.421
4474, 0.0745, 0.426
4475, 0.1491, 0.420
4476, 0.2072, 0.423
4477, 0.1420, 0.433
4478, 0.2289, 0.419
4479, 0.1998, 0.416
4480, 0.1361, 0.413
4481, 0.2124, 0.418
4482, 0.1287, 0.415
4483, 0.1964, 0.423
4484, 0.1617, 0.420
4485, 0.1615, 0.418
4486, 0.1819, 0.415
4487, 0.1208, 0.420
4488, 0.1309, 0.424
4489, 0.1442, 0.419
4490, 0.1619, 0.416
4491, 0.2674, 0.421
4492, 0.0504, 0.420
4493, 0.1753, 0.418
4494, 0.1586, 0.413
4495, 0.1625, 0.418
4496, 0.1429, 0.413
4497, 0.1625, 0.416
4498, 0.2869, 0.416
4499, 0.1571, 0.412
4500, 0.1515, 0.418
4501, 0.2293, 0.424
4502, 0.1544, 0.440
4503, 0.1911, 0.419
4504, 0.1299, 0.413
4505, 0.1081, 0.415
4506, 0.2267, 0.420
4507, 0.2196, 0.416
4508, 0.1420, 0.415
4509, 0.1904, 0.415
4510, 0.0976, 0.408
4511, 0.1145, 0.416
4512, 0.1840, 0.414
4513, 0.1638, 0.408
4514, 0.1458, 0.416
4515, 0.1528, 0.411
4516, 0.1714, 0.415
4517, 0.2333, 0.416
4518, 0.1582, 0.413
4519, 0.0851, 0.413
4520, 0.1282, 0.424
4521, 0.1184, 0.415
4522, 0.1860, 0.418
4523, 0.2705, 0.416
4524, 0.1634, 0.417
4525, 0.1518, 0.417
4526, 0.1165, 0.423
4527, 0.1200, 0.416
4528, 0.0900, 0.415
4529, 0.1378, 0.431
4530, 0.0997, 0.428
4531, 0.1207, 0.420
4532, 0.1607, 0.415
4533, 0.0728, 0.414
4534, 0.1131, 0.423
4535, 0.2156, 0.419
4536, 0.1588, 0.421
4537, 0.1452, 0.427
4538, 0.1572, 0.413
4539, 0.1250, 0.417
4540, 0.2050, 0.425
4541, 0.1134, 0.415
4542, 0.1827, 0.417
4543, 0.1968, 0.421
4544, 0.2725, 0.415
4545, 0.1686, 0.426
4546, 0.1656, 0.428
4547, 0.1308, 0.413
4548, 0.1272, 0.416
4549, 0.1925, 0.420
4550, 0.1633, 0.420
4551, 0.1679, 0.420
4552, 0.1065, 0.421
4553, 0.1276, 0.445
4554, 0.1732, 0.413
4555, 0.2084, 0.422
4556, 0.1719, 0.434
4557, 0.1558, 0.418
4558, 0.1045, 0.424
4559, 0.1526, 0.429
4560, 0.1608, 0.422
4561, 0.1639, 0.424
4562, 0.1396, 0.420
4563, 0.1596, 0.414
4564, 0.1567, 0.418
4565, 0.1333, 0.424
4566, 0.2137, 0.419
4567, 0.1791, 0.425
4568, 0.1323, 0.425
4569, 0.1938, 0.453
4570, 0.1369, 0.426
4571, 0.1520, 0.424
4572, 0.1219, 0.421
4573, 0.1285, 0.419
4574, 0.1549, 0.425
4575, 0.1674, 0.423
4576, 0.1515, 0.418
4577, 0.1753, 0.428
4578, 0.1611, 0.432
4579, 0.1252, 0.417
4580, 0.1865, 0.417
4581, 0.1651, 0.420
4582, 0.1874, 0.417
4583, 0.1327, 0.415
4584, 0.1952, 0.421
4585, 0.1819, 0.428
4586, 0.1895, 0.427
4587, 0.2604, 0.430
4588, 0.1802, 0.421
4589, 0.1414, 0.449
4590, 0.0934, 0.422
4591, 0.1175, 0.416
4592, 0.0804, 0.416
4593, 0.0977, 0.417
4594, 0.1285, 0.418
4595, 0.1277, 0.418
4596, 0.1170, 0.420
4597, 0.2159, 0.418
4598, 0.1276, 0.414
4599, 0.1967, 0.415
4600, 0.1714, 0.421
4601, 0.1745, 0.409
4602, 0.1333, 0.418
4603, 0.1871, 0.421
4604, 0.1150, 0.420
4605, 0.1698, 0.433
4606, 0.1155, 0.420
4607, 0.1335, 0.420
4608, 0.1799, 0.422
4609, 0.1707, 0.420
4610, 0.1536, 0.417
4611, 0.1831, 0.417
4612, 0.1714, 0.421
4613, 0.1243, 0.415
4614, 0.2379, 0.422
4615, 0.1534, 0.445
4616, 0.1462, 0.418
4617, 0.1980, 0.418
4618, 0.2188, 0.420
4619, 0.0829, 0.418
4620, 0.2046, 0.421
4621, 0.2062, 0.431
4622, 0.1879, 0.427
4623, 0.1470, 0.436
4624, 0.1560, 0.426
4625, 0.1284, 0.429
4626, 0.1597, 0.416
4627, 0.1707, 0.424
4628, 0.1826, 0.420
4629, 0.1587, 0.422
4630, 0.1291, 0.419
4631, 0.1740, 0.418
4632, 0.1198, 0.416
4633, 0.2244, 0.430
4634, 0.1300, 0.415
4635, 0.1459, 0.415
4636, 0.2177, 0.420
4637, 0.1300, 0.425
4638, 0.1492, 0.428
4639, 0.1260, 0.422
4640, 0.2336, 0.425
4641, 0.2464, 0.415
4642, 0.2067, 0.437
4643, 0.1766, 0.423
4644, 0.2186, 0.419
4645, 0.1568, 0.428
4646, 0.1722, 0.425
4647, 0.1520, 0.418
4648, 0.1887, 0.418
4649, 0.1767, 0.415
4650, 0.1766, 0.425
4651, 0.0887, 0.417
4652, 0.1400, 0.423
4653, 0.1342, 0.424
4654, 0.1099, 0.421
4655, 0.1545, 0.421
4656, 0.1330, 0.423
4657, 0.1023, 0.418
4658, 0.1571, 0.419
4659, 0.1407, 0.427
4660, 0.2091, 0.435
4661, 0.1945, 0.419
4662, 0.1303, 0.418
4663, 0.1788, 0.416
4664, 0.2776, 0.427
4665, 0.2116, 0.417
4666, 0.1464, 0.414
4667, 0.1685, 0.417
4668, 0.1163, 0.421
4669, 0.1318, 0.415
4670, 0.1280, 0.419
4671, 0.2209, 0.433
4672, 0.1085, 0.428
4673, 0.1385, 0.423
4674, 0.2015, 0.424
4675, 0.1760, 0.426
4676, 0.1073, 0.424
4677, 0.1293, 0.418
4678, 0.1686, 0.433
4679, 0.2022, 0.428
4680, 0.2068, 0.422
4681, 0.1222, 0.435
4682, 0.1641, 0.436
4683, 0.2331, 0.419
4684, 0.1639, 0.417
4685, 0.2076, 0.416
4686, 0.2052, 0.427
4687, 0.1745, 0.425
4688, 0.1991, 0.424
4689, 0.1625, 0.418
4690, 0.1186, 0.426
4691, 0.1559, 0.421
4692, 0.1435, 0.433
4693, 0.1850, 0.434
4694, 0.1531, 0.415
4695, 0.1591, 0.423
4696, 0.1209, 0.428
4697, 0.1066, 0.423
4698, 0.1247, 0.420
4699, 0.2415, 0.426
4700, 0.1557, 0.434
4701, 0.2031, 0.426
4702, 0.1453, 0.424
4703, 0.1605, 0.424
4704, 0.1304, 0.423
4705, 0.1323, 0.427
4706, 0.2213, 0.421
4707, 0.1657, 0.422
4708, 0.0956, 0.416
4709, 0.1502, 0.415
4710, 0.1181, 0.417
4711, 0.1449, 0.420
4712, 0.1573, 0.458
4713, 0.1832, 0.450
4714, 0.2325, 0.469
4715, 0.1986, 0.449
4716, 0.1381, 0.460
4717, 0.1534, 0.465
4718, 0.1671, 0.450
4719, 0.1701, 0.424
4720, 0.0902, 0.419
4721, 0.1428, 0.422
4722, 0.1519, 0.422
4723, 0.1388, 0.411
4724, 0.1381, 0.414
4725, 0.2114, 0.411
4726, 0.1698, 0.419
4727, 0.1315, 0.416
4728, 0.1333, 0.409
4729, 0.1278, 0.421
4730, 0.1143, 0.432
4731, 0.1766, 0.426
4732, 0.1516, 0.420
4733, 0.1379, 0.434
4734, 0.1623, 0.428
4735, 0.1294, 0.419
4736, 0.1126, 0.410
4737, 0.1533, 0.416
4738, 0.1834, 0.415
4739, 0.1103, 0.425
4740, 0.1380, 0.408
4741, 0.1187, 0.409
4742, 0.1642, 0.414
4743, 0.2367, 0.416
4744, 0.1384, 0.408
4745, 0.1627, 0.421
4746, 0.1979, 0.412
4747, 0.2261, 0.414
4748, 0.2436, 0.434
4749, 0.1725, 0.421
4750, 0.1792, 0.419
4751, 0.0713, 0.426
4752, 0.1458, 0.410
4753, 0.1350, 0.420
4754, 0.1277, 0.415
4755, 0.1923, 0.418
4756, 0.1296, 0.425
4757, 0.1982, 0.411
4758, 0.1683, 0.416
4759, 0.1834, 0.418
4760, 0.1548, 0.409
4761, 0.1437, 0.413
4762, 0.1416, 0.411
4763, 0.1931, 0.413
4764, 0.1374, 0.429
4765, 0.1819, 0.416
4766, 0.1230, 0.413
4767, 0.1868, 0.418
4768, 0.1967, 0.420
4769, 0.1441, 0.426
4770, 0.2019, 0.422
4771, 0.1538, 0.421
4772, 0.2260, 0.425
4773, 0.1699, 0.427
4774, 0.1284, 0.434
4775, 0.1354, 0.428
4776, 0.1336, 0.424
4777, 0.1727, 0.426
4778, 0.1998, 0.428
4779, 0.1713, 0.419
4780, 0.1802, 0.424
4781, 0.2251, 0.421
4782, 0.1438, 0.416
4783, 0.2034, 0.419
4784, 0.1204, 0.417
4785, 0.3450, 0.416
4786, 0.2404, 0.419
4787, 0.1547, 0.419
4788, 0.1821, 0.421
4789, 0.1599, 0.421
4790, 0.1829, 0.419
4791, 0.1575, 0.424
4792, 0.1456, 0.417
4793, 0.2315, 0.413
4794, 0.1625, 0.419
4795, 0.1728, 0.421
4796, 0.2407, 0.423
4797, 0.2476, 0.437
4798, 0.1521, 0.420
4799, 0.1387, 0.432
4800, 0.1780, 0.424
4801, 0.1800, 0.413
4802, 0.1472, 0.420
4803, 0.1131, 0.421
4804, 0.1930, 0.420
4805, 0.2406, 0.426
4806, 0.1318, 0.419
4807, 0.1592, 0.422
4808, 0.2301, 0.420
4809, 0.1479, 0.420
4810, 0.2064, 0.416
4811, 0.2041, 0.420
4812, 0.2194, 0.423
4813, 0.1539, 0.420
4814, 0.1586, 0.422
4815, 0.1516, 0.424
4816, 0.1584, 0.424
4817, 0.1231, 0.413
4818, 0.1044, 0.418
4819, 0.2329, 0.452
4820, 0.1454, 0.532
4821, 0.1295, 0.435
4822, 0.1454, 0.428
4823, 0.2720, 0.429
4824, 0.0961, 0.425
4825, 0.1382, 0.429
4826, 0.1121, 0.432
4827, 0.1615, 0.430
4828, 0.1721, 0.430
4829, 0.2145, 0.444
4830, 0.1452, 0.442
4831, 0.1462, 0.435
4832, 0.1808, 0.434
4833, 0.1531, 0.447
4834, 0.1225, 0.459
4835, 0.1981, 0.487
4836, 0.2420, 0.473
4837, 0.1315, 0.462
4838, 0.1771, 0.453
4839, 0.2191, 0.440
4840, 0.1386, 0.501
4841, 0.1903, 0.422
4842, 0.2551, 0.424
4843, 0.2110, 0.434
4844, 0.2796, 0.421
4845, 0.1674, 0.416
4846, 0.1463, 0.419
4847, 0.1730, 0.440
4848, 0.1502, 0.425
4849, 0.1602, 0.428
4850, 0.1687, 0.452
4851, 0.1697, 0.436
4852, 0.1051, 0.437
4853, 0.1121, 0.430
4854, 0.1516, 0.416
4855, 0.1751, 0.416
4856, 0.1800, 0.430
4857, 0.1265, 0.417
4858, 0.1760, 0.417
4859, 0.1695, 0.421
4860, 0.1131, 0.416
4861, 0.2330, 0.418
4862, 0.1531, 0.410
4863, 0.1508, 0.417
4864, 0.1545, 0.417
4865, 0.1205, 0.432
4866, 0.1335, 0.427
4867, 0.2206, 0.411
4868, 0.1974, 0.443
4869, 0.1894, 0.418
4870, 0.1555, 0.452
4871, 0.2183, 0.418
4872, 0.1479, 0.417
4873, 0.1487, 0.417
4874, 0.1687, 0.417
4875, 0.2086, 0.416
4876, 0.1408, 0.419
4877, 0.1901, 0.414
4878, 0.1890, 0.416
4879, 0.2279, 0.422
4880, 0.1554, 0.420
4881, 0.1591, 0.416
4882, 0.2117, 0.415
4883, 0.2143, 0.430
4884, 0.2003, 0.416
4885, 0.1475, 0.414
4886, 0.1387, 0.416
4887, 0.1530, 0.445
4888, 0.1843, 0.414
4889, 0.0729, 0.416
4890, 0.2662, 0.427
4891, 0.1810, 0.419
4892, 0.1746, 0.426
4893, 0.2138, 0.414
4894, 0.0968, 0.419
4895, 0.1842, 0.420
4896, 0.0852, 0.419
4897, 0.1079, 0.418
4898, 0.1502, 0.425
4899, 0.2287, 0.421
4900, 0.1386, 0.425
4901, 0.2061, 0.415
4902, 0.1439, 0.414
4903, 0.2012, 0.422
4904, 0.0655, 0.419
4905, 0.0811, 0.415
4906, 0.1940, 0.419
4907, 0.1380, 0.413
4908, 0.1880, 0.422
4909, 0.1815, 0.427
4910, 0.1693, 0.415
4911, 0.1706, 0.414
4912, 0.0392, 0.415
4913, 0.0395, 0.412
4914, 0.1627, 0.409
4915, 0.1724, 0.424
4916, 0.1376, 0.409
4917, 0.1539, 0.421
4918, 0.1732, 0.416
4919, 0.1295, 0.417
4920, 0.1758, 0.420
4921, 0.1750, 0.417
4922, 0.1834, 0.419
4923, 0.1877, 0.418
4924, 0.2164, 0.418
4925, 0.1405, 0.418
4926, 0.1318, 0.410
4927, 0.1574, 0.416
4928, 0.1408, 0.415
4929, 0.0992, 0.413
4930, 0.1295, 0.410
4931, 0.1132, 0.416
4932, 0.1767, 0.418
4933, 0.2220, 0.421
4934, 0.1549, 0.430
4935, 0.1946, 0.415
4936, 0.1466, 0.412
4937, 0.2246, 0.426
4938, 0.0856, 0.427
4939, 0.1655, 0.422
4940, 0.2368, 0.410
4941, 0.1620, 0.421
4942, 0.2071, 0.418
4943, 0.1162, 0.412
4944, 0.1018, 0.418
4945, 0.1427, 0.413
4946, 0.0790, 0.420
4947, 0.1591, 0.419
4948, 0.2233, 0.418
4949, 0.1258, 0.416
4950, 0.1556, 0.416
4951, 0.1183, 0.416
4952, 0.1972, 0.419
4953, 0.1234, 0.422
4954, 0.1042, 0.417
4955, 0.0840, 0.416
4956, 0.1674, 0.416
4957, 0.1497, 0.416
4958, 0.1612, 0.431
4959, 0.1501, 0.413
4960, 0.1600, 0.430
4961, 0.1858, 0.423
4962, 0.0926, 0.419
4963, 0.1971, 0.418
4964, 0.1441, 0.418
4965, 0.1670, 0.427
4966, 0.1372, 0.416
4967, 0.1583, 0.414
4968, 0.1608, 0.419
4969, 0.1670, 0.416
4970, 0.0983, 0.415
4971, 0.1228, 0.409
4972, 0.1034, 0.411
4973, 0.1513, 0.425
4974, 0.1075, 0.410
4975, 0.1153, 0.411
4976, 0.0842, 0.427
4977, 0.1986, 0.419
4978, 0.0945, 0.434
4979, 0.1606, 0.424
4980, 0.0730, 0.420
4981, 0.1208, 0.415
4982, 0.0829, 0.440
4983, 0.0984, 0.474
4984, 0.1139, 0.457
4985, 0.1204, 0.414
4986, 0.1501, 0.414
4987, 0.1859, 0.414
4988, 0.1632, 0.413
4989, 0.1840, 0.416
4990, 0.2014, 0.417
4991, 0.1727, 0.416
4992, 0.1740, 0.423
4993, 0.1092, 0.425
4994, 0.1072, 0.424
4995, 0.1185, 0.420
4996, 0.1505, 0.416
4997, 0.1359, 0.416
4998, 0.1973, 0.420
4999, 0.0878, 0.421
5000, 0.1280, 0.426
