0, 0.5077, 15.342
1, 0.5051, 0.399
2, 0.4971, 0.377
3, 0.4977, 0.382
4, 0.5133, 0.388
5, 0.4955, 0.387
6, 0.4797, 0.385
7, 0.5055, 0.392
8, 0.4984, 0.410
9, 0.4816, 4.092
10, 0.5047, 0.426
11, 0.4953, 0.429
12, 0.5040, 0.418
13, 0.5052, 0.415
14, 0.4774, 0.407
15, 0.5161, 0.384
16, 0.4806, 4.132
17, 0.4786, 5.003
18, 0.4787, 0.381
19, 0.4776, 0.795
20, 0.5056, 0.427
21, 0.5058, 0.426
22, 0.5066, 0.429
23, 0.4849, 3.925
24, 0.5038, 6.330
25, 0.5090, 1.022
26, 0.4976, 0.424
27, 0.4924, 4.535
28, 0.5117, 0.393
29, 0.5213, 0.403
30, 0.4965, 0.419
31, 0.4998, 2.026
32, 0.4823, 14.620
33, 0.4953, 0.393
34, 0.4917, 0.395
35, 0.4948, 0.386
36, 0.4970, 1.636
37, 0.5017, 1.352
38, 0.5043, 0.601
39, 0.4974, 5.976
40, 0.4959, 2.140
41, 0.4952, 0.426
42, 0.4906, 0.421
43, 0.5027, 0.419
44, 0.4935, 1.851
45, 0.4898, 0.754
46, 0.5115, 1.999
47, 0.4987, 4.316
48, 0.4903, 3.045
49, 0.4947, 2.225
50, 0.4963, 0.393
51, 0.4831, 0.389
52, 0.4876, 1.351
53, 0.4830, 0.881
54, 0.4955, 2.899
55, 0.4994, 2.383
56, 0.4874, 0.430
57, 0.4913, 2.736
58, 0.4955, 0.430
59, 0.5062, 0.432
60, 0.4958, 0.422
61, 0.4939, 0.502
62, 0.4850, 2.197
63, 0.4958, 5.801
64, 0.4954, 0.423
65, 0.4992, 2.461
66, 0.4962, 0.406
67, 0.4905, 0.405
68, 0.4809, 0.407
69, 0.4934, 0.408
70, 0.4958, 1.104
71, 0.5061, 11.759
72, 0.4970, 0.410
73, 0.4962, 0.431
74, 0.4904, 2.948
75, 0.5037, 0.417
76, 0.4897, 0.411
77, 0.5022, 0.572
78, 0.5043, 0.408
79, 0.4985, 4.718
80, 0.4907, 0.382
81, 0.4886, 2.168
82, 0.4932, 0.389
83, 0.4967, 0.394
84, 0.5037, 0.387
85, 0.5000, 1.553
86, 0.4879, 0.721
87, 0.4944, 7.459
88, 0.5040, 0.406
89, 0.5015, 0.411
90, 0.5062, 0.421
91, 0.5029, 0.408
92, 0.5131, 0.412
93, 0.4928, 0.409
94, 0.4860, 0.396
95, 0.4867, 3.110
96, 0.5115, 0.420
97, 0.4993, 0.424
98, 0.5035, 0.985
99, 0.4883, 0.425
100, 0.4897, 0.420
101, 0.4904, 0.412
102, 0.4857, 1.407
103, 0.4966, 4.094
104, 0.4972, 0.412
105, 0.4944, 0.409
106, 0.5015, 0.747
107, 0.4903, 0.410
108, 0.4888, 0.407
109, 0.4922, 0.410
110, 0.5080, 3.657
111, 0.4890, 1.372
112, 0.4944, 0.574
113, 0.4945, 0.388
114, 0.4927, 0.390
115, 0.4928, 3.034
116, 0.5032, 0.388
117, 0.4999, 0.382
118, 0.4786, 3.139
119, 0.5096, 0.409
120, 0.4858, 0.388
121, 0.4938, 0.392
122, 0.4952, 0.389
123, 0.4910, 0.406
124, 0.4855, 8.697
125, 0.4965, 0.424
126, 0.4882, 1.737
127, 0.4901, 1.022
128, 0.4855, 0.408
129, 0.4835, 0.423
130, 0.4799, 1.153
131, 0.4886, 0.415
132, 0.4884, 1.121
133, 0.4753, 0.471
134, 0.4913, 2.020
135, 0.4910, 0.497
136, 0.5027, 0.628
137, 0.5096, 1.433
138, 0.4916, 2.539
139, 0.4907, 0.384
140, 0.4905, 0.392
141, 0.4749, 0.391
142, 0.4939, 0.389
143, 0.4920, 1.549
144, 0.5032, 3.423
145, 0.5053, 0.737
146, 0.4949, 0.854
147, 0.5005, 0.382
148, 0.4979, 0.842
149, 0.5180, 0.404
150, 0.5061, 0.421
151, 0.5048, 0.788
152, 0.4907, 0.383
153, 0.5003, 0.644
154, 0.5155, 0.415
155, 0.5014, 0.438
156, 0.4999, 1.655
157, 0.4937, 0.426
158, 0.4858, 1.755
159, 0.5073, 0.402
160, 0.4941, 0.496
161, 0.5014, 0.518
162, 0.5053, 0.406
163, 0.4970, 0.427
164, 0.4933, 1.770
165, 0.4953, 1.155
166, 0.5059, 0.549
167, 0.5095, 0.412
168, 0.4914, 0.612
169, 0.4816, 0.423
170, 0.4858, 0.414
171, 0.5012, 0.415
172, 0.4920, 3.191
173, 0.5030, 2.256
174, 0.4717, 0.418
175, 0.5082, 0.422
176, 0.4932, 0.755
177, 0.4967, 0.427
178, 0.4881, 0.422
179, 0.4869, 1.537
180, 0.4879, 2.365
181, 0.4943, 0.403
182, 0.4906, 0.658
183, 0.4922, 0.881
184, 0.5063, 0.404
185, 0.4875, 0.409
186, 0.5068, 0.664
187, 0.4797, 0.406
188, 0.5088, 1.911
189, 0.4992, 0.408
190, 0.5018, 0.401
191, 0.4958, 0.676
192, 0.4958, 0.419
193, 0.5079, 0.412
194, 0.4945, 0.415
195, 0.4942, 0.423
196, 0.5110, 9.215
197, 0.5017, 0.415
198, 0.5034, 0.405
199, 0.4919, 0.414
200, 0.5006, 0.422
201, 0.5100, 0.407
202, 0.5097, 0.406
203, 0.5037, 0.419
204, 0.4985, 0.413
205, 0.4931, 2.202
206, 0.4998, 0.839
207, 0.4990, 1.106
208, 0.5050, 2.033
209, 0.4951, 0.414
210, 0.4936, 0.413
211, 0.4952, 0.413
212, 0.5017, 2.164
213, 0.4883, 1.425
214, 0.4888, 0.408
215, 0.4798, 0.405
216, 0.5004, 0.405
217, 0.4969, 0.401
218, 0.4976, 0.404
219, 0.4777, 0.950
220, 0.4963, 0.409
221, 0.4858, 2.915
222, 0.4961, 0.405
223, 0.4904, 0.403
224, 0.4777, 0.409
225, 0.4996, 0.404
226, 0.4990, 0.403
227, 0.5034, 0.691
228, 0.5014, 0.406
229, 0.4819, 0.398
230, 0.4838, 0.404
231, 0.4883, 0.412
232, 0.4986, 0.528
233, 0.4943, 0.408
234, 0.4892, 0.400
235, 0.4976, 1.623
236, 0.4909, 1.007
237, 0.4713, 0.404
238, 0.4818, 0.379
239, 0.4837, 0.403
240, 0.4983, 0.403
241, 0.4945, 0.403
242, 0.4949, 0.400
243, 0.4995, 2.494
244, 0.4946, 0.372
245, 0.4890, 0.395
246, 0.4998, 0.903
247, 0.4997, 0.561
248, 0.4885, 0.603
249, 0.4913, 0.374
250, 0.4819, 0.399
251, 0.4947, 4.874
252, 0.5038, 0.397
253, 0.4989, 0.398
254, 0.5024, 0.704
255, 0.5101, 1.298
256, 0.5101, 0.403
257, 0.5013, 0.405
258, 0.4864, 0.403
259, 0.5016, 0.400
260, 0.4953, 1.008
261, 0.4950, 0.383
262, 0.5111, 0.416
263, 0.5051, 0.409
264, 0.4987, 0.583
265, 0.4913, 0.399
266, 0.4732, 0.399
267, 0.5093, 0.816
268, 0.4935, 1.434
269, 0.4900, 0.399
270, 0.5075, 0.400
271, 0.4967, 0.416
272, 0.4823, 0.411
273, 0.4792, 0.409
274, 0.4933, 0.399
275, 0.5015, 0.399
276, 0.5011, 0.635
277, 0.4957, 0.386
278, 0.4988, 0.694
279, 0.5092, 0.419
280, 0.4801, 0.403
281, 0.4862, 0.401
282, 0.5064, 0.401
283, 0.5043, 6.058
284, 0.5035, 1.930
285, 0.4994, 0.375
286, 0.4947, 2.167
287, 0.4967, 0.514
288, 0.4798, 0.419
289, 0.4953, 0.414
290, 0.5036, 0.419
291, 0.4853, 0.399
292, 0.4993, 2.437
293, 0.4959, 0.381
294, 0.5003, 0.384
295, 0.4917, 0.394
296, 0.5069, 0.388
297, 0.4914, 0.387
298, 0.4912, 0.387
299, 0.5055, 0.393
300, 0.4832, 1.251
301, 0.4904, 0.379
302, 0.4973, 0.388
303, 0.4935, 0.385
304, 0.5034, 0.387
305, 0.4798, 0.392
306, 0.4825, 0.386
307, 0.4950, 0.388
308, 0.4844, 1.496
309, 0.5170, 0.384
310, 0.4843, 0.384
311, 0.4993, 0.386
312, 0.4851, 0.399
313, 0.4961, 0.399
314, 0.4985, 0.411
315, 0.4915, 0.427
316, 0.4969, 1.174
317, 0.5059, 0.382
318, 0.5097, 0.389
319, 0.4929, 0.388
320, 0.4946, 0.471
321, 0.4789, 0.451
322, 0.4968, 0.426
323, 0.4950, 0.416
324, 0.4907, 1.618
325, 0.4950, 0.432
326, 0.4974, 0.431
327, 0.4865, 0.410
328, 0.5054, 0.413
329, 0.4988, 0.643
330, 0.4991, 0.412
331, 0.4859, 0.425
332, 0.5013, 1.253
333, 0.4966, 1.346
334, 0.4940, 0.386
335, 0.4939, 0.383
336, 0.4976, 0.389
337, 0.5180, 0.386
338, 0.5097, 0.393
339, 0.5077, 0.389
340, 0.4902, 2.249
341, 0.5011, 0.412
342, 0.4919, 0.408
343, 0.4996, 0.409
344, 0.5012, 0.428
345, 0.4963, 0.430
346, 0.4948, 0.428
347, 0.4977, 0.415
348, 0.4953, 0.407
349, 0.4895, 0.413
350, 0.4857, 0.435
351, 0.4865, 0.406
352, 0.4768, 0.406
353, 0.4944, 0.420
354, 0.4922, 0.416
355, 0.4957, 0.411
356, 0.4811, 1.058
357, 0.4909, 0.410
358, 0.5015, 0.426
359, 0.5053, 0.416
360, 0.4901, 0.406
361, 0.4949, 0.431
362, 0.4990, 0.424
363, 0.4999, 0.426
364, 0.5090, 1.222
365, 0.4930, 0.382
366, 0.5050, 0.384
367, 0.5000, 0.385
368, 0.5049, 0.396
369, 0.4928, 0.433
370, 0.5059, 0.412
371, 0.4940, 0.426
372, 0.4864, 0.410
373, 0.5020, 0.407
374, 0.4985, 0.410
375, 0.4892, 0.403
376, 0.4930, 0.405
377, 0.4912, 0.425
378, 0.5086, 0.419
379, 0.4998, 0.406
380, 0.4878, 0.408
381, 0.4956, 0.411
382, 0.4928, 0.413
383, 0.4952, 0.399
384, 0.4926, 0.397
385, 0.4960, 0.400
386, 0.4968, 0.424
387, 0.4964, 0.417
388, 0.4913, 0.422
389, 0.5013, 1.175
390, 0.5090, 0.423
391, 0.4922, 0.408
392, 0.4850, 0.424
393, 0.4941, 0.427
394, 0.4973, 0.418
395, 0.5021, 0.416
396, 0.5055, 6.787
397, 0.5013, 1.949
398, 0.5146, 0.402
399, 0.5141, 0.424
400, 0.5016, 0.403
401, 0.4903, 0.406
402, 0.4960, 0.403
403, 0.4970, 0.416
404, 0.4732, 0.422
405, 0.5092, 1.514
406, 0.4770, 0.398
407, 0.4834, 0.407
408, 0.4953, 0.408
409, 0.5138, 0.408
410, 0.4874, 0.419
411, 0.5091, 0.415
412, 0.5018, 0.425
413, 0.4872, 0.404
414, 0.4987, 0.636
415, 0.4921, 0.509
416, 0.5114, 0.419
417, 0.5022, 0.407
418, 0.4948, 0.386
419, 0.4981, 0.404
420, 0.4967, 0.402
421, 0.5027, 0.395
422, 0.4978, 0.397
423, 0.4889, 1.056
424, 0.4924, 0.404
425, 0.5019, 0.399
426, 0.4928, 0.400
427, 0.4927, 0.396
428, 0.4952, 0.398
429, 0.4930, 0.401
430, 0.4691, 0.396
431, 0.4878, 0.397
432, 0.4941, 0.394
433, 0.4889, 0.398
434, 0.4935, 1.041
435, 0.5015, 0.374
436, 0.4962, 0.379
437, 0.4729, 0.399
438, 0.4972, 0.396
439, 0.5007, 1.364
440, 0.5049, 0.397
441, 0.4838, 0.395
442, 0.4877, 0.397
443, 0.4940, 0.428
444, 0.4876, 0.397
445, 0.5020, 1.026
446, 0.4957, 0.396
447, 0.5030, 1.526
448, 0.4862, 0.394
449, 0.5098, 0.395
450, 0.5017, 0.396
451, 0.4989, 1.358
452, 0.4982, 0.399
453, 0.4942, 0.393
454, 0.5043, 0.402
455, 0.4871, 0.680
456, 0.5127, 0.400
457, 0.4888, 0.560
458, 0.4997, 0.396
459, 0.4899, 1.112
460, 0.5137, 0.785
461, 0.4981, 0.396
462, 0.4981, 0.394
463, 0.4994, 0.398
464, 0.4999, 0.404
465, 0.4999, 0.998
466, 0.5085, 0.397
467, 0.4945, 0.397
468, 0.4978, 0.403
469, 0.5117, 0.408
470, 0.4973, 0.507
471, 0.4923, 0.785
472, 0.4987, 0.715
473, 0.4987, 0.397
474, 0.5092, 0.396
475, 0.4875, 0.397
476, 0.4870, 0.397
477, 0.5048, 0.376
478, 0.5045, 0.377
479, 0.5054, 0.417
480, 0.4972, 0.397
481, 0.5091, 0.398
482, 0.4887, 0.396
483, 0.5102, 0.403
484, 0.5007, 0.399
485, 0.4917, 0.397
486, 0.4993, 0.401
487, 0.4912, 0.414
488, 0.4853, 0.409
489, 0.4923, 0.415
490, 0.4997, 0.411
491, 0.4875, 0.400
492, 0.4872, 0.393
493, 0.4866, 0.391
494, 0.4969, 0.395
495, 0.4821, 0.396
496, 0.4877, 0.396
497, 0.4963, 0.410
498, 0.4850, 0.392
499, 0.4855, 0.395
500, 0.4986, 0.398
501, 0.4959, 0.403
502, 0.5090, 0.412
503, 0.4898, 0.393
504, 0.4978, 0.394
505, 0.4695, 0.397
506, 0.5021, 0.394
507, 0.4956, 0.395
508, 0.4860, 0.407
509, 0.4862, 0.397
510, 0.4834, 0.394
511, 0.4952, 0.398
512, 0.4965, 0.396
513, 0.4868, 0.395
514, 0.5023, 0.397
515, 0.5026, 0.397
516, 0.4999, 0.400
517, 0.4982, 0.397
518, 0.5051, 0.394
519, 0.4855, 0.392
520, 0.4939, 0.392
521, 0.4888, 5.552
522, 0.4972, 0.812
523, 0.5058, 1.578
524, 0.4882, 0.413
525, 0.4958, 0.424
526, 0.4963, 0.403
527, 0.4806, 0.385
528, 0.5051, 0.389
529, 0.5032, 0.404
530, 0.4998, 0.409
531, 0.5019, 0.402
532, 0.4895, 0.423
533, 0.5058, 0.418
534, 0.5027, 0.401
535, 0.4848, 0.404
536, 0.4871, 0.420
537, 0.4955, 0.405
538, 0.4873, 0.399
539, 0.4765, 0.405
540, 0.4914, 0.413
541, 0.5032, 0.400
542, 0.4854, 0.402
543, 0.4911, 0.424
544, 0.5019, 0.419
545, 0.4960, 0.403
546, 0.4885, 0.419
547, 0.4832, 0.432
548, 0.5129, 0.430
549, 0.5034, 0.403
550, 0.4953, 0.416
551, 0.4955, 0.429
552, 0.4827, 0.432
553, 0.4903, 0.401
554, 0.4915, 0.408
555, 0.4957, 0.438
556, 0.4897, 0.519
557, 0.5009, 0.420
558, 0.4949, 0.425
559, 0.4800, 0.430
560, 0.4998, 0.443
561, 0.4957, 0.427
562, 0.4930, 0.410
563, 0.4909, 0.410
564, 0.4980, 0.418
565, 0.4874, 0.437
566, 0.4918, 0.421
567, 0.4873, 0.420
568, 0.4962, 0.432
569, 0.4832, 0.405
570, 0.5025, 0.399
571, 0.4805, 0.400
572, 0.4910, 0.422
573, 0.4967, 0.420
574, 0.5062, 0.412
575, 0.4928, 0.413
576, 0.4688, 0.403
577, 0.4887, 0.409
578, 0.4884, 0.402
579, 0.4657, 0.417
580, 0.4920, 0.422
581, 0.4823, 0.400
582, 0.4893, 0.400
583, 0.4886, 0.400
584, 0.4933, 0.410
585, 0.4841, 0.401
586, 0.5020, 0.425
587, 0.4936, 0.405
588, 0.4851, 0.420
589, 0.4955, 0.418
590, 0.5122, 0.410
591, 0.4882, 0.416
592, 0.4968, 0.442
593, 0.4943, 0.435
594, 0.4898, 0.429
595, 0.5093, 0.417
596, 0.5206, 0.425
597, 0.4996, 0.427
598, 0.4959, 0.428
599, 0.4929, 0.421
600, 0.4871, 0.426
601, 0.4897, 0.420
602, 0.4827, 0.414
603, 0.4909, 0.434
604, 0.4980, 0.419
605, 0.4923, 0.436
606, 0.4997, 0.433
607, 0.4960, 0.433
608, 0.4942, 0.420
609, 0.4834, 0.408
610, 0.5017, 0.457
611, 0.4982, 0.410
612, 0.5058, 0.390
613, 0.5038, 0.386
614, 0.5032, 0.392
615, 0.5096, 0.453
616, 0.4925, 0.414
617, 0.4973, 0.418
618, 0.4915, 0.405
619, 0.4954, 0.411
620, 0.4850, 0.413
621, 0.4862, 0.410
622, 0.4903, 0.427
623, 0.4959, 0.402
624, 0.4993, 0.415
625, 0.4927, 0.398
626, 0.5091, 0.411
627, 0.5043, 1.018
628, 0.5123, 0.423
629, 0.4958, 0.418
630, 0.4983, 0.418
631, 0.4931, 0.397
632, 0.4922, 0.399
633, 0.4877, 0.418
634, 0.4887, 0.404
635, 0.4856, 0.401
636, 0.4974, 0.412
637, 0.5122, 0.400
638, 0.4948, 0.405
639, 0.4953, 0.417
640, 0.5038, 0.407
641, 0.5018, 0.409
642, 0.4947, 0.399
643, 0.4854, 0.397
644, 0.4834, 0.397
645, 0.4974, 0.396
646, 0.4899, 0.405
647, 0.5009, 0.422
648, 0.4798, 0.424
649, 0.4936, 0.420
650, 0.5143, 0.416
651, 0.4997, 0.400
652, 0.4850, 0.403
653, 0.4832, 0.421
654, 0.4866, 0.417
655, 0.4784, 0.412
656, 0.4963, 0.409
657, 0.4830, 0.411
658, 0.4951, 0.512
659, 0.4904, 0.417
660, 0.5007, 0.416
661, 0.4970, 0.420
662, 0.5074, 0.411
663, 0.5049, 0.416
664, 0.5051, 0.410
665, 0.4818, 0.417
666, 0.5028, 0.410
667, 0.4943, 0.411
668, 0.5010, 0.403
669, 0.5054, 0.401
670, 0.5034, 0.411
671, 0.4958, 0.404
672, 0.5068, 0.401
673, 0.4984, 2.475
674, 0.5105, 0.939
675, 0.5062, 0.399
676, 0.5021, 0.996
677, 0.4958, 0.696
678, 0.5145, 0.400
679, 0.4833, 0.395
680, 0.4990, 0.394
681, 0.4983, 0.396
682, 0.4841, 0.399
683, 0.4945, 0.396
684, 0.4996, 0.394
685, 0.4931, 0.397
686, 0.4991, 0.590
687, 0.5057, 0.380
688, 0.4879, 0.383
689, 0.5020, 0.378
690, 0.5030, 0.400
691, 0.5014, 0.393
692, 0.4852, 1.255
693, 0.4977, 0.393
694, 0.4935, 0.398
695, 0.4866, 0.817
696, 0.5057, 0.395
697, 0.4899, 0.397
698, 0.4913, 0.398
699, 0.4939, 0.428
700, 0.4907, 0.492
701, 0.4911, 0.401
702, 0.4884, 0.398
703, 0.4944, 0.397
704, 0.5028, 0.397
705, 0.4980, 0.407
706, 0.4956, 0.613
707, 0.5038, 0.376
708, 0.4993, 0.867
709, 0.4892, 0.398
710, 0.4762, 0.398
711, 0.5003, 0.394
712, 0.4997, 0.396
713, 0.4875, 0.409
714, 0.4833, 0.404
715, 0.4908, 0.395
716, 0.5106, 0.966
717, 0.5047, 0.397
718, 0.4919, 0.405
719, 0.5164, 0.399
720, 0.4768, 0.485
721, 0.5101, 0.397
722, 0.4933, 0.398
723, 0.4730, 0.402
724, 0.4972, 0.395
725, 0.4959, 0.408
726, 0.5057, 0.404
727, 0.5026, 0.416
728, 0.4930, 0.415
729, 0.5003, 0.400
730, 0.4935, 0.422
731, 0.4906, 0.407
732, 0.5142, 0.402
733, 0.4839, 0.405
734, 0.4998, 0.471
735, 0.4946, 0.415
736, 0.4972, 0.435
737, 0.4937, 0.420
738, 0.4893, 0.437
739, 0.4922, 0.426
740, 0.4980, 0.440
741, 0.4931, 0.434
742, 0.4893, 0.437
743, 0.4922, 0.435
744, 0.5035, 0.442
745, 0.4992, 0.447
746, 0.5036, 0.439
747, 0.4966, 0.447
748, 0.4948, 0.440
749, 0.4842, 0.437
750, 0.5002, 0.434
751, 0.4989, 0.434
752, 0.5013, 0.441
753, 0.4799, 0.438
754, 0.4868, 0.437
755, 0.5025, 0.438
756, 0.4942, 0.436
757, 0.5085, 0.431
758, 0.4900, 0.437
759, 0.4935, 0.436
760, 0.4979, 0.437
761, 0.4782, 0.432
762, 0.5133, 0.431
763, 0.5011, 0.433
764, 0.5106, 0.402
765, 0.4940, 0.402
766, 0.4931, 0.405
767, 0.4891, 0.398
768, 0.4995, 0.403
769, 0.4888, 0.440
770, 0.4856, 0.420
771, 0.4813, 0.411
772, 0.4743, 0.432
773, 0.5046, 0.539
774, 0.4986, 0.410
775, 0.5094, 0.414
776, 0.4681, 0.442
777, 0.4918, 0.425
778, 0.5050, 0.422
779, 0.4830, 0.439
780, 0.5078, 0.433
781, 0.5106, 0.433
782, 0.5022, 0.425
783, 0.4894, 0.438
784, 0.5045, 0.432
785, 0.5007, 0.432
786, 0.5020, 0.431
787, 0.4961, 0.426
788, 0.5067, 0.433
789, 0.4991, 0.438
790, 0.4937, 0.434
791, 0.5036, 0.440
792, 0.5137, 0.429
793, 0.4917, 0.439
794, 0.4972, 0.431
795, 0.4953, 0.432
796, 0.5096, 0.430
797, 0.4976, 0.413
798, 0.4875, 0.421
799, 0.4897, 0.433
800, 0.4868, 0.428
801, 0.4972, 0.424
802, 0.4903, 0.429
803, 0.4952, 0.433
804, 0.5047, 0.438
805, 0.4878, 0.442
806, 0.4995, 0.425
807, 0.4998, 0.425
808, 0.4910, 0.428
809, 0.4950, 0.426
810, 0.5106, 0.441
811, 0.4956, 0.418
812, 0.5054, 0.418
813, 0.5014, 0.381
814, 0.4971, 0.379
815, 0.5033, 0.422
816, 0.4876, 0.377
817, 0.4935, 0.417
818, 0.4885, 2.743
819, 0.4957, 0.579
820, 0.4738, 0.409
821, 0.4865, 0.400
822, 0.5042, 1.534
823, 0.5017, 0.503
824, 0.4922, 0.401
825, 0.4782, 0.400
826, 0.4874, 0.401
827, 0.4930, 0.398
828, 0.4903, 0.397
829, 0.5032, 0.397
830, 0.4983, 0.914
831, 0.4994, 0.395
832, 0.4987, 0.397
833, 0.4918, 0.401
834, 0.4928, 0.416
835, 0.4921, 0.399
836, 0.4847, 0.397
837, 0.4887, 0.397
838, 0.4883, 0.398
839, 0.4827, 0.399
840, 0.4880, 0.403
841, 0.4902, 0.422
842, 0.4736, 0.400
843, 0.4891, 0.401
844, 0.4868, 0.401
845, 0.5023, 0.395
846, 0.4994, 0.395
847, 0.5068, 0.484
848, 0.4963, 0.453
849, 0.4870, 0.409
850, 0.5002, 0.407
851, 0.4944, 0.398
852, 0.4936, 0.395
853, 0.5031, 0.399
854, 0.5033, 0.394
855, 0.4977, 0.398
856, 0.4842, 0.405
857, 0.4935, 0.402
858, 0.5008, 0.911
859, 0.4889, 0.398
860, 0.4947, 0.403
861, 0.4946, 0.398
862, 0.4831, 0.398
863, 0.4801, 0.410
864, 0.5111, 0.398
865, 0.5026, 0.401
866, 0.4788, 0.802
867, 0.4862, 0.397
868, 0.4886, 0.398
869, 0.4923, 0.411
870, 0.4983, 0.400
871, 0.4910, 0.396
872, 0.4867, 0.408
873, 0.4926, 0.402
874, 0.4724, 0.410
875, 0.4791, 0.417
876, 0.4924, 0.420
877, 0.4868, 0.405
878, 0.4864, 0.409
879, 0.4898, 0.397
880, 0.4882, 0.405
881, 0.4795, 0.400
882, 0.4751, 0.415
883, 0.4976, 0.412
884, 0.4905, 0.409
885, 0.4883, 0.397
886, 0.4922, 0.400
887, 0.4880, 0.402
888, 0.4958, 0.420
889, 0.4954, 0.395
890, 0.4841, 0.405
891, 0.4731, 0.411
892, 0.4768, 0.431
893, 0.4976, 0.485
894, 0.4875, 0.383
895, 0.4827, 0.417
896, 0.4814, 0.395
897, 0.4888, 0.604
898, 0.5061, 0.410
899, 0.4819, 0.398
900, 0.4863, 0.403
901, 0.4975, 0.405
902, 0.5056, 0.419
903, 0.4997, 0.417
904, 0.4820, 0.399
905, 0.4972, 0.397
906, 0.4979, 0.408
907, 0.4959, 0.402
908, 0.4935, 0.541
909, 0.5036, 0.422
910, 0.4869, 0.412
911, 0.4905, 0.703
912, 0.4924, 0.419
913, 0.4886, 0.414
914, 0.5024, 0.434
915, 0.4821, 0.436
916, 0.4793, 0.426
917, 0.5004, 0.416
918, 0.5085, 0.412
919, 0.5016, 0.415
920, 0.5070, 0.414
921, 0.4989, 0.435
922, 0.4870, 0.596
923, 0.4958, 0.418
924, 0.5024, 0.412
925, 0.4843, 0.408
926, 0.4999, 0.411
927, 0.4921, 0.411
928, 0.4883, 0.410
929, 0.4916, 0.414
930, 0.4971, 0.415
931, 0.4831, 0.412
932, 0.4804, 0.412
933, 0.4874, 0.412
934, 0.4949, 0.412
935, 0.4911, 0.423
936, 0.4925, 0.435
937, 0.4857, 0.446
938, 0.4906, 0.426
939, 0.4995, 0.418
940, 0.4982, 0.431
941, 0.4933, 0.412
942, 0.4914, 0.431
943, 0.4756, 0.418
944, 0.4884, 0.422
945, 0.4855, 0.449
946, 0.4886, 0.445
947, 0.4942, 0.433
948, 0.4990, 0.424
949, 0.4862, 0.439
950, 0.4835, 0.438
951, 0.4974, 0.418
952, 0.4875, 0.439
953, 0.5052, 0.425
954, 0.4895, 0.446
955, 0.4937, 0.436
956, 0.5073, 0.431
957, 0.4921, 0.433
958, 0.5012, 0.438
959, 0.4813, 0.421
960, 0.4949, 0.431
961, 0.4844, 0.416
962, 0.4856, 0.413
963, 0.4858, 0.416
964, 0.4956, 0.416
965, 0.4863, 0.417
966, 0.5017, 0.415
967, 0.5027, 2.965
968, 0.4941, 0.383
969, 0.4854, 0.382
970, 0.4890, 0.699
971, 0.5029, 0.400
972, 0.4925, 0.422
973, 0.4935, 0.405
974, 0.4972, 0.410
975, 0.5122, 0.410
976, 0.5026, 0.423
977, 0.4959, 0.413
978, 0.5003, 1.122
979, 0.4994, 0.380
980, 0.5066, 0.383
981, 0.4886, 0.390
982, 0.4861, 0.383
983, 0.5000, 0.389
984, 0.5043, 0.387
985, 0.5066, 0.377
986, 0.4866, 0.379
987, 0.4938, 0.384
988, 0.4907, 0.384
989, 0.5078, 0.407
990, 0.4958, 0.403
991, 0.4930, 0.399
992, 0.4941, 0.416
993, 0.4985, 0.399
994, 0.4997, 0.400
995, 0.5028, 0.427
996, 0.4843, 0.419
997, 0.4798, 0.427
998, 0.4899, 0.428
999, 0.4969, 0.421
1000, 0.4811, 0.702
1001, 0.4865, 0.417
1002, 0.4824, 0.499
1003, 0.4943, 0.413
1004, 0.4785, 0.412
1005, 0.4956, 0.442
1006, 0.4846, 0.437
1007, 0.5002, 0.438
1008, 0.5045, 0.442
1009, 0.4964, 0.436
1010, 0.4870, 0.441
1011, 0.4961, 0.451
1012, 0.4839, 0.422
1013, 0.4808, 0.420
1014, 0.4838, 0.437
1015, 0.5023, 0.421
1016, 0.5010, 0.462
1017, 0.4778, 0.422
1018, 0.4826, 0.421
1019, 0.4985, 0.417
1020, 0.5046, 0.415
1021, 0.5031, 0.423
1022, 0.4922, 0.413
1023, 0.4970, 0.414
1024, 0.5091, 0.426
1025, 0.5023, 0.422
1026, 0.4884, 1.081
1027, 0.4991, 0.448
1028, 0.4940, 0.431
1029, 0.4922, 0.411
1030, 0.5130, 0.414
1031, 0.4944, 0.419
1032, 0.4858, 0.413
1033, 0.4902, 0.426
1034, 0.4797, 0.645
1035, 0.4935, 0.418
1036, 0.4868, 0.414
1037, 0.4937, 0.395
1038, 0.5034, 0.422
1039, 0.5046, 0.407
1040, 0.4866, 0.547
1041, 0.4897, 0.416
1042, 0.4976, 0.412
1043, 0.4951, 0.418
1044, 0.4905, 0.711
1045, 0.5014, 0.407
1046, 0.5029, 0.413
1047, 0.4970, 0.412
1048, 0.4981, 0.408
1049, 0.4950, 0.422
1050, 0.5142, 0.424
1051, 0.4916, 0.411
1052, 0.5029, 0.414
1053, 0.5127, 0.415
1054, 0.4972, 0.414
1055, 0.5053, 0.411
1056, 0.4651, 0.412
1057, 0.4851, 0.428
1058, 0.4924, 0.413
1059, 0.4926, 0.412
1060, 0.5111, 0.412
1061, 0.5075, 0.428
1062, 0.4856, 0.414
1063, 0.4758, 0.461
1064, 0.4932, 0.413
1065, 0.4984, 0.415
1066, 0.4898, 0.639
1067, 0.4987, 0.414
1068, 0.4942, 0.414
1069, 0.4981, 0.412
1070, 0.4932, 0.412
1071, 0.4977, 0.411
1072, 0.4885, 0.414
1073, 0.4978, 0.412
1074, 0.4830, 0.409
1075, 0.4888, 0.418
1076, 0.4851, 0.413
1077, 0.4820, 0.410
1078, 0.5068, 0.412
1079, 0.4902, 0.422
1080, 0.5009, 0.414
1081, 0.4809, 0.417
1082, 0.4845, 0.413
1083, 0.4938, 0.412
1084, 0.5038, 0.411
1085, 0.5122, 0.417
1086, 0.5028, 0.415
1087, 0.4922, 0.407
1088, 0.4867, 0.410
1089, 0.5036, 0.454
1090, 0.4956, 0.424
1091, 0.4933, 0.422
1092, 0.4869, 0.431
1093, 0.4882, 0.422
1094, 0.5069, 0.424
1095, 0.5014, 0.417
1096, 0.4803, 0.409
1097, 0.4838, 0.417
1098, 0.4943, 0.413
1099, 0.4801, 0.414
1100, 0.4852, 0.418
1101, 0.4992, 0.420
1102, 0.5064, 0.405
1103, 0.4931, 0.411
1104, 0.4951, 0.412
1105, 0.5045, 0.406
1106, 0.4958, 0.405
1107, 0.4997, 0.413
1108, 0.4967, 0.399
1109, 0.4912, 0.405
1110, 0.5189, 0.394
1111, 0.5034, 0.394
1112, 0.4788, 0.393
1113, 0.4955, 0.393
1114, 0.4996, 0.392
1115, 0.4911, 2.907
1116, 0.4878, 0.378
1117, 0.4696, 0.379
1118, 0.4788, 0.375
1119, 0.5017, 0.797
1120, 0.5071, 0.403
1121, 0.4987, 0.402
1122, 0.5176, 0.398
1123, 0.4966, 0.399
1124, 0.4828, 0.398
1125, 0.4881, 0.395
1126, 0.5143, 0.415
1127, 0.5005, 0.413
1128, 0.4955, 0.410
1129, 0.4806, 0.398
1130, 0.4798, 0.396
1131, 0.4883, 0.413
1132, 0.4907, 0.425
1133, 0.4921, 0.414
1134, 0.4781, 0.443
1135, 0.4930, 0.414
1136, 0.4821, 0.410
1137, 0.4948, 0.412
1138, 0.5029, 0.406
1139, 0.4894, 0.423
1140, 0.4905, 0.425
1141, 0.5122, 0.418
1142, 0.4976, 0.434
1143, 0.4908, 0.434
1144, 0.4946, 0.440
1145, 0.4902, 0.445
1146, 0.4850, 0.446
1147, 0.4898, 0.437
1148, 0.4994, 0.417
1149, 0.4824, 0.434
1150, 0.4769, 0.438
1151, 0.4885, 0.451
1152, 0.5061, 0.444
1153, 0.5115, 0.443
1154, 0.5044, 0.436
1155, 0.4994, 0.435
1156, 0.4995, 0.422
1157, 0.4869, 0.439
1158, 0.4944, 0.412
1159, 0.4771, 0.404
1160, 0.4873, 0.426
1161, 0.5032, 0.427
1162, 0.4814, 0.445
1163, 0.4944, 0.420
1164, 0.5051, 0.418
1165, 0.4893, 0.422
1166, 0.4903, 0.418
1167, 0.5036, 0.414
1168, 0.4912, 0.417
1169, 0.5007, 0.442
1170, 0.4998, 0.410
1171, 0.4938, 0.435
1172, 0.4900, 0.442
1173, 0.4793, 0.428
1174, 0.4955, 0.444
1175, 0.4892, 0.438
1176, 0.5055, 0.431
1177, 0.4919, 0.443
1178, 0.4991, 0.452
1179, 0.4892, 0.434
1180, 0.4814, 0.425
1181, 0.4981, 0.437
1182, 0.4908, 0.437
1183, 0.4871, 0.439
1184, 0.4884, 0.436
1185, 0.5039, 0.446
1186, 0.4885, 0.455
1187, 0.4946, 0.439
1188, 0.5057, 0.439
1189, 0.5019, 0.434
1190, 0.4932, 0.438
1191, 0.4855, 0.430
1192, 0.5048, 0.432
1193, 0.4854, 0.442
1194, 0.4909, 0.441
1195, 0.4949, 0.434
1196, 0.5090, 0.438
1197, 0.4937, 0.432
1198, 0.4949, 0.435
1199, 0.4874, 0.437
1200, 0.4940, 0.429
1201, 0.5012, 0.419
1202, 0.4851, 0.425
1203, 0.4844, 0.424
1204, 0.4831, 0.424
1205, 0.4924, 0.415
1206, 0.4930, 0.410
1207, 0.4896, 0.407
1208, 0.4972, 0.411
1209, 0.4976, 0.410
1210, 0.5072, 0.427
1211, 0.5085, 0.431
1212, 0.4964, 0.432
1213, 0.4956, 0.428
1214, 0.4879, 0.435
1215, 0.5059, 0.439
1216, 0.4912, 0.444
1217, 0.4983, 0.463
1218, 0.4967, 0.433
1219, 0.4904, 0.431
1220, 0.4959, 0.434
1221, 0.4806, 0.434
1222, 0.4934, 0.433
1223, 0.4754, 0.398
1224, 0.5012, 0.418
1225, 0.5068, 0.410
1226, 0.4874, 0.409
1227, 0.4996, 0.416
1228, 0.5046, 0.410
1229, 0.4828, 0.410
1230, 0.4921, 0.406
1231, 0.4904, 0.414
1232, 0.4942, 0.409
1233, 0.5013, 0.419
1234, 0.4954, 0.424
1235, 0.5035, 0.446
1236, 0.4819, 0.413
1237, 0.4910, 0.411
1238, 0.4890, 0.407
1239, 0.4940, 0.417
1240, 0.4971, 0.430
1241, 0.5121, 0.412
1242, 0.4933, 0.418
1243, 0.4962, 0.419
1244, 0.4923, 0.686
1245, 0.4911, 0.421
1246, 0.5038, 0.413
1247, 0.4936, 0.414
1248, 0.4987, 0.423
1249, 0.4913, 0.421
1250, 0.5056, 0.417
1251, 0.4933, 0.415
1252, 0.4793, 0.415
1253, 0.4960, 0.414
1254, 0.4837, 0.415
1255, 0.5068, 0.424
1256, 0.5022, 0.414
1257, 0.4812, 0.409
1258, 0.4853, 0.409
1259, 0.4943, 0.409
1260, 0.5024, 0.396
1261, 0.4878, 0.391
1262, 0.4874, 0.394
1263, 0.4958, 0.396
1264, 0.4928, 0.394
1265, 0.4932, 0.391
1266, 0.4883, 0.391
1267, 0.5021, 3.894
1268, 0.5081, 0.398
1269, 0.4791, 0.396
1270, 0.4950, 1.314
1271, 0.5032, 0.402
1272, 0.5071, 0.658
1273, 0.4969, 2.227
1274, 0.4941, 0.414
1275, 0.4992, 0.401
1276, 0.4783, 0.725
1277, 0.4715, 0.404
1278, 0.4923, 0.400
1279, 0.5052, 0.412
1280, 0.4989, 0.406
1281, 0.4928, 0.423
1282, 0.4938, 0.410
1283, 0.4732, 0.415
1284, 0.4776, 0.411
1285, 0.4781, 0.397
1286, 0.4906, 0.395
1287, 0.4856, 0.401
1288, 0.4857, 0.413
1289, 0.4866, 0.404
1290, 0.4998, 0.421
1291, 0.4803, 0.397
1292, 0.5017, 0.404
1293, 0.5114, 0.400
1294, 0.4849, 0.396
1295, 0.5097, 0.409
1296, 0.4932, 0.458
1297, 0.4978, 0.506
1298, 0.4965, 0.411
1299, 0.4958, 0.417
1300, 0.4954, 0.516
1301, 0.4903, 0.722
1302, 0.4952, 0.410
1303, 0.4837, 0.782
1304, 0.5056, 0.431
1305, 0.4956, 0.411
1306, 0.5061, 0.409
1307, 0.4899, 0.416
1308, 0.4916, 0.409
1309, 0.4963, 0.408
1310, 0.4885, 0.419
1311, 0.4911, 0.414
1312, 0.4902, 0.415
1313, 0.5011, 0.414
1314, 0.5061, 0.407
1315, 0.5060, 0.410
1316, 0.5014, 0.409
1317, 0.4865, 0.409
1318, 0.4885, 0.407
1319, 0.4972, 0.412
1320, 0.4862, 0.409
1321, 0.4860, 0.410
1322, 0.5108, 0.409
1323, 0.4946, 0.413
1324, 0.5172, 0.415
1325, 0.5036, 0.420
1326, 0.4939, 0.419
1327, 0.5134, 0.422
1328, 0.5098, 0.426
1329, 0.4920, 0.410
1330, 0.5063, 0.414
1331, 0.4913, 0.411
1332, 0.4983, 0.415
1333, 0.5018, 0.412
1334, 0.5014, 0.410
1335, 0.4966, 0.412
1336, 0.5023, 0.430
1337, 0.4911, 0.423
1338, 0.5047, 0.396
1339, 0.4871, 0.395
1340, 0.4812, 0.387
1341, 0.4881, 0.414
1342, 0.4910, 0.413
1343, 0.4922, 0.422
1344, 0.5031, 0.426
1345, 0.4914, 0.415
1346, 0.4925, 0.431
1347, 0.4991, 0.432
1348, 0.5009, 0.437
1349, 0.5008, 0.449
1350, 0.4891, 0.427
1351, 0.4807, 0.438
1352, 0.5036, 0.439
1353, 0.4962, 0.447
1354, 0.5057, 0.451
1355, 0.4932, 0.438
1356, 0.4921, 0.422
1357, 0.4910, 0.421
1358, 0.4993, 0.436
1359, 0.4850, 0.399
1360, 0.4886, 0.413
1361, 0.5079, 0.411
1362, 0.5019, 0.422
1363, 0.4998, 1.017
1364, 0.5018, 0.421
1365, 0.4992, 0.420
1366, 0.4876, 0.428
1367, 0.5018, 0.420
1368, 0.4917, 0.419
1369, 0.4970, 0.417
1370, 0.4919, 0.398
1371, 0.4869, 0.396
1372, 0.5001, 0.406
1373, 0.5132, 0.405
1374, 0.4906, 0.407
1375, 0.5021, 0.399
1376, 0.5016, 0.405
1377, 0.4996, 0.411
1378, 0.4934, 0.409
1379, 0.5002, 0.399
1380, 0.4991, 0.413
1381, 0.4957, 0.420
1382, 0.5127, 0.408
1383, 0.5009, 0.409
1384, 0.5054, 0.398
1385, 0.4946, 0.416
1386, 0.4859, 0.406
1387, 0.4918, 0.402
1388, 0.5121, 0.395
1389, 0.4943, 0.402
1390, 0.4941, 0.422
1391, 0.4994, 0.408
1392, 0.4928, 0.398
1393, 0.5051, 0.406
1394, 0.5032, 0.410
1395, 0.5013, 0.406
1396, 0.4781, 0.406
1397, 0.4909, 0.441
1398, 0.4721, 0.407
1399, 0.5005, 0.402
1400, 0.4905, 0.397
1401, 0.4923, 0.386
1402, 0.4948, 0.380
1403, 0.5040, 0.389
1404, 0.5070, 0.424
1405, 0.4949, 0.402
1406, 0.5038, 0.430
1407, 0.4930, 0.453
1408, 0.4994, 0.440
1409, 0.5105, 0.431
1410, 0.4942, 0.383
1411, 0.4918, 0.383
1412, 0.4985, 1.484
1413, 0.4942, 1.372
1414, 0.4958, 0.378
1415, 0.4978, 2.105
1416, 0.5032, 0.384
1417, 0.5074, 0.384
1418, 0.4894, 0.382
1419, 0.4877, 0.374
1420, 0.4555, 0.376
1421, 0.4920, 0.400
1422, 0.4932, 0.648
1423, 0.4896, 0.411
1424, 0.4938, 0.379
1425, 0.4875, 0.373
1426, 0.4920, 0.377
1427, 0.4989, 0.379
1428, 0.4907, 0.375
1429, 0.4783, 0.376
1430, 0.5043, 0.374
1431, 0.4985, 0.401
1432, 0.5091, 0.958
1433, 0.4974, 0.375
1434, 0.4964, 0.872
1435, 0.5071, 0.381
1436, 0.5088, 0.394
1437, 0.4842, 0.390
1438, 0.5022, 0.380
1439, 0.4871, 0.402
1440, 0.4943, 0.755
1441, 0.4823, 0.391
1442, 0.5020, 0.407
1443, 0.4882, 0.397
1444, 0.4907, 0.419
1445, 0.5009, 0.399
1446, 0.5051, 0.395
1447, 0.4958, 0.395
1448, 0.4946, 0.395
1449, 0.4992, 0.390
1450, 0.4986, 0.396
1451, 0.4964, 0.396
1452, 0.4986, 0.390
1453, 0.4882, 0.400
1454, 0.4983, 0.401
1455, 0.5020, 0.402
1456, 0.4903, 0.392
1457, 0.5122, 0.396
1458, 0.4924, 0.408
1459, 0.4919, 0.405
1460, 0.4860, 0.399
1461, 0.4855, 0.399
1462, 0.5090, 0.397
1463, 0.4972, 0.401
1464, 0.5046, 0.399
1465, 0.4983, 0.392
1466, 0.4988, 0.399
1467, 0.4891, 0.396
1468, 0.5035, 0.396
1469, 0.4973, 0.400
1470, 0.5032, 0.398
1471, 0.5042, 0.407
1472, 0.4841, 0.403
1473, 0.4815, 0.403
1474, 0.4729, 0.402
1475, 0.5039, 0.398
1476, 0.4940, 0.397
1477, 0.5025, 0.398
1478, 0.4921, 0.409
1479, 0.5001, 0.394
1480, 0.4837, 0.402
1481, 0.4885, 0.405
1482, 0.5107, 0.610
1483, 0.4958, 0.407
1484, 0.4949, 0.414
1485, 0.4832, 0.402
1486, 0.4973, 0.486
1487, 0.4754, 0.392
1488, 0.4881, 0.393
1489, 0.4958, 0.393
1490, 0.4966, 1.186
1491, 0.4978, 0.401
1492, 0.4922, 0.396
1493, 0.5004, 0.425
1494, 0.5161, 0.398
1495, 0.4963, 0.406
1496, 0.5018, 0.398
1497, 0.4945, 0.398
1498, 0.4985, 0.393
1499, 0.5095, 0.398
1500, 0.5003, 0.700
1501, 0.5077, 0.400
1502, 0.5098, 0.392
1503, 0.5047, 0.412
1504, 0.4990, 0.400
1505, 0.5006, 0.409
1506, 0.5063, 0.411
1507, 0.4964, 0.405
1508, 0.4970, 0.400
1509, 0.4862, 0.405
1510, 0.4883, 0.399
1511, 0.4758, 0.400
1512, 0.4986, 0.404
1513, 0.5009, 0.402
1514, 0.5100, 0.402
1515, 0.4989, 0.400
1516, 0.5148, 0.398
1517, 0.5006, 0.401
1518, 0.5189, 0.402
1519, 0.4910, 0.398
1520, 0.4852, 0.399
1521, 0.4976, 0.401
1522, 0.4917, 0.401
1523, 0.4879, 0.396
1524, 0.4745, 0.400
1525, 0.4915, 0.415
1526, 0.5061, 0.402
1527, 0.5001, 0.402
1528, 0.4973, 0.399
1529, 0.5033, 0.391
1530, 0.5004, 0.399
1531, 0.4910, 0.402
1532, 0.4983, 0.398
1533, 0.4977, 0.395
1534, 0.5013, 0.406
1535, 0.4897, 0.402
1536, 0.5056, 0.402
1537, 0.5006, 0.403
1538, 0.5006, 0.406
1539, 0.4916, 0.407
1540, 0.4988, 0.400
1541, 0.4927, 0.402
1542, 0.5057, 0.410
1543, 0.4900, 0.394
1544, 0.5022, 0.402
1545, 0.4945, 0.395
1546, 0.4880, 0.394
1547, 0.4995, 0.390
1548, 0.4941, 0.396
1549, 0.4942, 0.397
1550, 0.4874, 0.395
1551, 0.4817, 0.397
1552, 0.4955, 0.399
1553, 0.4913, 0.390
1554, 0.5004, 0.390
1555, 0.4907, 0.377
1556, 0.4848, 0.385
1557, 0.4919, 0.388
1558, 0.4822, 0.377
1559, 0.4910, 0.382
1560, 0.4904, 0.378
1561, 0.4888, 0.377
1562, 0.4889, 2.654
1563, 0.4843, 0.381
1564, 0.4812, 0.497
1565, 0.4721, 0.523
1566, 0.5009, 0.639
1567, 0.4997, 0.382
1568, 0.4923, 0.379
1569, 0.5029, 0.381
1570, 0.4917, 0.374
1571, 0.4918, 0.380
1572, 0.4867, 0.375
1573, 0.4958, 0.375
1574, 0.4832, 0.376
1575, 0.4848, 0.384
1576, 0.4721, 0.484
1577, 0.4962, 0.378
1578, 0.5090, 0.519
1579, 0.4913, 0.384
1580, 0.4929, 0.396
1581, 0.4619, 0.394
1582, 0.5025, 0.381
1583, 0.4925, 0.379
1584, 0.4792, 0.393
1585, 0.4819, 0.410
1586, 0.4904, 0.391
1587, 0.4849, 0.403
1588, 0.4793, 0.402
1589, 0.5058, 0.404
1590, 0.4861, 0.398
1591, 0.5050, 0.402
1592, 0.5094, 0.402
1593, 0.5083, 0.397
1594, 0.4932, 0.394
1595, 0.4841, 0.396
1596, 0.4826, 0.406
1597, 0.4748, 0.403
1598, 0.4958, 0.392
1599, 0.4759, 0.396
1600, 0.4955, 0.392
1601, 0.4725, 0.393
1602, 0.4729, 0.402
1603, 0.4728, 0.401
1604, 0.4730, 0.398
1605, 0.4930, 0.394
1606, 0.4983, 0.401
1607, 0.5014, 0.385
1608, 0.4985, 0.395
1609, 0.4787, 0.395
1610, 0.4860, 0.392
1611, 0.4936, 0.406
1612, 0.4844, 0.399
1613, 0.4956, 0.399
1614, 0.4968, 0.392
1615, 0.5124, 0.393
1616, 0.4953, 0.415
1617, 0.4857, 0.400
1618, 0.4954, 0.433
1619, 0.4834, 0.426
1620, 0.4960, 0.426
1621, 0.4827, 0.429
1622, 0.4985, 0.433
1623, 0.4902, 0.438
1624, 0.4745, 0.397
1625, 0.4774, 0.392
1626, 0.4913, 0.401
1627, 0.4872, 0.419
1628, 0.5062, 0.399
1629, 0.4999, 0.391
1630, 0.5027, 0.389
1631, 0.4963, 0.380
1632, 0.4988, 0.391
1633, 0.4948, 0.392
1634, 0.4738, 0.389
1635, 0.4888, 0.395
1636, 0.4831, 0.395
1637, 0.4812, 0.393
1638, 0.4989, 0.389
1639, 0.5038, 0.389
1640, 0.4930, 0.397
1641, 0.4890, 0.400
1642, 0.4907, 0.391
1643, 0.4918, 0.392
1644, 0.4919, 0.399
1645, 0.4893, 0.400
1646, 0.4801, 0.395
1647, 0.5122, 0.392
1648, 0.5005, 0.396
1649, 0.5046, 0.393
1650, 0.4847, 0.425
1651, 0.4992, 0.390
1652, 0.4979, 0.384
1653, 0.4867, 1.694
1654, 0.4810, 0.398
1655, 0.4848, 0.398
1656, 0.5033, 0.402
1657, 0.4770, 0.390
1658, 0.4861, 0.394
1659, 0.4864, 0.393
1660, 0.4908, 0.391
1661, 0.4830, 0.388
1662, 0.4791, 0.390
1663, 0.4846, 0.392
1664, 0.4810, 0.398
1665, 0.4834, 0.395
1666, 0.4898, 0.389
1667, 0.4963, 0.392
1668, 0.4856, 0.390
1669, 0.4723, 0.393
1670, 0.4960, 0.398
1671, 0.4856, 0.392
1672, 0.4695, 0.389
1673, 0.4791, 0.388
1674, 0.4860, 0.392
1675, 0.4910, 0.397
1676, 0.4874, 0.399
1677, 0.4839, 0.391
1678, 0.4986, 0.389
1679, 0.4990, 0.393
1680, 0.4996, 0.392
1681, 0.4952, 0.390
1682, 0.5042, 0.391
1683, 0.4832, 0.397
1684, 0.4917, 0.391
1685, 0.4823, 0.393
1686, 0.4846, 0.393
1687, 0.4767, 0.394
1688, 0.4983, 0.409
1689, 0.4917, 0.404
1690, 0.5059, 0.391
1691, 0.4824, 0.415
1692, 0.4872, 0.397
1693, 0.4919, 0.392
1694, 0.4838, 0.395
1695, 0.4851, 0.391
1696, 0.4892, 0.390
1697, 0.4715, 0.391
1698, 0.4900, 0.393
1699, 0.5012, 0.428
1700, 0.5015, 0.391
1701, 0.4975, 0.398
1702, 0.4994, 0.398
1703, 0.4928, 0.400
1704, 0.4802, 0.392
1705, 0.4826, 0.389
1706, 0.4779, 0.391
1707, 0.4916, 0.396
1708, 0.5037, 0.392
1709, 0.4896, 0.402
1710, 0.4860, 0.397
1711, 0.4964, 0.393
1712, 0.4966, 0.389
1713, 0.4847, 0.375
1714, 0.5013, 0.374
1715, 0.4930, 0.371
1716, 0.4664, 0.372
1717, 0.4732, 0.370
1718, 0.4919, 0.374
1719, 0.4995, 0.373
1720, 0.4879, 2.681
1721, 0.4913, 0.380
1722, 0.4807, 0.564
1723, 0.4974, 0.382
1724, 0.4736, 1.090
1725, 0.4716, 0.380
1726, 0.4843, 0.374
1727, 0.4800, 0.376
1728, 0.4786, 0.377
1729, 0.4814, 0.401
1730, 0.4793, 0.385
1731, 0.4975, 0.374
1732, 0.4771, 0.397
1733, 0.4936, 0.379
1734, 0.4849, 0.383
1735, 0.5037, 0.405
1736, 0.5019, 0.399
1737, 0.4998, 0.393
1738, 0.5032, 0.489
1739, 0.5017, 0.731
1740, 0.4869, 0.394
1741, 0.4982, 0.394
1742, 0.4883, 0.392
1743, 0.4824, 0.391
1744, 0.4932, 0.390
1745, 0.5006, 0.399
1746, 0.4836, 0.396
1747, 0.4799, 0.395
1748, 0.4862, 0.391
1749, 0.4753, 0.385
1750, 0.4850, 0.432
1751, 0.4890, 0.393
1752, 0.4898, 0.392
1753, 0.5079, 0.400
1754, 0.4834, 0.403
1755, 0.4735, 0.410
1756, 0.4865, 0.403
1757, 0.4809, 0.403
1758, 0.4901, 0.401
1759, 0.4967, 0.396
1760, 0.4984, 0.396
1761, 0.4717, 0.398
1762, 0.4858, 0.405
1763, 0.4961, 0.408
1764, 0.4876, 0.408
1765, 0.4994, 0.407
1766, 0.4842, 0.402
1767, 0.5065, 0.396
1768, 0.5057, 0.392
1769, 0.4946, 0.394
1770, 0.4676, 0.404
1771, 0.4865, 0.403
1772, 0.5001, 0.400
1773, 0.4840, 0.401
1774, 0.4994, 0.394
1775, 0.4815, 0.396
1776, 0.4901, 0.404
1777, 0.4970, 0.411
1778, 0.4850, 0.401
1779, 0.4859, 0.407
1780, 0.4980, 0.401
1781, 0.4966, 0.392
1782, 0.5106, 0.397
1783, 0.4932, 0.408
1784, 0.4935, 0.401
1785, 0.4972, 0.401
1786, 0.4847, 0.400
1787, 0.4856, 0.397
1788, 0.4893, 0.393
1789, 0.4942, 0.402
1790, 0.4954, 0.410
1791, 0.4945, 0.405
1792, 0.4918, 0.410
1793, 0.4903, 0.409
1794, 0.4946, 0.404
1795, 0.5027, 0.402
1796, 0.5022, 0.394
1797, 0.4970, 0.402
1798, 0.4982, 0.409
1799, 0.5032, 0.410
1800, 0.4775, 0.391
1801, 0.5041, 0.381
1802, 0.4812, 0.389
1803, 0.5041, 0.396
1804, 0.4695, 0.394
1805, 0.4885, 0.399
1806, 0.4975, 0.399
1807, 0.4851, 0.395
1808, 0.4861, 0.396
1809, 0.4947, 0.389
1810, 0.4797, 0.394
1811, 0.5028, 0.409
1812, 0.4931, 0.398
1813, 0.4899, 0.393
1814, 0.4935, 0.390
1815, 0.4988, 0.392
1816, 0.5007, 0.436
1817, 0.4860, 0.390
1818, 0.4829, 0.398
1819, 0.4905, 0.394
1820, 0.4899, 0.394
1821, 0.4788, 0.397
1822, 0.4878, 0.392
1823, 0.4908, 0.390
1824, 0.4933, 0.391
1825, 0.4877, 0.394
1826, 0.4954, 0.395
1827, 0.4858, 0.400
1828, 0.4863, 0.392
1829, 0.5033, 0.392
1830, 0.5027, 0.389
1831, 0.4994, 0.392
1832, 0.4967, 0.393
1833, 0.4903, 0.396
1834, 0.4828, 0.389
1835, 0.4855, 0.387
1836, 0.4919, 0.392
1837, 0.5004, 0.391
1838, 0.4900, 0.546
1839, 0.4910, 0.387
1840, 0.4850, 0.398
1841, 0.5036, 0.399
1842, 0.4837, 0.398
1843, 0.4863, 0.485
1844, 0.4877, 0.392
1845, 0.4992, 0.392
1846, 0.4940, 0.387
1847, 0.4887, 0.393
1848, 0.4870, 0.397
1849, 0.5001, 0.402
1850, 0.4885, 0.480
1851, 0.4844, 0.389
1852, 0.4821, 0.411
1853, 0.4770, 0.392
1854, 0.4973, 0.400
1855, 0.4712, 0.397
1856, 0.4858, 0.393
1857, 0.4996, 0.395
1858, 0.4985, 0.394
1859, 0.4990, 0.404
1860, 0.4744, 0.402
1861, 0.4810, 0.393
1862, 0.4846, 0.398
1863, 0.4957, 0.390
1864, 0.5029, 0.393
1865, 0.4894, 0.390
1866, 0.5039, 0.397
1867, 0.4801, 0.399
1868, 0.4957, 0.392
1869, 0.5164, 0.397
1870, 0.4946, 0.403
1871, 0.5012, 0.396
1872, 0.4780, 0.394
1873, 0.4906, 0.381
1874, 0.4867, 0.374
1875, 0.4985, 0.376
1876, 0.4954, 0.375
1877, 0.4956, 0.380
1878, 0.5010, 0.378
1879, 0.4924, 0.377
1880, 0.5045, 3.273
1881, 0.4814, 0.371
1882, 0.5008, 0.376
1883, 0.5018, 0.379
1884, 0.5011, 0.377
1885, 0.4761, 0.378
1886, 0.4975, 0.375
1887, 0.4858, 0.373
1888, 0.5071, 0.386
1889, 0.4979, 0.375
1890, 0.4919, 0.389
1891, 0.4911, 0.392
1892, 0.4961, 0.394
1893, 0.5104, 0.388
1894, 0.4970, 0.403
1895, 0.4915, 0.397
1896, 0.4877, 0.391
1897, 0.4977, 0.394
1898, 0.5055, 0.392
1899, 0.4893, 0.390
1900, 0.4935, 0.394
1901, 0.5026, 0.390
1902, 0.5080, 0.388
1903, 0.4931, 0.390
1904, 0.4737, 0.389
1905, 0.5090, 0.393
1906, 0.4979, 0.392
1907, 0.5060, 0.390
1908, 0.4935, 0.390
1909, 0.4946, 0.390
1910, 0.5015, 0.392
1911, 0.5189, 0.394
1912, 0.4836, 0.390
1913, 0.4943, 0.388
1914, 0.4983, 0.391
1915, 0.4955, 0.391
1916, 0.4892, 0.400
1917, 0.4974, 0.397
1918, 0.4880, 0.392
1919, 0.5031, 0.405
1920, 0.5018, 0.393
1921, 0.4927, 0.394
1922, 0.4998, 0.391
1923, 0.4867, 0.388
1924, 0.4801, 0.398
1925, 0.4737, 0.394
1926, 0.4873, 0.388
1927, 0.4663, 0.392
1928, 0.4923, 0.393
1929, 0.4871, 0.399
1930, 0.5000, 0.396
1931, 0.4990, 0.389
1932, 0.4822, 0.392
1933, 0.5005, 0.393
1934, 0.4878, 0.397
1935, 0.4893, 0.396
1936, 0.5017, 0.387
1937, 0.5006, 0.388
1938, 0.4967, 0.392
1939, 0.5064, 0.399
1940, 0.5003, 0.401
1941, 0.4875, 0.392
1942, 0.4918, 0.389
1943, 0.4982, 0.392
1944, 0.5126, 0.393
1945, 0.4950, 0.399
1946, 0.4928, 0.399
1947, 0.5006, 0.394
1948, 0.4881, 0.413
1949, 0.4867, 0.420
1950, 0.4915, 0.421
1951, 0.5005, 0.441
1952, 0.4753, 0.434
1953, 0.4919, 0.435
1954, 0.4980, 0.445
1955, 0.5003, 0.452
1956, 0.5053, 0.461
1957, 0.5017, 0.421
1958, 0.4915, 0.401
1959, 0.4811, 0.402
1960, 0.4913, 0.399
1961, 0.4950, 0.402
1962, 0.4959, 0.403
1963, 0.4955, 0.393
1964, 0.4833, 0.392
1965, 0.4963, 0.402
1966, 0.5048, 0.412
1967, 0.4929, 0.401
1968, 0.5059, 0.405
1969, 0.5011, 0.397
1970, 0.4939, 0.396
1971, 0.4754, 0.396
1972, 0.4925, 0.398
1973, 0.5017, 0.398
1974, 0.5026, 0.397
1975, 0.5000, 0.402
1976, 0.5069, 0.398
1977, 0.4834, 0.400
1978, 0.4950, 0.402
1979, 0.4926, 0.409
1980, 0.4803, 0.406
1981, 0.4945, 0.390
1982, 0.5019, 0.403
1983, 0.5010, 0.407
1984, 0.4989, 0.398
1985, 0.5066, 0.402
1986, 0.5156, 0.397
1987, 0.5033, 0.402
1988, 0.4912, 0.400
1989, 0.4907, 0.399
1990, 0.5062, 0.402
1991, 0.5038, 0.393
1992, 0.4895, 0.400
1993, 0.4922, 0.397
1994, 0.5041, 0.399
1995, 0.5095, 0.409
1996, 0.4979, 0.409
1997, 0.5036, 0.403
1998, 0.4858, 0.406
1999, 0.4937, 0.398
2000, 0.4997, 0.399
2001, 0.4816, 0.389
2002, 0.4975, 0.395
2003, 0.4911, 0.390
2004, 0.4951, 0.393
2005, 0.4936, 0.400
2006, 0.4975, 0.411
2007, 0.4808, 0.392
2008, 0.4891, 0.391
2009, 0.4981, 0.394
2010, 0.4918, 0.429
2011, 0.4641, 0.450
2012, 0.4904, 0.392
2013, 0.4868, 0.392
2014, 0.4969, 0.391
2015, 0.4880, 0.397
2016, 0.5048, 0.423
2017, 0.5045, 0.395
2018, 0.4932, 0.389
2019, 0.5093, 0.394
2020, 0.4952, 0.388
2021, 0.4943, 0.392
2022, 0.5042, 0.397
2023, 0.5103, 0.395
2024, 0.4911, 0.391
2025, 0.4857, 0.393
2026, 0.4856, 0.405
2027, 0.5065, 0.405
2028, 0.5012, 0.396
2029, 0.5103, 0.388
2030, 0.5037, 0.385
2031, 0.4953, 0.385
2032, 0.4933, 0.389
2033, 0.5035, 0.370
2034, 0.4879, 0.374
2035, 0.4736, 0.376
2036, 0.4945, 0.377
2037, 0.4947, 0.376
2038, 0.4890, 0.374
2039, 0.5070, 0.375
2040, 0.4898, 2.614
2041, 0.4905, 0.377
2042, 0.4842, 0.379
2043, 0.4897, 0.383
2044, 0.5016, 1.527
2045, 0.4824, 0.374
2046, 0.4891, 0.378
2047, 0.4932, 0.373
2048, 0.4969, 0.371
2049, 0.4890, 0.380
2050, 0.5000, 0.661
2051, 0.5018, 0.378
2052, 0.5121, 0.398
2053, 0.4964, 0.376
2054, 0.4809, 0.378
2055, 0.4862, 0.380
2056, 0.4794, 0.387
2057, 0.4885, 0.378
2058, 0.4997, 0.379
2059, 0.4782, 0.377
2060, 0.4946, 0.384
2061, 0.4873, 0.379
2062, 0.4952, 0.398
2063, 0.5008, 0.408
2064, 0.5046, 0.385
2065, 0.5137, 0.399
2066, 0.4915, 0.386
2067, 0.4925, 0.376
2068, 0.4972, 0.380
2069, 0.4814, 0.644
2070, 0.4986, 0.389
2071, 0.4894, 0.400
2072, 0.5038, 0.395
2073, 0.5071, 0.394
2074, 0.5025, 0.527
2075, 0.5048, 0.383
2076, 0.4862, 0.399
2077, 0.4930, 0.400
2078, 0.4839, 0.392
2079, 0.4929, 0.409
2080, 0.4881, 0.395
2081, 0.4910, 0.397
2082, 0.4830, 0.398
2083, 0.5070, 0.400
2084, 0.4934, 0.391
2085, 0.5046, 0.391
2086, 0.4935, 0.392
2087, 0.4993, 0.391
2088, 0.4791, 0.391
2089, 0.4923, 0.394
2090, 0.4886, 0.398
2091, 0.5033, 0.393
2092, 0.4921, 0.400
2093, 0.5044, 0.399
2094, 0.4861, 0.392
2095, 0.4889, 0.399
2096, 0.5113, 0.400
2097, 0.4965, 0.397
2098, 0.4912, 0.389
2099, 0.4937, 0.394
2100, 0.5115, 0.395
2101, 0.5074, 0.393
2102, 0.4943, 0.397
2103, 0.4915, 0.395
2104, 0.4917, 0.392
2105, 0.4913, 0.412
2106, 0.4969, 0.391
2107, 0.4971, 0.403
2108, 0.5022, 0.394
2109, 0.5016, 0.400
2110, 0.5063, 0.400
2111, 0.5017, 0.392
2112, 0.4905, 1.019
2113, 0.5054, 0.389
2114, 0.4991, 0.390
2115, 0.4881, 0.390
2116, 0.4916, 0.387
2117, 0.5000, 0.396
2118, 0.4931, 0.428
2119, 0.5006, 0.392
2120, 0.5154, 0.392
2121, 0.4947, 0.391
2122, 0.4965, 0.393
2123, 0.4902, 0.390
2124, 0.4988, 0.391
2125, 0.5145, 0.391
2126, 0.4994, 0.390
2127, 0.4842, 0.391
2128, 0.4922, 0.394
2129, 0.4919, 0.395
2130, 0.4974, 0.393
2131, 0.5098, 0.399
2132, 0.4890, 0.597
2133, 0.4889, 0.401
2134, 0.4823, 0.405
2135, 0.4768, 0.392
2136, 0.4917, 0.396
2137, 0.4957, 0.396
2138, 0.4920, 0.395
2139, 0.5151, 0.394
2140, 0.4968, 0.391
2141, 0.4991, 0.410
2142, 0.4875, 0.396
2143, 0.5034, 0.394
2144, 0.4886, 0.398
2145, 0.4992, 0.391
2146, 0.4895, 0.395
2147, 0.5031, 0.396
2148, 0.4950, 0.396
2149, 0.5006, 0.399
2150, 0.4823, 0.400
2151, 0.4847, 0.399
2152, 0.4844, 0.402
2153, 0.4826, 0.401
2154, 0.5064, 0.396
2155, 0.4917, 0.426
2156, 0.4994, 0.431
2157, 0.5043, 0.433
2158, 0.4920, 0.451
2159, 0.4813, 0.461
2160, 0.4768, 0.450
2161, 0.4964, 0.445
2162, 0.4866, 0.447
2163, 0.5071, 0.450
2164, 0.4861, 0.451
2165, 0.4916, 0.454
2166, 0.4860, 0.444
2167, 0.5045, 0.400
2168, 0.4954, 0.406
2169, 0.4978, 0.410
2170, 0.4992, 0.413
2171, 0.4866, 0.413
2172, 0.4933, 0.413
2173, 0.5030, 0.397
2174, 0.4856, 0.403
2175, 0.4799, 0.405
2176, 0.5045, 0.389
2177, 0.5040, 0.400
2178, 0.4903, 0.399
2179, 0.5143, 0.391
2180, 0.5031, 0.388
2181, 0.5118, 0.389
2182, 0.4748, 0.404
2183, 0.4918, 0.401
2184, 0.4747, 0.400
2185, 0.4858, 0.407
2186, 0.4809, 0.396
2187, 0.4868, 0.382
2188, 0.4978, 0.392
2189, 0.4838, 0.402
2190, 0.4775, 0.392
2191, 0.4749, 0.372
2192, 0.4888, 0.372
2193, 0.5081, 0.373
2194, 0.4858, 0.378
2195, 0.5067, 0.379
2196, 0.4978, 0.380
2197, 0.5001, 0.379
2198, 0.5187, 0.375
2199, 0.4977, 2.313
2200, 0.4978, 0.378
2201, 0.4929, 0.387
2202, 0.4972, 0.379
2203, 0.5075, 0.382
2204, 0.4899, 0.377
2205, 0.5031, 0.376
2206, 0.4985, 0.379
2207, 0.5157, 0.377
2208, 0.5023, 0.377
2209, 0.5045, 0.378
2210, 0.4938, 0.376
2211, 0.4913, 0.378
2212, 0.5097, 0.384
2213, 0.5013, 0.388
2214, 0.4967, 0.494
2215, 0.4921, 0.390
2216, 0.4930, 0.393
2217, 0.4863, 0.438
2218, 0.5045, 0.657
2219, 0.4958, 0.393
2220, 0.4886, 0.390
2221, 0.4867, 0.392
2222, 0.5038, 0.394
2223, 0.5086, 0.390
2224, 0.4903, 0.389
2225, 0.4768, 0.390
2226, 0.4959, 0.394
2227, 0.5019, 0.388
2228, 0.4948, 0.394
2229, 0.4942, 0.389
2230, 0.4948, 0.395
2231, 0.4905, 0.387
2232, 0.4906, 0.398
2233, 0.5029, 0.392
2234, 0.4944, 0.396
2235, 0.4880, 0.387
2236, 0.4919, 0.390
2237, 0.4861, 0.393
2238, 0.4988, 0.393
2239, 0.4828, 0.391
2240, 0.4805, 0.394
2241, 0.4837, 0.397
2242, 0.4976, 0.393
2243, 0.4986, 0.402
2244, 0.4975, 0.405
2245, 0.5086, 0.396
2246, 0.4936, 0.391
2247, 0.4874, 0.393
2248, 0.5092, 0.397
2249, 0.5043, 0.399
2250, 0.4873, 0.399
2251, 0.4983, 0.401
2252, 0.4711, 0.556
2253, 0.4842, 0.392
2254, 0.4980, 0.389
2255, 0.4702, 0.987
2256, 0.4919, 0.447
2257, 0.4747, 0.391
2258, 0.4806, 0.402
2259, 0.4793, 0.402
2260, 0.4772, 0.399
2261, 0.4768, 0.408
2262, 0.4956, 0.393
2263, 0.4981, 0.392
2264, 0.5033, 0.402
2265, 0.4756, 0.404
2266, 0.5004, 1.356
2267, 0.4945, 0.396
2268, 0.4954, 0.397
2269, 0.4789, 0.392
2270, 0.4991, 0.391
2271, 0.4993, 0.397
2272, 0.4810, 0.393
2273, 0.4990, 0.393
2274, 0.4939, 0.397
2275, 0.4813, 0.393
2276, 0.4742, 0.392
2277, 0.4907, 0.385
2278, 0.4909, 0.403
2279, 0.4831, 0.393
2280, 0.4800, 0.395
2281, 0.4902, 0.392
2282, 0.4895, 0.391
2283, 0.4908, 0.390
2284, 0.4892, 0.392
2285, 0.4939, 0.400
2286, 0.4964, 0.389
2287, 0.5136, 0.397
2288, 0.4989, 0.394
2289, 0.4953, 0.399
2290, 0.4959, 0.392
2291, 0.4816, 0.394
2292, 0.4904, 0.393
2293, 0.4925, 0.390
2294, 0.5019, 0.401
2295, 0.5008, 0.386
2296, 0.4946, 0.387
2297, 0.4834, 0.393
2298, 0.4788, 0.396
2299, 0.4987, 0.398
2300, 0.4768, 0.395
2301, 0.5213, 0.392
2302, 0.4890, 0.395
2303, 0.4938, 0.393
2304, 0.4915, 0.393
2305, 0.4944, 0.393
2306, 0.4999, 0.392
2307, 0.4831, 0.394
2308, 0.4790, 0.396
2309, 0.4878, 0.390
2310, 0.4899, 0.405
2311, 0.5029, 0.392
2312, 0.5056, 0.394
2313, 0.5059, 0.400
2314, 0.4847, 0.395
2315, 0.4887, 0.394
2316, 0.4895, 0.404
2317, 0.5013, 0.402
2318, 0.5125, 0.426
2319, 0.4952, 0.392
2320, 0.5040, 1.136
2321, 0.4975, 0.393
2322, 0.4940, 0.394
2323, 0.4798, 0.393
2324, 0.4880, 0.392
2325, 0.4701, 0.388
2326, 0.4796, 0.388
2327, 0.4921, 0.395
2328, 0.5110, 0.390
2329, 0.4989, 0.390
2330, 0.4928, 0.391
2331, 0.4904, 0.394
2332, 0.4963, 0.389
2333, 0.4885, 0.391
2334, 0.4786, 0.390
2335, 0.4801, 0.392
2336, 0.5042, 0.393
2337, 0.4978, 0.396
2338, 0.4949, 0.391
2339, 0.4998, 0.395
2340, 0.5026, 0.443
2341, 0.4924, 0.394
2342, 0.4827, 0.394
2343, 0.4934, 0.429
2344, 0.5008, 0.441
2345, 0.4876, 0.442
2346, 0.5055, 0.445
2347, 0.4857, 0.450
2348, 0.4975, 0.448
2349, 0.4851, 0.432
2350, 0.4809, 0.434
2351, 0.4983, 0.434
2352, 0.4989, 0.433
2353, 0.4855, 0.434
2354, 0.5122, 0.432
2355, 0.4916, 0.412
2356, 0.5046, 0.433
2357, 0.4953, 1.736
2358, 0.4800, 0.430
2359, 0.4722, 0.408
2360, 0.4958, 0.385
2361, 0.4955, 0.381
2362, 0.5071, 0.383
2363, 0.4811, 0.374
2364, 0.5095, 0.413
2365, 0.4900, 0.429
2366, 0.5113, 0.439
2367, 0.4921, 0.386
2368, 0.4931, 0.504
2369, 0.4792, 0.403
2370, 0.4993, 0.390
2371, 0.5026, 0.403
2372, 0.5000, 0.390
2373, 0.5038, 0.391
2374, 0.5051, 0.394
2375, 0.5063, 0.399
2376, 0.4919, 0.398
2377, 0.5065, 0.396
2378, 0.4953, 0.399
2379, 0.4870, 0.398
2380, 0.4982, 0.399
2381, 0.5002, 0.399
2382, 0.4921, 0.407
2383, 0.4970, 0.397
2384, 0.4952, 0.397
2385, 0.5113, 0.406
2386, 0.5091, 0.412
2387, 0.4926, 0.404
2388, 0.4806, 0.400
2389, 0.4962, 0.409
2390, 0.4969, 0.400
2391, 0.4928, 0.394
2392, 0.4959, 0.390
2393, 0.4982, 0.425
2394, 0.4907, 0.422
2395, 0.4723, 0.440
2396, 0.5155, 0.442
2397, 0.4790, 0.405
2398, 0.4965, 0.401
2399, 0.5034, 0.409
2400, 0.4945, 0.405
2401, 0.4982, 0.390
2402, 0.4828, 0.392
2403, 0.5052, 0.393
2404, 0.4938, 0.391
2405, 0.4931, 0.393
2406, 0.4884, 0.406
2407, 0.4869, 0.394
2408, 0.5033, 0.391
2409, 0.5012, 0.392
2410, 0.4898, 0.395
2411, 0.4901, 0.419
2412, 0.4933, 0.396
2413, 0.4881, 0.391
2414, 0.5006, 0.388
2415, 0.4911, 0.396
2416, 0.5094, 0.439
2417, 0.4918, 0.394
2418, 0.4992, 0.387
2419, 0.4837, 0.394
2420, 0.4839, 0.402
2421, 0.4893, 0.402
2422, 0.4810, 0.410
2423, 0.4820, 0.419
2424, 0.4868, 0.419
2425, 0.5090, 0.403
2426, 0.5013, 0.405
2427, 0.5070, 0.399
2428, 0.4989, 0.392
2429, 0.4845, 0.396
2430, 0.4965, 0.395
2431, 0.4952, 0.389
2432, 0.4911, 0.395
2433, 0.4943, 0.402
2434, 0.5051, 0.403
2435, 0.4991, 0.395
2436, 0.4980, 0.394
2437, 0.5087, 0.387
2438, 0.4968, 0.388
2439, 0.4949, 0.393
2440, 0.4925, 0.390
2441, 0.4879, 0.385
2442, 0.4940, 0.395
2443, 0.4900, 0.393
2444, 0.4976, 0.401
2445, 0.4933, 0.998
2446, 0.4716, 0.393
2447, 0.4939, 0.397
2448, 0.4999, 0.393
2449, 0.4964, 0.405
2450, 0.5058, 0.404
2451, 0.4613, 0.394
2452, 0.4873, 0.392
2453, 0.4996, 0.391
2454, 0.4921, 0.391
2455, 0.4904, 0.396
2456, 0.4825, 0.403
2457, 0.5068, 0.401
2458, 0.4934, 0.401
2459, 0.4991, 0.390
2460, 0.4887, 0.392
2461, 0.4832, 0.385
2462, 0.4902, 0.389
2463, 0.4754, 0.390
2464, 0.4958, 0.395
2465, 0.4996, 0.395
2466, 0.4925, 0.396
2467, 0.5028, 0.392
2468, 0.4886, 0.391
2469, 0.5075, 0.389
2470, 0.4776, 0.388
2471, 0.4861, 0.388
2472, 0.4971, 0.395
2473, 0.4987, 0.392
2474, 0.5025, 0.391
2475, 0.4914, 0.399
2476, 0.5020, 0.392
2477, 0.5029, 0.390
2478, 0.5070, 0.392
2479, 0.5176, 0.397
2480, 0.4898, 0.404
2481, 0.4858, 0.396
2482, 0.4981, 0.401
2483, 0.4914, 0.387
2484, 0.4992, 0.400
2485, 0.5081, 0.394
2486, 0.4934, 0.391
2487, 0.4883, 0.393
2488, 0.5128, 0.404
2489, 0.4871, 0.389
2490, 0.4940, 0.390
2491, 0.4976, 0.391
2492, 0.4965, 0.397
2493, 0.5061, 0.395
2494, 0.4953, 0.395
2495, 0.4974, 0.387
2496, 0.4842, 0.395
2497, 0.4902, 0.391
2498, 0.5059, 0.398
2499, 0.4980, 0.395
2500, 0.5014, 0.393
2501, 0.5014, 0.393
2502, 0.4994, 0.389
2503, 0.4925, 0.385
2504, 0.5080, 0.391
2505, 0.4889, 0.394
2506, 0.5067, 0.390
2507, 0.4955, 0.389
2508, 0.5025, 0.388
2509, 0.4949, 0.389
2510, 0.5033, 0.373
2511, 0.5092, 0.388
2512, 0.4938, 0.389
2513, 0.4916, 0.373
2514, 0.4828, 0.377
2515, 0.4877, 0.381
2516, 0.4871, 0.377
2517, 0.4939, 0.376
2518, 0.4870, 2.531
2519, 0.5020, 0.378
2520, 0.5022, 0.496
2521, 0.4905, 0.375
2522, 0.5113, 0.660
2523, 0.4934, 0.377
2524, 0.4781, 0.381
2525, 0.4933, 0.397
2526, 0.4933, 0.400
2527, 0.5007, 0.406
2528, 0.4919, 0.441
2529, 0.5033, 0.541
2530, 0.4902, 0.391
2531, 0.4900, 0.395
2532, 0.4944, 0.396
2533, 0.5001, 0.399
2534, 0.5040, 0.400
2535, 0.4841, 0.399
2536, 0.4921, 0.392
2537, 0.4939, 0.390
2538, 0.4930, 0.392
2539, 0.5044, 0.392
2540, 0.4848, 0.390
2541, 0.4934, 0.389
2542, 0.4990, 0.389
2543, 0.4930, 0.447
2544, 0.4873, 0.389
2545, 0.5043, 0.391
2546, 0.5041, 0.401
2547, 0.4943, 0.396
2548, 0.5044, 0.399
2549, 0.4880, 0.400
2550, 0.5108, 0.391
2551, 0.4838, 0.396
2552, 0.4819, 0.400
2553, 0.4799, 0.398
2554, 0.5024, 0.405
2555, 0.4982, 0.404
2556, 0.5044, 0.398
2557, 0.4899, 0.397
2558, 0.4870, 0.396
2559, 0.5022, 0.405
2560, 0.4860, 0.404
2561, 0.4996, 0.398
2562, 0.4862, 0.399
2563, 0.4932, 0.398
2564, 0.5016, 0.400
2565, 0.4922, 0.397
2566, 0.4950, 0.394
2567, 0.4917, 0.393
2568, 0.5129, 0.397
2569, 0.5063, 0.390
2570, 0.5058, 0.394
2571, 0.4879, 0.390
2572, 0.4945, 0.394
2573, 0.5092, 0.393
2574, 0.4988, 0.390
2575, 0.4976, 0.395
2576, 0.5129, 0.400
2577, 0.4998, 0.401
2578, 0.4956, 0.403
2579, 0.4839, 0.400
2580, 0.4998, 0.396
2581, 0.4829, 0.396
2582, 0.5092, 0.397
2583, 0.5156, 0.404
2584, 0.4839, 0.403
2585, 0.4963, 0.394
2586, 0.4767, 0.389
2587, 0.4991, 0.390
2588, 0.4946, 0.386
2589, 0.4898, 0.386
2590, 0.5004, 0.387
2591, 0.4955, 0.387
2592, 0.4839, 0.390
2593, 0.5003, 0.397
2594, 0.5061, 0.397
2595, 0.5084, 0.391
2596, 0.5082, 0.396
2597, 0.5000, 0.396
2598, 0.5010, 0.403
2599, 0.5029, 0.397
2600, 0.4992, 0.393
2601, 0.5058, 0.381
2602, 0.4894, 0.382
2603, 0.4918, 0.388
2604, 0.5000, 0.388
2605, 0.4930, 0.387
2606, 0.4992, 0.396
2607, 0.4863, 0.400
2608, 0.5020, 0.394
2609, 0.5027, 0.391
2610, 0.5081, 0.395
2611, 0.5101, 0.389
2612, 0.4994, 0.397
2613, 0.5016, 0.408
2614, 0.5023, 0.389
2615, 0.5080, 0.387
2616, 0.5021, 0.390
2617, 0.5094, 0.398
2618, 0.4816, 0.480
2619, 0.4880, 0.439
2620, 0.4882, 0.386
2621, 0.4921, 0.392
2622, 0.5024, 0.398
2623, 0.5014, 0.394
2624, 0.4959, 0.392
2625, 0.5069, 0.390
2626, 0.4877, 0.393
2627, 0.5132, 0.389
2628, 0.4741, 0.384
2629, 0.4912, 0.386
2630, 0.4951, 0.389
2631, 0.4828, 0.389
2632, 0.4978, 0.388
2633, 0.4995, 0.389
2634, 0.4954, 0.396
2635, 0.4930, 0.403
2636, 0.4944, 0.397
2637, 0.5144, 0.395
2638, 0.4985, 0.392
2639, 0.4872, 0.396
2640, 0.4957, 0.390
2641, 0.5008, 0.391
2642, 0.4981, 0.391
2643, 0.5089, 0.390
2644, 0.5019, 0.391
2645, 0.5015, 0.398
2646, 0.5036, 0.400
2647, 0.4999, 0.404
2648, 0.5238, 0.394
2649, 0.4890, 0.392
2650, 0.4968, 0.401
2651, 0.4937, 0.397
2652, 0.5131, 0.394
2653, 0.4955, 0.396
2654, 0.4959, 0.402
2655, 0.4928, 0.775
2656, 0.4995, 0.391
2657, 0.5075, 0.391
2658, 0.4869, 0.400
2659, 0.4957, 0.394
2660, 0.4994, 0.393
2661, 0.4990, 0.392
2662, 0.5042, 0.393
2663, 0.5083, 0.392
2664, 0.4949, 0.391
2665, 0.4998, 0.389
2666, 0.4889, 0.392
2667, 0.4989, 0.389
2668, 0.4999, 0.391
2669, 0.5110, 0.389
2670, 0.4972, 0.389
2671, 0.5035, 0.388
2672, 0.4997, 0.388
2673, 0.4902, 0.388
2674, 0.5018, 0.373
2675, 0.4827, 0.373
2676, 0.5032, 0.370
2677, 0.5051, 0.375
2678, 0.5041, 0.375
2679, 0.4967, 0.374
2680, 0.5016, 0.372
2681, 0.4946, 0.369
2682, 0.4855, 2.844
2683, 0.4993, 0.397
2684, 0.4892, 0.376
2685, 0.4937, 0.379
2686, 0.5007, 0.373
2687, 0.5064, 0.376
2688, 0.4905, 0.374
2689, 0.4893, 0.376
2690, 0.5015, 0.375
2691, 0.4962, 0.377
2692, 0.4942, 0.376
2693, 0.5080, 0.377
2694, 0.4917, 0.374
2695, 0.4995, 0.379
2696, 0.5102, 0.377
2697, 0.5028, 0.390
2698, 0.5104, 0.391
2699, 0.4879, 0.375
2700, 0.4845, 0.374
2701, 0.4858, 0.375
2702, 0.4893, 0.391
2703, 0.5044, 0.392
2704, 0.5068, 0.395
2705, 0.5068, 0.393
2706, 0.4859, 0.392
2707, 0.5061, 0.391
2708, 0.5031, 0.392
2709, 0.5069, 0.390
2710, 0.4995, 0.391
2711, 0.4984, 0.395
2712, 0.5043, 0.390
2713, 0.4879, 0.390
2714, 0.5016, 0.395
2715, 0.4895, 0.393
2716, 0.4872, 0.394
2717, 0.4992, 0.390
2718, 0.4840, 0.394
2719, 0.4895, 0.392
2720, 0.5080, 0.388
2721, 0.4951, 0.395
2722, 0.5072, 0.389
2723, 0.5051, 0.390
2724, 0.4917, 0.389
2725, 0.5029, 0.391
2726, 0.4974, 0.392
2727, 0.4904, 0.397
2728, 0.5048, 0.403
2729, 0.5073, 0.391
2730, 0.5031, 0.394
2731, 0.4917, 0.393
2732, 0.4959, 0.420
2733, 0.5007, 0.395
2734, 0.4940, 0.390
2735, 0.5068, 0.393
2736, 0.5059, 0.389
2737, 0.4825, 0.397
2738, 0.4908, 0.391
2739, 0.4953, 0.403
2740, 0.5069, 0.397
2741, 0.4967, 0.398
2742, 0.5107, 0.393
2743, 0.5193, 0.387
2744, 0.4972, 0.390
2745, 0.4926, 0.390
2746, 0.4915, 0.407
2747, 0.5003, 0.399
2748, 0.4919, 0.394
2749, 0.5029, 0.392
2750, 0.5008, 0.389
2751, 0.5026, 0.393
2752, 0.4946, 0.404
2753, 0.4938, 0.394
2754, 0.4855, 0.398
2755, 0.5108, 0.394
2756, 0.5066, 0.391
2757, 0.4915, 0.402
2758, 0.5055, 0.404
2759, 0.4938, 0.403
2760, 0.5009, 0.402
2761, 0.5011, 0.400
2762, 0.4922, 0.403
2763, 0.4909, 0.396
2764, 0.4872, 0.394
2765, 0.5068, 0.394
2766, 0.4934, 0.391
2767, 0.5014, 0.412
2768, 0.5024, 0.407
2769, 0.4900, 0.396
2770, 0.5013, 0.397
2771, 0.4974, 0.409
2772, 0.5005, 0.414
2773, 0.5015, 0.405
2774, 0.5008, 0.402
2775, 0.4971, 0.400
2776, 0.4956, 0.401
2777, 0.4945, 0.397
2778, 0.5005, 0.392
2779, 0.5125, 0.396
2780, 0.4869, 0.408
2781, 0.5087, 0.413
2782, 0.5081, 0.400
2783, 0.4973, 0.400
2784, 0.4997, 0.405
2785, 0.4908, 0.406
2786, 0.4823, 0.407
2787, 0.5069, 0.407
2788, 0.4906, 0.399
2789, 0.4958, 0.400
2790, 0.5032, 0.398
2791, 0.4998, 0.391
2792, 0.5055, 0.504
2793, 0.4822, 0.399
2794, 0.4950, 0.399
2795, 0.5075, 0.405
2796, 0.4996, 0.402
2797, 0.5050, 0.391
2798, 0.4885, 0.395
2799, 0.4923, 0.393
2800, 0.4965, 0.393
2801, 0.5122, 0.380
2802, 0.4996, 0.392
2803, 0.4994, 0.389
2804, 0.4987, 0.388
2805, 0.5022, 0.391
2806, 0.4950, 0.403
2807, 0.5050, 0.391
2808, 0.5027, 0.392
2809, 0.4912, 0.391
2810, 0.5021, 0.389
2811, 0.4953, 0.413
2812, 0.4995, 0.392
2813, 0.4925, 0.389
2814, 0.4762, 0.390
2815, 0.5063, 0.393
2816, 0.5099, 0.430
2817, 0.5037, 0.396
2818, 0.4999, 0.391
2819, 0.4980, 0.387
2820, 0.5024, 0.394
2821, 0.4962, 0.406
2822, 0.4903, 0.390
2823, 0.4987, 0.393
2824, 0.4887, 0.396
2825, 0.5010, 0.391
2826, 0.5063, 0.393
2827, 0.4839, 0.388
2828, 0.5028, 0.393
2829, 0.4893, 0.400
2830, 0.5014, 0.386
2831, 0.4779, 0.385
2832, 0.4902, 0.391
2833, 0.4911, 0.397
2834, 0.5056, 0.396
2835, 0.5012, 0.386
2836, 0.4911, 0.382
2837, 0.5072, 0.387
2838, 0.5136, 0.388
2839, 0.4944, 0.374
2840, 0.4805, 0.370
2841, 0.4907, 0.371
2842, 0.4772, 0.371
2843, 0.4912, 0.376
2844, 0.4917, 0.373
2845, 0.4900, 0.372
2846, 0.5063, 3.626
2847, 0.5050, 0.375
2848, 0.5121, 0.377
2849, 0.4950, 0.386
2850, 0.4898, 0.378
2851, 0.4761, 0.378
2852, 0.4869, 0.377
2853, 0.5049, 0.381
2854, 0.4978, 0.390
2855, 0.4801, 0.904
2856, 0.4790, 0.377
2857, 0.4939, 0.376
2858, 0.4823, 0.397
2859, 0.5027, 0.737
2860, 0.4918, 0.399
2861, 0.4870, 0.400
2862, 0.4889, 0.766
2863, 0.4933, 0.386
2864, 0.4868, 0.392
2865, 0.4832, 0.378
2866, 0.4884, 0.393
2867, 0.5058, 0.389
2868, 0.4933, 0.391
2869, 0.5021, 0.392
2870, 0.5185, 0.391
2871, 0.4859, 0.385
2872, 0.4886, 0.391
2873, 0.4892, 0.393
2874, 0.4954, 0.393
2875, 0.5006, 0.390
2876, 0.4943, 0.389
2877, 0.5056, 0.388
2878, 0.4995, 0.387
2879, 0.4946, 0.388
2880, 0.5029, 0.389
2881, 0.4862, 0.389
2882, 0.4903, 0.389
2883, 0.4892, 0.394
2884, 0.4994, 0.392
2885, 0.4990, 0.394
2886, 0.4833, 0.392
2887, 0.5054, 0.393
2888, 0.4904, 0.391
2889, 0.5117, 0.387
2890, 0.4954, 0.390
2891, 0.4872, 0.389
2892, 0.4874, 0.388
2893, 0.5053, 0.394
2894, 0.5014, 0.399
2895, 0.4818, 0.392
2896, 0.5044, 0.391
2897, 0.4871, 0.397
2898, 0.4843, 0.393
2899, 0.5028, 0.391
2900, 0.5065, 0.393
2901, 0.5074, 0.394
2902, 0.5090, 0.398
2903, 0.4998, 0.395
2904, 0.5006, 0.388
2905, 0.4917, 0.394
2906, 0.4864, 0.388
2907, 0.4858, 0.388
2908, 0.4835, 0.388
2909, 0.4965, 0.388
2910, 0.4879, 0.390
2911, 0.4996, 0.392
2912, 0.5048, 0.396
2913, 0.5074, 0.405
2914, 0.4977, 0.393
2915, 0.5016, 0.390
2916, 0.4955, 0.404
2917, 0.4907, 0.390
2918, 0.4826, 0.391
2919, 0.4847, 0.392
2920, 0.4877, 0.394
2921, 0.4879, 0.394
2922, 0.5055, 0.388
2923, 0.4772, 0.390
2924, 0.4923, 0.396
2925, 0.4794, 0.391
2926, 0.4891, 0.392
2927, 0.4909, 0.390
2928, 0.4968, 0.393
2929, 0.4898, 0.390
2930, 0.4783, 0.389
2931, 0.4971, 0.389
2932, 0.4809, 0.385
2933, 0.4950, 0.397
2934, 0.4807, 0.396
2935, 0.4795, 0.392
2936, 0.4768, 0.387
2937, 0.4790, 0.390
2938, 0.4963, 0.392
2939, 0.4972, 0.401
2940, 0.5003, 0.408
2941, 0.4826, 0.397
2942, 0.4876, 0.396
2943, 0.4824, 0.395
2944, 0.4831, 0.426
2945, 0.4813, 0.432
2946, 0.4725, 0.388
2947, 0.4903, 0.393
2948, 0.4803, 0.399
2949, 0.4884, 0.403
2950, 0.5049, 0.391
2951, 0.4928, 0.393
2952, 0.4963, 0.394
2953, 0.4963, 0.399
2954, 0.4913, 0.398
2955, 0.4914, 0.398
2956, 0.4882, 0.407
2957, 0.4963, 0.409
2958, 0.5043, 0.413
2959, 0.4881, 0.406
2960, 0.4817, 0.415
2961, 0.4891, 0.410
2962, 0.4635, 0.402
2963, 0.4856, 0.393
2964, 0.4856, 0.394
2965, 0.4724, 0.400
2966, 0.4993, 0.395
2967, 0.4877, 0.392
2968, 0.4855, 0.393
2969, 0.5063, 0.394
2970, 0.4845, 0.404
2971, 0.4820, 0.402
2972, 0.4931, 0.407
2973, 0.4959, 0.403
2974, 0.4886, 0.402
2975, 0.4951, 0.407
2976, 0.4907, 0.404
2977, 0.4921, 0.400
2978, 0.5000, 0.392
2979, 0.4817, 0.395
2980, 0.4977, 0.390
2981, 0.5032, 0.397
2982, 0.4828, 0.411
2983, 0.4918, 0.401
2984, 0.4849, 0.407
2985, 0.4895, 0.403
2986, 0.4681, 0.403
2987, 0.4810, 0.401
2988, 0.4873, 0.400
2989, 0.4850, 0.407
2990, 0.4914, 0.410
2991, 0.4987, 0.398
2992, 0.4924, 0.396
2993, 0.5078, 0.392
2994, 0.4859, 0.388
2995, 0.4780, 0.395
2996, 0.5023, 0.394
2997, 0.5027, 0.393
2998, 0.5075, 0.377
2999, 0.4726, 0.378
3000, 0.4883, 0.378
3001, 0.4902, 0.380
3002, 0.4996, 0.372
3003, 0.5029, 0.373
3004, 0.5038, 0.373
3005, 0.5024, 2.160
3006, 0.4958, 0.381
3007, 0.4897, 0.383
3008, 0.4729, 0.379
3009, 0.4893, 0.558
3010, 0.5185, 0.375
3011, 0.4973, 0.381
3012, 0.4864, 0.425
3013, 0.4933, 0.475
3014, 0.4977, 0.401
3015, 0.4837, 0.398
3016, 0.4917, 0.383
3017, 0.5032, 0.397
3018, 0.4857, 0.381
3019, 0.4833, 0.390
3020, 0.4741, 0.394
3021, 0.4952, 0.392
3022, 0.5065, 0.393
3023, 0.4993, 0.402
3024, 0.4964, 0.401
3025, 0.4925, 0.393
3026, 0.4909, 0.404
3027, 0.4875, 0.395
3028, 0.4753, 0.399
3029, 0.4833, 0.399
3030, 0.4793, 0.401
3031, 0.4934, 0.407
3032, 0.5090, 0.397
3033, 0.4872, 0.400
3034, 0.4954, 0.396
3035, 0.4869, 0.394
3036, 0.4795, 0.403
3037, 0.4713, 0.393
3038, 0.4892, 0.390
3039, 0.5005, 0.397
3040, 0.5011, 0.400
3041, 0.4748, 0.391
3042, 0.4846, 0.392
3043, 0.4804, 0.392
3044, 0.5032, 0.397
3045, 0.5007, 0.393
3046, 0.4968, 0.388
3047, 0.4773, 0.390
3048, 0.4748, 0.392
3049, 0.5017, 0.388
3050, 0.4977, 0.390
3051, 0.4907, 0.394
3052, 0.5013, 0.392
3053, 0.4898, 0.389
3054, 0.4910, 0.390
3055, 0.4942, 0.401
3056, 0.4840, 0.395
3057, 0.5023, 0.394
3058, 0.5023, 0.393
3059, 0.4789, 0.392
3060, 0.4962, 0.392
3061, 0.4840, 0.392
3062, 0.4910, 0.390
3063, 0.4883, 0.391
3064, 0.4929, 0.392
3065, 0.4983, 0.391
3066, 0.5036, 0.389
3067, 0.5046, 0.385
3068, 0.5041, 0.398
3069, 0.4941, 0.396
3070, 0.5062, 0.403
3071, 0.5030, 0.410
3072, 0.4938, 0.451
3073, 0.5041, 0.397
3074, 0.4956, 0.396
3075, 0.4904, 0.394
3076, 0.5086, 0.400
3077, 0.4818, 0.393
3078, 0.4969, 0.393
3079, 0.4855, 0.396
3080, 0.4965, 0.403
3081, 0.4965, 0.398
3082, 0.4958, 0.392
3083, 0.4943, 0.388
3084, 0.5164, 0.393
3085, 0.5102, 0.392
3086, 0.4990, 0.391
3087, 0.4998, 0.392
3088, 0.4939, 0.394
3089, 0.4779, 0.391
3090, 0.4869, 0.391
3091, 0.5002, 0.392
3092, 0.4908, 0.392
3093, 0.4691, 0.395
3094, 0.4770, 0.404
3095, 0.4905, 0.390
3096, 0.4659, 0.395
3097, 0.4703, 0.400
3098, 0.5044, 0.405
3099, 0.5001, 0.394
3100, 0.4963, 0.391
3101, 0.4944, 0.391
3102, 0.5067, 0.393
3103, 0.4992, 0.393
3104, 0.4919, 0.393
3105, 0.4983, 0.391
3106, 0.4859, 0.394
3107, 0.5047, 0.392
3108, 0.4936, 0.396
3109, 0.5044, 0.391
3110, 0.4847, 0.395
3111, 0.4835, 0.406
3112, 0.4989, 0.390
3113, 0.4908, 0.393
3114, 0.4816, 0.396
3115, 0.4940, 0.391
3116, 0.4954, 0.388
3117, 0.4985, 0.395
3118, 0.4922, 0.397
3119, 0.4844, 0.406
3120, 0.5007, 0.397
3121, 0.4951, 0.398
3122, 0.4924, 0.397
3123, 0.4945, 0.398
3124, 0.4907, 0.402
3125, 0.4707, 0.394
3126, 0.5041, 0.402
3127, 0.5008, 0.390
3128, 0.4955, 0.402
3129, 0.4905, 0.395
3130, 0.4856, 0.389
3131, 0.4912, 0.396
3132, 0.4959, 0.396
3133, 0.4905, 0.394
3134, 0.4913, 0.392
3135, 0.5015, 0.394
3136, 0.4941, 0.396
3137, 0.5199, 0.392
3138, 0.5075, 0.401
3139, 0.4992, 0.397
3140, 0.4839, 0.390
3141, 0.4807, 0.402
3142, 0.4745, 0.396
3143, 0.5009, 0.399
3144, 0.4901, 0.401
3145, 0.4870, 0.447
3146, 0.4928, 0.432
3147, 0.4923, 0.429
3148, 0.4910, 0.448
3149, 0.4841, 0.386
3150, 0.4911, 0.391
3151, 0.4910, 0.401
3152, 0.4939, 0.408
3153, 0.4993, 0.396
3154, 0.4893, 0.404
3155, 0.4854, 0.398
3156, 0.4822, 0.391
3157, 0.4645, 0.398
3158, 0.4856, 0.388
3159, 0.4926, 0.388
3160, 0.4908, 0.388
3161, 0.4873, 0.397
3162, 0.5001, 0.404
3163, 0.4764, 0.401
3164, 0.4867, 0.380
3165, 0.4773, 0.375
3166, 0.4898, 0.374
3167, 0.4801, 0.374
3168, 0.4683, 0.374
3169, 0.4682, 0.374
3170, 0.4840, 0.381
3171, 0.4738, 1.830
3172, 0.4551, 0.426
3173, 0.4728, 0.489
3174, 0.5014, 0.543
3175, 0.4852, 0.379
3176, 0.4942, 0.378
3177, 0.4763, 0.380
3178, 0.4848, 0.397
3179, 0.4832, 0.393
3180, 0.4847, 0.394
3181, 0.5098, 0.397
3182, 0.5020, 0.396
3183, 0.4719, 0.405
3184, 0.4897, 0.399
3185, 0.4675, 0.399
3186, 0.4995, 0.400
3187, 0.5023, 0.394
3188, 0.5070, 0.400
3189, 0.4893, 0.392
3190, 0.4978, 0.396
3191, 0.4986, 0.401
3192, 0.5005, 0.407
3193, 0.4876, 0.400
3194, 0.5029, 0.395
3195, 0.4981, 0.388
3196, 0.5111, 0.400
3197, 0.4857, 0.404
3198, 0.4897, 0.399
3199, 0.5079, 0.398
3200, 0.5047, 0.395
3201, 0.4905, 0.384
3202, 0.5010, 0.396
3203, 0.4932, 0.393
3204, 0.4990, 0.391
3205, 0.5039, 0.401
3206, 0.4947, 0.410
3207, 0.4858, 0.398
3208, 0.4850, 0.393
3209, 0.4656, 0.397
3210, 0.5011, 0.400
3211, 0.4949, 0.411
3212, 0.4993, 0.403
3213, 0.4627, 0.397
3214, 0.5046, 0.391
3215, 0.4846, 0.391
3216, 0.4827, 0.435
3217, 0.5089, 0.392
3218, 0.4914, 0.388
3219, 0.5043, 0.391
3220, 0.4838, 0.396
3221, 0.4814, 0.395
3222, 0.4791, 0.394
3223, 0.4809, 0.395
3224, 0.4861, 0.392
3225, 0.5033, 0.387
3226, 0.4835, 0.389
3227, 0.5011, 0.396
3228, 0.4995, 0.400
3229, 0.4947, 0.392
3230, 0.4898, 0.389
3231, 0.4927, 0.390
3232, 0.4882, 0.395
3233, 0.4821, 0.387
3234, 0.5049, 0.389
3235, 0.4972, 0.394
3236, 0.5057, 0.393
3237, 0.4959, 0.396
3238, 0.5040, 0.390
3239, 0.4936, 0.389
3240, 0.4968, 0.396
3241, 0.4931, 0.402
3242, 0.5006, 0.394
3243, 0.5008, 0.394
3244, 0.4908, 0.398
3245, 0.5072, 0.392
3246, 0.4818, 0.394
3247, 0.5013, 0.392
3248, 0.4843, 0.394
3249, 0.4959, 0.393
3250, 0.5011, 0.398
3251, 0.5036, 0.413
3252, 0.5007, 0.430
3253, 0.5097, 0.389
3254, 0.4832, 0.603
3255, 0.4965, 0.505
3256, 0.4974, 0.397
3257, 0.5015, 0.392
3258, 0.5026, 0.398
3259, 0.4907, 0.392
3260, 0.4739, 0.392
3261, 0.4937, 0.391
3262, 0.4909, 0.390
3263, 0.4718, 0.389
3264, 0.4750, 0.390
3265, 0.4964, 0.396
3266, 0.4865, 0.389
3267, 0.4881, 0.388
3268, 0.4918, 0.392
3269, 0.4893, 0.395
3270, 0.4930, 0.390
3271, 0.5039, 0.389
3272, 0.4896, 0.387
3273, 0.4936, 0.390
3274, 0.5038, 0.392
3275, 0.5029, 0.393
3276, 0.4874, 0.389
3277, 0.4844, 0.392
3278, 0.5001, 0.398
3279, 0.4937, 0.394
3280, 0.4863, 0.394
3281, 0.4901, 0.394
3282, 0.4920, 0.390
3283, 0.4853, 0.388
3284, 0.4940, 0.391
3285, 0.4982, 0.389
3286, 0.4835, 0.390
3287, 0.4938, 0.392
3288, 0.4940, 0.395
3289, 0.5011, 0.392
3290, 0.4808, 0.394
3291, 0.4980, 0.392
3292, 0.4803, 0.400
3293, 0.4947, 0.397
3294, 0.4851, 0.394
3295, 0.4915, 0.393
3296, 0.5113, 0.387
3297, 0.5027, 0.389
3298, 0.4790, 0.389
3299, 0.5071, 0.392
3300, 0.5053, 0.394
3301, 0.4791, 0.395
3302, 0.4848, 0.394
3303, 0.5064, 0.394
3304, 0.4938, 0.394
3305, 0.4879, 0.393
3306, 0.4908, 0.396
3307, 0.4924, 0.398
3308, 0.5023, 0.396
3309, 0.4920, 0.389
3310, 0.4701, 0.392
3311, 0.4879, 0.396
3312, 0.5006, 0.393
3313, 0.4895, 0.391
3314, 0.4755, 0.394
3315, 0.4777, 0.390
3316, 0.4938, 0.393
3317, 0.4909, 0.401
3318, 0.4887, 0.397
3319, 0.4751, 0.460
3320, 0.4963, 0.394
3321, 0.4988, 0.389
3322, 0.4915, 0.388
3323, 0.4932, 0.387
3324, 0.4885, 0.370
3325, 0.4911, 0.375
3326, 0.5025, 0.376
3327, 0.4826, 0.373
3328, 0.4965, 0.372
3329, 0.4876, 0.371
3330, 0.4898, 0.372
3331, 0.4976, 2.406
3332, 0.4995, 0.512
3333, 0.5051, 0.382
3334, 0.4841, 0.379
3335, 0.4837, 0.376
3336, 0.4926, 0.383
3337, 0.4974, 0.393
3338, 0.5058, 0.382
3339, 0.5064, 0.382
3340, 0.5042, 0.400
3341, 0.5001, 0.611
3342, 0.4947, 0.390
3343, 0.4903, 0.390
3344, 0.5089, 0.398
3345, 0.4885, 0.399
3346, 0.4786, 0.400
3347, 0.5073, 0.396
3348, 0.4904, 0.397
3349, 0.5069, 0.397
3350, 0.4792, 0.387
3351, 0.4836, 0.386
3352, 0.4852, 0.395
3353, 0.4980, 0.398
3354, 0.4889, 0.407
3355, 0.4886, 0.416
3356, 0.4991, 0.409
3357, 0.4867, 0.397
3358, 0.4834, 0.399
3359, 0.5133, 0.395
3360, 0.4950, 0.399
3361, 0.4952, 0.398
3362, 0.4928, 0.399
3363, 0.4916, 0.404
3364, 0.4958, 0.410
3365, 0.4930, 0.405
3366, 0.5059, 0.397
3367, 0.4964, 0.388
3368, 0.5037, 0.386
3369, 0.5008, 0.391
3370, 0.4873, 0.405
3371, 0.4975, 0.407
3372, 0.4753, 0.404
3373, 0.4826, 0.402
3374, 0.4920, 0.393
3375, 0.5028, 0.396
3376, 0.4862, 0.402
3377, 0.4795, 0.410
3378, 0.4996, 0.408
3379, 0.4740, 0.403
3380, 0.5024, 0.399
3381, 0.5043, 0.399
3382, 0.4982, 0.411
3383, 0.4918, 0.402
3384, 0.4851, 0.412
3385, 0.4925, 0.409
3386, 0.4963, 0.414
3387, 0.4902, 0.408
3388, 0.4948, 0.394
3389, 0.4958, 0.394
3390, 0.4995, 0.396
3391, 0.4848, 0.407
3392, 0.4982, 0.406
3393, 0.5000, 0.403
3394, 0.4962, 0.409
3395, 0.5034, 0.404
3396, 0.4959, 0.397
3397, 0.4967, 0.405
3398, 0.4936, 0.401
3399, 0.4955, 0.393
3400, 0.4974, 0.398
3401, 0.5069, 0.389
3402, 0.4934, 0.393
3403, 0.4864, 0.396
3404, 0.5019, 0.396
3405, 0.4815, 0.397
3406, 0.4980, 0.415
3407, 0.4899, 0.398
3408, 0.4941, 0.397
3409, 0.5071, 0.422
3410, 0.5005, 0.426
3411, 0.4861, 0.436
3412, 0.4957, 0.434
3413, 0.5085, 0.384
3414, 0.4969, 0.384
3415, 0.4943, 0.387
3416, 0.5016, 0.430
3417, 0.4957, 0.389
3418, 0.4926, 0.405
3419, 0.5097, 0.407
3420, 0.5094, 0.437
3421, 0.4965, 0.405
3422, 0.4929, 0.408
3423, 0.5080, 0.401
3424, 0.5014, 0.392
3425, 0.4838, 0.394
3426, 0.4961, 0.389
3427, 0.4913, 0.409
3428, 0.4954, 0.400
3429, 0.4944, 0.930
3430, 0.4867, 0.391
3431, 0.4972, 0.404
3432, 0.5204, 0.395
3433, 0.5041, 0.401
3434, 0.5130, 0.406
3435, 0.5016, 0.961
3436, 0.4956, 0.396
3437, 0.4954, 0.389
3438, 0.5056, 0.390
3439, 0.4878, 0.395
3440, 0.4959, 0.395
3441, 0.4992, 0.392
3442, 0.5064, 0.396
3443, 0.4959, 0.392
3444, 0.4668, 0.387
3445, 0.4953, 0.393
3446, 0.4898, 0.394
3447, 0.5051, 0.393
3448, 0.4961, 0.395
3449, 0.5028, 0.393
3450, 0.4885, 0.392
3451, 0.4756, 0.394
3452, 0.4857, 0.393
3453, 0.4886, 0.394
3454, 0.5014, 0.396
3455, 0.4926, 0.392
3456, 0.5042, 0.387
3457, 0.5022, 0.386
3458, 0.5151, 0.390
3459, 0.4980, 0.395
3460, 0.4829, 0.398
3461, 0.4858, 0.397
3462, 0.4920, 0.394
3463, 0.4979, 0.392
3464, 0.4994, 0.394
3465, 0.4975, 0.401
3466, 0.4988, 0.402
3467, 0.4944, 0.393
3468, 0.5160, 0.396
3469, 0.4833, 0.397
3470, 0.4973, 0.389
3471, 0.4918, 0.392
3472, 0.4983, 0.391
3473, 0.4959, 0.398
3474, 0.4785, 0.394
3475, 0.4829, 0.397
3476, 0.4861, 0.434
3477, 0.4825, 0.423
3478, 0.4873, 0.395
3479, 0.4797, 0.390
3480, 0.5089, 0.389
3481, 0.5086, 0.393
3482, 0.4890, 0.371
3483, 0.4973, 0.386
3484, 0.5055, 0.376
3485, 0.4924, 0.375
3486, 0.4884, 0.376
3487, 0.4976, 0.374
3488, 0.4962, 0.369
3489, 0.5070, 0.367
3490, 0.5086, 2.604
3491, 0.4872, 0.800
3492, 0.4962, 0.375
3493, 0.4933, 0.380
3494, 0.4770, 0.957
3495, 0.4867, 0.401
3496, 0.5002, 0.401
3497, 0.5144, 0.408
3498, 0.4734, 0.401
3499, 0.4766, 0.380
3500, 0.4972, 0.379
3501, 0.5011, 0.377
3502, 0.5006, 0.379
3503, 0.5006, 0.388
3504, 0.5089, 0.410
3505, 0.4959, 0.380
3506, 0.4921, 0.382
3507, 0.5075, 0.379
3508, 0.4831, 0.891
3509, 0.4991, 0.382
3510, 0.4875, 0.401
3511, 0.4916, 0.437
3512, 0.4973, 0.414
3513, 0.5158, 0.567
3514, 0.5078, 0.397
3515, 0.5046, 0.392
3516, 0.4872, 0.394
3517, 0.4674, 0.392
3518, 0.4985, 0.394
3519, 0.4994, 0.388
3520, 0.5013, 0.396
3521, 0.5064, 0.393
3522, 0.4976, 0.393
3523, 0.4951, 0.396
3524, 0.5013, 0.394
3525, 0.5057, 0.394
3526, 0.4909, 0.390
3527, 0.5101, 0.382
3528, 0.5063, 0.391
3529, 0.4973, 0.390
3530, 0.4809, 0.399
3531, 0.4811, 0.404
3532, 0.4832, 0.407
3533, 0.4789, 0.404
3534, 0.4956, 0.402
3535, 0.4950, 0.397
3536, 0.4883, 0.399
3537, 0.4982, 0.404
3538, 0.4988, 0.396
3539, 0.5212, 0.392
3540, 0.5086, 0.393
3541, 0.5065, 0.390
3542, 0.5007, 0.395
3543, 0.4908, 0.389
3544, 0.4852, 0.391
3545, 0.4983, 0.400
3546, 0.5069, 0.399
3547, 0.5128, 0.406
3548, 0.4990, 0.403
3549, 0.4966, 0.403
3550, 0.4898, 0.396
3551, 0.5125, 0.397
3552, 0.4949, 0.415
3553, 0.5105, 0.410
3554, 0.4986, 0.407
3555, 0.4921, 0.409
3556, 0.5023, 0.401
3557, 0.4947, 0.406
3558, 0.4977, 0.416
3559, 0.4968, 0.396
3560, 0.4932, 0.398
3561, 0.4918, 0.397
3562, 0.5145, 0.403
3563, 0.4884, 0.418
3564, 0.4858, 0.413
3565, 0.4990, 0.402
3566, 0.5035, 0.404
3567, 0.4918, 0.414
3568, 0.5036, 0.404
3569, 0.4893, 0.403
3570, 0.4972, 0.400
3571, 0.5071, 0.393
3572, 0.4978, 0.397
3573, 0.4837, 0.397
3574, 0.4984, 0.403
3575, 0.4999, 0.408
3576, 0.4947, 0.405
3577, 0.4968, 0.404
3578, 0.4943, 0.399
3579, 0.5023, 0.396
3580, 0.5058, 0.400
3581, 0.4940, 0.395
3582, 0.5052, 0.393
3583, 0.4918, 0.395
3584, 0.5001, 0.397
3585, 0.4882, 0.397
3586, 0.5036, 0.399
3587, 0.4953, 0.400
3588, 0.4966, 0.405
3589, 0.4977, 0.403
3590, 0.5046, 0.409
3591, 0.4758, 0.409
3592, 0.5130, 0.402
3593, 0.4981, 0.401
3594, 0.5016, 0.399
3595, 0.4879, 0.397
3596, 0.5075, 0.391
3597, 0.4981, 0.391
3598, 0.4984, 0.401
3599, 0.4868, 0.409
3600, 0.5014, 0.396
3601, 0.5089, 0.393
3602, 0.5005, 0.402
3603, 0.4976, 0.400
3604, 0.5068, 0.397
3605, 0.4917, 0.398
3606, 0.4969, 0.405
3607, 0.4876, 0.391
3608, 0.4850, 0.396
3609, 0.4898, 0.391
3610, 0.5038, 0.389
3611, 0.5047, 0.382
3612, 0.5178, 0.390
3613, 0.5064, 0.397
3614, 0.5031, 0.390
3615, 0.4943, 0.391
3616, 0.4901, 0.421
3617, 0.4981, 0.391
3618, 0.4877, 0.391
3619, 0.4770, 0.389
3620, 0.4779, 0.395
3621, 0.5004, 0.409
3622, 0.5107, 0.400
3623, 0.4909, 0.395
3624, 0.5086, 0.390
3625, 0.4927, 0.385
3626, 0.4986, 0.390
3627, 0.4973, 0.391
3628, 0.5043, 0.392
3629, 0.5043, 0.389
3630, 0.4976, 0.389
3631, 0.4944, 0.386
3632, 0.4949, 0.397
3633, 0.4818, 0.395
3634, 0.5025, 0.392
3635, 0.5079, 0.393
3636, 0.4975, 0.396
3637, 0.4942, 0.395
3638, 0.4990, 0.394
3639, 0.4852, 0.388
3640, 0.4855, 0.389
3641, 0.4801, 0.389
3642, 0.4927, 0.374
3643, 0.4899, 0.372
3644, 0.5063, 0.371
3645, 0.5121, 0.369
3646, 0.5117, 0.373
3647, 0.4939, 0.374
3648, 0.4989, 0.374
3649, 0.4950, 2.435
3650, 0.5082, 0.524
3651, 0.5054, 0.381
3652, 0.4742, 0.378
3653, 0.4892, 0.573
3654, 0.4761, 0.406
3655, 0.4864, 0.593
3656, 0.5065, 0.377
3657, 0.4837, 0.382
3658, 0.5132, 0.390
3659, 0.4825, 0.376
3660, 0.4961, 0.382
3661, 0.4978, 0.492
3662, 0.4960, 0.396
3663, 0.4913, 0.921
3664, 0.4865, 0.396
3665, 0.5070, 0.398
3666, 0.4993, 0.964
3667, 0.5008, 0.396
3668, 0.5019, 0.392
3669, 0.5013, 0.400
3670, 0.4926, 0.699
3671, 0.5047, 0.393
3672, 0.4856, 0.399
3673, 0.5046, 0.411
3674, 0.5125, 0.483
3675, 0.5059, 0.391
3676, 0.5028, 0.391
3677, 0.4985, 0.395
3678, 0.4961, 0.390
3679, 0.5066, 0.393
3680, 0.5138, 0.400
3681, 0.4959, 0.402
3682, 0.4914, 0.407
3683, 0.4913, 0.392
3684, 0.4964, 0.395
3685, 0.4857, 0.395
3686, 0.5005, 0.390
3687, 0.4918, 0.390
3688, 0.5069, 0.388
3689, 0.4905, 0.389
3690, 0.4892, 0.390
3691, 0.5051, 0.392
3692, 0.5108, 0.390
3693, 0.4866, 0.389
3694, 0.5097, 0.393
3695, 0.4906, 0.392
3696, 0.5060, 0.394
3697, 0.5012, 0.394
3698, 0.5009, 0.392
3699, 0.4924, 0.395
3700, 0.4772, 0.389
3701, 0.4907, 0.392
3702, 0.4775, 0.388
3703, 0.5035, 0.389
3704, 0.4995, 0.392
3705, 0.4835, 0.393
3706, 0.5101, 0.395
3707, 0.4983, 0.392
3708, 0.4981, 0.393
3709, 0.4851, 0.395
3710, 0.5091, 0.393
3711, 0.5071, 0.389
3712, 0.4873, 0.393
3713, 0.4771, 0.393
3714, 0.4853, 0.393
3715, 0.4927, 0.391
3716, 0.4978, 0.390
3717, 0.5062, 0.401
3718, 0.4983, 0.394
3719, 0.5052, 0.394
3720, 0.4792, 0.394
3721, 0.5014, 0.399
3722, 0.5025, 0.401
3723, 0.4722, 0.396
3724, 0.4931, 0.395
3725, 0.4831, 0.401
3726, 0.5159, 0.392
3727, 0.4988, 0.407
3728, 0.4930, 0.394
3729, 0.4997, 0.406
3730, 0.4887, 0.388
3731, 0.4889, 0.392
3732, 0.4950, 0.429
3733, 0.5009, 0.424
3734, 0.4912, 0.398
3735, 0.4816, 0.407
3736, 0.4905, 0.397
3737, 0.4766, 0.393
3738, 0.4710, 0.394
3739, 0.4931, 0.415
3740, 0.5064, 0.396
3741, 0.4894, 0.390
3742, 0.4894, 0.395
3743, 0.4905, 0.401
3744, 0.5082, 0.396
3745, 0.4996, 0.397
3746, 0.4914, 0.394
3747, 0.4977, 0.396
3748, 0.4970, 0.397
3749, 0.4955, 0.397
3750, 0.4794, 0.400
3751, 0.4979, 0.407
3752, 0.4845, 0.410
3753, 0.5040, 0.400
3754, 0.4977, 0.410
3755, 0.5019, 0.408
3756, 0.4886, 0.402
3757, 0.4856, 0.395
3758, 0.5091, 0.395
3759, 0.4899, 0.393
3760, 0.4878, 0.390
3761, 0.5159, 0.395
3762, 0.4968, 0.394
3763, 0.4962, 0.398
3764, 0.5079, 0.398
3765, 0.4909, 0.403
3766, 0.4947, 0.399
3767, 0.4857, 0.397
3768, 0.4929, 0.398
3769, 0.4829, 0.406
3770, 0.4980, 0.404
3771, 0.4952, 0.410
3772, 0.5055, 0.414
3773, 0.4967, 0.414
3774, 0.4828, 0.399
3775, 0.4947, 0.390
3776, 0.4953, 0.393
3777, 0.4836, 0.390
3778, 0.4923, 0.397
3779, 0.4954, 0.390
3780, 0.4984, 0.399
3781, 0.5149, 0.398
3782, 0.5014, 0.404
3783, 0.4957, 0.407
3784, 0.5009, 0.403
3785, 0.4861, 0.400
3786, 0.5003, 0.399
3787, 0.5106, 0.403
3788, 0.5056, 0.398
3789, 0.5161, 0.397
3790, 0.4931, 0.401
3791, 0.4983, 0.401
3792, 0.4997, 0.390
3793, 0.5241, 0.393
3794, 0.5065, 0.405
3795, 0.4946, 0.407
3796, 0.4988, 0.399
3797, 0.5076, 0.401
3798, 0.4965, 0.395
3799, 0.4997, 0.395
3800, 0.4889, 0.394
3801, 0.4987, 0.387
3802, 0.4966, 0.383
3803, 0.5225, 0.374
3804, 0.4964, 0.370
3805, 0.4887, 0.374
3806, 0.4987, 0.381
3807, 0.5046, 0.372
3808, 0.5027, 0.371
3809, 0.5036, 0.371
3810, 0.4871, 0.369
3811, 0.4938, 1.646
3812, 0.5030, 0.377
3813, 0.5056, 0.379
3814, 0.4944, 0.431
3815, 0.5142, 0.375
3816, 0.4796, 0.377
3817, 0.5032, 0.376
3818, 0.4937, 0.378
3819, 0.5047, 0.396
3820, 0.4979, 0.391
3821, 0.4895, 0.389
3822, 0.4989, 0.493
3823, 0.4889, 0.392
3824, 0.4921, 0.386
3825, 0.5030, 0.398
3826, 0.5054, 0.388
3827, 0.4972, 0.394
3828, 0.4912, 0.399
3829, 0.4915, 0.394
3830, 0.4972, 0.388
3831, 0.4924, 0.388
3832, 0.4963, 0.396
3833, 0.4996, 0.392
3834, 0.4961, 0.389
3835, 0.5022, 0.391
3836, 0.5171, 0.391
3837, 0.4921, 0.392
3838, 0.5004, 0.394
3839, 0.4929, 0.390
3840, 0.5034, 0.396
3841, 0.5092, 0.400
3842, 0.5007, 0.392
3843, 0.4866, 0.392
3844, 0.5086, 0.399
3845, 0.4943, 0.396
3846, 0.4857, 0.389
3847, 0.4954, 0.390
3848, 0.4992, 0.396
3849, 0.4959, 0.405
3850, 0.4982, 0.393
3851, 0.4986, 0.390
3852, 0.5109, 0.386
3853, 0.5087, 0.403
3854, 0.4981, 0.409
3855, 0.4916, 0.389
3856, 0.5031, 0.394
3857, 0.5041, 0.400
3858, 0.4987, 0.406
3859, 0.4894, 0.396
3860, 0.4996, 0.395
3861, 0.4997, 0.397
3862, 0.5002, 0.390
3863, 0.4985, 0.394
3864, 0.4988, 0.391
3865, 0.5101, 0.391
3866, 0.5007, 0.389
3867, 0.4983, 0.392
3868, 0.5059, 0.389
3869, 0.5004, 0.387
3870, 0.4896, 0.388
3871, 0.5035, 0.387
3872, 0.4932, 0.391
3873, 0.4782, 0.392
3874, 0.4890, 0.389
3875, 0.4942, 0.388
3876, 0.4973, 0.391
3877, 0.5023, 0.390
3878, 0.4924, 0.391
3879, 0.5086, 0.394
3880, 0.4961, 0.394
3881, 0.4924, 0.392
3882, 0.5063, 0.391
3883, 0.4799, 0.396
3884, 0.4955, 0.392
3885, 0.4988, 0.390
3886, 0.5154, 0.393
3887, 0.5130, 0.391
3888, 0.4889, 0.392
3889, 0.4903, 0.390
3890, 0.4817, 0.388
3891, 0.4970, 0.392
3892, 0.5023, 0.396
3893, 0.4917, 0.390
3894, 0.4903, 0.393
3895, 0.4847, 0.392
3896, 0.4858, 0.390
3897, 0.5160, 0.393
3898, 0.5030, 0.398
3899, 0.5013, 0.400
3900, 0.5065, 0.390
3901, 0.4959, 0.392
3902, 0.4577, 0.390
3903, 0.4926, 0.389
3904, 0.5025, 0.407
3905, 0.5024, 0.401
3906, 0.4884, 0.393
3907, 0.4863, 0.397
3908, 0.4981, 0.399
3909, 0.4988, 0.392
3910, 0.5018, 0.399
3911, 0.5054, 0.388
3912, 0.5103, 0.390
3913, 0.5221, 0.399
3914, 0.5085, 0.395
3915, 0.4960, 0.392
3916, 0.4834, 0.393
3917, 0.5032, 0.401
3918, 0.4876, 0.392
3919, 0.4864, 0.389
3920, 0.4826, 0.389
3921, 0.5039, 0.394
3922, 0.4974, 0.390
3923, 0.4979, 0.389
3924, 0.4960, 0.388
3925, 0.4897, 0.390
3926, 0.4916, 0.390
3927, 0.5015, 0.394
3928, 0.4965, 0.391
3929, 0.4937, 0.389
3930, 0.4890, 0.392
3931, 0.4938, 0.388
3932, 0.4940, 0.387
3933, 0.5071, 0.392
3934, 0.4996, 0.395
3935, 0.4783, 0.396
3936, 0.4942, 0.397
3937, 0.4915, 0.423
3938, 0.4840, 0.399
3939, 0.4984, 0.401
3940, 0.5168, 0.398
3941, 0.5011, 0.401
3942, 0.4927, 0.394
3943, 0.5095, 0.397
3944, 0.4959, 0.390
3945, 0.4960, 0.387
3946, 0.4921, 0.389
3947, 0.5011, 0.391
3948, 0.4903, 0.398
3949, 0.5045, 0.401
3950, 0.5000, 0.404
3951, 0.4908, 0.399
3952, 0.4848, 0.398
3953, 0.4922, 0.408
3954, 0.4922, 0.401
3955, 0.4849, 0.405
3956, 0.4829, 0.405
3957, 0.4882, 0.408
3958, 0.5094, 0.416
3959, 0.4773, 0.393
3960, 0.4929, 0.391
3961, 0.5010, 0.398
3962, 0.4961, 0.409
3963, 0.4942, 0.407
3964, 0.4963, 0.399
3965, 0.5027, 0.397
3966, 0.4857, 0.395
3967, 0.5061, 0.396
3968, 0.5043, 0.392
3969, 0.4974, 0.391
3970, 0.4800, 0.390
3971, 0.4925, 0.387
3972, 0.4858, 0.380
3973, 0.5018, 0.371
3974, 0.4999, 0.367
3975, 0.4987, 0.368
3976, 0.5188, 0.367
3977, 0.5146, 0.383
3978, 0.4936, 0.373
3979, 0.5117, 1.917
3980, 0.5158, 0.856
3981, 0.5050, 0.379
3982, 0.4829, 0.377
3983, 0.4842, 0.377
3984, 0.4837, 0.391
3985, 0.4732, 0.391
3986, 0.4972, 0.394
3987, 0.4998, 0.399
3988, 0.4897, 0.399
3989, 0.5124, 0.407
3990, 0.4972, 0.403
3991, 0.5042, 0.402
3992, 0.4981, 0.398
3993, 0.4859, 0.402
3994, 0.4998, 0.399
3995, 0.4844, 0.393
3996, 0.4760, 0.398
3997, 0.4887, 0.400
3998, 0.4827, 0.397
3999, 0.4913, 0.398
4000, 0.4927, 0.403
4001, 0.4973, 0.395
4002, 0.4912, 0.407
4003, 0.5001, 0.400
4004, 0.4989, 0.395
4005, 0.5062, 0.391
4006, 0.5007, 0.404
4007, 0.4921, 0.393
4008, 0.4991, 0.393
4009, 0.5001, 0.389
4010, 0.4899, 0.385
4011, 0.4967, 0.390
4012, 0.5083, 0.394
4013, 0.4987, 0.392
4014, 0.4923, 0.390
4015, 0.4983, 0.387
4016, 0.4977, 0.423
4017, 0.4866, 0.416
4018, 0.4845, 0.396
4019, 0.4943, 0.390
4020, 0.4916, 0.746
4021, 0.4949, 0.399
4022, 0.4880, 0.397
4023, 0.5124, 0.394
4024, 0.4925, 0.388
4025, 0.5043, 0.393
4026, 0.4899, 0.391
4027, 0.4842, 0.393
4028, 0.4964, 0.390
4029, 0.4891, 0.388
4030, 0.4989, 0.399
4031, 0.4909, 0.396
4032, 0.4868, 0.406
4033, 0.4972, 0.402
4034, 0.5001, 0.396
4035, 0.4963, 0.404
4036, 0.4812, 0.407
4037, 0.4870, 0.394
4038, 0.4987, 0.387
4039, 0.4946, 0.391
4040, 0.4827, 0.397
4041, 0.4998, 0.389
4042, 0.5030, 0.392
4043, 0.4967, 0.392
4044, 0.4915, 0.392
4045, 0.4963, 0.392
4046, 0.5013, 0.403
4047, 0.4882, 0.395
4048, 0.4861, 0.391
4049, 0.4887, 0.393
4050, 0.4944, 0.400
4051, 0.5023, 0.394
4052, 0.4984, 0.391
4053, 0.4951, 0.389
4054, 0.5156, 0.395
4055, 0.4950, 0.395
4056, 0.5027, 0.393
4057, 0.4953, 0.391
4058, 0.4910, 0.396
4059, 0.4902, 0.389
4060, 0.4892, 0.386
4061, 0.5026, 0.388
4062, 0.4858, 0.394
4063, 0.4914, 0.395
4064, 0.4889, 0.392
4065, 0.4988, 0.390
4066, 0.5085, 0.392
4067, 0.5036, 0.390
4068, 0.4996, 0.391
4069, 0.4823, 0.393
4070, 0.4880, 0.391
4071, 0.5068, 0.389
4072, 0.5014, 0.386
4073, 0.4865, 0.392
4074, 0.4973, 0.390
4075, 0.5038, 0.390
4076, 0.5019, 0.402
4077, 0.4938, 0.398
4078, 0.5028, 0.392
4079, 0.5039, 0.390
4080, 0.4936, 0.396
4081, 0.5049, 0.393
4082, 0.5026, 0.392
4083, 0.5054, 0.401
4084, 0.5021, 0.391
4085, 0.4961, 0.388
4086, 0.4892, 0.392
4087, 0.4811, 0.390
4088, 0.5052, 0.401
4089, 0.4948, 0.392
4090, 0.4910, 0.387
4091, 0.4952, 0.394
4092, 0.4905, 0.399
4093, 0.4948, 0.392
4094, 0.4882, 0.391
4095, 0.5053, 0.394
4096, 0.4811, 0.392
4097, 0.4984, 0.396
4098, 0.5035, 0.417
4099, 0.5132, 0.423
4100, 0.4956, 0.411
4101, 0.4818, 0.405
4102, 0.5182, 0.404
4103, 0.4899, 0.394
4104, 0.4878, 0.397
4105, 0.4987, 0.396
4106, 0.5071, 0.390
4107, 0.4872, 0.395
4108, 0.4976, 0.397
4109, 0.4894, 0.393
4110, 0.4894, 0.393
4111, 0.4951, 0.391
4112, 0.4935, 0.392
4113, 0.4950, 0.387
4114, 0.4798, 0.393
4115, 0.4926, 0.392
4116, 0.5013, 0.394
4117, 0.4953, 0.393
4118, 0.4878, 0.391
4119, 0.4931, 0.392
4120, 0.5061, 0.393
4121, 0.4974, 0.392
4122, 0.5087, 0.392
4123, 0.4912, 0.394
4124, 0.4892, 0.405
4125, 0.4852, 0.407
4126, 0.4960, 0.398
4127, 0.5069, 0.404
4128, 0.4998, 0.395
4129, 0.4973, 0.389
4130, 0.5058, 0.390
4131, 0.5024, 0.390
4132, 0.5026, 0.389
4133, 0.5093, 0.386
4134, 0.4902, 0.374
4135, 0.4922, 0.372
4136, 0.5045, 0.372
4137, 0.4998, 0.368
4138, 0.4955, 0.373
4139, 0.4966, 0.372
4140, 0.4901, 0.373
4141, 0.4939, 2.249
4142, 0.5051, 0.381
4143, 0.5020, 0.382
4144, 0.5065, 0.463
4145, 0.4950, 0.377
4146, 0.4872, 0.385
4147, 0.4996, 0.375
4148, 0.5162, 0.373
4149, 0.5004, 0.379
4150, 0.4881, 0.379
4151, 0.4992, 0.380
4152, 0.4990, 0.384
4153, 0.5032, 0.377
4154, 0.4923, 0.378
4155, 0.4971, 0.407
4156, 0.4887, 0.396
4157, 0.4823, 0.392
4158, 0.5009, 0.406
4159, 0.5058, 0.406
4160, 0.4970, 0.397
4161, 0.4928, 0.393
4162, 0.4956, 0.401
4163, 0.4904, 0.395
4164, 0.4908, 0.406
4165, 0.4684, 0.414
4166, 0.4877, 0.403
4167, 0.4913, 0.394
4168, 0.4939, 0.395
4169, 0.5011, 0.393
4170, 0.4766, 0.396
4171, 0.4901, 0.405
4172, 0.4991, 0.420
4173, 0.4864, 0.405
4174, 0.4894, 0.399
4175, 0.4911, 0.400
4176, 0.4929, 0.405
4177, 0.4861, 0.399
4178, 0.4895, 0.397
4179, 0.4992, 0.395
4180, 0.5014, 0.397
4181, 0.4943, 0.405
4182, 0.4933, 0.406
4183, 0.5060, 0.408
4184, 0.4795, 0.400
4185, 0.4816, 0.393
4186, 0.4986, 0.404
4187, 0.5049, 0.404
4188, 0.4929, 0.401
4189, 0.5024, 0.400
4190, 0.4854, 0.409
4191, 0.4944, 0.398
4192, 0.4862, 0.402
4193, 0.4975, 0.405
4194, 0.4973, 0.404
4195, 0.4958, 0.410
4196, 0.4994, 0.407
4197, 0.4973, 0.415
4198, 0.5019, 0.403
4199, 0.4976, 0.394
4200, 0.4938, 0.400
4201, 0.5095, 0.388
4202, 0.4959, 0.391
4203, 0.4897, 0.400
4204, 0.4933, 0.398
4205, 0.4966, 0.397
4206, 0.5029, 0.395
4207, 0.4994, 0.396
4208, 0.5016, 0.394
4209, 0.4824, 0.396
4210, 0.4930, 0.391
4211, 0.4996, 0.392
4212, 0.5000, 0.394
4213, 0.4934, 0.390
4214, 0.4988, 0.391
4215, 0.5049, 0.386
4216, 0.5044, 0.395
4217, 0.5030, 0.462
4218, 0.5031, 0.394
4219, 0.5024, 0.388
4220, 0.4980, 0.391
4221, 0.4902, 0.398
4222, 0.5056, 0.399
4223, 0.4894, 0.393
4224, 0.4990, 0.395
4225, 0.5053, 0.395
4226, 0.5005, 0.392
4227, 0.4865, 0.400
4228, 0.4947, 0.393
4229, 0.4948, 0.392
4230, 0.4877, 0.397
4231, 0.4917, 0.400
4232, 0.5073, 0.409
4233, 0.5037, 0.399
4234, 0.5015, 0.395
4235, 0.5007, 0.391
4236, 0.4986, 0.385
4237, 0.4963, 0.386
4238, 0.5089, 0.393
4239, 0.5071, 0.393
4240, 0.5031, 0.395
4241, 0.4945, 0.391
4242, 0.5013, 0.409
4243, 0.5057, 0.400
4244, 0.4930, 0.405
4245, 0.4998, 0.397
4246, 0.4995, 0.399
4247, 0.4905, 0.396
4248, 0.5098, 0.402
4249, 0.5037, 0.405
4250, 0.5082, 0.395
4251, 0.4919, 0.394
4252, 0.4976, 0.411
4253, 0.4891, 0.396
4254, 0.4967, 0.395
4255, 0.4943, 0.417
4256, 0.5065, 0.397
4257, 0.4994, 0.394
4258, 0.5020, 0.399
4259, 0.5030, 0.444
4260, 0.4978, 0.436
4261, 0.5107, 0.442
4262, 0.5049, 0.396
4263, 0.4958, 0.403
4264, 0.4934, 0.392
4265, 0.4926, 0.393
4266, 0.4952, 0.398
4267, 0.5069, 0.394
4268, 0.5027, 0.393
4269, 0.5096, 0.395
4270, 0.4980, 0.396
4271, 0.4974, 0.391
4272, 0.4987, 0.395
4273, 0.5012, 0.389
4274, 0.4897, 0.389
4275, 0.5006, 0.391
4276, 0.5037, 0.396
4277, 0.5167, 0.392
4278, 0.5028, 0.393
4279, 0.5027, 0.391
4280, 0.4969, 0.389
4281, 0.5010, 0.398
4282, 0.4940, 0.396
4283, 0.4924, 0.394
4284, 0.4844, 0.390
4285, 0.5042, 0.394
4286, 0.5085, 0.392
4287, 0.5038, 0.392
4288, 0.5040, 0.393
4289, 0.4999, 0.390
4290, 0.5013, 0.393
4291, 0.4965, 0.390
4292, 0.5018, 0.381
4293, 0.5001, 0.386
4294, 0.4916, 0.390
4295, 0.4967, 0.394
4296, 0.5016, 0.387
4297, 0.4993, 0.374
4298, 0.5070, 0.373
4299, 0.5028, 0.374
4300, 0.5043, 0.375
4301, 0.4991, 0.374
4302, 0.4950, 0.369
4303, 0.5041, 0.374
4304, 0.4941, 2.432
4305, 0.4889, 0.833
4306, 0.5042, 0.377
4307, 0.5095, 0.376
4308, 0.5031, 0.374
4309, 0.4939, 0.378
4310, 0.4854, 0.380
4311, 0.4993, 0.375
4312, 0.4994, 0.374
4313, 0.4909, 0.377
4314, 0.4981, 0.377
4315, 0.4961, 0.375
4316, 0.4949, 0.396
4317, 0.5027, 0.375
4318, 0.5078, 0.389
4319, 0.5182, 0.390
4320, 0.5036, 0.394
4321, 0.5099, 0.461
4322, 0.4988, 0.391
4323, 0.4972, 0.393
4324, 0.5035, 0.398
4325, 0.4901, 0.393
4326, 0.4929, 0.391
4327, 0.5051, 0.391
4328, 0.4869, 0.396
4329, 0.5025, 0.408
4330, 0.4866, 0.392
4331, 0.4941, 0.395
4332, 0.5058, 0.398
4333, 0.5015, 0.395
4334, 0.5016, 0.392
4335, 0.4998, 0.392
4336, 0.5060, 0.393
4337, 0.4985, 0.393
4338, 0.4892, 0.393
4339, 0.4927, 0.390
4340, 0.4943, 0.400
4341, 0.5149, 0.421
4342, 0.5136, 0.393
4343, 0.5076, 0.393
4344, 0.4959, 0.397
4345, 0.4986, 0.398
4346, 0.5019, 0.398
4347, 0.5048, 0.400
4348, 0.4945, 0.400
4349, 0.5022, 0.397
4350, 0.4990, 0.398
4351, 0.5050, 0.395
4352, 0.5064, 0.398
4353, 0.5040, 0.407
4354, 0.5032, 0.399
4355, 0.5056, 0.393
4356, 0.4923, 0.390
4357, 0.4997, 0.387
4358, 0.4989, 0.399
4359, 0.4897, 0.404
4360, 0.4921, 0.403
4361, 0.5035, 0.400
4362, 0.4943, 0.408
4363, 0.5091, 0.406
4364, 0.5024, 0.396
4365, 0.4934, 0.398
4366, 0.5147, 0.399
4367, 0.4932, 0.396
4368, 0.4977, 0.397
4369, 0.4954, 0.393
4370, 0.4984, 0.400
4371, 0.5076, 0.395
4372, 0.4984, 0.399
4373, 0.5020, 0.402
4374, 0.5093, 0.403
4375, 0.5042, 0.408
4376, 0.5028, 0.401
4377, 0.5148, 0.400
4378, 0.5098, 0.408
4379, 0.5024, 0.409
4380, 0.5020, 0.413
4381, 0.4986, 0.393
4382, 0.4992, 0.397
4383, 0.4941, 0.401
4384, 0.4990, 0.395
4385, 0.4977, 0.391
4386, 0.5000, 0.392
4387, 0.4880, 0.394
4388, 0.5064, 0.396
4389, 0.4945, 0.393
4390, 0.5012, 0.391
4391, 0.5112, 0.394
4392, 0.4890, 0.400
4393, 0.5143, 0.399
4394, 0.5051, 0.397
4395, 0.4953, 0.392
4396, 0.5030, 0.397
4397, 0.4991, 0.396
4398, 0.4928, 0.399
4399, 0.4915, 0.397
4400, 0.4986, 0.392
4401, 0.4984, 0.387
4402, 0.4910, 0.389
4403, 0.4938, 0.396
4404, 0.4998, 0.397
4405, 0.4994, 0.401
4406, 0.4997, 0.412
4407, 0.5010, 0.388
4408, 0.5100, 0.393
4409, 0.4933, 0.393
4410, 0.4972, 0.394
4411, 0.4964, 0.403
4412, 0.4923, 0.390
4413, 0.4988, 0.393
4414, 0.5085, 0.391
4415, 0.5003, 0.384
4416, 0.5029, 0.410
4417, 0.5005, 0.392
4418, 0.5027, 0.400
4419, 0.5043, 0.398
4420, 0.4844, 0.549
4421, 0.4972, 0.424
4422, 0.5075, 0.422
4423, 0.5004, 0.427
4424, 0.4973, 0.416
4425, 0.4964, 0.409
4426, 0.4849, 0.393
4427, 0.5078, 0.389
4428, 0.5053, 0.394
4429, 0.5111, 0.393
4430, 0.5055, 0.395
4431, 0.4986, 0.405
4432, 0.5109, 0.405
4433, 0.4995, 0.397
4434, 0.5005, 0.398
4435, 0.4935, 0.400
4436, 0.4924, 0.391
4437, 0.5010, 0.389
4438, 0.5043, 0.386
4439, 0.5103, 0.390
4440, 0.4965, 0.392
4441, 0.5002, 0.395
4442, 0.5039, 0.389
4443, 0.4939, 0.387
4444, 0.5004, 0.385
4445, 0.5083, 0.391
4446, 0.5008, 0.400
4447, 0.5087, 0.393
4448, 0.4851, 0.391
4449, 0.5115, 0.393
4450, 0.4922, 0.402
4451, 0.5001, 0.399
4452, 0.5059, 0.396
4453, 0.4960, 0.404
4454, 0.5132, 0.395
4455, 0.4883, 0.389
4456, 0.4976, 0.381
4457, 0.4950, 0.389
4458, 0.5082, 0.388
4459, 0.4962, 0.385
4460, 0.5053, 0.384
4461, 0.4978, 0.375
4462, 0.4888, 0.375
4463, 0.5015, 0.374
4464, 0.5059, 0.368
4465, 0.4973, 0.371
4466, 0.4873, 0.369
4467, 0.4962, 0.374
4468, 0.4958, 2.950
4469, 0.5089, 0.379
4470, 0.5082, 0.374
4471, 0.5113, 0.377
4472, 0.4975, 0.377
4473, 0.4932, 0.378
4474, 0.4886, 0.376
4475, 0.4863, 0.388
4476, 0.4891, 0.374
4477, 0.4927, 0.372
4478, 0.4806, 0.373
4479, 0.4974, 0.379
4480, 0.5041, 0.380
4481, 0.4931, 0.396
4482, 0.5076, 0.374
4483, 0.5150, 0.377
4484, 0.5144, 0.499
4485, 0.5067, 0.376
4486, 0.5002, 0.394
4487, 0.5015, 0.379
4488, 0.5058, 0.399
4489, 0.5016, 0.561
4490, 0.4934, 0.394
4491, 0.4960, 0.395
4492, 0.5045, 0.399
4493, 0.4980, 0.404
4494, 0.4978, 0.392
4495, 0.4928, 0.398
4496, 0.4988, 0.397
4497, 0.4999, 0.393
4498, 0.5045, 0.393
4499, 0.4958, 0.396
4500, 0.5025, 0.389
4501, 0.4923, 0.393
4502, 0.5077, 0.395
4503, 0.4957, 0.412
4504, 0.5031, 0.412
4505, 0.5055, 0.394
4506, 0.5146, 0.402
4507, 0.4973, 0.410
4508, 0.4858, 0.394
4509, 0.5071, 0.394
4510, 0.5028, 0.401
4511, 0.4957, 0.409
4512, 0.4993, 0.397
4513, 0.4992, 0.394
4514, 0.5005, 0.391
4515, 0.4887, 0.388
4516, 0.5025, 0.397
4517, 0.5034, 0.390
4518, 0.5051, 0.394
4519, 0.5036, 0.385
4520, 0.5004, 0.392
4521, 0.4990, 0.397
4522, 0.5064, 0.399
4523, 0.4998, 0.400
4524, 0.5091, 0.397
4525, 0.4982, 0.388
4526, 0.4871, 0.394
4527, 0.4958, 0.392
4528, 0.5034, 0.392
4529, 0.5161, 0.396
4530, 0.4939, 0.390
4531, 0.4797, 0.390
4532, 0.4994, 0.388
4533, 0.5058, 0.394
4534, 0.4965, 0.400
4535, 0.4899, 0.398
4536, 0.5038, 0.400
4537, 0.5054, 0.400
4538, 0.5243, 0.416
4539, 0.5023, 0.399
4540, 0.5046, 0.398
4541, 0.4904, 0.400
4542, 0.5133, 0.398
4543, 0.4941, 0.396
4544, 0.5046, 0.396
4545, 0.5123, 0.395
4546, 0.5034, 0.393
4547, 0.4904, 0.397
4548, 0.4790, 0.395
4549, 0.5052, 0.400
4550, 0.5049, 0.401
4551, 0.4978, 0.405
4552, 0.5140, 0.400
4553, 0.4885, 0.399
4554, 0.5055, 0.395
4555, 0.4994, 0.394
4556, 0.4881, 0.409
4557, 0.5018, 0.407
4558, 0.5069, 0.394
4559, 0.5055, 0.398
4560, 0.5094, 0.399
4561, 0.4977, 0.392
4562, 0.5085, 0.396
4563, 0.5184, 0.398
4564, 0.5008, 0.397
4565, 0.4955, 0.393
4566, 0.5072, 0.395
4567, 0.4951, 0.401
4568, 0.5094, 0.397
4569, 0.5047, 0.399
4570, 0.4926, 0.396
4571, 0.5031, 0.392
4572, 0.5036, 0.394
4573, 0.5052, 0.396
4574, 0.5057, 0.393
4575, 0.4932, 0.392
4576, 0.4948, 0.396
4577, 0.5015, 0.398
4578, 0.4966, 0.398
4579, 0.4996, 0.400
4580, 0.5050, 0.393
4581, 0.5034, 0.399
4582, 0.5026, 0.405
4583, 0.4975, 0.400
4584, 0.4995, 0.398
4585, 0.4998, 0.396
4586, 0.4888, 0.395
4587, 0.4945, 0.397
4588, 0.4973, 0.396
4589, 0.4985, 1.009
4590, 0.4876, 0.398
4591, 0.5040, 0.401
4592, 0.5074, 0.398
4593, 0.4915, 0.398
4594, 0.5064, 0.412
4595, 0.4875, 0.396
4596, 0.5063, 0.397
4597, 0.5095, 0.394
4598, 0.4993, 0.396
4599, 0.4990, 0.395
4600, 0.5058, 0.400
4601, 0.4962, 0.387
4602, 0.4924, 0.391
4603, 0.5061, 0.393
4604, 0.4750, 0.394
4605, 0.5053, 0.400
4606, 0.5053, 0.396
4607, 0.5040, 0.388
4608, 0.5002, 0.386
4609, 0.5021, 0.388
4610, 0.5054, 0.391
4611, 0.4927, 0.405
4612, 0.5043, 0.392
4613, 0.5001, 0.385
4614, 0.4948, 0.378
4615, 0.4929, 0.384
4616, 0.5164, 0.409
4617, 0.5013, 0.386
4618, 0.4907, 0.387
4619, 0.4891, 0.383
4620, 0.4914, 0.370
4621, 0.5002, 0.370
4622, 0.4962, 0.370
4623, 0.5037, 0.372
4624, 0.4907, 0.373
4625, 0.5064, 0.372
4626, 0.4946, 0.372
4627, 0.4961, 1.802
4628, 0.4993, 0.698
4629, 0.4893, 0.472
4630, 0.4997, 0.914
4631, 0.5075, 0.375
4632, 0.5099, 0.377
4633, 0.4923, 0.410
4634, 0.4964, 0.479
4635, 0.4810, 0.376
4636, 0.4982, 0.670
4637, 0.4932, 0.390
4638, 0.5044, 0.392
4639, 0.4852, 0.391
4640, 0.4971, 0.396
4641, 0.5039, 0.404
4642, 0.4998, 0.391
4643, 0.4961, 0.394
4644, 0.5010, 0.423
4645, 0.4940, 0.394
4646, 0.4985, 0.395
4647, 0.5068, 0.391
4648, 0.4972, 0.398
4649, 0.4992, 0.390
4650, 0.5014, 0.391
4651, 0.5031, 0.394
4652, 0.4982, 0.392
4653, 0.4996, 0.392
4654, 0.5092, 0.401
4655, 0.4912, 0.392
4656, 0.4906, 0.392
4657, 0.4998, 0.394
4658, 0.4959, 0.389
4659, 0.4905, 0.399
4660, 0.4983, 0.399
4661, 0.4983, 0.397
4662, 0.4930, 0.398
4663, 0.4981, 0.398
4664, 0.4969, 0.392
4665, 0.5060, 0.397
4666, 0.5024, 0.407
4667, 0.5008, 0.397
4668, 0.5042, 0.396
4669, 0.5044, 0.401
4670, 0.5124, 0.395
4671, 0.5168, 0.394
4672, 0.5007, 0.395
4673, 0.5054, 0.400
4674, 0.5000, 0.500
4675, 0.4935, 0.396
4676, 0.4942, 0.401
4677, 0.4960, 0.400
4678, 0.5066, 0.404
4679, 0.4994, 0.397
4680, 0.5169, 0.406
4681, 0.4914, 0.399
4682, 0.5048, 0.404
4683, 0.4997, 0.395
4684, 0.4874, 0.400
4685, 0.4993, 0.643
4686, 0.5088, 0.395
4687, 0.4882, 0.399
4688, 0.4954, 0.397
4689, 0.5033, 0.390
4690, 0.4943, 0.394
4691, 0.4983, 0.391
4692, 0.4966, 0.391
4693, 0.4962, 0.388
4694, 0.5050, 0.392
4695, 0.4995, 0.395
4696, 0.5107, 0.397
4697, 0.5067, 0.391
4698, 0.4975, 0.396
4699, 0.4926, 0.395
4700, 0.4960, 0.397
4701, 0.5029, 0.396
4702, 0.4994, 0.398
4703, 0.5027, 0.412
4704, 0.4975, 0.400
4705, 0.5113, 0.403
4706, 0.5019, 0.398
4707, 0.4865, 0.391
4708, 0.4941, 0.396
4709, 0.5054, 0.398
4710, 0.5112, 0.400
4711, 0.5177, 0.393
4712, 0.5166, 0.395
4713, 0.4968, 0.404
4714, 0.5110, 0.391
4715, 0.4962, 0.405
4716, 0.4907, 0.392
4717, 0.4851, 0.403
4718, 0.5025, 0.395
4719, 0.4940, 0.403
4720, 0.5025, 0.396
4721, 0.5053, 0.410
4722, 0.4897, 0.406
4723, 0.4959, 0.399
4724, 0.5064, 0.408
4725, 0.5099, 0.406
4726, 0.5059, 0.399
4727, 0.5035, 0.406
4728, 0.5041, 0.402
4729, 0.4905, 0.408
4730, 0.4956, 0.400
4731, 0.5024, 0.394
4732, 0.5009, 0.398
4733, 0.4954, 0.402
4734, 0.4971, 0.404
4735, 0.4995, 0.409
4736, 0.5021, 0.396
4737, 0.4883, 0.401
4738, 0.5069, 0.952
4739, 0.4941, 0.394
4740, 0.5002, 0.393
4741, 0.5031, 0.412
4742, 0.4919, 0.397
4743, 0.5085, 0.406
4744, 0.5144, 0.393
4745, 0.4988, 0.394
4746, 0.5007, 0.387
4747, 0.4974, 0.418
4748, 0.4989, 0.400
4749, 0.5208, 0.396
4750, 0.5023, 0.400
4751, 0.4934, 0.400
4752, 0.5033, 0.403
4753, 0.5146, 0.393
4754, 0.4969, 0.396
4755, 0.5154, 0.400
4756, 0.5039, 0.403
4757, 0.4973, 0.402
4758, 0.4999, 0.402
4759, 0.4993, 0.400
4760, 0.5080, 0.400
4761, 0.4953, 0.399
4762, 0.4940, 0.402
4763, 0.5002, 0.401
4764, 0.4966, 0.399
4765, 0.5015, 0.401
4766, 0.4979, 0.411
4767, 0.5034, 0.409
4768, 0.4965, 0.405
4769, 0.4970, 0.401
4770, 0.5004, 0.400
4771, 0.5029, 0.392
4772, 0.5077, 0.394
4773, 0.5041, 0.398
4774, 0.4946, 0.393
4775, 0.4986, 0.392
4776, 0.4932, 0.392
4777, 0.4993, 0.396
4778, 0.5201, 0.395
4779, 0.5007, 0.393
4780, 0.5044, 0.389
4781, 0.5146, 0.376
4782, 0.4976, 0.377
4783, 0.5007, 0.376
4784, 0.5047, 0.382
4785, 0.5086, 0.377
4786, 0.5022, 0.376
4787, 0.4919, 0.377
4788, 0.4944, 1.897
4789, 0.4920, 0.842
4790, 0.4873, 1.018
4791, 0.4940, 0.380
4792, 0.5045, 0.379
4793, 0.5047, 0.377
4794, 0.5076, 0.389
4795, 0.4947, 0.376
4796, 0.5004, 0.391
4797, 0.4978, 0.392
4798, 0.4955, 0.386
4799, 0.5052, 0.398
4800, 0.4985, 0.399
4801, 0.4960, 0.392
4802, 0.4932, 0.397
4803, 0.5136, 0.379
4804, 0.4962, 0.389
4805, 0.5034, 0.398
4806, 0.5059, 0.409
4807, 0.5066, 0.392
4808, 0.4920, 0.390
4809, 0.5005, 0.386
4810, 0.5047, 0.389
4811, 0.4920, 0.390
4812, 0.5093, 0.389
4813, 0.4998, 0.382
4814, 0.4868, 0.379
4815, 0.5042, 0.381
4816, 0.5018, 0.403
4817, 0.4926, 0.417
4818, 0.4880, 0.390
4819, 0.5044, 0.392
4820, 0.5151, 0.391
4821, 0.4989, 0.394
4822, 0.5008, 0.394
4823, 0.5052, 0.385
4824, 0.4988, 0.386
4825, 0.5044, 0.392
4826, 0.4991, 0.391
4827, 0.5067, 0.387
4828, 0.5103, 0.382
4829, 0.4947, 0.388
4830, 0.5006, 0.386
4831, 0.5012, 0.391
4832, 0.4901, 0.399
4833, 0.5034, 0.423
4834, 0.5117, 0.393
4835, 0.5056, 0.398
4836, 0.4997, 0.398
4837, 0.4946, 0.398
4838, 0.5066, 0.397
4839, 0.4972, 0.393
4840, 0.5013, 0.389
4841, 0.5024, 0.392
4842, 0.5080, 0.391
4843, 0.5047, 0.394
4844, 0.4938, 0.395
4845, 0.5136, 0.393
4846, 0.4877, 0.392
4847, 0.5039, 0.391
4848, 0.5023, 0.393
4849, 0.5058, 0.397
4850, 0.4967, 0.401
4851, 0.4886, 0.399
4852, 0.4882, 0.403
4853, 0.4923, 0.392
4854, 0.4931, 0.399
4855, 0.5075, 0.395
4856, 0.4959, 0.385
4857, 0.4940, 0.395
4858, 0.4935, 0.390
4859, 0.5179, 0.390
4860, 0.4957, 0.396
4861, 0.4970, 0.395
4862, 0.5015, 0.395
4863, 0.4925, 0.392
4864, 0.5032, 0.396
4865, 0.4896, 0.389
4866, 0.4990, 0.397
4867, 0.5016, 0.412
4868, 0.5018, 0.398
4869, 0.4967, 0.394
4870, 0.5120, 0.399
4871, 0.5041, 0.400
4872, 0.4909, 0.634
4873, 0.4989, 0.391
4874, 0.5037, 0.394
4875, 0.4998, 0.391
4876, 0.5041, 0.397
4877, 0.5086, 0.396
4878, 0.4908, 0.396
4879, 0.5102, 0.395
4880, 0.4865, 0.394
4881, 0.4940, 0.402
4882, 0.5000, 0.399
4883, 0.5084, 0.399
4884, 0.5055, 0.402
4885, 0.5037, 0.399
4886, 0.4905, 0.392
4887, 0.4908, 0.390
4888, 0.4947, 0.390
4889, 0.4964, 0.388
4890, 0.5021, 0.388
4891, 0.4938, 0.392
4892, 0.5007, 0.387
4893, 0.4822, 0.386
4894, 0.5092, 0.389
4895, 0.4951, 0.390
4896, 0.5180, 0.385
4897, 0.4789, 0.384
4898, 0.4942, 0.389
4899, 0.4891, 0.398
4900, 0.4743, 0.393
4901, 0.4909, 0.392
4902, 0.4822, 0.394
4903, 0.5043, 0.394
4904, 0.4998, 0.395
4905, 0.5086, 0.393
4906, 0.5087, 0.391
4907, 0.4822, 0.393
4908, 0.4908, 0.392
4909, 0.4906, 0.392
4910, 0.5020, 0.403
4911, 0.5003, 0.393
4912, 0.5112, 0.388
4913, 0.4980, 0.393
4914, 0.4932, 0.394
4915, 0.5016, 0.396
4916, 0.4904, 0.403
4917, 0.4829, 0.395
4918, 0.4872, 0.413
4919, 0.5001, 0.399
4920, 0.4972, 0.392
4921, 0.4885, 0.392
4922, 0.4854, 0.393
4923, 0.5068, 0.396
4924, 0.4999, 0.393
4925, 0.4959, 0.398
4926, 0.4935, 0.392
4927, 0.5108, 0.396
4928, 0.4854, 0.403
4929, 0.5098, 0.400
4930, 0.4921, 0.394
4931, 0.4789, 0.398
4932, 0.5074, 0.390
4933, 0.4951, 0.401
4934, 0.4839, 0.397
4935, 0.4884, 0.398
4936, 0.4813, 0.398
4937, 0.4994, 0.393
4938, 0.4817, 0.388
4939, 0.4900, 0.387
4940, 0.4884, 0.385
4941, 0.4883, 0.393
4942, 0.4924, 0.394
4943, 0.4894, 0.399
4944, 0.4768, 0.395
4945, 0.4854, 0.374
4946, 0.4962, 0.373
4947, 0.4833, 0.371
4948, 0.4927, 0.375
4949, 0.4942, 0.374
4950, 0.4876, 0.387
4951, 0.4919, 0.373
4952, 0.5032, 1.735
4953, 0.4918, 0.381
4954, 0.4829, 0.399
4955, 0.5020, 0.376
4956, 0.4982, 0.376
4957, 0.4889, 0.402
4958, 0.4899, 0.400
4959, 0.4877, 0.400
4960, 0.4967, 0.398
4961, 0.4901, 0.399
4962, 0.5015, 0.423
4963, 0.5116, 0.410
4964, 0.4988, 0.400
4965, 0.4783, 0.385
4966, 0.5085, 0.393
4967, 0.4871, 0.398
4968, 0.4878, 0.400
4969, 0.5017, 0.398
4970, 0.4877, 0.402
4971, 0.5024, 0.401
4972, 0.4946, 0.408
4973, 0.4972, 0.394
4974, 0.4975, 0.388
4975, 0.5113, 0.392
4976, 0.4938, 0.397
4977, 0.4944, 0.402
4978, 0.4920, 0.401
4979, 0.4895, 0.404
4980, 0.5078, 0.407
4981, 0.5029, 0.410
4982, 0.4963, 0.402
4983, 0.4861, 0.399
4984, 0.4862, 0.401
4985, 0.4916, 0.395
4986, 0.4894, 0.398
4987, 0.4827, 0.398
4988, 0.4959, 0.399
4989, 0.4984, 0.393
4990, 0.4968, 0.392
4991, 0.4814, 0.395
4992, 0.5028, 0.395
4993, 0.4974, 0.399
4994, 0.4875, 0.401
4995, 0.4964, 0.407
4996, 0.4984, 0.417
4997, 0.4936, 0.404
4998, 0.4963, 0.393
4999, 0.4826, 0.405
5000, 0.4923, 0.438
