0, 0.5013, 2.574
1, 0.4966, 0.391
2, 0.5083, 0.399
3, 0.4978, 0.383
4, 0.4984, 0.384
5, 0.4969, 0.386
6, 0.5044, 0.409
7, 0.5078, 0.394
8, 0.5017, 0.403
9, 0.5014, 0.407
10, 0.4863, 0.402
11, 0.5082, 0.389
12, 0.4900, 0.403
13, 0.4985, 0.821
14, 0.4978, 0.406
15, 0.4978, 0.421
16, 0.5200, 0.404
17, 0.4877, 0.650
18, 0.4839, 0.403
19, 0.4889, 0.406
20, 0.4662, 0.395
21, 0.5281, 0.399
22, 0.4955, 0.591
23, 0.5192, 0.400
24, 0.5052, 0.392
25, 0.5066, 0.395
26, 0.5056, 0.393
27, 0.5053, 0.400
28, 0.5023, 0.395
29, 0.4970, 0.393
30, 0.4931, 0.389
31, 0.4981, 0.393
32, 0.5011, 0.397
33, 0.5012, 0.391
34, 0.4942, 0.410
35, 0.4911, 0.404
36, 0.5061, 0.399
37, 0.4892, 0.397
38, 0.4805, 0.397
39, 0.5087, 0.413
40, 0.5038, 0.395
41, 0.4905, 0.402
42, 0.4633, 0.397
43, 0.5076, 0.394
44, 0.5070, 0.406
45, 0.4874, 0.410
46, 0.4929, 0.396
47, 0.4611, 0.444
48, 0.5159, 0.408
49, 0.4704, 0.398
50, 0.4042, 0.393
51, 0.2516, 0.396
52, 0.4641, 0.398
53, 0.5294, 0.404
54, 0.4885, 0.395
55, 0.3564, 0.394
56, 0.3896, 0.394
57, 0.4756, 0.397
58, 0.4912, 0.399
59, 0.3923, 0.410
60, 0.5134, 0.395
61, 0.4703, 0.391
62, 0.4400, 0.393
63, 0.5111, 0.395
64, 0.3956, 0.402
65, 0.4981, 0.392
66, 0.4796, 0.396
67, 0.4260, 0.403
68, 0.3410, 0.392
69, 0.4409, 0.395
70, 0.3837, 0.389
71, 0.3964, 0.392
72, 0.4041, 0.395
73, 0.6194, 0.393
74, 0.4952, 0.392
75, 0.5022, 0.392
76, 0.4925, 0.391
77, 0.4874, 0.399
78, 0.5089, 0.400
79, 0.5089, 0.395
80, 0.5211, 0.392
81, 0.5076, 0.389
82, 0.5024, 0.391
83, 0.4979, 0.400
84, 0.4981, 0.416
85, 0.5002, 0.390
86, 0.5002, 0.396
87, 0.4986, 0.400
88, 0.4936, 0.400
89, 0.4989, 0.404
90, 0.5083, 0.392
91, 0.5012, 0.390
92, 0.5017, 0.396
93, 0.5029, 0.403
94, 0.5028, 0.401
95, 0.4968, 0.402
96, 0.4993, 0.400
97, 0.5054, 0.396
98, 0.5036, 0.399
99, 0.5037, 0.413
100, 0.4968, 0.405
101, 0.5055, 0.402
102, 0.4843, 0.406
103, 0.5038, 0.401
104, 0.4943, 0.403
105, 0.5030, 0.389
106, 0.5045, 0.392
107, 0.5031, 0.395
108, 0.5021, 0.394
109, 0.4933, 0.390
110, 0.4929, 0.388
111, 0.4968, 0.390
112, 0.4919, 0.385
113, 0.5264, 0.389
114, 0.5024, 0.389
115, 0.4916, 0.388
116, 0.4860, 0.396
117, 0.5162, 0.393
118, 0.5152, 0.396
119, 0.4964, 0.390
120, 0.5131, 0.388
121, 0.5061, 0.399
122, 0.4922, 0.390
123, 0.5054, 0.389
124, 0.5084, 0.387
125, 0.4965, 0.387
126, 0.4978, 0.387
127, 0.4966, 0.373
128, 0.4879, 0.372
129, 0.4871, 0.373
130, 0.4959, 0.373
131, 0.5131, 0.376
132, 0.5098, 0.372
133, 0.4839, 0.373
134, 0.5051, 1.867
135, 0.4840, 0.383
136, 0.5032, 1.389
137, 0.5050, 0.378
138, 0.4799, 0.383
139, 0.5219, 0.394
140, 0.4764, 0.389
141, 0.4525, 0.392
142, 0.4812, 0.398
143, 0.4316, 0.398
144, 0.5003, 0.404
145, 0.4164, 0.391
146, 0.4730, 0.387
147, 0.4202, 0.402
148, 0.4158, 0.399
149, 0.4828, 0.392
150, 0.4831, 0.400
151, 0.4603, 0.393
152, 0.4656, 0.406
153, 0.4978, 0.397
154, 0.4857, 0.405
155, 0.4884, 0.434
156, 0.4608, 0.391
157, 0.4895, 0.388
158, 0.4648, 0.393
159, 0.4208, 0.395
160, 0.4256, 0.417
161, 0.5047, 0.385
162, 0.4560, 0.391
163, 0.4781, 0.391
164, 0.4245, 0.391
165, 0.3937, 0.388
166, 0.4499, 0.397
167, 0.4634, 0.402
168, 0.4442, 0.398
169, 0.4177, 0.396
170, 0.4310, 0.395
171, 0.3971, 0.403
172, 0.5679, 0.401
173, 0.4732, 0.399
174, 0.4483, 0.440
175, 0.4398, 0.402
176, 0.4007, 0.389
177, 0.4777, 0.393
178, 0.4343, 0.395
179, 0.4721, 0.398
180, 0.4047, 0.402
181, 0.4140, 0.396
182, 0.3982, 0.393
183, 0.3857, 0.386
184, 0.4213, 0.389
185, 0.3536, 0.399
186, 0.3358, 0.405
187, 0.3385, 0.398
188, 0.3149, 0.404
189, 0.3903, 0.498
190, 0.3750, 0.400
191, 0.3746, 0.391
192, 0.4130, 0.389
193, 0.3986, 0.388
194, 0.3785, 0.393
195, 0.3274, 0.391
196, 0.3863, 0.390
197, 0.3576, 0.385
198, 0.3769, 0.397
199, 0.3475, 0.394
200, 0.3771, 0.394
201, 0.3702, 0.380
202, 0.2485, 0.390
203, 0.2351, 0.394
204, 0.2463, 0.394
205, 0.3443, 0.387
206, 0.4134, 0.398
207, 0.3331, 0.394
208, 0.3297, 0.401
209, 0.3774, 0.398
210, 0.3643, 0.403
211, 0.4152, 0.412
212, 0.3714, 0.413
213, 0.3856, 0.409
214, 0.3395, 0.404
215, 0.4261, 0.395
216, 0.3478, 0.387
217, 0.3438, 0.409
218, 0.4154, 0.457
219, 0.3858, 0.391
220, 0.3780, 0.399
221, 0.3614, 0.975
222, 0.4044, 0.389
223, 0.3426, 0.395
224, 0.4704, 0.391
225, 0.3639, 0.551
226, 0.3544, 0.399
227, 0.3528, 0.402
228, 0.5161, 0.393
229, 0.3710, 0.393
230, 0.2973, 0.391
231, 0.3335, 0.387
232, 0.3839, 0.387
233, 0.3316, 0.385
234, 0.5220, 0.388
235, 0.4220, 0.394
236, 0.3924, 0.390
237, 0.2610, 0.395
238, 0.2757, 0.388
239, 0.3204, 0.385
240, 0.2718, 0.385
241, 0.3723, 0.425
242, 0.3156, 0.420
243, 0.3318, 0.425
244, 0.2939, 0.421
245, 0.3220, 0.385
246, 0.2968, 0.386
247, 0.3929, 0.389
248, 0.4099, 0.389
249, 0.3342, 0.407
250, 0.3642, 0.388
251, 0.3882, 0.392
252, 0.3454, 0.397
253, 0.3951, 0.397
254, 0.4164, 0.400
255, 0.3317, 0.398
256, 0.3486, 0.396
257, 0.3299, 0.391
258, 0.3307, 0.516
259, 0.3572, 0.399
260, 0.4122, 0.398
261, 0.2992, 0.395
262, 0.3815, 0.393
263, 0.2965, 0.390
264, 0.3522, 0.689
265, 0.4358, 0.390
266, 0.2593, 0.388
267, 0.4186, 0.385
268, 0.3775, 0.387
269, 0.3999, 0.390
270, 0.3287, 0.394
271, 0.4080, 0.391
272, 0.3230, 0.393
273, 0.4199, 0.395
274, 0.3675, 0.393
275, 0.3241, 0.389
276, 0.2841, 0.395
277, 0.3074, 0.387
278, 0.2826, 0.401
279, 0.3153, 0.397
280, 0.4135, 0.397
281, 0.3400, 0.386
282, 0.2776, 0.386
283, 0.3168, 0.385
284, 0.2937, 0.385
285, 0.3079, 0.385
286, 0.3890, 0.369
287, 0.3479, 0.381
288, 0.4785, 0.371
289, 0.3927, 0.372
290, 0.3821, 0.369
291, 0.3502, 0.367
292, 0.2642, 0.369
293, 0.2846, 2.381
294, 0.3911, 0.376
295, 0.2844, 0.871
296, 0.3102, 0.392
297, 0.3410, 0.392
298, 0.3079, 0.561
299, 0.2110, 0.389
300, 0.2985, 0.385
301, 0.2602, 0.396
302, 0.2891, 0.400
303, 0.2937, 0.392
304, 0.2917, 0.392
305, 0.3180, 0.397
306, 0.2594, 0.392
307, 0.2327, 0.401
308, 0.3851, 0.557
309, 0.3263, 0.375
310, 0.4393, 0.391
311, 0.2988, 0.411
312, 0.3964, 0.397
313, 0.4745, 0.400
314, 0.4455, 0.408
315, 0.3557, 0.394
316, 0.3017, 0.410
317, 0.4372, 0.392
318, 0.2509, 0.395
319, 0.3884, 0.405
320, 0.3639, 0.394
321, 0.3442, 0.399
322, 0.4075, 0.398
323, 0.4413, 0.396
324, 0.4132, 0.398
325, 0.3834, 0.401
326, 0.3906, 0.397
327, 0.4371, 0.410
328, 0.5904, 0.395
329, 0.4171, 0.398
330, 0.3434, 0.394
331, 0.3820, 0.390
332, 0.4350, 0.386
333, 0.3162, 0.386
334, 0.4452, 0.387
335, 0.4012, 0.387
336, 0.3906, 0.390
337, 0.3474, 0.386
338, 0.2657, 0.387
339, 0.3495, 0.393
340, 0.3284, 0.395
341, 0.3689, 0.391
342, 0.3034, 0.389
343, 0.3588, 0.392
344, 0.4025, 0.392
345, 0.4375, 0.401
346, 0.4023, 0.392
347, 0.4331, 0.396
348, 0.4713, 0.393
349, 0.4817, 0.404
350, 0.3752, 0.389
351, 0.3559, 0.390
352, 0.2968, 0.389
353, 0.5110, 0.404
354, 0.3854, 0.392
355, 0.2875, 0.395
356, 0.3568, 0.392
357, 0.3541, 0.394
358, 0.4275, 0.402
359, 0.4643, 0.392
360, 0.3214, 0.389
361, 0.4542, 0.383
362, 0.4871, 0.386
363, 0.3959, 0.385
364, 0.4129, 0.383
365, 0.4023, 0.399
366, 0.3246, 0.433
367, 0.3426, 0.420
368, 0.3540, 0.418
369, 0.3781, 0.420
370, 0.3363, 0.441
371, 0.3372, 0.423
372, 0.3830, 0.401
373, 0.3296, 0.399
374, 0.3159, 0.399
375, 0.3368, 0.394
376, 0.4059, 0.394
377, 0.3418, 0.393
378, 0.2971, 0.394
379, 0.2721, 0.392
380, 0.2884, 0.403
381, 0.3374, 0.399
382, 0.3813, 0.396
383, 0.3267, 0.394
384, 0.2942, 0.405
385, 0.3848, 0.409
386, 0.3661, 0.406
387, 0.3798, 0.403
388, 0.3817, 0.402
389, 0.3525, 0.399
390, 0.2900, 0.397
391, 0.3749, 0.393
392, 0.3075, 0.390
393, 0.2699, 0.390
394, 0.2962, 0.388
395, 0.2876, 0.388
396, 0.3296, 0.392
397, 0.3902, 0.394
398, 0.4037, 0.425
399, 0.2760, 0.436
400, 0.3504, 0.422
401, 0.4084, 0.395
402, 0.3228, 0.394
403, 0.2969, 0.407
404, 0.3578, 0.410
405, 0.2808, 0.415
406, 0.3606, 0.391
407, 0.2920, 0.405
408, 0.4475, 0.402
409, 0.3926, 0.436
410, 0.3510, 0.392
411, 0.2598, 0.397
412, 0.3594, 0.398
413, 0.3337, 0.405
414, 0.3792, 0.398
415, 0.4566, 0.406
416, 0.5304, 0.390
417, 0.3638, 0.958
418, 0.3682, 0.403
419, 0.4000, 0.409
420, 0.2901, 0.431
421, 0.3909, 0.436
422, 0.3941, 0.415
423, 0.3236, 0.445
424, 0.3418, 0.401
425, 0.3109, 0.437
426, 0.3378, 0.408
427, 0.3507, 0.398
428, 0.2710, 0.392
429, 0.3520, 0.515
430, 0.4237, 0.389
431, 0.4209, 0.392
432, 0.2579, 0.398
433, 0.3217, 0.391
434, 0.3207, 0.389
435, 0.5139, 0.391
436, 0.5277, 0.398
437, 0.4449, 0.387
438, 0.4140, 0.388
439, 0.3508, 0.403
440, 0.3924, 0.396
441, 0.3203, 0.394
442, 0.4124, 0.391
443, 0.3741, 0.386
444, 0.3280, 0.390
445, 0.2908, 0.391
446, 0.3126, 0.388
447, 0.3109, 0.558
448, 0.4180, 0.428
449, 0.3621, 0.385
450, 0.3371, 0.375
451, 0.2824, 0.382
452, 0.2739, 0.404
453, 0.4145, 0.387
454, 0.3583, 2.154
455, 0.3450, 0.377
456, 0.2510, 0.395
457, 0.4726, 0.390
458, 0.3090, 0.380
459, 0.3131, 0.392
460, 0.3508, 0.389
461, 0.3247, 0.386
462, 0.3750, 0.389
463, 0.3269, 0.384
464, 0.3097, 0.391
465, 0.3200, 0.395
466, 0.2232, 0.384
467, 0.3483, 0.398
468, 0.3041, 0.384
469, 0.4579, 0.386
470, 0.3150, 0.397
471, 0.2007, 0.395
472, 0.3424, 0.393
473, 0.3105, 0.420
474, 0.3674, 0.404
475, 0.2834, 0.395
476, 0.3072, 0.387
477, 0.2967, 0.388
478, 0.3454, 0.397
479, 0.3603, 0.392
480, 0.2401, 0.404
481, 0.2406, 0.390
482, 0.3194, 0.384
483, 0.3843, 0.388
484, 0.2871, 0.385
485, 0.2974, 0.394
486, 0.3025, 0.392
487, 0.2306, 0.390
488, 0.2828, 0.389
489, 0.4479, 0.397
490, 0.2776, 0.403
491, 0.2929, 0.390
492, 0.3352, 0.390
493, 0.2919, 0.392
494, 0.4109, 0.401
495, 0.2824, 0.395
496, 0.2931, 0.389
497, 0.3462, 0.399
498, 0.1756, 0.405
499, 0.2032, 0.405
500, 0.3231, 0.396
501, 0.2996, 0.402
502, 0.2266, 0.393
503, 0.2551, 0.394
504, 0.3163, 0.387
505, 0.2363, 0.400
506, 0.4157, 0.399
507, 0.3503, 0.395
508, 0.2513, 0.396
509, 0.2795, 0.440
510, 0.3385, 0.412
511, 0.3922, 0.395
512, 0.2973, 0.403
513, 0.3944, 0.407
514, 0.3877, 0.701
515, 0.3140, 0.391
516, 0.3490, 0.392
517, 0.3232, 0.399
518, 0.2832, 0.395
519, 0.3800, 0.392
520, 0.3279, 0.387
521, 0.2015, 0.399
522, 0.2363, 0.389
523, 0.3517, 0.387
524, 0.2677, 0.395
525, 0.3446, 0.406
526, 0.2999, 0.385
527, 0.2962, 0.393
528, 0.3376, 0.395
529, 0.2760, 0.387
530, 0.3165, 0.392
531, 0.2855, 0.388
532, 0.1830, 0.415
533, 0.2703, 0.392
534, 0.2757, 0.399
535, 0.4059, 0.395
536, 0.2519, 0.390
537, 0.3368, 0.394
538, 0.3465, 0.390
539, 0.4476, 0.391
540, 0.3249, 0.400
541, 0.3911, 0.403
542, 0.2337, 0.391
543, 0.3518, 0.385
544, 0.3479, 0.383
545, 0.2675, 0.394
546, 0.2676, 0.391
547, 0.3279, 0.404
548, 0.3061, 0.399
549, 0.3647, 0.396
550, 0.2840, 0.400
551, 0.3119, 0.394
552, 0.3700, 0.399
553, 0.2765, 0.394
554, 0.3280, 0.402
555, 0.2630, 0.393
556, 0.3499, 0.395
557, 0.5108, 0.389
558, 0.2783, 0.391
559, 0.2125, 0.387
560, 0.3157, 0.389
561, 0.3093, 0.385
562, 0.2556, 0.390
563, 0.3611, 0.391
564, 0.2567, 0.407
565, 0.2677, 0.391
566, 0.2934, 0.391
567, 0.2661, 0.392
568, 0.2146, 0.408
569, 0.3297, 0.393
570, 0.3048, 0.395
571, 0.2924, 0.394
572, 0.2989, 0.396
573, 0.2852, 0.404
574, 0.2959, 0.395
575, 0.3230, 0.392
576, 0.2588, 0.429
577, 0.2524, 0.426
578, 0.2888, 0.427
579, 0.2808, 0.433
580, 0.2896, 0.386
581, 0.3232, 0.388
582, 0.2712, 0.396
583, 0.3282, 0.401
584, 0.3198, 0.393
585, 0.3420, 0.395
586, 0.2924, 0.397
587, 0.3079, 0.392
588, 0.2398, 0.393
589, 0.4406, 0.393
590, 0.3535, 0.399
591, 0.2182, 0.389
592, 0.3591, 0.396
593, 0.3627, 0.395
594, 0.2633, 0.386
595, 0.2431, 0.388
596, 0.3894, 0.390
597, 0.2413, 0.392
598, 0.2483, 0.392
599, 0.3686, 0.392
600, 0.2795, 0.391
601, 0.3134, 0.382
602, 0.2595, 0.393
603, 0.3280, 0.392
604, 0.2898, 0.396
605, 0.1855, 0.397
606, 0.2276, 0.451
607, 0.3327, 0.418
608, 0.3525, 0.417
609, 0.2607, 0.421
610, 0.2943, 0.417
611, 0.3564, 0.412
612, 0.1721, 0.424
613, 0.2248, 0.406
614, 0.2275, 0.402
615, 0.2739, 0.431
616, 0.2713, 0.384
617, 0.3799, 0.379
618, 0.3205, 0.373
619, 0.2781, 0.396
620, 0.3161, 1.703
621, 0.2560, 0.378
622, 0.2996, 0.389
623, 0.3081, 0.376
624, 0.4010, 0.388
625, 0.3421, 0.392
626, 0.2945, 0.393
627, 0.2958, 0.406
628, 0.2541, 0.390
629, 0.1634, 0.393
630, 0.2858, 0.398
631, 0.2103, 0.413
632, 0.2846, 0.398
633, 0.3880, 0.415
634, 0.3177, 0.401
635, 0.3611, 0.405
636, 0.4321, 0.406
637, 0.4884, 0.693
638, 0.3206, 0.741
639, 0.3301, 0.387
640, 0.3136, 0.396
641, 0.1753, 0.392
642, 0.2869, 0.386
643, 0.2938, 0.392
644, 0.2617, 0.394
645, 0.2702, 0.392
646, 0.2705, 0.391
647, 0.2188, 0.399
648, 0.2842, 0.403
649, 0.3379, 0.394
650, 0.1931, 0.389
651, 0.3745, 0.387
652, 0.2838, 0.391
653, 0.3493, 0.397
654, 0.2878, 0.392
655, 0.2763, 0.399
656, 0.2849, 0.386
657, 0.2137, 0.397
658, 0.2702, 0.395
659, 0.2900, 0.395
660, 0.2888, 0.386
661, 0.3252, 0.385
662, 0.2001, 0.385
663, 0.2332, 0.391
664, 0.3098, 0.413
665, 0.2217, 0.393
666, 0.2233, 0.393
667, 0.3116, 0.389
668, 0.2940, 0.405
669, 0.2175, 0.392
670, 0.2120, 0.393
671, 0.3039, 0.386
672, 0.2881, 0.582
673, 0.2600, 0.403
674, 0.2172, 0.401
675, 0.2566, 0.397
676, 0.4284, 0.412
677, 0.2465, 0.393
678, 0.2815, 0.409
679, 0.3529, 0.396
680, 0.3163, 0.390
681, 0.2905, 0.391
682, 0.2242, 0.383
683, 0.2316, 0.382
684, 0.2399, 0.388
685, 0.2668, 0.401
686, 0.3137, 0.394
687, 0.2734, 0.389
688, 0.3180, 0.391
689, 0.2293, 0.388
690, 0.2518, 0.404
691, 0.2769, 0.386
692, 0.2643, 0.394
693, 0.3008, 0.394
694, 0.2716, 0.397
695, 0.2329, 0.394
696, 0.2452, 0.392
697, 0.2781, 0.393
698, 0.2576, 0.389
699, 0.2339, 0.398
700, 0.2362, 0.406
701, 0.2050, 0.400
702, 0.2224, 0.400
703, 0.1678, 0.392
704, 0.1985, 0.416
705, 0.3302, 0.394
706, 0.3641, 0.400
707, 0.4171, 0.393
708, 0.3675, 0.395
709, 0.3609, 0.391
710, 0.2670, 0.399
711, 0.3893, 0.400
712, 0.3142, 0.396
713, 0.3391, 0.390
714, 0.3301, 0.390
715, 0.3797, 0.388
716, 0.3324, 0.388
717, 0.2889, 0.388
718, 0.3035, 0.392
719, 0.3252, 0.390
720, 0.2992, 0.393
721, 0.3697, 0.390
722, 0.3625, 0.394
723, 0.3474, 0.387
724, 0.2783, 0.392
725, 0.3421, 0.395
726, 0.3612, 0.400
727, 0.3618, 0.390
728, 0.2884, 0.403
729, 0.3175, 0.394
730, 0.3818, 0.394
731, 0.2679, 0.388
732, 0.3692, 0.386
733, 0.3284, 0.394
734, 0.2643, 0.392
735, 0.3022, 0.399
736, 0.3128, 0.393
737, 0.2793, 0.394
738, 0.3157, 0.396
739, 0.2697, 0.397
740, 0.3022, 0.386
741, 0.3660, 0.473
742, 0.3439, 0.399
743, 0.2799, 0.395
744, 0.2900, 0.402
745, 0.2790, 0.388
746, 0.2306, 0.394
747, 0.4021, 0.388
748, 0.2917, 0.386
749, 0.2519, 0.403
750, 0.2864, 0.390
751, 0.3068, 0.390
752, 0.2676, 0.396
753, 0.2605, 0.406
754, 0.2735, 0.425
755, 0.3530, 0.422
756, 0.4034, 0.421
757, 0.2690, 0.435
758, 0.2695, 0.434
759, 0.1828, 0.436
760, 0.2901, 0.392
761, 0.1958, 0.391
762, 0.3347, 0.397
763, 0.3038, 0.394
764, 0.2699, 0.400
765, 0.3599, 0.396
766, 0.3087, 0.431
767, 0.3227, 0.430
768, 0.3908, 0.451
769, 0.2191, 0.421
770, 0.3426, 0.418
771, 0.2462, 0.397
772, 0.2347, 0.393
773, 0.3245, 0.394
774, 0.3073, 0.407
775, 0.2714, 0.395
776, 0.3542, 0.387
777, 0.2458, 0.377
778, 0.3674, 0.393
779, 0.3104, 0.391
780, 0.3537, 0.392
781, 0.3444, 0.398
782, 0.3460, 0.587
783, 0.3149, 0.390
784, 0.2647, 1.482
785, 0.3636, 0.419
786, 0.3278, 0.387
787, 0.3816, 0.389
788, 0.2465, 0.387
789, 0.2353, 0.384
790, 0.3711, 0.397
791, 0.2881, 0.397
792, 0.2930, 0.398
793, 0.3848, 0.399
794, 0.3245, 0.430
795, 0.3743, 0.453
796, 0.2864, 0.448
797, 0.2125, 0.452
798, 0.2816, 0.455
799, 0.2596, 0.463
800, 0.2230, 0.404
801, 0.2737, 0.382
802, 0.2575, 0.404
803, 0.2865, 0.412
804, 0.2897, 0.408
805, 0.2691, 0.407
806, 0.2630, 0.410
807, 0.2354, 0.409
808, 0.2376, 0.407
809, 0.1787, 0.397
810, 0.2519, 0.434
811, 0.2853, 0.466
812, 0.2590, 0.390
813, 0.2574, 0.398
814, 0.2176, 0.411
815, 0.4016, 0.643
816, 0.3040, 0.393
817, 0.3007, 0.395
818, 0.3353, 0.481
819, 0.4628, 0.391
820, 0.3090, 0.383
821, 0.2929, 0.384
822, 0.2688, 0.390
823, 0.3526, 0.392
824, 0.2403, 0.393
825, 0.2250, 0.395
826, 0.3141, 0.397
827, 0.2809, 0.390
828, 0.2210, 0.394
829, 0.3284, 0.396
830, 0.2844, 0.390
831, 0.1650, 0.385
832, 0.2527, 0.402
833, 0.2915, 0.385
834, 0.2743, 0.392
835, 0.2496, 0.394
836, 0.2459, 0.385
837, 0.3171, 0.396
838, 0.2750, 0.408
839, 0.3046, 0.393
840, 0.2564, 0.409
841, 0.3492, 0.616
842, 0.1927, 0.431
843, 0.2007, 0.436
844, 0.2455, 0.387
845, 0.2375, 0.938
846, 0.2830, 0.390
847, 0.3177, 0.403
848, 0.2517, 0.390
849, 0.2813, 0.395
850, 0.2784, 0.393
851, 0.2046, 0.431
852, 0.2341, 0.402
853, 0.2642, 0.395
854, 0.2672, 0.404
855, 0.2793, 0.394
856, 0.2264, 0.400
857, 0.1658, 0.394
858, 0.1864, 0.393
859, 0.2035, 0.385
860, 0.3290, 0.394
861, 0.2998, 0.397
862, 0.2912, 0.396
863, 0.2853, 0.397
864, 0.2614, 0.398
865, 0.3737, 0.388
866, 0.2172, 0.391
867, 0.2425, 0.392
868, 0.3669, 0.393
869, 0.2627, 0.398
870, 0.2718, 0.394
871, 0.2615, 0.391
872, 0.2386, 0.392
873, 0.3242, 0.389
874, 0.2183, 0.399
875, 0.1441, 0.395
876, 0.2286, 0.539
877, 0.2594, 0.393
878, 0.2675, 0.392
879, 0.3598, 0.392
880, 0.2183, 0.402
881, 0.2001, 0.398
882, 0.1365, 0.391
883, 0.1631, 0.396
884, 0.1723, 0.385
885, 0.2133, 0.387
886, 0.3395, 0.395
887, 0.1800, 0.404
888, 0.3746, 0.393
889, 0.2367, 0.393
890, 0.1934, 0.398
891, 0.2969, 0.423
892, 0.2439, 0.471
893, 0.1746, 0.385
894, 0.3017, 0.400
895, 0.0816, 0.398
896, 0.1148, 0.403
897, 0.3180, 0.392
898, 0.2466, 0.389
899, 0.2426, 0.422
900, 0.2910, 0.386
901, 0.2120, 0.390
902, 0.1720, 0.385
903, 0.3070, 0.395
904, 0.2764, 0.401
905, 0.2383, 0.391
906, 0.2086, 0.395
907, 0.2922, 0.394
908, 0.2404, 0.424
909, 0.2708, 0.435
910, 0.1959, 0.395
911, 0.2474, 0.398
912, 0.2439, 0.400
913, 0.2499, 0.397
914, 0.4116, 0.391
915, 0.2758, 0.402
916, 0.1715, 0.538
917, 0.1602, 0.414
918, 0.2578, 0.392
919, 0.2513, 0.397
920, 0.3018, 0.394
921, 0.3695, 0.404
922, 0.2633, 0.392
923, 0.2740, 0.395
924, 0.2299, 0.399
925, 0.2131, 0.458
926, 0.2275, 0.405
927, 0.1968, 0.391
928, 0.3050, 0.396
929, 0.2512, 0.392
930, 0.2206, 0.384
931, 0.1898, 0.386
932, 0.2729, 0.373
933, 0.2836, 0.382
934, 0.2657, 0.383
935, 0.2604, 0.369
936, 0.3857, 0.388
937, 0.3410, 0.376
938, 0.2674, 0.372
939, 0.2781, 0.374
940, 0.2693, 0.371
941, 0.3466, 1.905
942, 0.1986, 0.380
943, 0.3795, 1.110
944, 0.2198, 1.151
945, 0.2110, 0.382
946, 0.2464, 0.376
947, 0.2636, 0.495
948, 0.3177, 0.396
949, 0.3129, 0.390
950, 0.1764, 0.383
951, 0.3316, 0.395
952, 0.3052, 0.391
953, 0.1446, 0.401
954, 0.2804, 0.397
955, 0.2434, 0.392
956, 0.3947, 0.391
957, 0.2520, 0.386
958, 0.2762, 0.387
959, 0.3222, 0.391
960, 0.2206, 0.392
961, 0.2519, 0.393
962, 0.2978, 0.390
963, 0.3046, 0.385
964, 0.2774, 0.386
965, 0.1578, 0.388
966, 0.3473, 0.391
967, 0.1863, 0.391
968, 0.2720, 0.393
969, 0.2426, 0.395
970, 0.2543, 0.451
971, 0.1936, 0.489
972, 0.2470, 0.391
973, 0.2176, 0.393
974, 0.2471, 0.396
975, 0.1540, 0.389
976, 0.3885, 0.391
977, 0.3136, 0.391
978, 0.3210, 0.390
979, 0.2077, 0.388
980, 0.3360, 0.395
981, 0.2222, 0.390
982, 0.2834, 0.390
983, 0.3003, 0.392
984, 0.3709, 0.392
985, 0.2984, 0.390
986, 0.3160, 0.398
987, 0.2247, 0.391
988, 0.3619, 0.393
989, 0.2258, 0.395
990, 0.2563, 0.395
991, 0.2668, 0.391
992, 0.2859, 0.390
993, 0.2390, 0.386
994, 0.2071, 0.392
995, 0.1969, 0.397
996, 0.1874, 0.397
997, 0.2336, 0.398
998, 0.2866, 0.394
999, 0.2675, 0.391
1000, 0.2068, 0.400
1001, 0.3670, 0.424
1002, 0.2480, 0.392
1003, 0.2618, 0.397
1004, 0.1993, 0.397
1005, 0.1963, 0.669
1006, 0.2926, 0.663
1007, 0.2579, 0.443
1008, 0.2374, 0.530
1009, 0.2705, 0.419
1010, 0.3070, 0.416
1011, 0.2752, 0.429
1012, 0.3304, 0.407
1013, 0.3015, 0.386
1014, 0.2798, 0.427
1015, 0.2805, 0.402
1016, 0.5302, 0.393
1017, 0.2379, 0.436
1018, 0.2249, 0.392
1019, 0.3655, 0.391
1020, 0.2886, 0.381
1021, 0.3459, 0.387
1022, 0.3008, 0.403
1023, 0.2761, 0.406
1024, 0.2570, 0.408
1025, 0.3150, 0.403
1026, 0.2126, 0.400
1027, 0.2492, 0.385
1028, 0.2778, 0.388
1029, 0.4053, 0.399
1030, 0.3423, 0.398
1031, 0.2051, 0.395
1032, 0.2306, 0.395
1033, 0.3022, 0.388
1034, 0.2177, 0.396
1035, 0.2398, 0.946
1036, 0.2795, 0.407
1037, 0.2945, 0.396
1038, 0.2920, 0.399
1039, 0.1998, 0.399
1040, 0.2629, 0.395
1041, 0.1754, 0.428
1042, 0.2902, 0.434
1043, 0.2267, 0.388
1044, 0.1598, 0.385
1045, 0.2973, 0.397
1046, 0.2121, 0.392
1047, 0.2940, 0.504
1048, 0.2805, 0.394
1049, 0.2121, 0.389
1050, 0.2861, 0.388
1051, 0.1699, 0.390
1052, 0.3119, 0.392
1053, 0.2355, 0.389
1054, 0.3347, 0.401
1055, 0.2660, 0.388
1056, 0.4205, 0.397
1057, 0.2465, 0.406
1058, 0.2112, 0.393
1059, 0.3058, 0.394
1060, 0.3267, 0.406
1061, 0.2620, 0.390
1062, 0.2014, 0.391
1063, 0.2483, 0.390
1064, 0.2574, 0.392
1065, 0.2848, 0.407
1066, 0.2350, 0.396
1067, 0.2719, 0.404
1068, 0.3092, 0.390
1069, 0.2766, 0.389
1070, 0.3668, 0.391
1071, 0.2344, 0.393
1072, 0.3136, 0.400
1073, 0.3143, 0.392
1074, 0.2728, 0.499
1075, 0.2403, 0.396
1076, 0.2418, 0.393
1077, 0.2915, 0.388
1078, 0.2500, 0.390
1079, 0.1995, 0.398
1080, 0.1923, 0.398
1081, 0.2805, 0.400
1082, 0.2492, 0.391
1083, 0.2083, 0.408
1084, 0.2423, 0.400
1085, 0.2388, 0.718
1086, 0.2583, 0.400
1087, 0.2833, 0.383
1088, 0.1581, 0.423
1089, 0.2472, 0.425
1090, 0.2428, 0.410
1091, 0.2176, 0.387
1092, 0.2958, 0.394
1093, 0.2269, 0.380
1094, 0.1734, 0.401
1095, 0.2063, 0.377
1096, 0.1868, 0.377
1097, 0.1926, 0.377
1098, 0.2448, 0.372
1099, 0.1851, 0.370
1100, 0.2754, 0.389
1101, 0.1853, 2.066
1102, 0.1867, 0.379
1103, 0.2025, 0.387
1104, 0.2444, 0.379
1105, 0.2233, 0.449
1106, 0.3356, 0.383
1107, 0.2899, 0.395
1108, 0.2509, 0.393
1109, 0.2434, 0.399
1110, 0.2159, 0.390
1111, 0.2852, 0.384
1112, 0.2611, 0.392
1113, 0.3789, 0.390
1114, 0.2125, 0.391
1115, 0.2206, 0.387
1116, 0.2304, 0.389
1117, 0.3743, 0.387
1118, 0.2724, 0.387
1119, 0.2452, 0.390
1120, 0.3202, 0.394
1121, 0.2737, 0.390
1122, 0.2930, 0.391
1123, 0.2511, 0.389
1124, 0.2525, 0.395
1125, 0.1883, 0.393
1126, 0.2234, 0.392
1127, 0.2107, 0.391
1128, 0.2810, 0.399
1129, 0.2193, 0.394
1130, 0.1441, 0.391
1131, 0.3596, 0.389
1132, 0.2316, 0.404
1133, 0.2203, 0.400
1134, 0.3187, 0.404
1135, 0.2904, 0.399
1136, 0.1028, 0.396
1137, 0.2588, 0.396
1138, 0.1591, 0.392
1139, 0.3224, 0.397
1140, 0.3146, 0.392
1141, 0.2964, 0.400
1142, 0.2208, 0.407
1143, 0.2048, 0.394
1144, 0.2692, 0.389
1145, 0.2071, 0.385
1146, 0.2601, 0.388
1147, 0.2314, 0.390
1148, 0.2167, 0.386
1149, 0.2059, 0.384
1150, 0.1444, 0.389
1151, 0.3308, 0.385
1152, 0.3637, 0.392
1153, 0.2977, 0.396
1154, 0.2655, 0.395
1155, 0.2483, 0.393
1156, 0.2646, 0.388
1157, 0.2754, 0.385
1158, 0.2797, 0.422
1159, 0.2337, 0.433
1160, 0.2047, 0.427
1161, 0.2446, 0.447
1162, 0.2090, 0.410
1163, 0.2574, 0.390
1164, 0.2402, 0.387
1165, 0.2331, 0.386
1166, 0.2466, 0.389
1167, 0.1500, 0.391
1168, 0.2945, 0.390
1169, 0.2924, 0.386
1170, 0.3011, 0.393
1171, 0.2196, 0.416
1172, 0.2691, 0.400
1173, 0.1959, 0.396
1174, 0.2681, 0.399
1175, 0.2162, 0.405
1176, 0.3030, 0.416
1177, 0.2113, 0.416
1178, 0.1891, 0.413
1179, 0.1540, 0.393
1180, 0.2423, 0.393
1181, 0.1970, 0.386
1182, 0.3311, 0.390
1183, 0.1732, 0.395
1184, 0.2557, 0.389
1185, 0.2674, 0.397
1186, 0.2587, 0.392
1187, 0.2285, 0.393
1188, 0.2612, 0.394
1189, 0.1687, 0.392
1190, 0.2061, 0.388
1191, 0.2746, 0.386
1192, 0.1767, 0.388
1193, 0.2307, 0.387
1194, 0.2049, 0.392
1195, 0.2441, 0.390
1196, 0.2483, 0.392
1197, 0.1466, 0.394
1198, 0.2775, 0.397
1199, 0.1529, 0.396
1200, 0.2757, 0.389
1201, 0.1303, 0.385
1202, 0.2894, 0.400
1203, 0.1311, 0.392
1204, 0.2113, 0.393
1205, 0.2760, 0.396
1206, 0.2797, 0.393
1207, 0.2300, 0.405
1208, 0.2939, 0.421
1209, 0.2299, 0.398
1210, 0.2695, 0.403
1211, 0.2712, 0.967
1212, 0.2506, 0.420
1213, 0.2212, 0.413
1214, 0.3035, 0.416
1215, 0.2414, 0.424
1216, 0.2349, 0.456
1217, 0.2611, 0.411
1218, 0.2059, 0.390
1219, 0.2397, 0.393
1220, 0.2027, 0.391
1221, 0.1706, 0.386
1222, 0.2155, 0.398
1223, 0.2829, 0.391
1224, 0.3008, 0.390
1225, 0.1833, 0.390
1226, 0.1453, 0.397
1227, 0.3102, 0.399
1228, 0.2320, 0.407
1229, 0.2694, 0.401
1230, 0.1670, 0.396
1231, 0.2265, 0.398
1232, 0.2035, 0.390
1233, 0.1720, 0.392
1234, 0.2827, 0.387
1235, 0.2491, 0.390
1236, 0.1839, 0.404
1237, 0.2917, 0.414
1238, 0.2291, 0.394
1239, 0.3355, 0.385
1240, 0.2921, 0.388
1241, 0.2373, 0.396
1242, 0.3327, 0.396
1243, 0.2806, 0.394
1244, 0.3983, 0.402
1245, 0.2536, 0.394
1246, 0.2860, 0.408
1247, 0.2168, 0.389
1248, 0.2261, 0.391
1249, 0.2252, 0.397
1250, 0.2377, 0.395
1251, 0.2360, 0.618
1252, 0.2488, 0.390
1253, 0.2882, 0.376
1254, 0.3010, 0.375
1255, 0.2691, 0.375
1256, 0.2768, 0.376
1257, 0.2270, 0.374
1258, 0.2743, 0.374
1259, 0.2102, 0.373
1260, 0.2314, 2.296
1261, 0.1803, 0.373
1262, 0.2632, 0.769
1263, 0.2963, 0.514
1264, 0.2159, 0.889
1265, 0.2004, 0.399
1266, 0.1855, 0.397
1267, 0.2594, 0.402
1268, 0.3010, 0.396
1269, 0.1989, 0.608
1270, 0.2582, 0.959
1271, 0.3328, 0.392
1272, 0.3769, 0.392
1273, 0.2619, 0.395
1274, 0.2757, 0.396
1275, 0.2459, 0.406
1276, 0.3490, 0.393
1277, 0.2768, 0.391
1278, 0.2488, 0.389
1279, 0.2450, 0.396
1280, 0.1897, 0.387
1281, 0.3288, 0.392
1282, 0.2439, 0.396
1283, 0.2812, 0.393
1284, 0.2781, 0.394
1285, 0.1696, 0.395
1286, 0.1836, 0.390
1287, 0.2884, 0.392
1288, 0.2568, 0.395
1289, 0.1717, 0.392
1290, 0.1392, 0.391
1291, 0.2183, 0.396
1292, 0.2890, 0.388
1293, 0.3114, 0.385
1294, 0.3078, 0.386
1295, 0.3914, 0.390
1296, 0.2251, 0.392
1297, 0.2398, 0.403
1298, 0.2169, 0.393
1299, 0.2654, 0.396
1300, 0.2301, 0.393
1301, 0.1425, 0.395
1302, 0.2002, 0.397
1303, 0.2811, 0.393
1304, 0.1965, 0.587
1305, 0.2736, 0.396
1306, 0.2014, 0.392
1307, 0.2405, 0.395
1308, 0.2889, 0.390
1309, 0.2112, 0.410
1310, 0.2618, 0.406
1311, 0.2078, 0.395
1312, 0.2048, 0.390
1313, 0.2726, 0.401
1314, 0.3274, 0.397
1315, 0.2347, 0.393
1316, 0.2023, 0.391
1317, 0.3277, 0.394
1318, 0.2650, 0.531
1319, 0.2273, 0.388
1320, 0.1915, 0.384
1321, 0.2134, 0.392
1322, 0.2209, 0.388
1323, 0.1898, 0.392
1324, 0.2632, 0.388
1325, 0.2495, 0.389
1326, 0.1948, 0.385
1327, 0.2014, 0.391
1328, 0.2337, 0.388
1329, 0.1774, 0.388
1330, 0.4089, 0.393
1331, 0.2666, 0.384
1332, 0.2522, 0.390
1333, 0.3528, 0.392
1334, 0.2492, 0.389
1335, 0.2466, 0.394
1336, 0.2635, 0.388
1337, 0.2641, 0.397
1338, 0.1791, 0.404
1339, 0.2452, 0.407
1340, 0.2485, 0.396
1341, 0.2966, 0.391
1342, 0.2658, 0.405
1343, 0.2941, 0.397
1344, 0.2331, 0.387
1345, 0.1647, 0.388
1346, 0.2695, 0.403
1347, 0.1701, 0.390
1348, 0.2244, 0.393
1349, 0.2662, 0.408
1350, 0.2896, 0.406
1351, 0.2464, 0.399
1352, 0.2150, 0.402
1353, 0.3471, 0.391
1354, 0.2495, 0.392
1355, 0.2293, 0.396
1356, 0.2707, 0.404
1357, 0.1160, 0.399
1358, 0.2454, 0.388
1359, 0.2670, 0.389
1360, 0.2200, 0.405
1361, 0.1990, 0.403
1362, 0.2113, 0.405
1363, 0.1848, 0.388
1364, 0.2977, 0.397
1365, 0.2668, 0.405
1366, 0.2963, 0.427
1367, 0.2285, 0.389
1368, 0.2241, 0.391
1369, 0.1738, 0.388
1370, 0.2511, 0.392
1371, 0.2382, 0.395
1372, 0.2463, 0.399
1373, 0.2139, 0.391
1374, 0.1983, 0.387
1375, 0.2234, 0.393
1376, 0.2481, 0.394
1377, 0.2683, 0.393
1378, 0.1883, 0.395
1379, 0.2482, 0.395
1380, 0.3985, 0.392
1381, 0.2751, 0.400
1382, 0.3233, 0.401
1383, 0.3269, 0.392
1384, 0.2818, 0.395
1385, 0.2220, 0.393
1386, 0.2609, 0.393
1387, 0.2300, 0.393
1388, 0.2550, 0.390
1389, 0.2361, 0.394
1390, 0.2203, 0.393
1391, 0.1707, 0.392
1392, 0.2501, 0.388
1393, 0.3167, 0.391
1394, 0.2227, 0.394
1395, 0.2711, 0.393
1396, 0.3584, 0.392
1397, 0.2471, 0.394
1398, 0.2443, 0.390
1399, 0.2571, 0.399
1400, 0.2508, 0.389
1401, 0.2832, 0.382
1402, 0.2602, 0.390
1403, 0.2100, 0.396
1404, 0.2621, 0.387
1405, 0.2743, 0.416
1406, 0.2185, 0.393
1407, 0.2126, 0.397
1408, 0.2410, 0.398
1409, 0.1768, 0.395
1410, 0.1970, 0.409
1411, 0.2152, 0.402
1412, 0.2504, 0.389
1413, 0.2561, 0.374
1414, 0.1837, 0.393
1415, 0.2334, 0.655
1416, 0.2247, 0.390
1417, 0.2301, 0.377
1418, 0.2535, 0.390
1419, 0.2272, 0.379
1420, 0.1720, 0.374
1421, 0.2942, 1.172
1422, 0.3195, 0.378
1423, 0.2596, 0.398
1424, 0.2334, 0.397
1425, 0.2269, 0.377
1426, 0.1940, 0.392
1427, 0.1799, 0.388
1428, 0.2268, 0.397
1429, 0.1456, 0.372
1430, 0.2210, 0.397
1431, 0.2570, 0.402
1432, 0.2236, 0.391
1433, 0.2666, 0.426
1434, 0.2205, 0.417
1435, 0.3254, 0.429
1436, 0.1740, 0.441
1437, 0.2560, 0.431
1438, 0.1542, 0.403
1439, 0.2252, 0.403
1440, 0.2568, 0.400
1441, 0.1621, 0.392
1442, 0.2300, 0.402
1443, 0.2238, 0.400
1444, 0.1847, 0.409
1445, 0.2250, 0.394
1446, 0.1803, 0.402
1447, 0.2196, 0.429
1448, 0.3093, 0.423
1449, 0.2398, 0.418
1450, 0.2880, 0.423
1451, 0.2225, 0.430
1452, 0.2283, 0.434
1453, 0.1689, 0.425
1454, 0.2798, 0.444
1455, 0.1935, 0.395
1456, 0.2123, 0.395
1457, 0.2065, 0.403
1458, 0.2170, 0.779
1459, 0.2111, 0.402
1460, 0.1275, 0.405
1461, 0.2403, 0.409
1462, 0.2293, 0.400
1463, 0.2549, 0.400
1464, 0.2401, 0.399
1465, 0.2278, 0.402
1466, 0.1972, 0.400
1467, 0.2092, 0.414
1468, 0.1283, 0.397
1469, 0.2104, 0.391
1470, 0.1830, 0.387
1471, 0.2549, 0.387
1472, 0.2133, 0.385
1473, 0.1667, 0.396
1474, 0.2677, 0.394
1475, 0.1945, 0.397
1476, 0.2518, 0.397
1477, 0.2044, 0.406
1478, 0.2264, 0.400
1479, 0.2786, 0.397
1480, 0.2011, 0.399
1481, 0.3568, 0.397
1482, 0.2027, 0.388
1483, 0.1691, 0.389
1484, 0.2790, 0.405
1485, 0.1828, 0.397
1486, 0.2394, 0.388
1487, 0.2050, 0.397
1488, 0.1968, 0.387
1489, 0.1714, 0.384
1490, 0.2039, 0.389
1491, 0.2186, 0.393
1492, 0.2000, 0.397
1493, 0.2137, 0.392
1494, 0.2017, 0.392
1495, 0.1710, 0.388
1496, 0.1266, 0.392
1497, 0.1446, 0.394
1498, 0.2177, 0.396
1499, 0.2290, 0.383
1500, 0.2069, 0.395
1501, 0.2805, 0.401
1502, 0.1269, 0.391
1503, 0.1900, 0.395
1504, 0.2135, 0.404
1505, 0.2250, 0.394
1506, 0.2805, 0.395
1507, 0.1716, 0.397
1508, 0.3113, 0.392
1509, 0.2365, 0.387
1510, 0.3011, 0.394
1511, 0.1747, 0.392
1512, 0.1772, 0.386
1513, 0.2136, 0.390
1514, 0.2373, 0.394
1515, 0.2259, 0.391
1516, 0.1228, 0.388
1517, 0.2128, 0.386
1518, 0.2483, 0.386
1519, 0.2103, 0.390
1520, 0.1322, 0.389
1521, 0.2185, 0.390
1522, 0.1911, 0.402
1523, 0.2989, 0.396
1524, 0.1939, 0.394
1525, 0.2623, 0.391
1526, 0.2276, 0.392
1527, 0.2108, 0.390
1528, 0.2805, 0.401
1529, 0.3128, 0.386
1530, 0.2834, 0.387
1531, 0.2036, 0.390
1532, 0.2197, 0.390
1533, 0.2447, 0.400
1534, 0.2296, 0.396
1535, 0.2072, 0.387
1536, 0.1633, 0.391
1537, 0.1474, 0.398
1538, 0.1650, 0.392
1539, 0.1505, 0.399
1540, 0.1702, 0.408
1541, 0.1891, 0.392
1542, 0.1296, 0.390
1543, 0.1796, 0.394
1544, 0.1963, 0.388
1545, 0.1391, 0.391
1546, 0.2241, 0.396
1547, 0.2002, 0.390
1548, 0.2034, 0.394
1549, 0.2945, 0.390
1550, 0.2046, 0.389
1551, 0.1802, 0.405
1552, 0.1701, 0.399
1553, 0.2005, 0.398
1554, 0.1516, 0.393
1555, 0.1967, 0.400
1556, 0.2543, 0.395
1557, 0.1513, 0.386
1558, 0.0696, 0.390
1559, 0.1570, 0.392
1560, 0.1160, 0.390
1561, 0.2428, 0.392
1562, 0.2487, 0.390
1563, 0.2369, 0.389
1564, 0.2352, 0.386
1565, 0.1667, 0.391
1566, 0.2462, 0.389
1567, 0.2753, 0.396
1568, 0.2334, 0.390
1569, 0.1924, 0.396
1570, 0.2115, 0.393
1571, 0.2183, 0.397
1572, 0.2493, 0.387
1573, 0.2149, 0.389
1574, 0.2321, 0.390
1575, 0.1784, 0.390
1576, 0.1361, 0.390
1577, 0.1877, 0.391
1578, 0.2309, 0.385
1579, 0.1464, 0.378
1580, 0.1402, 0.375
1581, 0.1557, 0.374
1582, 0.1785, 0.372
1583, 0.1719, 0.377
1584, 0.0577, 0.373
1585, 0.1528, 0.373
1586, 0.1325, 2.029
1587, 0.1539, 0.835
1588, 0.1743, 0.401
1589, 0.1826, 0.408
1590, 0.2796, 0.759
1591, 0.2586, 0.395
1592, 0.2017, 0.397
1593, 0.2716, 0.396
1594, 0.1498, 0.402
1595, 0.2378, 0.390
1596, 0.1529, 0.430
1597, 0.1419, 0.435
1598, 0.1972, 0.433
1599, 0.2818, 0.435
1600, 0.1969, 0.452
1601, 0.2088, 0.424
1602, 0.1667, 0.401
1603, 0.1821, 0.400
1604, 0.1708, 0.394
1605, 0.1393, 0.403
1606, 0.2065, 0.435
1607, 0.1370, 0.421
1608, 0.2796, 0.394
1609, 0.1861, 0.396
1610, 0.0732, 0.396
1611, 0.1771, 0.405
1612, 0.1463, 0.395
1613, 0.1812, 0.419
1614, 0.1877, 0.422
1615, 0.2427, 0.424
1616, 0.2113, 0.495
1617, 0.1492, 0.418
1618, 0.2120, 0.437
1619, 0.2226, 0.438
1620, 0.1757, 0.429
1621, 0.2631, 0.451
1622, 0.3615, 0.457
1623, 0.1906, 0.450
1624, 0.1777, 0.409
1625, 0.2605, 0.434
1626, 0.2502, 0.397
1627, 0.2532, 0.397
1628, 0.2512, 0.391
1629, 0.1598, 0.390
1630, 0.2007, 0.412
1631, 0.2022, 0.398
1632, 0.1905, 0.402
1633, 0.2246, 0.408
1634, 0.1868, 0.396
1635, 0.1961, 0.390
1636, 0.2258, 0.398
1637, 0.2375, 0.410
1638, 0.2584, 0.403
1639, 0.2610, 0.394
1640, 0.1873, 1.424
1641, 0.2790, 0.404
1642, 0.2020, 0.396
1643, 0.1817, 0.382
1644, 0.2648, 0.383
1645, 0.1607, 0.383
1646, 0.2166, 0.387
1647, 0.3100, 0.400
1648, 0.1986, 0.385
1649, 0.2011, 0.388
1650, 0.2123, 0.396
1651, 0.2556, 0.396
1652, 0.2279, 0.391
1653, 0.2476, 0.395
1654, 0.2091, 0.396
1655, 0.2144, 0.390
1656, 0.1342, 0.399
1657, 0.2361, 0.386
1658, 0.1372, 0.382
1659, 0.2262, 0.387
1660, 0.1672, 0.386
1661, 0.1312, 0.384
1662, 0.1736, 0.385
1663, 0.2533, 0.394
1664, 0.1080, 0.393
1665, 0.1163, 0.391
1666, 0.2178, 0.391
1667, 0.1729, 0.397
1668, 0.2068, 0.397
1669, 0.2264, 0.403
1670, 0.1889, 0.423
1671, 0.2740, 0.421
1672, 0.2593, 0.388
1673, 0.2073, 0.384
1674, 0.1368, 0.390
1675, 0.2033, 0.392
1676, 0.2110, 0.387
1677, 0.1968, 0.411
1678, 0.1907, 0.402
1679, 0.1896, 0.394
1680, 0.1437, 0.403
1681, 0.2141, 0.399
1682, 0.2315, 0.399
1683, 0.2308, 0.396
1684, 0.2661, 0.422
1685, 0.1392, 0.392
1686, 0.1806, 0.432
1687, 0.2290, 0.404
1688, 0.2654, 0.406
1689, 0.2426, 0.389
1690, 0.2438, 0.398
1691, 0.1747, 0.391
1692, 0.1393, 0.389
1693, 0.1902, 0.387
1694, 0.1381, 0.388
1695, 0.1853, 0.385
1696, 0.2184, 0.401
1697, 0.1774, 0.388
1698, 0.2129, 0.392
1699, 0.1428, 0.396
1700, 0.1994, 0.397
1701, 0.2421, 0.399
1702, 0.2283, 0.394
1703, 0.2082, 0.393
1704, 0.2669, 0.399
1705, 0.2278, 0.393
1706, 0.2384, 0.396
1707, 0.1722, 0.407
1708, 0.1993, 0.399
1709, 0.2042, 0.394
1710, 0.2428, 0.393
1711, 0.1989, 0.389
1712, 0.1430, 0.394
1713, 0.2230, 0.407
1714, 0.1932, 0.389
1715, 0.1504, 0.387
1716, 0.1462, 0.394
1717, 0.1861, 0.396
1718, 0.2656, 0.394
1719, 0.2698, 0.394
1720, 0.2127, 0.389
1721, 0.1967, 0.390
1722, 0.2196, 0.399
1723, 0.1425, 0.388
1724, 0.1265, 0.392
1725, 0.1632, 0.404
1726, 0.1981, 0.489
1727, 0.1595, 0.389
1728, 0.1136, 0.398
1729, 0.1798, 0.388
1730, 0.1383, 0.398
1731, 0.0968, 0.388
1732, 0.1524, 0.390
1733, 0.1644, 0.396
1734, 0.1337, 0.389
1735, 0.1999, 0.389
1736, 0.1382, 0.384
1737, 0.2632, 0.384
1738, 0.3777, 0.372
1739, 0.3225, 0.371
1740, 0.2292, 0.373
1741, 0.2630, 0.370
1742, 0.2197, 0.372
1743, 0.2147, 0.371
1744, 0.1764, 0.372
1745, 0.1408, 1.695
1746, 0.2257, 0.509
1747, 0.2114, 0.710
1748, 0.1691, 0.375
1749, 0.2742, 0.376
1750, 0.1727, 0.384
1751, 0.1884, 0.481
1752, 0.2662, 0.405
1753, 0.2779, 0.389
1754, 0.1258, 0.387
1755, 0.1911, 0.390
1756, 0.2497, 0.381
1757, 0.1944, 0.386
1758, 0.1211, 0.396
1759, 0.2050, 0.395
1760, 0.1501, 0.389
1761, 0.2208, 0.391
1762, 0.1809, 0.397
1763, 0.2517, 0.391
1764, 0.2203, 0.396
1765, 0.2945, 0.401
1766, 0.1664, 0.400
1767, 0.3991, 0.430
1768, 0.4241, 0.430
1769, 0.2979, 0.404
1770, 0.2668, 0.391
1771, 0.2287, 0.388
1772, 0.2857, 0.386
1773, 0.2037, 0.391
1774, 0.2071, 0.387
1775, 0.2347, 0.392
1776, 0.1853, 0.392
1777, 0.2720, 0.394
1778, 0.0926, 0.398
1779, 0.1763, 0.394
1780, 0.2059, 0.389
1781, 0.2237, 0.389
1782, 0.2421, 0.393
1783, 0.2291, 0.394
1784, 0.3554, 0.392
1785, 0.2208, 0.394
1786, 0.2786, 0.404
1787, 0.2050, 0.407
1788, 0.2016, 0.397
1789, 0.2549, 0.393
1790, 0.1908, 0.390
1791, 0.1275, 0.395
1792, 0.1857, 0.399
1793, 0.2246, 0.409
1794, 0.1565, 0.403
1795, 0.1969, 0.393
1796, 0.2202, 0.392
1797, 0.1944, 0.394
1798, 0.1445, 0.387
1799, 0.2049, 0.391
1800, 0.2418, 0.394
1801, 0.1598, 0.379
1802, 0.2467, 0.385
1803, 0.2011, 0.384
1804, 0.1300, 0.386
1805, 0.1675, 0.390
1806, 0.2766, 0.421
1807, 0.3036, 0.392
1808, 0.1806, 0.397
1809, 0.1835, 0.399
1810, 0.2180, 0.392
1811, 0.1827, 0.383
1812, 0.1824, 0.402
1813, 0.1726, 0.390
1814, 0.1656, 0.392
1815, 0.1529, 0.386
1816, 0.2835, 0.394
1817, 0.2831, 0.412
1818, 0.2370, 0.392
1819, 0.1980, 0.397
1820, 0.1308, 0.399
1821, 0.1564, 0.396
1822, 0.1280, 0.389
1823, 0.1730, 0.392
1824, 0.1863, 0.396
1825, 0.1711, 0.399
1826, 0.2653, 0.397
1827, 0.1844, 0.390
1828, 0.2064, 0.396
1829, 0.3543, 0.388
1830, 0.2159, 0.385
1831, 0.3284, 0.385
1832, 0.2658, 0.390
1833, 0.1892, 0.603
1834, 0.1133, 0.392
1835, 0.2246, 0.390
1836, 0.3404, 0.395
1837, 0.3172, 0.389
1838, 0.2722, 0.389
1839, 0.2033, 0.392
1840, 0.1628, 0.392
1841, 0.1959, 0.395
1842, 0.1779, 0.387
1843, 0.2276, 0.389
1844, 0.2455, 0.392
1845, 0.1724, 0.397
1846, 0.1392, 0.405
1847, 0.1850, 0.397
1848, 0.0832, 0.397
1849, 0.1128, 0.393
1850, 0.1242, 0.390
1851, 0.3043, 0.388
1852, 0.2098, 0.387
1853, 0.2025, 0.386
1854, 0.1033, 0.391
1855, 0.1159, 0.397
1856, 0.1394, 0.389
1857, 0.1919, 0.387
1858, 0.1395, 0.391
1859, 0.2187, 0.388
1860, 0.1409, 0.398
1861, 0.1527, 0.390
1862, 0.1886, 0.384
1863, 0.1872, 0.388
1864, 0.2170, 0.395
1865, 0.1291, 0.393
1866, 0.1191, 0.387
1867, 0.1956, 0.390
1868, 0.2341, 0.395
1869, 0.4253, 0.394
1870, 0.2115, 0.397
1871, 0.2198, 0.388
1872, 0.2393, 0.388
1873, 0.1433, 0.391
1874, 0.1969, 0.405
1875, 0.2110, 0.385
1876, 0.2160, 0.394
1877, 0.1758, 0.400
1878, 0.2221, 0.389
1879, 0.1893, 0.397
1880, 0.2089, 0.396
1881, 0.1495, 0.391
1882, 0.3419, 0.394
1883, 0.1358, 0.387
1884, 0.0847, 0.391
1885, 0.1941, 0.395
1886, 0.1377, 0.392
1887, 0.1304, 0.389
1888, 0.2351, 0.390
1889, 0.1932, 0.392
1890, 0.2312, 0.408
1891, 0.2137, 0.389
1892, 0.1939, 0.392
1893, 0.1627, 0.397
1894, 0.1279, 0.393
1895, 0.2159, 0.389
1896, 0.0535, 0.388
1897, 0.2023, 0.391
1898, 0.0824, 0.389
1899, 0.1541, 0.386
1900, 0.1119, 0.371
1901, 0.1020, 0.372
1902, 0.1988, 0.376
1903, 0.2250, 0.378
1904, 0.2342, 0.371
1905, 0.1189, 0.373
1906, 0.1125, 0.375
1907, 0.2111, 1.983
1908, 0.1455, 1.327
1909, 0.1649, 0.378
1910, 0.1250, 0.373
1911, 0.1293, 0.584
1912, 0.1769, 0.378
1913, 0.1721, 0.804
1914, 0.1382, 0.467
1915, 0.1905, 0.382
1916, 0.1342, 0.391
1917, 0.2107, 0.389
1918, 0.3242, 0.405
1919, 0.3266, 0.399
1920, 0.1239, 0.395
1921, 0.2306, 0.409
1922, 0.2815, 0.399
1923, 0.2344, 0.397
1924, 0.2631, 0.406
1925, 0.2639, 0.389
1926, 0.3450, 0.392
1927, 0.2802, 0.400
1928, 0.1911, 0.389
1929, 0.1602, 0.407
1930, 0.1033, 0.405
1931, 0.2530, 0.393
1932, 0.1717, 0.391
1933, 0.1303, 0.388
1934, 0.1487, 0.397
1935, 0.2379, 0.393
1936, 0.1867, 0.395
1937, 0.1911, 0.388
1938, 0.1997, 0.390
1939, 0.1109, 0.385
1940, 0.2338, 0.388
1941, 0.3162, 0.387
1942, 0.2191, 0.386
1943, 0.2062, 0.396
1944, 0.3911, 0.395
1945, 0.2548, 0.412
1946, 0.1637, 0.393
1947, 0.2278, 0.393
1948, 0.1110, 0.397
1949, 0.1960, 0.403
1950, 0.1094, 0.398
1951, 0.1326, 0.398
1952, 0.2288, 0.427
1953, 0.1844, 0.395
1954, 0.2050, 0.396
1955, 0.1789, 0.390
1956, 0.1816, 0.388
1957, 0.1702, 0.383
1958, 0.1889, 0.384
1959, 0.2425, 0.398
1960, 0.1374, 0.390
1961, 0.2383, 0.388
1962, 0.1671, 0.398
1963, 0.1411, 0.391
1964, 0.1402, 0.391
1965, 0.1113, 0.391
1966, 0.1687, 0.392
1967, 0.1052, 0.393
1968, 0.2144, 0.386
1969, 0.2360, 0.393
1970, 0.2067, 0.389
1971, 0.2515, 0.394
1972, 0.1844, 0.391
1973, 0.1598, 0.389
1974, 0.1338, 0.395
1975, 0.1550, 0.384
1976, 0.1270, 0.392
1977, 0.1794, 0.390
1978, 0.1262, 0.386
1979, 0.1854, 0.387
1980, 0.1490, 0.389
1981, 0.2461, 0.393
1982, 0.1910, 0.392
1983, 0.1779, 0.394
1984, 0.1568, 0.396
1985, 0.1682, 0.395
1986, 0.1965, 0.393
1987, 0.2205, 0.401
1988, 0.2069, 0.390
1989, 0.1486, 0.398
1990, 0.1786, 0.395
1991, 0.3120, 0.395
1992, 0.1879, 0.400
1993, 0.1861, 0.401
1994, 0.1712, 0.400
1995, 0.2879, 0.486
1996, 0.3127, 0.407
1997, 0.2541, 0.395
1998, 0.1755, 0.404
1999, 0.1931, 0.745
2000, 0.1222, 0.406
2001, 0.1331, 0.382
2002, 0.2310, 0.393
2003, 0.1959, 0.392
2004, 0.1234, 0.401
2005, 0.1540, 0.402
2006, 0.1533, 0.410
2007, 0.0997, 0.414
2008, 0.2514, 0.428
2009, 0.2016, 0.424
2010, 0.1715, 0.390
2011, 0.1558, 0.395
2012, 0.2504, 0.395
2013, 0.2469, 0.388
2014, 0.2126, 0.388
2015, 0.2033, 0.399
2016, 0.1725, 0.441
2017, 0.1705, 0.387
2018, 0.2117, 0.402
2019, 0.1224, 0.401
2020, 0.1639, 0.389
2021, 0.2184, 0.395
2022, 0.1815, 0.403
2023, 0.1765, 0.392
2024, 0.1890, 0.397
2025, 0.0955, 0.426
2026, 0.1498, 0.424
2027, 0.1767, 0.422
2028, 0.1772, 0.388
2029, 0.1694, 0.396
2030, 0.1374, 0.390
2031, 0.1472, 0.400
2032, 0.1503, 0.395
2033, 0.2222, 0.394
2034, 0.1708, 0.396
2035, 0.1766, 0.398
2036, 0.2722, 0.406
2037, 0.1310, 0.399
2038, 0.2538, 0.401
2039, 0.2368, 0.399
2040, 0.1546, 0.391
2041, 0.2677, 0.402
2042, 0.3472, 0.400
2043, 0.1762, 0.395
2044, 0.1772, 0.397
2045, 0.1147, 0.394
2046, 0.1179, 0.394
2047, 0.1622, 0.387
2048, 0.1429, 0.385
2049, 0.1647, 0.389
2050, 0.1880, 0.396
2051, 0.0895, 0.400
2052, 0.1379, 0.396
2053, 0.2081, 0.392
2054, 0.1334, 0.389
2055, 0.0735, 0.392
2056, 0.1454, 0.394
2057, 0.1377, 0.391
2058, 0.1476, 0.388
2059, 0.2092, 0.386
2060, 0.1541, 0.385
2061, 0.2206, 0.379
2062, 0.1456, 0.377
2063, 0.1151, 0.377
2064, 0.3089, 0.374
2065, 0.2271, 0.375
2066, 0.2115, 0.376
2067, 0.2838, 0.375
2068, 0.2379, 2.376
2069, 0.1696, 0.972
2070, 0.1772, 0.375
2071, 0.2232, 0.782
2072, 0.1683, 0.374
2073, 0.1741, 0.371
2074, 0.1908, 0.371
2075, 0.2098, 0.375
2076, 0.1451, 0.379
2077, 0.0880, 0.373
2078, 0.0781, 0.377
2079, 0.1640, 0.700
2080, 0.1369, 0.382
2081, 0.1801, 1.484
2082, 0.1464, 0.377
2083, 0.1208, 0.383
2084, 0.0847, 0.389
2085, 0.0935, 0.585
2086, 0.1542, 0.401
2087, 0.1473, 0.426
2088, 0.1411, 0.407
2089, 0.1962, 0.518
2090, 0.1384, 0.376
2091, 0.2060, 0.390
2092, 0.2361, 0.389
2093, 0.1266, 0.392
2094, 0.1775, 0.408
2095, 0.1451, 0.417
2096, 0.1795, 0.392
2097, 0.1960, 0.395
2098, 0.2391, 0.385
2099, 0.2498, 0.393
2100, 0.1340, 0.424
2101, 0.0996, 0.400
2102, 0.1657, 0.398
2103, 0.2291, 0.400
2104, 0.1896, 0.393
2105, 0.1319, 0.393
2106, 0.1440, 0.390
2107, 0.2147, 0.390
2108, 0.1419, 0.386
2109, 0.0905, 0.387
2110, 0.2546, 0.385
2111, 0.1525, 0.384
2112, 0.2379, 0.393
2113, 0.1802, 0.390
2114, 0.1957, 0.404
2115, 0.1407, 0.392
2116, 0.2526, 0.397
2117, 0.2004, 0.387
2118, 0.1635, 0.389
2119, 0.2243, 0.391
2120, 0.1649, 0.395
2121, 0.1904, 0.400
2122, 0.2179, 0.392
2123, 0.1347, 0.388
2124, 0.1281, 0.386
2125, 0.1493, 0.393
2126, 0.2573, 0.387
2127, 0.1647, 0.391
2128, 0.1616, 0.385
2129, 0.1585, 0.386
2130, 0.1453, 0.394
2131, 0.1686, 0.395
2132, 0.1288, 0.409
2133, 0.1110, 0.411
2134, 0.1794, 0.402
2135, 0.2169, 0.403
2136, 0.2385, 0.393
2137, 0.2254, 0.396
2138, 0.1268, 0.396
2139, 0.0903, 0.389
2140, 0.2103, 0.393
2141, 0.2120, 0.396
2142, 0.1302, 0.393
2143, 0.1601, 0.388
2144, 0.1108, 0.408
2145, 0.2393, 0.398
2146, 0.1428, 0.393
2147, 0.1937, 0.390
2148, 0.1660, 0.389
2149, 0.1838, 0.393
2150, 0.1477, 0.390
2151, 0.1641, 0.396
2152, 0.1167, 0.401
2153, 0.1669, 0.430
2154, 0.1906, 0.390
2155, 0.2871, 0.387
2156, 0.2327, 0.381
2157, 0.2442, 0.391
2158, 0.1437, 0.393
2159, 0.2502, 0.391
2160, 0.2018, 0.393
2161, 0.2252, 0.403
2162, 0.0825, 0.402
2163, 0.2313, 0.438
2164, 0.1754, 0.436
2165, 0.1477, 0.450
2166, 0.0729, 0.435
2167, 0.1215, 0.461
2168, 0.1862, 0.460
2169, 0.1420, 0.458
2170, 0.1648, 0.466
2171, 0.1881, 0.436
2172, 0.1785, 0.455
2173, 0.2594, 0.465
2174, 0.2162, 0.463
2175, 0.2233, 0.461
2176, 0.1858, 0.469
2177, 0.2967, 0.450
2178, 0.2226, 0.447
2179, 0.1963, 0.400
2180, 0.2261, 0.426
2181, 0.1525, 0.452
2182, 0.1512, 0.453
2183, 0.1465, 0.447
2184, 0.2269, 0.438
2185, 0.2333, 0.419
2186, 0.1040, 0.426
2187, 0.1293, 0.416
2188, 0.1642, 0.445
2189, 0.1583, 0.408
2190, 0.1861, 0.425
2191, 0.2016, 0.428
2192, 0.2461, 0.456
2193, 0.2098, 0.452
2194, 0.1846, 0.436
2195, 0.1454, 0.435
2196, 0.1642, 0.443
2197, 0.2096, 0.439
2198, 0.2350, 0.428
2199, 0.2099, 0.450
2200, 0.1845, 0.440
2201, 0.1959, 0.421
2202, 0.1179, 0.423
2203, 0.1540, 0.405
2204, 0.1729, 0.453
2205, 0.2042, 0.459
2206, 0.1824, 0.434
2207, 0.1217, 0.464
2208, 0.2004, 0.432
2209, 0.1844, 0.420
2210, 0.1927, 0.417
2211, 0.1929, 0.416
2212, 0.2941, 0.425
2213, 0.2210, 0.413
2214, 0.2250, 0.409
2215, 0.2359, 0.393
2216, 0.1210, 0.398
2217, 0.1601, 0.419
2218, 0.1915, 0.396
2219, 0.1701, 0.396
2220, 0.1421, 0.396
2221, 0.2685, 0.399
2222, 0.1921, 2.141
2223, 0.1573, 0.397
2224, 0.1534, 0.780
2225, 0.1497, 0.400
2226, 0.2391, 0.609
2227, 0.1887, 0.396
2228, 0.1468, 0.402
2229, 0.1757, 0.404
2230, 0.1861, 0.437
2231, 0.2336, 0.405
2232, 0.1867, 0.390
2233, 0.2582, 0.710
2234, 0.2347, 0.423
2235, 0.1607, 0.419
2236, 0.1163, 0.410
2237, 0.2143, 0.411
2238, 0.2006, 0.414
2239, 0.1901, 0.426
2240, 0.2313, 0.419
2241, 0.1932, 0.412
2242, 0.2090, 0.412
2243, 0.1386, 0.412
2244, 0.1450, 0.415
2245, 0.2257, 0.419
2246, 0.1368, 0.412
2247, 0.1768, 0.421
2248, 0.1345, 0.431
2249, 0.1288, 0.433
2250, 0.2075, 0.422
2251, 0.2078, 0.423
2252, 0.1391, 0.394
2253, 0.2886, 0.391
2254, 0.2202, 0.434
2255, 0.1674, 0.419
2256, 0.1631, 0.420
2257, 0.1208, 0.414
2258, 0.1343, 0.419
2259, 0.1289, 0.422
2260, 0.1033, 0.391
2261, 0.2711, 0.421
2262, 0.1568, 0.423
2263, 0.1810, 0.420
2264, 0.2328, 0.433
2265, 0.2630, 0.421
2266, 0.2115, 0.424
2267, 0.2145, 0.441
2268, 0.2475, 0.421
2269, 0.1641, 0.415
2270, 0.1575, 0.412
2271, 0.1870, 0.416
2272, 0.1807, 0.496
2273, 0.1725, 0.415
2274, 0.1895, 0.419
2275, 0.1667, 0.414
2276, 0.1822, 0.411
2277, 0.1923, 0.411
2278, 0.1737, 0.413
2279, 0.1608, 0.529
2280, 0.2563, 0.400
2281, 0.2707, 0.421
2282, 0.2769, 0.428
2283, 0.1781, 0.418
2284, 0.2017, 0.424
2285, 0.1451, 0.460
2286, 0.2347, 0.416
2287, 0.2056, 0.416
2288, 0.1935, 0.401
2289, 0.2136, 0.417
2290, 0.1545, 0.417
2291, 0.1550, 0.409
2292, 0.1912, 0.418
2293, 0.2191, 0.503
2294, 0.1955, 0.418
2295, 0.2329, 0.426
2296, 0.1975, 0.426
2297, 0.1868, 0.418
2298, 0.2123, 0.416
2299, 0.2078, 0.417
2300, 0.1468, 0.417
2301, 0.1765, 0.422
2302, 0.1618, 0.433
2303, 0.2164, 0.416
2304, 0.1527, 0.428
2305, 0.1363, 0.416
2306, 0.1756, 0.433
2307, 0.2393, 0.425
2308, 0.1614, 0.420
2309, 0.1750, 0.419
2310, 0.1687, 0.419
2311, 0.2175, 0.424
2312, 0.1841, 0.518
2313, 0.1988, 0.419
2314, 0.2426, 0.425
2315, 0.1466, 0.395
2316, 0.1774, 0.419
2317, 0.2335, 0.429
2318, 0.4197, 0.440
2319, 0.4620, 0.429
2320, 0.3051, 0.423
2321, 0.2434, 0.425
2322, 0.2137, 0.421
2323, 0.1751, 0.419
2324, 0.2106, 0.414
2325, 0.1686, 0.416
2326, 0.1693, 0.416
2327, 0.2634, 0.419
2328, 0.1881, 0.418
2329, 0.1662, 0.414
2330, 0.2428, 0.419
2331, 0.1986, 0.404
2332, 0.3019, 0.419
2333, 0.2147, 0.414
2334, 0.1982, 0.412
2335, 0.2596, 0.416
2336, 0.2101, 0.420
2337, 0.2046, 0.415
2338, 0.2846, 0.420
2339, 0.1511, 0.396
2340, 0.2329, 0.398
2341, 0.1780, 0.401
2342, 0.2202, 0.415
2343, 0.1705, 0.418
2344, 0.1672, 0.412
2345, 0.1791, 0.412
2346, 0.2336, 0.430
2347, 0.1839, 0.417
2348, 0.1888, 0.507
2349, 0.1857, 0.422
2350, 0.2633, 0.418
2351, 0.0987, 0.423
2352, 0.2426, 0.428
2353, 0.1062, 0.444
2354, 0.1991, 0.433
2355, 0.1662, 0.442
2356, 0.1426, 0.432
2357, 0.2380, 0.442
2358, 0.1174, 0.440
2359, 0.2255, 0.438
2360, 0.1973, 0.449
2361, 0.1577, 0.441
2362, 0.2125, 3.340
2363, 0.1554, 0.455
2364, 0.1512, 0.458
2365, 0.2349, 0.445
2366, 0.2082, 0.434
2367, 0.1609, 0.418
2368, 0.2116, 0.428
2369, 0.1886, 0.421
2370, 0.1692, 0.418
2371, 0.1749, 0.474
2372, 0.1131, 0.620
2373, 0.1191, 0.457
2374, 0.1978, 0.567
2375, 0.3872, 0.447
2376, 0.1815, 0.430
2377, 0.1866, 0.401
2378, 0.1665, 0.411
2379, 0.1922, 0.401
2380, 0.2048, 0.398
2381, 0.1443, 0.398
2382, 0.2165, 0.399
2383, 0.2508, 0.395
2384, 0.1763, 0.419
2385, 0.1940, 0.423
2386, 0.2262, 0.436
2387, 0.2864, 0.433
2388, 0.1459, 0.442
2389, 0.1474, 0.437
2390, 0.1532, 0.439
2391, 0.2852, 0.439
2392, 0.3021, 0.439
2393, 0.2584, 0.462
2394, 0.1690, 0.444
2395, 0.2106, 0.426
2396, 0.2609, 0.456
2397, 0.1967, 0.450
2398, 0.2627, 0.446
2399, 0.1555, 0.452
2400, 0.1202, 0.444
2401, 0.0706, 0.410
2402, 0.3050, 0.421
2403, 0.1888, 0.419
2404, 0.2267, 0.421
2405, 0.2054, 0.435
2406, 0.1430, 0.426
2407, 0.2098, 0.423
2408, 0.1652, 0.431
2409, 0.1816, 0.429
2410, 0.2019, 0.433
2411, 0.1666, 0.425
2412, 0.1518, 0.418
2413, 0.1248, 0.430
2414, 0.2153, 0.417
2415, 0.1267, 0.411
2416, 0.1608, 0.408
2417, 0.1819, 0.428
2418, 0.0956, 0.462
2419, 0.1655, 0.415
2420, 0.1660, 0.413
2421, 0.2633, 0.410
2422, 0.2243, 0.414
2423, 0.1457, 0.417
2424, 0.1513, 0.418
2425, 0.1278, 0.425
2426, 0.1591, 0.425
2427, 0.2283, 0.436
2428, 0.1579, 0.428
2429, 0.1954, 0.424
2430, 0.2224, 0.417
2431, 0.1681, 0.438
2432, 0.2312, 0.430
2433, 0.1771, 0.492
2434, 0.2362, 0.418
2435, 0.1762, 0.418
2436, 0.1566, 0.420
2437, 0.2073, 0.420
2438, 0.1192, 0.429
2439, 0.1754, 0.620
2440, 0.1993, 0.412
2441, 0.2669, 0.413
2442, 0.1735, 0.977
2443, 0.1583, 0.414
2444, 0.1649, 0.419
2445, 0.2227, 0.424
2446, 0.1668, 0.396
2447, 0.2475, 0.393
2448, 0.1452, 0.419
2449, 0.1829, 0.419
2450, 0.3175, 0.427
2451, 0.2866, 0.419
2452, 0.1829, 0.425
2453, 0.1892, 0.433
2454, 0.1864, 0.419
2455, 0.1987, 0.436
2456, 0.1408, 0.427
2457, 0.1729, 0.428
2458, 0.2787, 0.446
2459, 0.1344, 0.420
2460, 0.1437, 0.420
2461, 0.1983, 0.428
2462, 0.0937, 0.443
2463, 0.1958, 0.429
2464, 0.1923, 0.432
2465, 0.1530, 0.944
2466, 0.1770, 0.426
2467, 0.1133, 0.418
2468, 0.1702, 0.413
2469, 0.1385, 0.416
2470, 0.1292, 0.435
2471, 0.2213, 0.418
2472, 0.2573, 0.421
2473, 0.1643, 0.423
2474, 0.1789, 0.431
2475, 0.1763, 0.417
2476, 0.1454, 0.418
2477, 0.1687, 0.419
2478, 0.1706, 0.426
2479, 0.1444, 0.434
2480, 0.2023, 0.417
2481, 0.1600, 0.423
2482, 0.2238, 0.415
2483, 0.2130, 0.417
2484, 0.1734, 0.411
2485, 0.1935, 0.426
2486, 0.1249, 0.432
2487, 0.2185, 0.430
2488, 0.2503, 0.421
2489, 0.1483, 0.428
2490, 0.2186, 0.435
2491, 0.1865, 0.421
2492, 0.2020, 0.422
2493, 0.2181, 0.418
2494, 0.1609, 0.415
2495, 0.1479, 0.422
2496, 0.1877, 0.411
2497, 0.1745, 0.423
2498, 0.2474, 0.421
2499, 0.2743, 0.414
2500, 0.2034, 0.416
2501, 0.1643, 0.429
2502, 0.1981, 0.437
2503, 0.2263, 0.429
2504, 0.1697, 0.433
2505, 0.0714, 1.349
2506, 0.0844, 0.415
2507, 0.1591, 0.417
2508, 0.1318, 0.418
2509, 0.1773, 0.412
2510, 0.0994, 0.397
2511, 0.2031, 0.414
2512, 0.1380, 0.400
2513, 0.1594, 0.391
2514, 0.1551, 0.393
2515, 0.1495, 0.392
2516, 0.1971, 0.395
2517, 0.1535, 0.399
2518, 0.1759, 2.502
2519, 0.1820, 0.399
2520, 0.1798, 0.508
2521, 0.2178, 0.396
2522, 0.1952, 0.405
2523, 0.1594, 0.378
2524, 0.1995, 0.384
2525, 0.1395, 0.405
2526, 0.1704, 0.427
2527, 0.1762, 0.414
2528, 0.1908, 0.415
2529, 0.1686, 0.414
2530, 0.2743, 0.427
2531, 0.2162, 0.414
2532, 0.1223, 0.423
2533, 0.1306, 0.417
2534, 0.1751, 0.417
2535, 0.1622, 0.431
2536, 0.1436, 0.423
2537, 0.1597, 0.422
2538, 0.1369, 0.424
2539, 0.1368, 0.411
2540, 0.1885, 0.425
2541, 0.1357, 0.419
2542, 0.1965, 0.414
2543, 0.1403, 0.437
2544, 0.1114, 0.415
2545, 0.1968, 0.418
2546, 0.1702, 0.424
2547, 0.1506, 0.412
2548, 0.1930, 0.415
2549, 0.2358, 0.420
2550, 0.2301, 0.412
2551, 0.2387, 0.416
2552, 0.2155, 0.418
2553, 0.1382, 0.414
2554, 0.2003, 0.519
2555, 0.1535, 0.433
2556, 0.1763, 0.426
2557, 0.1252, 0.438
2558, 0.0892, 0.438
2559, 0.1492, 0.433
2560, 0.2607, 0.438
2561, 0.1143, 0.441
2562, 0.2022, 0.439
2563, 0.2014, 0.437
2564, 0.2148, 0.436
2565, 0.1794, 0.437
2566, 0.1437, 0.441
2567, 0.2690, 0.444
2568, 0.2105, 0.442
2569, 0.2334, 0.445
2570, 0.1722, 0.437
2571, 0.1837, 0.415
2572, 0.2056, 0.440
2573, 0.1633, 0.433
2574, 0.1334, 0.414
2575, 0.1883, 0.437
2576, 0.2092, 0.450
2577, 0.1655, 0.447
2578, 0.1912, 0.439
2579, 0.1809, 0.447
2580, 0.1712, 0.439
2581, 0.1902, 0.422
2582, 0.0539, 0.445
2583, 0.2711, 0.448
2584, 0.1751, 0.454
2585, 0.2055, 0.453
2586, 0.1614, 0.447
2587, 0.2490, 0.450
2588, 0.2123, 0.440
2589, 0.1870, 0.457
2590, 0.2345, 0.448
2591, 0.1707, 0.453
2592, 0.1468, 0.457
2593, 0.2151, 0.444
2594, 0.1397, 0.417
2595, 0.1342, 0.439
2596, 0.1616, 0.440
2597, 0.1815, 0.443
2598, 0.1350, 0.441
2599, 0.2178, 0.444
2600, 0.1545, 0.438
2601, 0.1907, 0.426
2602, 0.1380, 0.415
2603, 0.1998, 0.414
2604, 0.2511, 0.428
2605, 0.1379, 0.432
2606, 0.2046, 0.424
2607, 0.2197, 0.440
2608, 0.1912, 0.433
2609, 0.1528, 0.422
2610, 0.2601, 0.426
2611, 0.1942, 0.414
2612, 0.1600, 0.418
2613, 0.2137, 0.894
2614, 0.2531, 0.421
2615, 0.2427, 0.441
2616, 0.0920, 0.428
2617, 0.1549, 0.488
2618, 0.1522, 0.415
2619, 0.2406, 0.420
2620, 0.1754, 0.416
2621, 0.2218, 0.425
2622, 0.1157, 0.420
2623, 0.0955, 0.435
2624, 0.1262, 0.427
2625, 0.2241, 0.421
2626, 0.1342, 0.416
2627, 0.1284, 0.624
2628, 0.2078, 0.432
2629, 0.1866, 0.414
2630, 0.2398, 0.419
2631, 0.1538, 0.416
2632, 0.1478, 0.422
2633, 0.1638, 0.428
2634, 0.1992, 0.540
2635, 0.2094, 0.412
2636, 0.1892, 0.414
2637, 0.1407, 0.420
2638, 0.1597, 0.422
2639, 0.1430, 0.416
2640, 0.2669, 0.421
2641, 0.1661, 0.417
2642, 0.1763, 0.416
2643, 0.1381, 0.411
2644, 0.1663, 0.418
2645, 0.1975, 0.425
2646, 0.1881, 0.428
2647, 0.1402, 0.419
2648, 0.2043, 0.417
2649, 0.1458, 0.416
2650, 0.1487, 0.414
2651, 0.1299, 0.419
2652, 0.1014, 0.418
2653, 0.2850, 0.416
2654, 0.1267, 0.415
2655, 0.2755, 0.416
2656, 0.2298, 0.416
2657, 0.1990, 0.413
2658, 0.2012, 0.431
2659, 0.2289, 0.436
2660, 0.1769, 0.436
2661, 0.1463, 0.433
2662, 0.2018, 0.422
2663, 0.1222, 0.405
2664, 0.1518, 0.399
2665, 0.2355, 0.415
2666, 0.1704, 0.403
2667, 0.1880, 0.401
2668, 0.1603, 0.398
2669, 0.1779, 0.413
2670, 0.1598, 1.524
2671, 0.2369, 1.336
2672, 0.1616, 0.397
2673, 0.1842, 0.400
2674, 0.2561, 0.400
2675, 0.1611, 0.400
2676, 0.1583, 0.400
2677, 0.1872, 0.398
2678, 0.1394, 0.412
2679, 0.1590, 0.418
2680, 0.1375, 0.416
2681, 0.1410, 0.434
2682, 0.2425, 0.698
2683, 0.1418, 0.427
2684, 0.0689, 0.416
2685, 0.2798, 0.414
2686, 0.2270, 0.420
2687, 0.0654, 0.418
2688, 0.1428, 0.407
2689, 0.2532, 0.414
2690, 0.1747, 0.428
2691, 0.2588, 0.421
2692, 0.1190, 0.426
2693, 0.1301, 0.431
2694, 0.1473, 0.421
2695, 0.2268, 0.416
2696, 0.1382, 0.414
2697, 0.0954, 0.413
2698, 0.1838, 0.416
2699, 0.1710, 0.429
2700, 0.4844, 0.418
2701, 0.3011, 0.419
2702, 0.2120, 0.425
2703, 0.2120, 0.410
2704, 0.2361, 0.415
2705, 0.3127, 0.421
2706, 0.1909, 0.420
2707, 0.1686, 0.428
2708, 0.1797, 0.415
2709, 0.2498, 0.424
2710, 0.1632, 0.415
2711, 0.2028, 0.428
2712, 0.2090, 0.425
2713, 0.1439, 0.416
2714, 0.1342, 0.412
2715, 0.1571, 0.416
2716, 0.2398, 0.418
2717, 0.2131, 0.421
2718, 0.2723, 0.424
2719, 0.1776, 0.421
2720, 0.1568, 0.428
2721, 0.1336, 0.410
2722, 0.1489, 0.413
2723, 0.1349, 0.429
2724, 0.2008, 0.430
2725, 0.1312, 0.433
2726, 0.1509, 0.439
2727, 0.2319, 0.419
2728, 0.1363, 0.416
2729, 0.1821, 0.421
2730, 0.1610, 0.418
2731, 0.1011, 0.418
2732, 0.1186, 0.419
2733, 0.1954, 0.417
2734, 0.2471, 0.416
2735, 0.2384, 0.413
2736, 0.1617, 0.411
2737, 0.1773, 0.412
2738, 0.1443, 0.410
2739, 0.0835, 0.416
2740, 0.1529, 0.416
2741, 0.0865, 0.414
2742, 0.1689, 0.414
2743, 0.1971, 0.415
2744, 0.1644, 0.413
2745, 0.1880, 0.486
2746, 0.1698, 0.438
2747, 0.1809, 0.436
2748, 0.2880, 0.441
2749, 0.2041, 0.434
2750, 0.1139, 0.433
2751, 0.1829, 0.437
2752, 0.2061, 0.443
2753, 0.1978, 0.458
2754, 0.2161, 0.433
2755, 0.1939, 0.425
2756, 0.1683, 0.431
2757, 0.1617, 0.439
2758, 0.1551, 0.432
2759, 0.2388, 0.427
2760, 0.1566, 0.428
2761, 0.1480, 0.458
2762, 0.1625, 0.445
2763, 0.1853, 0.420
2764, 0.2137, 0.447
2765, 0.1530, 0.450
2766, 0.2116, 0.446
2767, 0.1297, 0.446
2768, 0.1726, 0.422
2769, 0.1164, 0.446
2770, 0.1456, 0.444
2771, 0.1318, 0.424
2772, 0.1572, 0.445
2773, 0.1420, 0.449
2774, 0.1486, 0.448
2775, 0.2668, 0.444
2776, 0.2348, 0.448
2777, 0.2450, 0.447
2778, 0.1374, 0.462
2779, 0.1257, 0.416
2780, 0.1405, 0.409
2781, 0.1815, 0.400
2782, 0.1627, 0.407
2783, 0.1283, 0.403
2784, 0.1894, 0.393
2785, 0.1842, 0.405
2786, 0.2235, 0.403
2787, 0.3098, 0.803
2788, 0.1603, 0.435
2789, 0.1485, 0.445
2790, 0.2030, 0.430
2791, 0.2040, 0.418
2792, 0.0969, 0.415
2793, 0.2042, 0.422
2794, 0.1517, 0.398
2795, 0.2060, 0.379
2796, 0.1357, 0.386
2797, 0.2363, 0.398
2798, 0.1320, 0.402
2799, 0.1368, 0.434
2800, 0.1380, 0.413
2801, 0.1989, 0.419
2802, 0.1635, 0.424
2803, 0.0690, 0.416
2804, 0.2359, 0.424
2805, 0.2047, 0.444
2806, 0.1671, 0.417
2807, 0.1562, 0.419
2808, 0.1271, 0.417
2809, 0.1679, 0.420
2810, 0.0953, 0.431
2811, 0.1798, 0.419
2812, 0.1986, 0.409
2813, 0.1765, 0.406
2814, 0.1628, 0.410
2815, 0.2180, 0.484
2816, 0.2028, 0.400
2817, 0.1311, 0.401
2818, 0.1808, 0.398
2819, 0.2003, 0.399
2820, 0.1694, 0.399
2821, 0.2563, 0.400
2822, 0.1577, 0.400
2823, 0.1451, 2.130
2824, 0.1407, 0.399
2825, 0.1834, 0.409
2826, 0.1051, 0.485
2827, 0.1813, 0.376
2828, 0.1501, 0.396
2829, 0.1798, 0.417
2830, 0.1485, 0.432
2831, 0.1143, 0.424
2832, 0.0804, 0.422
2833, 0.0958, 0.429
2834, 0.1439, 0.434
2835, 0.1324, 0.423
2836, 0.2003, 0.414
2837, 0.1225, 0.422
2838, 0.1014, 0.602
2839, 0.1919, 0.426
2840, 0.0919, 0.418
2841, 0.1420, 0.421
2842, 0.2168, 0.417
2843, 0.1459, 0.428
2844, 0.1884, 0.418
2845, 0.1089, 0.429
2846, 0.1046, 0.434
2847, 0.2322, 0.425
2848, 0.1415, 0.437
2849, 0.1721, 0.418
2850, 0.1271, 0.421
2851, 0.1764, 0.415
2852, 0.2103, 0.425
2853, 0.1550, 0.429
2854, 0.1336, 0.415
2855, 0.1620, 0.406
2856, 0.1783, 0.406
2857, 0.2975, 0.409
2858, 0.3069, 0.409
2859, 0.1762, 0.420
2860, 0.1383, 0.417
2861, 0.1996, 0.424
2862, 0.2275, 0.437
2863, 0.1428, 0.431
2864, 0.1328, 0.428
2865, 0.2042, 0.426
2866, 0.1640, 0.434
2867, 0.1618, 0.420
2868, 0.1699, 0.420
2869, 0.2160, 0.415
2870, 0.1221, 0.418
2871, 0.1142, 0.421
2872, 0.1309, 0.426
2873, 0.1449, 0.424
2874, 0.1340, 0.430
2875, 0.1278, 0.420
2876, 0.0923, 0.419
2877, 0.1636, 0.431
2878, 0.2001, 0.425
2879, 0.2006, 0.431
2880, 0.1726, 0.434
2881, 0.1725, 0.431
2882, 0.1631, 0.826
2883, 0.1682, 0.429
2884, 0.1041, 0.425
2885, 0.0771, 0.427
2886, 0.2281, 0.415
2887, 0.1813, 0.416
2888, 0.1175, 0.434
2889, 0.1768, 0.430
2890, 0.1432, 0.418
2891, 0.1712, 0.420
2892, 0.1368, 0.417
2893, 0.1153, 0.417
2894, 0.1793, 0.413
2895, 0.2717, 0.429
2896, 0.2127, 0.416
2897, 0.2748, 0.439
2898, 0.1708, 0.417
2899, 0.1736, 0.419
2900, 0.1606, 0.416
2901, 0.1616, 0.430
2902, 0.1774, 0.420
2903, 0.2159, 0.443
2904, 0.1631, 0.431
2905, 0.1323, 0.426
2906, 0.2440, 0.429
2907, 0.1704, 0.437
2908, 0.2274, 0.425
2909, 0.1179, 0.612
2910, 0.1776, 0.419
2911, 0.1455, 0.577
2912, 0.1820, 0.421
2913, 0.2153, 0.431
2914, 0.1271, 0.430
2915, 0.1901, 0.421
2916, 0.1175, 0.415
2917, 0.0931, 0.417
2918, 0.1456, 0.418
2919, 0.1604, 0.423
2920, 0.1211, 0.423
2921, 0.0954, 0.419
2922, 0.0681, 0.419
2923, 0.1357, 0.417
2924, 0.0887, 0.414
2925, 0.0776, 0.415
2926, 0.1314, 0.414
2927, 0.0739, 0.418
2928, 0.1779, 0.429
2929, 0.1405, 0.417
2930, 0.1088, 0.417
2931, 0.0862, 0.418
2932, 0.0544, 0.415
2933, 0.0408, 0.425
2934, 0.1680, 0.421
2935, 0.1312, 0.423
2936, 0.1853, 0.418
2937, 0.2800, 0.432
2938, 0.0887, 0.431
2939, 0.0443, 0.432
2940, 0.1020, 0.420
2941, 0.1204, 0.416
2942, 0.1155, 0.427
2943, 0.1582, 0.431
2944, 0.1914, 0.417
2945, 0.1414, 0.422
2946, 0.1136, 0.427
2947, 0.1761, 0.432
2948, 0.1394, 0.485
2949, 0.1819, 0.422
2950, 0.2232, 0.420
2951, 0.2031, 0.432
2952, 0.1913, 0.409
2953, 0.1616, 0.435
2954, 0.1114, 0.425
2955, 0.1785, 0.419
2956, 0.1608, 0.446
2957, 0.1774, 0.438
2958, 0.1874, 0.446
2959, 0.1834, 0.444
2960, 0.1446, 0.435
2961, 0.1606, 0.433
2962, 0.1119, 0.439
2963, 0.1672, 0.404
2964, 0.1279, 0.398
2965, 0.2331, 0.391
2966, 0.1658, 0.420
2967, 0.1174, 0.419
2968, 0.1556, 0.421
2969, 0.1878, 0.433
2970, 0.1311, 0.426
2971, 0.1669, 0.454
2972, 0.1430, 0.439
2973, 0.1911, 0.417
2974, 0.1731, 0.431
2975, 0.1069, 0.445
2976, 0.1504, 0.435
2977, 0.1644, 1.290
2978, 0.2427, 0.426
2979, 0.2364, 0.449
2980, 0.2121, 0.444
2981, 0.1137, 0.443
2982, 0.1323, 0.428
2983, 0.0858, 0.435
2984, 0.2287, 0.419
2985, 0.1353, 0.432
2986, 0.1147, 0.423
2987, 0.1237, 0.437
2988, 0.1739, 0.453
2989, 0.1465, 0.436
2990, 0.1836, 0.667
2991, 0.1574, 0.419
2992, 0.1753, 0.426
2993, 0.1225, 0.435
2994, 0.1266, 0.444
2995, 0.1831, 0.432
2996, 0.2337, 0.423
2997, 0.2297, 0.429
2998, 0.1990, 0.416
2999, 0.1122, 0.431
3000, 0.1184, 0.437
3001, 0.1899, 0.424
3002, 0.1267, 0.415
3003, 0.1834, 0.419
3004, 0.2282, 0.416
3005, 0.1837, 0.426
3006, 0.1415, 0.402
3007, 0.1487, 0.420
3008, 0.1268, 0.420
3009, 0.1566, 0.414
3010, 0.1138, 0.414
3011, 0.1588, 0.437
3012, 0.1316, 0.413
3013, 0.1284, 0.420
3014, 0.1400, 0.417
3015, 0.2275, 0.425
3016, 0.1341, 0.505
3017, 0.1531, 0.416
3018, 0.1866, 0.417
3019, 0.2364, 0.428
3020, 0.2804, 0.417
3021, 0.1341, 0.402
3022, 0.1611, 0.420
3023, 0.1640, 0.412
3024, 0.1950, 0.422
3025, 0.2371, 0.397
3026, 0.1335, 0.426
3027, 0.1286, 0.427
3028, 0.1728, 0.414
3029, 0.0817, 0.623
3030, 0.1160, 0.421
3031, 0.1396, 0.420
3032, 0.1625, 0.411
3033, 0.2388, 0.429
3034, 0.2153, 0.416
3035, 0.1019, 0.412
3036, 0.2176, 0.410
3037, 0.1626, 0.411
3038, 0.1818, 0.409
3039, 0.2223, 0.417
3040, 0.1581, 0.419
3041, 0.1270, 0.423
3042, 0.0763, 0.414
3043, 0.1684, 0.415
3044, 0.1044, 0.415
3045, 0.1171, 0.413
3046, 0.1919, 0.414
3047, 0.1710, 0.418
3048, 0.1924, 0.415
3049, 0.1517, 0.419
3050, 0.1533, 0.426
3051, 0.2823, 0.423
3052, 0.1831, 0.420
3053, 0.1276, 0.419
3054, 0.1167, 0.418
3055, 0.1351, 0.424
3056, 0.2204, 0.416
3057, 0.2402, 0.423
3058, 0.1583, 0.431
3059, 0.1257, 0.422
3060, 0.2032, 0.429
3061, 0.1459, 0.421
3062, 0.2406, 0.419
3063, 0.1224, 0.417
3064, 0.2298, 0.420
3065, 0.1800, 0.422
3066, 0.1780, 0.426
3067, 0.1189, 0.428
3068, 0.1820, 0.417
3069, 0.2131, 0.417
3070, 0.1041, 0.413
3071, 0.0928, 0.411
3072, 0.1547, 0.414
3073, 0.1493, 0.414
3074, 0.0923, 0.415
3075, 0.1933, 0.415
3076, 0.1885, 0.416
3077, 0.2292, 0.420
3078, 0.2058, 0.415
3079, 0.0700, 0.416
3080, 0.1344, 0.414
3081, 0.2019, 0.412
3082, 0.2060, 0.434
3083, 0.2062, 0.420
3084, 0.1510, 0.432
3085, 0.2095, 0.414
3086, 0.2113, 0.413
3087, 0.2083, 0.413
3088, 0.1599, 0.411
3089, 0.2415, 0.408
3090, 0.1682, 0.425
3091, 0.1812, 0.444
3092, 0.2008, 0.423
3093, 0.2660, 0.431
3094, 0.2902, 0.420
3095, 0.2248, 0.433
3096, 0.1284, 0.422
3097, 0.1237, 0.429
3098, 0.1441, 0.420
3099, 0.2169, 0.432
3100, 0.2001, 0.416
3101, 0.0616, 0.418
3102, 0.1417, 0.423
3103, 0.1310, 0.414
3104, 0.2409, 0.421
3105, 0.1773, 0.421
3106, 0.0987, 0.431
3107, 0.2535, 0.436
3108, 0.1634, 0.435
3109, 0.1805, 0.426
3110, 0.1110, 0.437
3111, 0.1846, 0.456
3112, 0.2090, 0.420
3113, 0.1665, 0.426
3114, 0.1925, 0.419
3115, 0.1485, 0.424
3116, 0.2325, 0.417
3117, 0.2846, 0.426
3118, 0.1434, 0.425
3119, 0.1654, 0.410
3120, 0.1273, 0.421
3121, 0.2110, 0.428
3122, 0.1205, 0.409
3123, 0.0783, 0.399
3124, 0.2111, 0.413
3125, 0.0826, 0.419
3126, 0.1161, 0.414
3127, 0.1541, 0.550
3128, 0.0918, 0.424
3129, 0.1761, 0.507
3130, 0.1082, 0.380
3131, 0.1364, 1.015
3132, 0.2345, 0.402
3133, 0.1644, 0.412
3134, 0.0762, 0.414
3135, 0.2870, 0.417
3136, 0.1384, 0.413
3137, 0.2313, 0.422
3138, 0.1347, 0.497
3139, 0.1766, 0.431
3140, 0.1787, 0.433
3141, 0.1360, 0.417
3142, 0.0912, 0.434
3143, 0.1776, 0.420
3144, 0.1924, 0.436
3145, 0.1884, 0.422
3146, 0.1693, 0.422
3147, 0.1240, 0.444
3148, 0.1442, 0.441
3149, 0.1168, 0.427
3150, 0.1688, 0.417
3151, 0.1680, 0.430
3152, 0.1393, 0.432
3153, 0.2554, 0.434
3154, 0.0862, 0.425
3155, 0.1575, 0.426
3156, 0.0688, 0.426
3157, 0.0997, 0.427
3158, 0.1852, 0.428
3159, 0.1310, 0.431
3160, 0.1866, 0.441
3161, 0.2812, 0.432
3162, 0.2152, 0.421
3163, 0.1269, 0.446
3164, 0.1112, 0.438
3165, 0.0748, 0.437
3166, 0.0859, 0.435
3167, 0.0435, 0.443
3168, 0.0877, 0.439
3169, 0.0938, 0.428
3170, 0.0725, 0.421
3171, 0.0755, 0.419
3172, 0.1243, 0.416
3173, 0.2083, 0.415
3174, 0.1908, 0.423
3175, 0.1316, 0.424
3176, 0.1766, 0.419
3177, 0.2153, 0.429
3178, 0.1700, 0.430
3179, 0.1326, 0.427
3180, 0.2167, 0.428
3181, 0.2137, 0.420
3182, 0.1510, 0.420
3183, 0.1722, 0.422
3184, 0.2374, 0.423
3185, 0.2249, 0.413
3186, 0.1695, 0.493
3187, 0.1103, 0.415
3188, 0.1042, 0.411
3189, 0.1033, 0.414
3190, 0.0485, 0.418
3191, 0.2399, 0.413
3192, 0.2178, 0.414
3193, 0.1683, 0.431
3194, 0.1444, 0.416
3195, 0.1779, 0.799
3196, 0.0996, 0.427
3197, 0.0944, 0.440
3198, 0.1844, 0.431
3199, 0.3225, 0.418
3200, 0.1720, 0.431
3201, 0.1731, 0.410
3202, 0.3169, 0.424
3203, 0.1186, 0.425
3204, 0.0676, 0.425
3205, 0.2099, 0.424
3206, 0.1501, 0.423
3207, 0.2546, 0.439
3208, 0.1627, 0.443
3209, 0.2282, 0.421
3210, 0.2319, 0.438
3211, 0.1338, 0.434
3212, 0.1993, 0.432
3213, 0.1288, 0.453
3214, 0.1648, 0.432
3215, 0.1086, 0.421
3216, 0.1552, 0.425
3217, 0.1874, 0.423
3218, 0.1133, 0.420
3219, 0.1572, 0.431
3220, 0.1009, 0.438
3221, 0.1327, 0.481
3222, 0.2120, 1.051
3223, 0.1861, 0.427
3224, 0.1857, 0.420
3225, 0.1462, 1.273
3226, 0.1579, 0.429
3227, 0.1216, 0.424
3228, 0.0700, 0.431
3229, 0.1037, 0.428
3230, 0.1454, 0.431
3231, 0.1765, 0.431
3232, 0.0710, 0.423
3233, 0.1150, 0.412
3234, 0.1337, 0.420
3235, 0.1611, 0.425
3236, 0.0817, 0.858
3237, 0.1616, 0.421
3238, 0.1341, 0.422
3239, 0.1348, 0.416
3240, 0.2184, 0.425
3241, 0.2087, 0.418
3242, 0.1717, 0.416
3243, 0.1329, 0.416
3244, 0.1269, 0.412
3245, 0.0838, 0.410
3246, 0.1046, 0.408
3247, 0.1485, 0.432
3248, 0.1213, 0.567
3249, 0.1057, 0.423
3250, 0.1748, 0.415
3251, 0.1405, 0.431
3252, 0.1609, 0.426
3253, 0.1625, 0.420
3254, 0.1876, 0.419
3255, 0.1817, 0.423
3256, 0.2683, 0.414
3257, 0.1766, 0.422
3258, 0.1692, 0.421
3259, 0.1382, 0.419
3260, 0.1446, 0.418
3261, 0.1621, 0.422
3262, 0.1097, 0.432
3263, 0.1550, 0.421
3264, 0.1341, 0.426
3265, 0.2861, 0.416
3266, 0.0866, 0.412
3267, 0.1326, 0.409
3268, 0.2526, 0.410
3269, 0.2551, 0.415
3270, 0.1732, 0.418
3271, 0.1463, 0.413
3272, 0.1714, 0.410
3273, 0.2025, 0.393
3274, 0.1554, 0.397
3275, 0.2698, 0.396
3276, 0.1516, 0.411
3277, 0.2134, 0.415
3278, 0.1211, 0.412
3279, 0.1531, 0.404
3280, 0.1515, 2.820
3281, 0.1136, 0.402
3282, 0.1596, 0.398
3283, 0.1934, 0.408
3284, 0.1921, 0.410
3285, 0.1801, 0.415
3286, 0.1578, 0.418
3287, 0.1815, 0.412
3288, 0.1987, 0.420
3289, 0.1181, 0.422
3290, 0.2737, 0.418
3291, 0.1713, 0.430
3292, 0.2152, 0.433
3293, 0.0359, 0.431
3294, 0.1480, 0.422
3295, 0.1250, 0.418
3296, 0.1997, 0.426
3297, 0.1139, 0.417
3298, 0.0992, 0.417
3299, 0.1473, 0.593
3300, 0.1580, 0.430
3301, 0.1459, 0.426
3302, 0.1834, 0.423
3303, 0.1896, 0.417
3304, 0.1272, 0.417
3305, 0.1390, 0.427
3306, 0.2027, 0.421
3307, 0.2192, 0.425
3308, 0.1194, 0.427
3309, 0.1141, 0.432
3310, 0.1475, 0.433
3311, 0.1623, 0.436
3312, 0.1680, 0.418
3313, 0.1312, 0.435
3314, 0.1225, 0.418
3315, 0.1533, 0.421
3316, 0.1886, 0.420
3317, 0.1213, 0.419
3318, 0.1861, 0.415
3319, 0.1470, 0.421
3320, 0.2362, 0.420
3321, 0.1078, 0.420
3322, 0.1704, 0.420
3323, 0.1837, 0.439
3324, 0.1344, 0.423
3325, 0.2217, 0.425
3326, 0.1857, 0.415
3327, 0.1321, 0.422
3328, 0.1622, 0.414
3329, 0.1041, 0.420
3330, 0.1933, 0.425
3331, 0.2056, 0.414
3332, 0.2807, 0.430
3333, 0.1684, 0.419
3334, 0.1863, 0.419
3335, 0.1914, 0.425
3336, 0.1236, 0.418
3337, 0.1434, 0.416
3338, 0.1704, 0.424
3339, 0.1161, 0.425
3340, 0.1542, 0.419
3341, 0.1526, 0.425
3342, 0.1371, 0.423
3343, 0.1788, 0.432
3344, 0.1360, 0.434
3345, 0.1312, 0.422
3346, 0.1583, 0.446
3347, 0.2931, 0.429
3348, 0.1930, 0.423
3349, 0.1706, 0.424
3350, 0.1565, 0.414
3351, 0.1033, 0.424
3352, 0.0929, 0.420
3353, 0.1324, 0.422
3354, 0.1763, 0.422
3355, 0.1802, 0.423
3356, 0.1466, 0.430
3357, 0.2384, 0.466
3358, 0.2334, 0.444
3359, 0.1648, 0.422
3360, 0.1282, 0.441
3361, 0.1370, 0.423
3362, 0.1940, 0.426
3363, 0.1553, 0.423
3364, 0.1847, 0.426
3365, 0.1819, 0.431
3366, 0.1827, 0.426
3367, 0.1269, 0.417
3368, 0.0958, 0.424
3369, 0.1214, 0.433
3370, 0.1912, 0.422
3371, 0.2292, 0.430
3372, 0.1068, 0.421
3373, 0.1309, 0.421
3374, 0.0720, 0.422
3375, 0.1064, 0.417
3376, 0.0544, 0.418
3377, 0.1734, 0.419
3378, 0.1374, 0.418
3379, 0.1762, 0.411
3380, 0.1254, 0.414
3381, 0.1989, 0.423
3382, 0.1939, 0.414
3383, 0.0641, 0.418
3384, 0.0656, 0.420
3385, 0.1815, 0.416
3386, 0.0901, 0.423
3387, 0.1019, 0.421
3388, 0.1585, 0.426
3389, 0.1477, 0.431
3390, 0.1722, 0.421
3391, 0.1838, 0.415
3392, 0.1466, 0.415
3393, 0.1428, 0.421
3394, 0.1021, 0.418
3395, 0.1591, 0.417
3396, 0.1352, 0.418
3397, 0.1424, 0.417
3398, 0.1177, 0.418
3399, 0.1077, 0.424
3400, 0.1495, 0.418
3401, 0.3625, 0.409
3402, 0.1709, 0.408
3403, 0.1180, 0.417
3404, 0.1136, 0.432
3405, 0.1463, 0.429
3406, 0.1092, 0.441
3407, 0.1078, 0.435
3408, 0.2001, 0.420
3409, 0.1777, 0.446
3410, 0.1085, 0.422
3411, 0.1517, 0.430
3412, 0.1144, 0.416
3413, 0.2179, 0.423
3414, 0.1205, 0.505
3415, 0.1377, 0.599
3416, 0.2540, 0.414
3417, 0.1220, 0.419
3418, 0.1278, 0.409
3419, 0.0953, 0.407
3420, 0.1568, 0.407
3421, 0.1043, 0.413
3422, 0.1330, 0.419
3423, 0.1195, 0.411
3424, 0.1056, 0.415
3425, 0.1550, 0.427
3426, 0.1290, 0.396
3427, 0.1543, 0.398
3428, 0.1431, 0.407
3429, 0.2509, 0.473
3430, 0.1539, 0.413
3431, 0.1657, 0.424
3432, 0.1667, 0.412
3433, 0.2083, 1.877
3434, 0.1468, 0.406
3435, 0.2163, 1.144
3436, 0.1512, 0.404
3437, 0.1099, 0.411
3438, 0.1879, 0.433
3439, 0.1632, 0.420
3440, 0.2149, 0.433
3441, 0.1380, 0.427
3442, 0.1494, 0.433
3443, 0.0866, 0.429
3444, 0.0981, 0.433
3445, 0.1938, 0.425
3446, 0.2987, 0.915
3447, 0.1964, 0.428
3448, 0.2075, 0.430
3449, 0.1077, 0.421
3450, 0.1507, 0.427
3451, 0.1359, 0.414
3452, 0.1217, 0.422
3453, 0.1124, 0.425
3454, 0.1307, 0.430
3455, 0.1486, 0.414
3456, 0.1463, 0.422
3457, 0.2057, 0.433
3458, 0.1438, 0.419
3459, 0.1160, 0.430
3460, 0.2039, 0.429
3461, 0.1435, 0.413
3462, 0.1376, 0.416
3463, 0.2357, 0.415
3464, 0.2482, 0.416
3465, 0.2297, 0.415
3466, 0.1288, 0.414
3467, 0.1861, 0.413
3468, 0.1011, 0.413
3469, 0.1376, 0.430
3470, 0.2090, 0.410
3471, 0.1613, 0.412
3472, 0.1091, 0.432
3473, 0.1001, 0.421
3474, 0.1623, 0.417
3475, 0.0772, 0.426
3476, 0.1429, 0.414
3477, 0.1410, 0.415
3478, 0.2036, 0.414
3479, 0.1363, 0.432
3480, 0.1557, 0.417
3481, 0.0910, 0.416
3482, 0.1485, 0.427
3483, 0.2098, 0.412
3484, 0.1323, 0.412
3485, 0.1356, 0.419
3486, 0.1866, 0.422
3487, 0.1883, 0.528
3488, 0.1394, 0.414
3489, 0.1978, 0.421
3490, 0.1764, 0.430
3491, 0.0682, 0.427
3492, 0.0755, 0.419
3493, 0.0792, 0.415
3494, 0.2266, 0.416
3495, 0.1268, 0.415
3496, 0.1463, 0.431
3497, 0.1568, 0.425
3498, 0.3033, 0.416
3499, 0.1758, 0.413
3500, 0.1763, 0.423
3501, 0.1977, 0.421
3502, 0.2314, 0.423
3503, 0.1734, 0.419
3504, 0.1820, 0.421
3505, 0.2274, 0.439
3506, 0.1468, 0.421
3507, 0.1375, 0.426
3508, 0.2009, 0.418
3509, 0.1754, 0.426
3510, 0.0844, 0.416
3511, 0.1758, 0.425
3512, 0.1434, 0.431
3513, 0.1404, 0.428
3514, 0.1325, 0.428
3515, 0.3051, 0.425
3516, 0.1962, 0.426
3517, 0.2630, 0.421
3518, 0.3605, 0.414
3519, 0.1116, 0.431
3520, 0.1419, 0.423
3521, 0.1442, 0.421
3522, 0.1210, 0.419
3523, 0.1790, 0.417
3524, 0.1162, 0.425
3525, 0.0992, 0.417
3526, 0.1781, 0.423
3527, 0.1325, 0.426
3528, 0.1524, 0.424
3529, 0.1672, 0.421
3530, 0.2104, 0.423
3531, 0.1151, 0.432
3532, 0.2310, 0.419
3533, 0.2289, 0.416
3534, 0.1425, 0.433
3535, 0.2154, 0.418
3536, 0.2803, 0.415
3537, 0.1389, 0.414
3538, 0.1009, 0.416
3539, 0.1816, 0.414
3540, 0.1505, 0.416
3541, 0.1568, 0.418
3542, 0.1966, 0.417
3543, 0.2063, 0.410
3544, 0.1206, 0.413
3545, 0.1302, 0.417
3546, 0.1119, 0.414
3547, 0.1826, 0.411
3548, 0.1316, 0.423
3549, 0.1293, 0.421
3550, 0.1089, 0.418
3551, 0.0902, 0.414
3552, 0.2512, 0.411
3553, 0.1165, 0.417
3554, 0.1791, 0.428
3555, 0.0755, 0.435
3556, 0.1728, 0.421
3557, 0.1197, 0.558
3558, 0.1592, 0.436
3559, 0.2278, 0.419
3560, 0.1675, 0.427
3561, 0.1948, 0.427
3562, 0.1609, 0.429
3563, 0.1618, 0.424
3564, 0.0732, 0.494
3565, 0.1847, 0.412
3566, 0.1278, 0.412
3567, 0.1436, 0.421
3568, 0.2899, 0.417
3569, 0.1053, 0.414
3570, 0.1522, 0.419
3571, 0.1757, 0.434
3572, 0.1691, 0.436
3573, 0.1173, 0.440
3574, 0.1373, 0.442
3575, 0.1759, 0.440
3576, 0.2044, 0.432
3577, 0.1632, 0.429
3578, 0.1341, 0.428
3579, 0.2117, 0.439
3580, 0.1910, 0.417
3581, 0.2111, 0.430
3582, 0.1827, 0.431
3583, 0.1380, 0.424
3584, 0.1047, 0.417
3585, 0.0955, 0.416
3586, 0.1147, 1.286
3587, 0.1837, 0.403
3588, 0.1401, 0.425
3589, 0.0706, 0.433
3590, 0.1587, 0.416
3591, 0.1291, 0.412
3592, 0.2177, 0.414
3593, 0.1949, 0.415
3594, 0.1313, 0.422
3595, 0.0892, 0.417
3596, 0.1442, 0.415
3597, 0.1819, 0.416
3598, 0.2157, 0.417
3599, 0.2417, 0.422
3600, 0.0864, 0.411
3601, 0.1786, 0.404
3602, 0.1181, 0.401
3603, 0.2102, 0.411
3604, 0.2571, 0.408
3605, 0.1663, 0.415
3606, 0.1235, 0.426
3607, 0.1490, 0.409
3608, 0.1575, 0.414
3609, 0.1130, 0.416
3610, 0.1079, 0.415
3611, 0.1044, 0.412
3612, 0.1933, 0.414
3613, 0.1514, 0.415
3614, 0.1260, 0.413
3615, 0.2067, 0.418
3616, 0.2170, 0.430
3617, 0.1766, 0.420
3618, 0.1060, 0.415
3619, 0.1233, 0.410
3620, 0.0980, 0.414
3621, 0.1594, 0.420
3622, 0.1217, 0.417
3623, 0.1075, 0.422
3624, 0.1043, 0.414
3625, 0.1923, 0.427
3626, 0.2184, 0.425
3627, 0.1694, 0.430
3628, 0.1074, 0.436
3629, 0.2263, 0.432
3630, 0.2336, 0.429
3631, 0.1886, 0.415
3632, 0.1080, 0.428
3633, 0.1642, 0.412
3634, 0.1726, 0.417
3635, 0.1924, 0.429
3636, 0.1553, 0.429
3637, 0.1463, 0.509
3638, 0.1092, 0.428
3639, 0.1463, 0.420
3640, 0.1190, 0.426
3641, 0.1433, 0.430
3642, 0.1354, 0.422
3643, 0.0873, 0.434
3644, 0.1206, 0.427
3645, 0.1097, 0.423
3646, 0.2646, 0.428
3647, 0.1643, 0.420
3648, 0.1980, 0.417
3649, 0.2478, 0.422
3650, 0.2455, 0.418
3651, 0.0800, 0.413
3652, 0.1269, 0.426
3653, 0.1671, 0.420
3654, 0.1206, 0.427
3655, 0.1080, 0.423
3656, 0.1241, 0.429
3657, 0.1676, 0.426
3658, 0.2217, 0.411
3659, 0.1441, 0.415
3660, 0.1444, 0.421
3661, 0.1757, 0.424
3662, 0.1545, 0.560
3663, 0.1095, 0.405
3664, 0.1555, 0.410
3665, 0.1071, 0.403
3666, 0.2659, 0.424
3667, 0.1416, 0.401
3668, 0.0715, 0.415
3669, 0.2062, 0.413
3670, 0.2336, 0.431
3671, 0.1166, 0.421
3672, 0.0740, 0.412
3673, 0.2407, 0.415
3674, 0.1769, 0.418
3675, 0.1736, 0.417
3676, 0.1336, 0.417
3677, 0.1137, 0.413
3678, 0.1257, 0.440
3679, 0.2084, 0.415
3680, 0.1612, 0.416
3681, 0.0906, 0.422
3682, 0.1720, 0.431
3683, 0.0873, 0.423
3684, 0.1404, 0.427
3685, 0.1337, 0.415
3686, 0.1704, 0.414
3687, 0.2195, 0.415
3688, 0.2107, 0.430
3689, 0.1632, 0.425
3690, 0.1370, 0.414
3691, 0.2021, 0.425
3692, 0.1112, 0.415
3693, 0.1971, 0.425
3694, 0.2607, 0.414
3695, 0.1330, 0.434
3696, 0.1118, 0.413
3697, 0.0904, 0.420
3698, 0.2140, 0.429
3699, 0.0934, 0.425
3700, 0.1372, 0.419
3701, 0.2052, 0.419
3702, 0.1646, 0.422
3703, 0.1314, 0.507
3704, 0.1307, 0.430
3705, 0.1677, 0.430
3706, 0.0832, 0.428
3707, 0.2663, 0.417
3708, 0.1165, 0.427
3709, 0.0746, 0.427
3710, 0.1159, 0.417
3711, 0.1808, 0.410
3712, 0.1971, 0.432
3713, 0.1160, 0.419
3714, 0.1544, 0.425
3715, 0.1258, 0.424
3716, 0.1852, 0.421
3717, 0.1635, 0.419
3718, 0.1582, 0.416
3719, 0.1775, 0.418
3720, 0.1321, 0.416
3721, 0.2474, 0.421
3722, 0.2114, 0.429
3723, 0.1269, 0.421
3724, 0.1351, 0.437
3725, 0.1535, 0.431
3726, 0.1161, 0.415
3727, 0.2159, 0.414
3728, 0.1866, 0.411
3729, 0.1389, 0.415
3730, 0.1360, 0.450
3731, 0.1767, 0.443
3732, 0.1199, 0.447
3733, 0.1282, 0.428
3734, 0.1542, 0.435
3735, 0.1858, 0.422
3736, 0.1485, 0.444
3737, 0.1238, 0.461
3738, 0.1019, 0.590
3739, 0.1961, 0.484
3740, 0.2155, 0.407
3741, 0.0934, 0.420
3742, 0.2746, 0.424
3743, 0.2175, 1.096
3744, 0.3037, 0.424
3745, 0.1631, 0.415
3746, 0.1809, 0.417
3747, 0.2400, 0.411
3748, 0.2007, 0.416
3749, 0.0881, 0.427
3750, 0.1267, 0.426
3751, 0.1877, 0.413
3752, 0.1774, 0.427
3753, 0.1404, 0.422
3754, 0.1694, 0.429
3755, 0.1481, 0.428
3756, 0.1318, 0.420
3757, 0.1051, 0.423
3758, 0.1212, 0.421
3759, 0.1253, 0.417
3760, 0.1396, 0.426
3761, 0.1667, 0.501
3762, 0.1933, 0.408
3763, 0.1771, 0.415
3764, 0.1518, 0.410
3765, 0.1434, 0.423
3766, 0.1099, 0.424
3767, 0.1640, 0.423
3768, 0.2069, 0.419
3769, 0.0764, 0.431
3770, 0.1788, 0.419
3771, 0.1658, 0.417
3772, 0.0952, 0.412
3773, 0.1890, 0.418
3774, 0.0960, 0.419
3775, 0.1330, 0.415
3776, 0.1840, 0.417
3777, 0.1996, 0.418
3778, 0.1343, 0.429
3779, 0.1793, 0.430
3780, 0.1853, 0.424
3781, 0.2551, 0.417
3782, 0.2408, 0.417
3783, 0.2424, 0.432
3784, 0.1654, 0.429
3785, 0.2556, 0.416
3786, 0.1284, 0.420
3787, 0.2759, 0.426
3788, 0.1958, 0.429
3789, 0.0631, 0.427
3790, 0.0965, 0.428
3791, 0.2059, 0.421
3792, 0.1476, 0.837
3793, 0.2342, 0.416
3794, 0.1540, 0.415
3795, 0.2216, 0.414
3796, 0.1688, 0.412
3797, 0.2482, 0.421
3798, 0.1564, 0.416
3799, 0.2275, 0.417
3800, 0.1481, 0.414
3801, 0.1190, 0.406
3802, 0.1251, 0.412
3803, 0.1515, 0.413
3804, 0.1431, 0.415
3805, 0.1406, 0.416
3806, 0.2347, 0.426
3807, 0.1676, 0.417
3808, 0.0644, 0.419
3809, 0.2624, 0.415
3810, 0.2308, 0.426
3811, 0.1137, 0.418
3812, 0.1613, 0.427
3813, 0.0736, 0.419
3814, 0.1303, 0.419
3815, 0.1300, 0.421
3816, 0.1648, 0.422
3817, 0.1563, 0.416
3818, 0.2002, 0.417
3819, 0.1477, 0.416
3820, 0.2101, 0.419
3821, 0.2204, 0.424
3822, 0.2124, 0.422
3823, 0.1301, 0.417
3824, 0.1160, 0.419
3825, 0.2102, 0.429
3826, 0.1670, 0.411
3827, 0.1415, 0.413
3828, 0.1186, 0.414
3829, 0.1107, 0.422
3830, 0.1206, 0.419
3831, 0.1149, 0.431
3832, 0.1534, 0.432
3833, 0.1573, 0.404
3834, 0.1473, 0.407
3835, 0.1371, 0.421
3836, 0.1681, 0.414
3837, 0.1523, 0.415
3838, 0.1528, 0.414
3839, 0.1509, 0.413
3840, 0.0606, 0.409
3841, 0.1512, 0.408
3842, 0.1426, 0.427
3843, 0.1175, 0.422
3844, 0.1270, 0.420
3845, 0.1236, 0.437
3846, 0.1362, 0.423
3847, 0.2108, 0.420
3848, 0.1375, 0.428
3849, 0.1837, 0.412
3850, 0.1243, 0.968
3851, 0.1601, 0.427
3852, 0.1324, 0.439
3853, 0.1322, 0.443
3854, 0.1597, 0.435
3855, 0.2046, 0.417
3856, 0.1257, 0.430
3857, 0.1444, 0.432
3858, 0.1594, 0.422
3859, 0.2108, 0.413
3860, 0.1568, 0.425
3861, 0.1868, 0.418
3862, 0.1137, 0.421
3863, 0.2236, 0.428
3864, 0.1756, 0.426
3865, 0.2126, 0.423
3866, 0.1992, 0.424
3867, 0.1353, 0.422
3868, 0.1868, 0.417
3869, 0.2082, 0.417
3870, 0.2031, 0.415
3871, 0.1347, 0.413
3872, 0.1539, 0.414
3873, 0.1854, 0.415
3874, 0.2017, 0.408
3875, 0.1691, 0.412
3876, 0.2558, 0.409
3877, 0.1827, 0.408
3878, 0.1943, 0.410
3879, 0.2068, 0.414
3880, 0.2225, 0.413
3881, 0.1442, 0.415
3882, 0.1906, 0.420
3883, 0.2158, 0.409
3884, 0.2948, 0.413
3885, 0.1827, 0.414
3886, 0.1289, 0.412
3887, 0.2658, 0.397
3888, 0.2119, 0.396
3889, 0.2465, 0.396
3890, 0.1496, 0.394
3891, 0.1540, 0.397
3892, 0.2063, 0.398
3893, 0.2357, 0.395
3894, 0.1063, 2.449
3895, 0.1249, 0.397
3896, 0.1329, 0.398
3897, 0.2089, 0.609
3898, 0.1289, 0.403
3899, 0.1490, 0.396
3900, 0.1352, 0.399
3901, 0.1499, 0.414
3902, 0.1113, 0.401
3903, 0.0752, 0.734
3904, 0.1579, 0.420
3905, 0.1215, 0.398
3906, 0.0934, 0.413
3907, 0.1541, 0.413
3908, 0.1187, 0.511
3909, 0.1076, 0.414
3910, 0.2266, 0.411
3911, 0.1496, 0.408
3912, 0.0673, 0.410
3913, 0.2400, 0.412
3914, 0.1419, 0.415
3915, 0.1282, 0.417
3916, 0.1795, 0.414
3917, 0.1545, 0.424
3918, 0.2656, 0.417
3919, 0.1338, 0.416
3920, 0.1596, 0.412
3921, 0.1288, 0.429
3922, 0.1612, 0.421
3923, 0.1625, 0.408
3924, 0.1181, 0.409
3925, 0.1425, 0.410
3926, 0.1812, 0.421
3927, 0.1704, 0.437
3928, 0.0795, 0.428
3929, 0.1998, 0.411
3930, 0.1628, 0.415
3931, 0.1826, 0.413
3932, 0.1363, 0.416
3933, 0.1891, 0.428
3934, 0.1665, 0.423
3935, 0.0754, 0.418
3936, 0.1613, 0.415
3937, 0.1580, 0.421
3938, 0.1546, 0.422
3939, 0.1212, 0.423
3940, 0.1678, 0.418
3941, 0.1083, 0.418
3942, 0.0881, 0.419
3943, 0.1486, 0.435
3944, 0.1241, 0.417
3945, 0.1869, 0.421
3946, 0.1627, 0.414
3947, 0.1846, 0.413
3948, 0.1092, 0.416
3949, 0.1503, 0.410
3950, 0.2133, 0.419
3951, 0.1354, 0.424
3952, 0.1900, 0.394
3953, 0.2038, 0.400
3954, 0.1089, 0.425
3955, 0.1138, 0.425
3956, 0.1449, 0.414
3957, 0.1811, 0.425
3958, 0.1880, 0.427
3959, 0.2690, 0.433
3960, 0.2125, 0.426
3961, 0.2426, 0.426
3962, 0.1575, 0.430
3963, 0.0945, 0.419
3964, 0.1348, 0.412
3965, 0.1493, 0.412
3966, 0.1804, 0.412
3967, 0.1616, 0.421
3968, 0.1791, 0.420
3969, 0.2373, 0.432
3970, 0.1253, 0.423
3971, 0.1207, 0.418
3972, 0.0934, 0.416
3973, 0.1486, 0.417
3974, 0.2287, 0.415
3975, 0.2006, 0.417
3976, 0.1306, 0.427
3977, 0.1354, 0.427
3978, 0.1199, 0.423
3979, 0.1423, 0.429
3980, 0.1573, 0.430
3981, 0.1231, 0.420
3982, 0.1446, 0.425
3983, 0.1023, 0.432
3984, 0.2075, 0.418
3985, 0.1804, 0.425
3986, 0.1336, 0.412
3987, 0.1639, 0.423
3988, 0.1219, 0.416
3989, 0.0982, 0.415
3990, 0.1671, 0.427
3991, 0.1544, 0.426
3992, 0.1862, 0.429
3993, 0.1337, 0.423
3994, 0.1710, 0.426
3995, 0.1248, 0.710
3996, 0.0904, 0.413
3997, 0.1339, 0.417
3998, 0.1309, 0.425
3999, 0.2200, 0.416
4000, 0.1323, 0.416
4001, 0.1955, 0.406
4002, 0.2888, 0.418
4003, 0.0674, 0.417
4004, 0.2592, 0.412
4005, 0.2073, 0.421
4006, 0.1355, 0.413
4007, 0.1547, 0.420
4008, 0.1089, 0.419
4009, 0.1828, 0.414
4010, 0.1930, 0.428
4011, 0.1307, 0.415
4012, 0.1605, 0.422
4013, 0.1735, 0.416
4014, 0.2038, 0.430
4015, 0.1289, 0.458
4016, 0.1551, 0.747
4017, 0.0896, 0.417
4018, 0.1525, 0.416
4019, 0.2131, 0.418
4020, 0.1004, 0.419
4021, 0.1440, 0.431
4022, 0.1272, 1.642
4023, 0.1461, 0.418
4024, 0.2405, 0.420
4025, 0.1245, 0.422
4026, 0.1644, 0.431
4027, 0.1570, 0.418
4028, 0.1931, 0.418
4029, 0.1605, 0.418
4030, 0.1445, 0.414
4031, 0.1401, 0.414
4032, 0.1398, 0.412
4033, 0.1550, 0.414
4034, 0.1626, 0.411
4035, 0.2160, 0.418
4036, 0.1443, 0.409
4037, 0.1380, 0.397
4038, 0.2042, 0.411
4039, 0.2201, 0.392
4040, 0.1357, 0.396
4041, 0.1131, 0.395
4042, 0.1398, 0.396
4043, 0.1974, 0.397
4044, 0.1546, 0.395
4045, 0.1266, 2.891
4046, 0.1517, 0.396
4047, 0.1644, 0.513
4048, 0.1400, 0.420
4049, 0.1821, 0.423
4050, 0.1862, 0.408
4051, 0.1298, 0.408
4052, 0.1942, 0.417
4053, 0.1840, 0.418
4054, 0.2293, 0.415
4055, 0.1089, 0.416
4056, 0.1318, 0.419
4057, 0.1758, 0.414
4058, 0.1467, 0.417
4059, 0.1722, 0.417
4060, 0.1456, 0.413
4061, 0.1699, 0.414
4062, 0.2006, 0.412
4063, 0.1789, 0.417
4064, 0.1765, 0.417
4065, 0.1504, 0.408
4066, 0.0899, 0.416
4067, 0.2309, 0.409
4068, 0.1573, 0.414
4069, 0.0943, 0.414
4070, 0.1133, 0.418
4071, 0.1429, 0.420
4072, 0.0918, 0.417
4073, 0.0855, 0.419
4074, 0.1147, 0.416
4075, 0.1605, 0.411
4076, 0.1236, 0.413
4077, 0.2091, 0.849
4078, 0.0960, 0.407
4079, 0.2094, 0.422
4080, 0.1364, 0.412
4081, 0.0838, 0.414
4082, 0.1849, 0.423
4083, 0.1799, 0.420
4084, 0.1892, 0.417
4085, 0.0874, 0.415
4086, 0.1704, 0.423
4087, 0.1249, 0.415
4088, 0.1048, 0.431
4089, 0.1648, 0.429
4090, 0.2068, 0.425
4091, 0.1758, 0.417
4092, 0.1108, 0.416
4093, 0.1500, 0.418
4094, 0.1172, 0.414
4095, 0.1681, 0.414
4096, 0.1846, 0.411
4097, 0.1640, 0.411
4098, 0.1359, 0.425
4099, 0.1161, 0.418
4100, 0.1198, 0.418
4101, 0.2055, 0.414
4102, 0.1249, 0.418
4103, 0.0846, 0.425
4104, 0.0640, 0.421
4105, 0.1310, 0.435
4106, 0.1429, 0.422
4107, 0.1628, 0.425
4108, 0.1027, 0.415
4109, 0.1313, 0.432
4110, 0.1426, 0.409
4111, 0.1770, 0.413
4112, 0.1952, 0.415
4113, 0.1975, 0.417
4114, 0.2256, 0.412
4115, 0.1474, 0.415
4116, 0.1013, 0.421
4117, 0.0970, 0.413
4118, 0.1794, 0.414
4119, 0.1397, 0.417
4120, 0.1606, 0.416
4121, 0.1694, 0.416
4122, 0.2452, 0.420
4123, 0.2005, 0.420
4124, 0.1932, 0.416
4125, 0.1252, 0.417
4126, 0.1844, 0.430
4127, 0.1785, 0.421
4128, 0.1894, 0.423
4129, 0.1397, 0.416
4130, 0.1589, 0.413
4131, 0.1645, 0.430
4132, 0.1680, 0.424
4133, 0.1295, 0.420
4134, 0.1605, 0.424
4135, 0.1513, 0.414
4136, 0.1355, 0.423
4137, 0.1707, 0.424
4138, 0.1187, 0.429
4139, 0.1634, 0.420
4140, 0.1426, 0.416
4141, 0.1827, 0.416
4142, 0.1131, 0.425
4143, 0.1179, 0.431
4144, 0.0712, 0.423
4145, 0.1930, 0.427
4146, 0.0714, 0.415
4147, 0.1795, 0.423
4148, 0.2154, 0.418
4149, 0.1645, 0.424
4150, 0.1643, 0.426
4151, 0.1310, 0.418
4152, 0.1114, 0.432
4153, 0.1835, 0.433
4154, 0.1063, 0.425
4155, 0.0779, 0.422
4156, 0.1533, 0.415
4157, 0.1099, 0.418
4158, 0.1722, 0.412
4159, 0.1726, 0.736
4160, 0.1961, 0.424
4161, 0.0982, 0.561
4162, 0.0951, 0.418
4163, 0.2115, 0.421
4164, 0.1835, 0.422
4165, 0.0735, 0.450
4166, 0.1221, 0.413
4167, 0.1131, 0.411
4168, 0.1315, 0.417
4169, 0.1755, 0.430
4170, 0.1907, 0.410
4171, 0.1656, 0.431
4172, 0.2153, 0.416
4173, 0.1552, 0.419
4174, 0.2512, 0.411
4175, 0.1942, 0.459
4176, 0.2191, 0.419
4177, 0.1783, 0.412
4178, 0.0638, 0.412
4179, 0.1134, 0.414
4180, 0.1184, 0.418
4181, 0.1484, 0.410
4182, 0.1565, 0.411
4183, 0.2014, 0.406
4184, 0.1705, 0.406
4185, 0.1274, 0.403
4186, 0.1368, 0.403
4187, 0.2806, 0.427
4188, 0.1713, 0.426
4189, 0.2079, 0.431
4190, 0.1385, 0.426
4191, 0.1496, 0.415
4192, 0.1365, 0.414
4193, 0.2268, 0.415
4194, 0.1134, 0.414
4195, 0.1210, 0.415
4196, 0.1314, 0.414
4197, 0.1731, 0.415
4198, 0.2737, 1.470
4199, 0.1087, 0.404
4200, 0.0980, 0.401
4201, 0.1868, 0.423
4202, 0.1396, 0.400
4203, 0.1507, 0.415
4204, 0.2106, 0.414
4205, 0.1788, 0.417
4206, 0.1820, 0.414
4207, 0.1228, 0.413
4208, 0.1590, 0.411
4209, 0.1518, 0.414
4210, 0.1198, 0.414
4211, 0.1395, 0.477
4212, 0.2103, 0.411
4213, 0.1462, 0.410
4214, 0.0487, 0.410
4215, 0.0604, 0.410
4216, 0.1096, 0.418
4217, 0.0884, 0.413
4218, 0.2250, 0.414
4219, 0.1349, 0.414
4220, 0.1546, 0.410
4221, 0.1438, 0.417
4222, 0.0809, 0.424
4223, 0.1113, 0.420
4224, 0.1211, 0.423
4225, 0.1659, 0.495
4226, 0.1809, 0.417
4227, 0.1209, 0.409
4228, 0.2915, 0.457
4229, 0.0703, 0.428
4230, 0.1312, 0.426
4231, 0.1193, 0.426
4232, 0.1565, 0.422
4233, 0.1631, 0.420
4234, 0.1903, 0.422
4235, 0.1587, 0.418
4236, 0.2089, 0.419
4237, 0.1831, 0.428
4238, 0.0840, 0.414
4239, 0.1067, 0.414
4240, 0.0665, 0.425
4241, 0.1251, 0.422
4242, 0.1184, 0.441
4243, 0.2018, 0.426
4244, 0.1315, 0.414
4245, 0.1986, 0.413
4246, 0.1820, 0.431
4247, 0.1401, 0.426
4248, 0.1463, 0.417
4249, 0.1868, 0.420
4250, 0.0524, 0.411
4251, 0.1431, 0.423
4252, 0.1306, 0.415
4253, 0.2073, 0.432
4254, 0.1233, 0.424
4255, 0.1838, 0.429
4256, 0.1937, 0.425
4257, 0.1588, 0.420
4258, 0.0980, 0.411
4259, 0.1955, 0.451
4260, 0.2221, 0.419
4261, 0.1635, 0.416
4262, 0.1546, 0.413
4263, 0.0756, 0.411
4264, 0.1040, 0.409
4265, 0.1500, 0.411
4266, 0.1828, 0.417
4267, 0.2005, 0.410
4268, 0.1663, 0.414
4269, 0.0784, 0.409
4270, 0.1508, 0.409
4271, 0.0969, 0.413
4272, 0.1827, 0.416
4273, 0.2376, 0.415
4274, 0.1781, 0.413
4275, 0.2128, 0.419
4276, 0.1455, 0.428
4277, 0.1031, 0.415
4278, 0.1817, 0.413
4279, 0.2492, 0.412
4280, 0.1280, 0.423
4281, 0.1253, 0.413
4282, 0.1485, 0.412
4283, 0.1565, 0.409
4284, 0.1412, 0.413
4285, 0.2488, 0.415
4286, 0.1846, 0.424
4287, 0.1610, 0.414
4288, 0.1249, 0.415
4289, 0.1721, 0.414
4290, 0.1936, 0.418
4291, 0.1348, 0.489
4292, 0.1983, 0.413
4293, 0.1533, 0.416
4294, 0.1540, 0.425
4295, 0.1714, 0.420
4296, 0.1464, 0.407
4297, 0.1096, 0.422
4298, 0.1011, 0.414
4299, 0.1549, 0.412
4300, 0.0978, 0.427
4301, 0.1626, 0.429
4302, 0.1203, 0.411
4303, 0.1771, 0.413
4304, 0.2073, 0.429
4305, 0.1801, 0.713
4306, 0.1484, 0.414
4307, 0.1397, 0.421
4308, 0.2197, 0.773
4309, 0.1511, 0.421
4310, 0.2416, 0.418
4311, 0.1247, 0.415
4312, 0.1499, 0.413
4313, 0.1560, 0.422
4314, 0.1447, 0.431
4315, 0.1567, 0.422
4316, 0.0970, 0.417
4317, 0.2477, 0.425
4318, 0.0956, 0.423
4319, 0.1868, 0.418
4320, 0.1703, 0.442
4321, 0.1902, 0.432
4322, 0.1979, 0.412
4323, 0.1818, 0.416
4324, 0.1389, 0.527
4325, 0.1341, 0.417
4326, 0.1412, 0.422
4327, 0.1551, 0.415
4328, 0.1992, 0.422
4329, 0.1657, 0.790
4330, 0.2464, 0.419
4331, 0.1700, 0.436
4332, 0.1845, 0.426
4333, 0.1374, 0.421
4334, 0.1127, 0.423
4335, 0.1898, 0.516
4336, 0.2285, 0.426
4337, 0.2030, 0.431
4338, 0.1399, 0.429
4339, 0.2218, 0.419
4340, 0.1167, 0.409
4341, 0.1672, 0.409
4342, 0.0926, 0.408
4343, 0.1187, 0.410
4344, 0.1414, 0.393
4345, 0.2051, 0.398
4346, 0.1282, 0.400
4347, 0.1077, 0.397
4348, 0.1942, 0.391
4349, 0.1591, 0.391
4350, 0.2395, 0.390
4351, 0.1482, 3.228
4352, 0.2936, 0.412
4353, 0.2107, 0.401
4354, 0.1450, 0.406
4355, 0.2132, 0.452
4356, 0.1900, 0.429
4357, 0.1983, 0.421
4358, 0.1434, 0.436
4359, 0.2110, 0.429
4360, 0.1423, 0.434
4361, 0.1816, 0.418
4362, 0.1322, 0.415
4363, 0.2260, 0.419
4364, 0.1702, 0.415
4365, 0.1434, 0.426
4366, 0.2270, 0.428
4367, 0.0830, 0.427
4368, 0.1534, 0.434
4369, 0.1336, 0.421
4370, 0.1478, 0.426
4371, 0.2935, 0.425
4372, 0.1493, 0.424
4373, 0.1325, 0.416
4374, 0.1516, 0.416
4375, 0.1797, 0.428
4376, 0.1212, 0.423
4377, 0.1557, 0.425
4378, 0.0937, 0.417
4379, 0.1186, 0.417
4380, 0.0870, 0.419
4381, 0.1129, 0.426
4382, 0.1169, 0.427
4383, 0.1687, 0.420
4384, 0.1650, 0.427
4385, 0.1764, 0.425
4386, 0.1339, 0.416
4387, 0.2391, 0.415
4388, 0.1162, 0.417
4389, 0.1613, 0.415
4390, 0.1054, 0.420
4391, 0.1258, 0.425
4392, 0.0973, 0.424
4393, 0.2581, 0.437
4394, 0.2730, 0.418
4395, 0.1737, 0.429
4396, 0.2006, 0.424
4397, 0.1184, 0.436
4398, 0.1722, 0.420
4399, 0.1829, 0.419
4400, 0.2103, 0.432
4401, 0.1260, 0.421
4402, 0.1319, 0.420
4403, 0.1164, 0.425
4404, 0.1903, 0.426
4405, 0.1123, 0.438
4406, 0.1628, 0.424
4407, 0.1769, 0.422
4408, 0.1352, 0.430
4409, 0.2391, 0.420
4410, 0.1774, 0.427
4411, 0.1521, 0.428
4412, 0.1441, 0.419
4413, 0.1568, 0.465
4414, 0.2095, 0.419
4415, 0.1603, 0.413
4416, 0.2010, 0.407
4417, 0.1870, 0.411
4418, 0.1476, 0.418
4419, 0.1328, 0.415
4420, 0.1488, 0.411
4421, 0.1220, 0.415
4422, 0.1337, 0.423
4423, 0.0777, 0.412
4424, 0.1776, 0.416
4425, 0.1571, 0.415
4426, 0.1984, 0.419
4427, 0.2044, 0.418
4428, 0.1705, 0.425
4429, 0.1164, 0.426
4430, 0.1031, 0.425
4431, 0.1269, 0.412
4432, 0.1036, 0.411
4433, 0.1754, 0.410
4434, 0.1560, 0.411
4435, 0.1290, 0.410
4436, 0.2017, 0.414
4437, 0.1396, 0.415
4438, 0.2126, 0.413
4439, 0.0866, 0.435
4440, 0.1203, 0.434
4441, 0.1217, 0.421
4442, 0.2205, 0.418
4443, 0.2113, 0.418
4444, 0.1785, 0.423
4445, 0.1335, 0.420
4446, 0.1523, 0.412
4447, 0.1751, 0.414
4448, 0.1257, 0.411
4449, 0.1245, 0.423
4450, 0.1524, 0.415
4451, 0.0913, 0.415
4452, 0.1306, 0.427
4453, 0.2065, 0.425
4454, 0.1710, 0.428
4455, 0.1702, 0.423
4456, 0.2078, 0.420
4457, 0.1705, 0.417
4458, 0.1610, 0.429
4459, 0.1719, 0.429
4460, 0.2079, 0.534
4461, 0.2050, 0.414
4462, 0.1150, 0.444
4463, 0.2133, 0.417
4464, 0.2564, 0.412
4465, 0.0866, 0.418
4466, 0.2144, 0.417
4467, 0.1776, 0.421
4468, 0.1465, 0.421
4469, 0.1178, 0.424
4470, 0.1315, 0.414
4471, 0.1671, 0.409
4472, 0.0993, 0.415
4473, 0.1792, 0.412
4474, 0.0944, 0.411
4475, 0.1404, 0.410
4476, 0.2377, 0.413
4477, 0.1358, 0.414
4478, 0.1766, 0.412
4479, 0.2236, 0.407
4480, 0.1366, 0.406
4481, 0.1760, 0.408
4482, 0.1669, 0.412
4483, 0.1639, 0.416
4484, 0.1650, 0.425
4485, 0.2146, 0.413
4486, 0.1864, 0.414
4487, 0.1066, 0.413
4488, 0.1941, 0.415
4489, 0.1099, 0.418
4490, 0.1716, 0.417
4491, 0.2360, 0.410
4492, 0.0688, 0.406
4493, 0.1398, 0.402
4494, 0.1229, 0.405
4495, 0.1691, 0.405
4496, 0.1011, 0.405
4497, 0.0989, 0.395
4498, 0.1975, 0.397
4499, 0.1242, 0.396
4500, 0.1140, 0.398
4501, 0.1804, 0.395
4502, 0.1329, 0.395
4503, 0.1440, 0.395
4504, 0.1103, 1.739
4505, 0.1140, 0.397
4506, 0.1756, 0.394
4507, 0.1744, 0.400
4508, 0.1274, 0.394
4509, 0.2449, 0.398
4510, 0.1060, 0.537
4511, 0.1532, 0.414
4512, 0.1759, 0.412
4513, 0.1681, 0.427
4514, 0.1675, 0.467
4515, 0.0934, 0.420
4516, 0.1484, 0.417
4517, 0.2618, 0.418
4518, 0.1342, 0.415
4519, 0.0856, 0.412
4520, 0.1137, 0.422
4521, 0.1254, 0.420
4522, 0.2311, 0.429
4523, 0.2593, 0.420
4524, 0.1315, 0.415
4525, 0.1309, 0.414
4526, 0.1088, 0.411
4527, 0.1414, 0.415
4528, 0.0932, 0.415
4529, 0.1543, 0.414
4530, 0.1152, 0.425
4531, 0.1773, 0.431
4532, 0.0992, 0.427
4533, 0.1027, 0.443
4534, 0.1634, 0.435
4535, 0.1634, 0.437
4536, 0.1809, 0.443
4537, 0.1346, 0.445
4538, 0.1281, 0.438
4539, 0.1268, 0.439
4540, 0.2439, 0.439
4541, 0.0929, 0.434
4542, 0.1888, 0.428
4543, 0.1884, 0.437
4544, 0.2388, 0.436
4545, 0.1653, 0.438
4546, 0.1614, 0.438
4547, 0.1342, 0.436
4548, 0.1467, 0.437
4549, 0.1710, 0.428
4550, 0.1707, 0.439
4551, 0.1583, 0.432
4552, 0.1356, 0.436
4553, 0.1109, 0.436
4554, 0.1626, 0.442
4555, 0.2102, 0.441
4556, 0.1419, 0.417
4557, 0.1379, 0.415
4558, 0.1322, 0.416
4559, 0.0989, 0.428
4560, 0.1900, 0.439
4561, 0.1340, 0.438
4562, 0.1607, 0.435
4563, 0.1811, 0.435
4564, 0.1038, 0.440
4565, 0.1547, 0.438
4566, 0.1916, 0.434
4567, 0.2014, 0.429
4568, 0.1449, 0.435
4569, 0.1818, 0.435
4570, 0.1076, 0.437
4571, 0.1178, 0.436
4572, 0.1521, 0.443
4573, 0.1275, 0.439
4574, 0.1729, 0.439
4575, 0.1519, 0.440
4576, 0.1456, 0.438
4577, 0.1256, 0.438
4578, 0.2264, 0.434
4579, 0.1042, 0.434
4580, 0.2225, 0.438
4581, 0.1795, 0.435
4582, 0.2363, 0.438
4583, 0.1382, 0.435
4584, 0.2145, 0.434
4585, 0.1908, 0.435
4586, 0.1562, 0.437
4587, 0.2835, 0.418
4588, 0.1520, 0.435
4589, 0.1113, 0.415
4590, 0.1113, 0.416
4591, 0.1324, 0.435
4592, 0.0955, 0.437
4593, 0.0967, 0.437
4594, 0.1437, 0.439
4595, 0.1363, 0.435
4596, 0.1053, 0.436
4597, 0.2061, 0.436
4598, 0.1288, 0.435
4599, 0.2413, 0.431
4600, 0.1414, 0.433
4601, 0.1475, 0.415
4602, 0.1889, 0.406
4603, 0.1679, 0.419
4604, 0.1641, 0.415
4605, 0.1615, 0.418
4606, 0.1096, 0.432
4607, 0.1865, 0.425
4608, 0.2045, 0.416
4609, 0.1479, 0.418
4610, 0.1416, 0.421
4611, 0.1784, 0.447
4612, 0.1653, 0.416
4613, 0.1265, 0.423
4614, 0.2080, 0.430
4615, 0.1491, 0.415
4616, 0.1437, 0.436
4617, 0.2256, 0.437
4618, 0.2017, 0.432
4619, 0.0962, 0.420
4620, 0.1706, 0.421
4621, 0.1488, 0.411
4622, 0.1649, 0.413
4623, 0.1205, 0.412
4624, 0.0998, 0.413
4625, 0.1496, 0.412
4626, 0.1873, 0.415
4627, 0.1782, 0.410
4628, 0.1966, 0.411
4629, 0.1479, 0.408
4630, 0.0999, 0.411
4631, 0.1123, 0.410
4632, 0.1327, 0.429
4633, 0.1512, 0.433
4634, 0.0959, 0.416
4635, 0.1272, 0.418
4636, 0.2241, 0.414
4637, 0.1211, 0.413
4638, 0.1404, 0.423
4639, 0.1151, 0.418
4640, 0.2343, 0.414
4641, 0.2194, 0.423
4642, 0.2110, 0.420
4643, 0.1220, 0.412
4644, 0.1529, 0.413
4645, 0.1472, 0.419
4646, 0.1801, 0.415
4647, 0.1157, 0.412
4648, 0.2257, 0.406
4649, 0.1366, 0.407
4650, 0.1369, 0.410
4651, 0.0840, 0.412
4652, 0.1459, 0.398
4653, 0.1083, 0.392
4654, 0.1421, 0.391
4655, 0.1522, 0.395
4656, 0.1223, 0.398
4657, 0.1307, 0.395
4658, 0.1617, 0.392
4659, 0.1306, 1.568
4660, 0.1477, 1.044
4661, 0.2111, 0.394
4662, 0.1543, 0.398
4663, 0.1701, 0.396
4664, 0.3043, 1.089
4665, 0.2354, 0.407
4666, 0.1794, 0.407
4667, 0.1805, 0.409
4668, 0.1338, 0.416
4669, 0.1362, 0.400
4670, 0.1348, 0.398
4671, 0.1736, 0.416
4672, 0.0692, 0.930
4673, 0.1234, 0.422
4674, 0.2299, 0.401
4675, 0.1766, 0.418
4676, 0.0894, 0.411
4677, 0.1226, 0.430
4678, 0.1837, 1.021
4679, 0.2013, 0.422
4680, 0.2726, 0.419
4681, 0.1322, 0.411
4682, 0.1442, 0.424
4683, 0.2549, 0.425
4684, 0.2141, 0.415
4685, 0.1906, 0.413
4686, 0.2036, 0.412
4687, 0.1532, 0.413
4688, 0.2025, 0.416
4689, 0.2097, 0.410
4690, 0.0943, 0.411
4691, 0.1697, 0.408
4692, 0.1201, 0.410
4693, 0.1858, 0.412
4694, 0.1251, 0.413
4695, 0.1739, 0.408
4696, 0.1426, 0.412
4697, 0.1128, 0.417
4698, 0.1002, 0.409
4699, 0.2060, 0.410
4700, 0.1604, 0.415
4701, 0.1474, 0.413
4702, 0.1654, 0.412
4703, 0.1384, 0.412
4704, 0.1307, 0.416
4705, 0.1230, 0.412
4706, 0.2127, 0.414
4707, 0.1587, 0.422
4708, 0.1369, 0.409
4709, 0.1421, 0.420
4710, 0.0989, 0.420
4711, 0.1172, 0.411
4712, 0.2102, 0.410
4713, 0.1931, 0.423
4714, 0.2409, 0.412
4715, 0.2115, 0.425
4716, 0.1720, 0.414
4717, 0.1547, 0.420
4718, 0.1404, 0.577
4719, 0.1580, 0.424
4720, 0.0728, 0.413
4721, 0.1831, 0.419
4722, 0.1131, 0.420
4723, 0.1558, 0.416
4724, 0.1570, 0.421
4725, 0.2208, 0.779
4726, 0.1086, 0.424
4727, 0.1175, 0.482
4728, 0.1005, 0.416
4729, 0.0941, 0.414
4730, 0.1448, 0.413
4731, 0.1603, 0.417
4732, 0.1449, 0.417
4733, 0.1368, 0.412
4734, 0.1656, 0.411
4735, 0.1732, 0.409
4736, 0.1218, 0.414
4737, 0.1408, 0.423
4738, 0.1567, 0.424
4739, 0.1794, 0.423
4740, 0.1470, 0.430
4741, 0.1188, 0.435
4742, 0.1926, 0.431
4743, 0.2349, 0.430
4744, 0.1472, 0.502
4745, 0.1672, 0.433
4746, 0.2009, 0.432
4747, 0.2036, 0.433
4748, 0.2749, 0.429
4749, 0.1769, 0.431
4750, 0.2387, 0.431
4751, 0.0727, 0.431
4752, 0.1644, 0.441
4753, 0.1336, 0.439
4754, 0.1433, 0.438
4755, 0.2538, 0.444
4756, 0.1559, 0.444
4757, 0.2110, 0.447
4758, 0.1924, 0.442
4759, 0.1775, 0.436
4760, 0.1255, 0.443
4761, 0.1424, 0.438
4762, 0.1283, 0.431
4763, 0.1985, 0.415
4764, 0.1494, 0.429
4765, 0.2334, 0.438
4766, 0.1500, 0.434
4767, 0.1624, 0.436
4768, 0.2082, 0.434
4769, 0.1954, 0.436
4770, 0.2078, 0.433
4771, 0.1479, 0.432
4772, 0.1751, 0.433
4773, 0.1728, 0.433
4774, 0.1683, 0.437
4775, 0.2335, 0.437
4776, 0.0926, 0.439
4777, 0.1462, 0.435
4778, 0.1703, 0.437
4779, 0.2063, 0.438
4780, 0.2032, 0.438
4781, 0.2177, 0.438
4782, 0.1557, 0.435
4783, 0.1822, 0.439
4784, 0.1146, 0.436
4785, 0.3518, 0.421
4786, 0.1415, 0.421
4787, 0.1607, 0.438
4788, 0.1784, 0.438
4789, 0.1626, 0.438
4790, 0.1754, 0.444
4791, 0.1516, 0.440
4792, 0.1157, 0.449
4793, 0.1836, 0.418
4794, 0.1034, 0.440
4795, 0.1415, 0.417
4796, 0.2258, 0.418
4797, 0.2334, 0.434
4798, 0.1828, 0.435
4799, 0.1446, 0.436
4800, 0.1916, 0.432
4801, 0.1377, 0.422
4802, 0.1292, 0.431
4803, 0.0609, 0.406
4804, 0.1927, 0.422
4805, 0.2123, 0.423
4806, 0.1938, 0.419
4807, 0.1212, 0.403
4808, 0.1967, 0.403
4809, 0.1386, 0.403
4810, 0.2075, 0.867
4811, 0.1959, 0.399
4812, 0.2101, 0.594
4813, 0.1420, 0.375
4814, 0.1803, 0.367
4815, 0.1336, 0.401
4816, 0.1521, 0.405
4817, 0.1211, 0.402
4818, 0.1182, 0.413
4819, 0.2218, 0.418
4820, 0.1132, 0.460
4821, 0.1154, 0.423
4822, 0.1158, 0.417
4823, 0.2724, 0.429
4824, 0.0872, 0.424
4825, 0.1339, 0.426
4826, 0.0680, 0.420
4827, 0.1480, 0.430
4828, 0.1630, 0.417
4829, 0.2108, 0.415
4830, 0.1400, 0.414
4831, 0.1606, 0.412
4832, 0.1754, 0.410
4833, 0.1934, 0.415
4834, 0.1327, 0.429
4835, 0.2272, 0.423
4836, 0.2179, 0.423
4837, 0.1525, 0.425
4838, 0.1776, 0.418
4839, 0.2126, 0.588
4840, 0.1606, 0.423
4841, 0.1828, 0.418
4842, 0.1563, 0.423
4843, 0.1968, 0.620
4844, 0.2422, 0.434
4845, 0.1280, 0.422
4846, 0.1391, 0.433
4847, 0.2011, 0.423
4848, 0.1510, 0.428
4849, 0.1408, 0.415
4850, 0.1216, 0.437
4851, 0.1871, 0.432
4852, 0.1186, 0.423
4853, 0.1216, 0.420
4854, 0.1646, 0.416
4855, 0.1279, 0.415
4856, 0.1570, 0.411
4857, 0.1638, 0.412
4858, 0.1334, 0.409
4859, 0.1460, 0.414
4860, 0.1126, 0.409
4861, 0.1992, 0.413
4862, 0.1442, 0.413
4863, 0.1353, 0.407
4864, 0.1779, 0.416
4865, 0.1445, 0.416
4866, 0.1464, 0.416
4867, 0.1475, 0.417
4868, 0.1679, 0.414
4869, 0.1245, 0.417
4870, 0.1208, 0.410
4871, 0.1836, 0.412
4872, 0.1563, 0.409
4873, 0.1062, 0.411
4874, 0.2002, 0.414
4875, 0.2042, 0.412
4876, 0.1536, 0.418
4877, 0.1973, 0.413
4878, 0.1876, 0.420
4879, 0.1971, 0.423
4880, 0.1442, 0.429
4881, 0.1887, 0.420
4882, 0.2274, 0.428
4883, 0.2252, 0.420
4884, 0.2518, 0.423
4885, 0.1675, 0.417
4886, 0.1762, 0.416
4887, 0.1319, 0.425
4888, 0.1660, 0.419
4889, 0.0951, 0.414
4890, 0.3044, 0.413
4891, 0.1683, 0.411
4892, 0.1453, 0.413
4893, 0.2469, 0.412
4894, 0.0725, 0.413
4895, 0.2383, 0.415
4896, 0.0934, 0.421
4897, 0.1216, 0.431
4898, 0.1924, 0.419
4899, 0.1975, 0.413
4900, 0.1907, 0.412
4901, 0.1813, 0.412
4902, 0.1715, 0.416
4903, 0.2000, 0.417
4904, 0.0897, 0.415
4905, 0.0943, 0.416
4906, 0.2432, 0.412
4907, 0.1665, 0.422
4908, 0.2371, 0.409
4909, 0.2040, 0.416
4910, 0.1824, 0.414
4911, 0.1894, 0.413
4912, 0.0630, 0.426
4913, 0.0267, 0.418
4914, 0.1833, 0.416
4915, 0.1421, 0.419
4916, 0.1794, 0.413
4917, 0.1661, 0.425
4918, 0.2108, 0.418
4919, 0.1085, 0.418
4920, 0.2210, 0.530
4921, 0.2191, 0.417
4922, 0.1967, 0.430
4923, 0.1907, 0.421
4924, 0.2614, 0.414
4925, 0.1557, 0.414
4926, 0.1447, 0.414
4927, 0.1124, 0.412
4928, 0.1980, 0.413
4929, 0.0692, 0.421
4930, 0.1210, 0.412
4931, 0.1014, 0.413
4932, 0.2171, 0.421
4933, 0.2448, 0.416
4934, 0.1679, 0.416
4935, 0.2216, 0.413
4936, 0.1718, 0.416
4937, 0.2645, 0.421
4938, 0.0898, 0.421
4939, 0.1833, 0.415
4940, 0.1826, 0.415
4941, 0.2317, 0.436
4942, 0.2017, 0.432
4943, 0.1478, 0.414
4944, 0.1320, 0.414
4945, 0.1523, 0.415
4946, 0.0797, 0.409
4947, 0.1962, 0.428
4948, 0.1603, 0.419
4949, 0.1170, 0.417
4950, 0.1616, 0.415
4951, 0.1520, 0.414
4952, 0.1996, 0.420
4953, 0.1718, 0.427
4954, 0.1271, 0.416
4955, 0.0979, 0.412
4956, 0.1619, 0.411
4957, 0.1221, 0.415
4958, 0.1684, 0.425
4959, 0.1653, 0.425
4960, 0.1631, 0.425
4961, 0.2084, 0.415
4962, 0.1307, 0.420
4963, 0.1683, 0.419
4964, 0.1016, 0.420
4965, 0.2000, 0.420
4966, 0.1601, 0.418
4967, 0.1683, 0.418
4968, 0.1769, 1.304
4969, 0.1940, 0.403
4970, 0.0972, 0.401
4971, 0.1346, 0.522
4972, 0.1250, 0.423
4973, 0.1633, 0.435
4974, 0.1392, 0.435
4975, 0.1397, 0.437
4976, 0.0848, 0.420
4977, 0.1721, 0.442
4978, 0.1123, 0.437
4979, 0.1879, 0.440
4980, 0.0748, 0.451
4981, 0.1160, 0.438
4982, 0.0932, 0.433
4983, 0.1260, 0.436
4984, 0.1426, 0.425
4985, 0.2077, 0.449
4986, 0.1638, 0.442
4987, 0.1414, 0.420
4988, 0.1677, 0.439
4989, 0.1448, 0.438
4990, 0.2665, 0.452
4991, 0.1981, 0.457
4992, 0.1470, 0.441
4993, 0.1497, 0.439
4994, 0.1091, 0.435
4995, 0.0958, 0.432
4996, 0.1588, 0.432
4997, 0.1599, 0.415
4998, 0.2140, 0.425
4999, 0.1052, 0.445
5000, 0.1657, 0.435
