0, 0.4954, 2.228
1, 0.4982, 0.418
2, 0.5032, 0.447
3, 0.4806, 0.562
4, 0.4948, 0.454
5, 0.4953, 0.455
6, 0.4776, 0.464
7, 0.4893, 0.438
8, 0.5001, 0.458
9, 0.4962, 0.422
10, 0.5026, 0.420
11, 0.4997, 0.531
12, 0.4907, 0.438
13, 0.5023, 0.447
14, 0.4841, 0.436
15, 0.4972, 0.431
16, 0.4921, 0.448
17, 0.4830, 0.449
18, 0.4919, 0.448
19, 0.4785, 0.455
20, 0.4990, 0.465
21, 0.5053, 0.450
22, 0.5074, 0.452
23, 0.4799, 0.446
24, 0.4818, 0.455
25, 0.4936, 0.456
26, 0.5081, 0.444
27, 0.4936, 0.445
28, 0.4945, 0.442
29, 0.5075, 0.454
30, 0.4896, 0.426
31, 0.4985, 0.462
32, 0.4874, 0.463
33, 0.4903, 0.467
34, 0.5150, 0.454
35, 0.4794, 0.457
36, 0.4951, 0.443
37, 0.4899, 0.444
38, 0.4915, 0.438
39, 0.5093, 0.426
40, 0.4932, 0.424
41, 0.4936, 0.423
42, 0.4935, 0.444
43, 0.4977, 0.427
44, 0.4882, 0.422
45, 0.4878, 0.437
46, 0.5021, 0.444
47, 0.4931, 0.443
48, 0.5063, 0.449
49, 0.4956, 0.441
50, 0.4997, 0.446
51, 0.4748, 0.447
52, 0.4861, 0.434
53, 0.4860, 0.439
54, 0.4904, 0.442
55, 0.4916, 0.443
56, 0.4832, 0.438
57, 0.4820, 0.443
58, 0.5014, 0.453
59, 0.4890, 0.470
60, 0.4958, 0.451
61, 0.4867, 0.441
62, 0.4960, 0.433
63, 0.4926, 0.437
64, 0.4815, 0.446
65, 0.4927, 0.440
66, 0.4953, 0.432
67, 0.4902, 0.431
68, 0.4774, 0.444
69, 0.4830, 0.446
70, 0.4995, 0.440
71, 0.4881, 0.442
72, 0.4998, 0.453
73, 0.4883, 0.443
74, 0.4986, 0.464
75, 0.4963, 0.444
76, 0.4875, 0.462
77, 0.4915, 0.455
78, 0.4903, 0.443
79, 0.4972, 0.441
80, 0.4888, 0.439
81, 0.4926, 0.458
82, 0.4739, 0.447
83, 0.4899, 0.452
84, 0.4903, 0.449
85, 0.4946, 0.440
86, 0.4848, 0.440
87, 0.4855, 0.439
88, 0.4896, 0.443
89, 0.4876, 0.442
90, 0.5079, 0.449
91, 0.4983, 0.437
92, 0.5019, 0.442
93, 0.4829, 0.441
94, 0.4977, 0.436
95, 0.4957, 0.430
96, 0.5052, 0.450
97, 0.4940, 0.437
98, 0.5006, 0.453
99, 0.4909, 0.436
100, 0.4867, 0.453
101, 0.4915, 0.449
102, 0.4814, 0.442
103, 0.4926, 0.440
104, 0.4933, 0.433
105, 0.4971, 0.437
106, 0.4983, 0.449
107, 0.4761, 0.434
108, 0.4777, 0.440
109, 0.5064, 0.440
110, 0.4931, 0.439
111, 0.5024, 0.437
112, 0.4896, 0.448
113, 0.4981, 0.438
114, 0.4946, 0.440
115, 0.4822, 0.452
116, 0.4867, 0.435
117, 0.4931, 0.447
118, 0.4844, 0.437
119, 0.4927, 0.437
120, 0.4679, 0.439
121, 0.4904, 0.439
122, 0.4975, 0.442
123, 0.4791, 0.436
124, 0.4864, 0.445
125, 0.4867, 0.525
126, 0.4847, 0.436
127, 0.4913, 0.438
128, 0.4976, 0.444
129, 0.4820, 0.440
130, 0.4729, 0.437
131, 0.4624, 0.447
132, 0.4838, 0.458
133, 0.4657, 0.444
134, 0.4863, 0.457
135, 0.4738, 0.446
136, 0.4954, 0.447
137, 0.5002, 0.453
138, 0.4983, 0.453
139, 0.4862, 0.444
140, 0.4788, 0.448
141, 0.4834, 0.444
142, 0.4960, 0.451
143, 0.4947, 0.457
144, 0.4950, 0.455
145, 0.5051, 0.454
146, 0.4919, 0.444
147, 0.5011, 0.445
148, 0.4927, 0.464
149, 0.5002, 0.472
150, 0.4984, 0.460
151, 0.5064, 0.462
152, 0.4857, 0.451
153, 0.5043, 0.460
154, 0.5010, 0.466
155, 0.4982, 0.424
156, 0.4851, 0.424
157, 0.4932, 0.426
158, 0.4938, 0.425
159, 0.4833, 0.430
160, 0.4958, 0.445
161, 0.4993, 0.445
162, 0.4910, 0.457
163, 0.4745, 0.428
164, 0.4829, 0.432
165, 0.4942, 0.432
166, 0.4998, 0.431
167, 0.4990, 0.443
168, 0.4853, 0.428
169, 0.4887, 0.423
170, 0.4828, 0.422
171, 0.4963, 0.431
172, 0.4926, 0.552
173, 0.4974, 0.461
174, 0.4690, 0.461
175, 0.5131, 0.470
176, 0.4958, 0.460
177, 0.4967, 0.444
178, 0.4938, 0.453
179, 0.4815, 0.462
180, 0.4770, 0.452
181, 0.4956, 0.441
182, 0.4895, 0.469
183, 0.4899, 0.474
184, 0.4945, 0.475
185, 0.5024, 0.475
186, 0.5080, 0.463
187, 0.4726, 0.455
188, 0.4925, 0.428
189, 0.4879, 0.448
190, 0.4943, 0.444
191, 0.4973, 0.445
192, 0.4915, 0.440
193, 0.4765, 0.451
194, 0.4959, 0.455
195, 0.4969, 0.450
196, 0.5007, 0.450
197, 0.4929, 0.468
198, 0.4901, 0.449
199, 0.4976, 0.448
200, 0.4933, 0.452
201, 0.5069, 0.433
202, 0.4990, 0.443
203, 0.5047, 0.445
204, 0.5058, 0.462
205, 0.4795, 0.463
206, 0.5009, 0.467
207, 0.4941, 0.451
208, 0.4964, 0.447
209, 0.4870, 0.479
210, 0.4923, 0.565
211, 0.4795, 0.452
212, 0.4948, 0.485
213, 0.4873, 0.457
214, 0.4749, 0.444
215, 0.4833, 0.443
216, 0.4958, 0.450
217, 0.4916, 0.472
218, 0.4970, 0.451
219, 0.4764, 0.444
220, 0.4932, 0.462
221, 0.4947, 0.470
222, 0.4949, 0.452
223, 0.4748, 0.456
224, 0.4814, 0.463
225, 0.4931, 0.470
226, 0.4947, 0.449
227, 0.4854, 0.428
228, 0.4836, 0.444
229, 0.4855, 0.432
230, 0.4850, 0.439
231, 0.4846, 0.450
232, 0.4913, 0.450
233, 0.4744, 0.449
234, 0.4888, 0.446
235, 0.4792, 0.441
236, 0.4867, 0.446
237, 0.4864, 0.442
238, 0.4746, 0.445
239, 0.4821, 0.444
240, 0.4969, 0.442
241, 0.4786, 0.437
242, 0.4871, 0.456
243, 0.4944, 0.452
244, 0.4706, 0.462
245, 0.4927, 0.464
246, 0.4949, 0.477
247, 0.4897, 0.451
248, 0.4805, 0.451
249, 0.4916, 0.447
250, 0.4757, 0.456
251, 0.4844, 0.465
252, 0.4913, 0.454
253, 0.4858, 0.442
254, 0.5029, 0.447
255, 0.5103, 0.446
256, 0.4973, 0.440
257, 0.4845, 0.454
258, 0.4829, 0.442
259, 0.4809, 0.442
260, 0.4912, 0.442
261, 0.4982, 0.441
262, 0.5071, 0.457
263, 0.4937, 0.437
264, 0.4970, 0.448
265, 0.4950, 0.442
266, 0.4747, 0.447
267, 0.4996, 0.434
268, 0.4875, 0.430
269, 0.4907, 0.436
270, 0.4998, 0.447
271, 0.4963, 0.446
272, 0.4783, 0.448
273, 0.4685, 0.441
274, 0.4980, 0.441
275, 0.4959, 0.441
276, 0.4827, 0.449
277, 0.4912, 0.457
278, 0.4958, 0.445
279, 0.5000, 0.430
280, 0.4897, 0.432
281, 0.4819, 0.434
282, 0.4970, 0.427
283, 0.4967, 0.443
284, 0.5028, 0.449
285, 0.5046, 0.472
286, 0.4877, 0.449
287, 0.4972, 0.448
288, 0.4732, 0.443
289, 0.4943, 0.440
290, 0.4990, 0.427
291, 0.4943, 0.444
292, 0.4989, 0.438
293, 0.4781, 0.438
294, 0.4802, 0.462
295, 0.4831, 0.443
296, 0.5177, 0.437
297, 0.4790, 0.437
298, 0.4835, 0.445
299, 0.5017, 0.443
300, 0.4801, 0.448
301, 0.4972, 0.457
302, 0.4858, 0.442
303, 0.4920, 0.423
304, 0.5000, 0.425
305, 0.5039, 0.418
306, 0.4786, 0.423
307, 0.4920, 0.425
308, 0.4774, 0.430
309, 0.5073, 0.420
310, 0.4811, 0.423
311, 0.4749, 0.444
312, 0.4834, 0.444
313, 0.4859, 0.444
314, 0.4880, 0.443
315, 0.4696, 0.451
316, 0.4832, 0.453
317, 0.4882, 0.456
318, 0.5099, 0.456
319, 0.4862, 0.461
320, 0.5012, 0.465
321, 0.4759, 0.430
322, 0.4938, 0.425
323, 0.4925, 0.449
324, 0.4875, 0.466
325, 0.4948, 0.461
326, 0.5019, 0.454
327, 0.4681, 0.449
328, 0.4841, 0.449
329, 0.5020, 0.456
330, 0.5044, 0.453
331, 0.4795, 0.459
332, 0.5134, 0.458
333, 0.5159, 0.454
334, 0.4809, 0.463
335, 0.4851, 0.443
336, 0.4841, 0.440
337, 0.5246, 0.445
338, 0.5158, 0.463
339, 0.5048, 0.447
340, 0.4841, 0.452
341, 0.4985, 0.454
342, 0.4651, 0.462
343, 0.4835, 0.456
344, 0.4977, 0.444
345, 0.4967, 0.445
346, 0.4843, 0.456
347, 0.4816, 0.447
348, 0.4767, 0.456
349, 0.4621, 0.456
350, 0.4810, 0.444
351, 0.4831, 0.448
352, 0.4758, 0.442
353, 0.4793, 0.451
354, 0.4702, 0.451
355, 0.4838, 0.454
356, 0.4819, 0.453
357, 0.4698, 0.454
358, 0.5034, 0.461
359, 0.4785, 0.457
360, 0.4977, 0.532
361, 0.4880, 0.449
362, 0.4904, 0.444
363, 0.4987, 0.446
364, 0.5049, 0.425
365, 0.5091, 0.426
366, 0.5162, 0.430
367, 0.5092, 0.432
368, 0.5152, 0.455
369, 0.4963, 0.464
370, 0.4912, 0.455
371, 0.4931, 0.453
372, 0.4908, 0.453
373, 0.5009, 0.438
374, 0.5025, 0.440
375, 0.4808, 0.439
376, 0.4881, 0.473
377, 0.4806, 0.463
378, 0.4971, 0.454
379, 0.4926, 0.465
380, 0.4809, 0.468
381, 0.4912, 0.470
382, 0.5074, 0.470
383, 0.5041, 0.454
384, 0.4658, 0.446
385, 0.4891, 0.449
386, 0.4925, 0.448
387, 0.4810, 0.441
388, 0.4715, 0.465
389, 0.4937, 0.459
390, 0.4948, 0.452
391, 0.4718, 0.457
392, 0.4843, 0.445
393, 0.5014, 0.445
394, 0.4905, 0.448
395, 0.5004, 0.451
396, 0.4812, 0.461
397, 0.5047, 0.460
398, 0.5012, 0.449
399, 0.5093, 0.450
400, 0.5041, 0.454
401, 0.4940, 0.438
402, 0.4909, 0.447
403, 0.4790, 0.446
404, 0.4723, 0.446
405, 0.5139, 0.457
406, 0.4592, 0.447
407, 0.4823, 0.445
408, 0.4926, 0.446
409, 0.4897, 0.447
410, 0.4959, 0.547
411, 0.5019, 0.457
412, 0.4938, 0.462
413, 0.4730, 0.445
414, 0.4933, 0.447
415, 0.4744, 0.446
416, 0.5069, 0.468
417, 0.4975, 0.449
418, 0.4778, 0.460
419, 0.4957, 0.472
420, 0.5016, 0.445
421, 0.4768, 0.454
422, 0.4833, 0.441
423, 0.4888, 0.446
424, 0.4761, 0.466
425, 0.4980, 0.459
426, 0.4716, 0.470
427, 0.4938, 0.458
428, 0.4917, 0.438
429, 0.4831, 0.444
430, 0.4575, 0.455
431, 0.4852, 0.443
432, 0.4935, 0.453
433, 0.4754, 0.440
434, 0.4802, 0.448
435, 0.4923, 0.448
436, 0.4970, 0.440
437, 0.4688, 0.448
438, 0.4633, 0.450
439, 0.5105, 0.439
440, 0.4809, 0.436
441, 0.4690, 0.439
442, 0.4695, 0.454
443, 0.4925, 0.454
444, 0.4897, 0.444
445, 0.4875, 0.443
446, 0.4870, 0.446
447, 0.4837, 0.454
448, 0.4859, 0.452
449, 0.4900, 0.433
450, 0.5063, 0.455
451, 0.4904, 0.438
452, 0.4926, 0.436
453, 0.4700, 0.435
454, 0.4981, 0.436
455, 0.4933, 0.439
456, 0.5063, 0.438
457, 0.4787, 0.439
458, 0.4896, 0.442
459, 0.4942, 0.438
460, 0.4989, 0.435
461, 0.4877, 0.440
462, 0.4901, 0.444
463, 0.4797, 0.438
464, 0.4920, 0.435
465, 0.4832, 0.444
466, 0.4842, 0.433
467, 0.4835, 0.436
468, 0.4778, 0.440
469, 0.5046, 0.439
470, 0.4965, 0.442
471, 0.4763, 0.440
472, 0.4971, 0.441
473, 0.4835, 0.441
474, 0.5055, 0.442
475, 0.4657, 0.457
476, 0.4811, 0.438
477, 0.5057, 0.442
478, 0.5394, 0.442
479, 0.5262, 0.445
480, 0.5192, 0.435
481, 0.4915, 0.441
482, 0.4989, 0.440
483, 0.5045, 0.439
484, 0.4893, 0.422
485, 0.4927, 0.444
486, 0.4875, 0.439
487, 0.4657, 0.443
488, 0.4644, 0.449
489, 0.4787, 0.425
490, 0.4887, 0.490
491, 0.4792, 0.418
492, 0.4790, 0.416
493, 0.4861, 0.436
494, 0.4878, 0.440
495, 0.4667, 0.443
496, 0.4838, 0.459
497, 0.4779, 0.452
498, 0.4664, 0.459
499, 0.4761, 0.440
500, 0.4850, 0.441
501, 0.4858, 0.442
502, 0.4900, 0.442
503, 0.4716, 0.456
504, 0.4789, 0.448
505, 0.4627, 0.449
506, 0.4878, 0.465
507, 0.4781, 0.469
508, 0.4763, 0.465
509, 0.4776, 0.461
510, 0.4781, 0.442
511, 0.5111, 0.440
512, 0.4911, 0.449
513, 0.4805, 0.442
514, 0.4963, 0.443
515, 0.4914, 0.441
516, 0.4992, 0.442
517, 0.4992, 0.443
518, 0.4985, 0.444
519, 0.4695, 0.445
520, 0.4821, 0.443
521, 0.4809, 0.448
522, 0.5013, 0.447
523, 0.4871, 0.449
524, 0.4716, 0.456
525, 0.4799, 0.445
526, 0.4882, 0.443
527, 0.4688, 0.445
528, 0.4954, 0.450
529, 0.4918, 0.445
530, 0.4957, 0.443
531, 0.4891, 0.446
532, 0.4579, 0.441
533, 0.5135, 0.448
534, 0.5113, 0.441
535, 0.4827, 0.444
536, 0.4691, 0.443
537, 0.4769, 0.441
538, 0.4832, 0.443
539, 0.4717, 0.444
540, 0.4844, 0.446
541, 0.4838, 0.451
542, 0.4580, 0.462
543, 0.4683, 0.470
544, 0.4927, 0.463
545, 0.4983, 0.431
546, 0.4721, 0.426
547, 0.4752, 0.440
548, 0.5029, 0.422
549, 0.4967, 0.428
550, 0.4828, 0.433
551, 0.4962, 0.467
552, 0.4827, 0.445
553, 0.4749, 0.446
554, 0.4739, 0.451
555, 0.4811, 0.449
556, 0.4745, 0.456
557, 0.5135, 0.437
558, 0.4868, 0.462
559, 0.4586, 0.460
560, 0.4785, 0.436
561, 0.4764, 0.427
562, 0.4767, 0.424
563, 0.4874, 0.428
564, 0.4909, 0.455
565, 0.4876, 0.437
566, 0.4844, 0.472
567, 0.4889, 0.457
568, 0.4807, 0.459
569, 0.4746, 0.467
570, 0.4831, 0.467
571, 0.4547, 0.453
572, 0.4816, 0.442
573, 0.4855, 0.450
574, 0.4819, 0.449
575, 0.4667, 0.436
576, 0.4674, 0.438
577, 0.4798, 0.449
578, 0.4675, 0.429
579, 0.4483, 0.433
580, 0.4826, 0.455
581, 0.4805, 0.458
582, 0.4783, 0.458
583, 0.4779, 0.450
584, 0.4751, 0.455
585, 0.4692, 0.468
586, 0.4731, 0.457
587, 0.4640, 0.445
588, 0.4706, 0.456
589, 0.4798, 0.449
590, 0.5255, 0.448
591, 0.4618, 0.450
592, 0.4834, 0.450
593, 0.4898, 0.460
594, 0.4846, 0.453
595, 0.5102, 0.458
596, 0.5108, 0.463
597, 0.4928, 0.443
598, 0.4801, 0.445
599, 0.4577, 0.443
600, 0.4810, 0.443
601, 0.4632, 0.439
602, 0.4368, 0.444
603, 0.4791, 0.457
604, 0.4723, 0.460
605, 0.4760, 0.467
606, 0.4918, 0.453
607, 0.4878, 0.452
608, 0.4858, 0.445
609, 0.4783, 0.452
610, 0.4824, 0.522
611, 0.4908, 0.443
612, 0.5007, 0.443
613, 0.4961, 0.447
614, 0.5089, 0.444
615, 0.4977, 0.459
616, 0.5065, 0.442
617, 0.4908, 0.453
618, 0.4710, 0.462
619, 0.4662, 0.451
620, 0.4559, 0.451
621, 0.4580, 0.458
622, 0.4893, 0.440
623, 0.4810, 0.453
624, 0.4978, 0.446
625, 0.5099, 0.452
626, 0.5461, 0.440
627, 0.5222, 0.431
628, 0.5348, 0.445
629, 0.4981, 0.447
630, 0.5071, 0.458
631, 0.4946, 0.456
632, 0.4843, 0.447
633, 0.4868, 0.444
634, 0.4778, 0.431
635, 0.4693, 0.425
636, 0.4994, 0.429
637, 0.4901, 0.443
638, 0.4818, 0.461
639, 0.4739, 0.436
640, 0.4779, 0.437
641, 0.4900, 0.437
642, 0.5044, 0.438
643, 0.4825, 0.453
644, 0.4783, 0.437
645, 0.4849, 0.438
646, 0.4776, 0.442
647, 0.4906, 0.438
648, 0.4710, 0.437
649, 0.4831, 0.444
650, 0.4822, 0.437
651, 0.4863, 0.446
652, 0.4953, 0.457
653, 0.4721, 0.439
654, 0.4570, 0.450
655, 0.4644, 0.437
656, 0.4761, 0.450
657, 0.4758, 0.447
658, 0.4924, 0.442
659, 0.4727, 0.439
660, 0.4926, 0.435
661, 0.4943, 0.446
662, 0.5030, 0.452
663, 0.4909, 0.453
664, 0.4920, 0.444
665, 0.4642, 0.438
666, 0.4933, 0.442
667, 0.4802, 0.446
668, 0.4883, 0.440
669, 0.5027, 0.443
670, 0.5008, 0.440
671, 0.4648, 0.439
672, 0.4863, 0.439
673, 0.4885, 0.453
674, 0.4918, 0.455
675, 0.4987, 0.436
676, 0.4857, 0.440
677, 0.4857, 0.436
678, 0.5002, 0.442
679, 0.4636, 0.447
680, 0.4794, 0.436
681, 0.4680, 0.439
682, 0.4621, 0.435
683, 0.5198, 0.458
684, 0.5128, 0.443
685, 0.4909, 0.439
686, 0.4837, 0.435
687, 0.5192, 0.442
688, 0.4889, 0.438
689, 0.5013, 0.441
690, 0.4976, 0.440
691, 0.5123, 0.452
692, 0.4859, 0.443
693, 0.4959, 0.437
694, 0.4648, 0.437
695, 0.4853, 0.460
696, 0.4736, 0.454
697, 0.4747, 0.442
698, 0.4906, 0.450
699, 0.5087, 0.465
700, 0.4614, 0.464
701, 0.4891, 0.451
702, 0.4789, 0.461
703, 0.4599, 0.451
704, 0.4959, 0.447
705, 0.4762, 0.443
706, 0.4979, 0.445
707, 0.4982, 0.448
708, 0.4731, 0.446
709, 0.4695, 0.448
710, 0.4450, 0.449
711, 0.4925, 0.444
712, 0.4879, 0.444
713, 0.4885, 0.450
714, 0.4813, 0.450
715, 0.4837, 0.445
716, 0.5166, 0.442
717, 0.4878, 0.442
718, 0.4924, 0.446
719, 0.5009, 0.444
720, 0.4655, 0.446
721, 0.4994, 0.447
722, 0.4905, 0.443
723, 0.4609, 0.442
724, 0.4722, 0.445
725, 0.4739, 0.446
726, 0.5072, 0.449
727, 0.4902, 0.451
728, 0.5037, 0.448
729, 0.5116, 0.447
730, 0.4945, 0.446
731, 0.4747, 0.441
732, 0.4931, 0.450
733, 0.4640, 0.440
734, 0.4906, 0.446
735, 0.4756, 0.446
736, 0.4806, 0.447
737, 0.4882, 0.443
738, 0.4904, 0.462
739, 0.4869, 0.448
740, 0.4676, 0.469
741, 0.4849, 0.448
742, 0.4964, 0.450
743, 0.4729, 0.459
744, 0.4895, 0.522
745, 0.4862, 0.500
746, 0.5030, 0.448
747, 0.4969, 0.444
748, 0.5029, 0.443
749, 0.4802, 0.441
750, 0.4665, 0.442
751, 0.5036, 0.454
752, 0.4669, 0.433
753, 0.4858, 0.444
754, 0.4811, 0.443
755, 0.4873, 0.453
756, 0.4915, 0.466
757, 0.5059, 0.448
758, 0.4654, 0.454
759, 0.4690, 0.444
760, 0.4689, 0.457
761, 0.4711, 0.442
762, 0.5048, 0.442
763, 0.5071, 0.453
764, 0.5026, 0.457
765, 0.5007, 0.443
766, 0.4539, 0.445
767, 0.4766, 0.433
768, 0.4743, 0.435
769, 0.4597, 0.458
770, 0.4720, 0.448
771, 0.4802, 0.445
772, 0.4330, 0.448
773, 0.5043, 0.447
774, 0.4784, 0.458
775, 0.4927, 0.451
776, 0.4413, 0.452
777, 0.4716, 0.446
778, 0.4857, 0.444
779, 0.4735, 0.457
780, 0.4934, 0.448
781, 0.5015, 0.444
782, 0.4994, 0.443
783, 0.4814, 0.441
784, 0.4985, 0.449
785, 0.5065, 0.448
786, 0.4854, 0.469
787, 0.4710, 0.458
788, 0.4889, 0.461
789, 0.4778, 0.447
790, 0.4858, 0.461
791, 0.5086, 0.449
792, 0.5192, 0.453
793, 0.4840, 0.448
794, 0.4731, 0.450
795, 0.4857, 0.447
796, 0.4968, 0.444
797, 0.4868, 0.450
798, 0.4597, 0.453
799, 0.4696, 0.445
800, 0.4852, 0.449
801, 0.4925, 0.430
802, 0.4872, 0.447
803, 0.5030, 0.449
804, 0.5060, 0.448
805, 0.4838, 0.460
806, 0.4750, 0.455
807, 0.5092, 0.454
808, 0.4970, 0.456
809, 0.5145, 0.453
810, 0.5218, 0.561
811, 0.5082, 0.446
812, 0.5208, 0.449
813, 0.5023, 0.449
814, 0.4849, 0.444
815, 0.4893, 0.471
816, 0.4777, 0.448
817, 0.4768, 0.460
818, 0.4599, 0.454
819, 0.4939, 0.454
820, 0.4649, 0.453
821, 0.4849, 0.466
822, 0.5156, 0.454
823, 0.4995, 0.451
824, 0.4569, 0.448
825, 0.4483, 0.457
826, 0.4880, 0.447
827, 0.4765, 0.434
828, 0.4547, 0.468
829, 0.5105, 0.457
830, 0.5004, 0.446
831, 0.4875, 0.451
832, 0.5035, 0.449
833, 0.4804, 0.454
834, 0.4826, 0.450
835, 0.4959, 0.451
836, 0.4372, 0.449
837, 0.4612, 0.449
838, 0.4385, 0.447
839, 0.4443, 0.446
840, 0.4786, 0.444
841, 0.4948, 0.444
842, 0.4351, 0.445
843, 0.4361, 0.450
844, 0.4724, 0.447
845, 0.4553, 0.444
846, 0.4796, 0.444
847, 0.4841, 0.446
848, 0.4861, 0.447
849, 0.5031, 0.445
850, 0.4866, 0.456
851, 0.4790, 0.460
852, 0.4871, 0.444
853, 0.4852, 0.447
854, 0.5135, 0.437
855, 0.4894, 0.434
856, 0.4850, 0.436
857, 0.4672, 0.439
858, 0.4740, 0.449
859, 0.4411, 0.438
860, 0.5125, 0.435
861, 0.4685, 0.442
862, 0.4708, 0.442
863, 0.4684, 0.439
864, 0.5035, 0.441
865, 0.4896, 0.436
866, 0.4510, 0.443
867, 0.4500, 0.443
868, 0.4817, 0.451
869, 0.4870, 0.447
870, 0.4912, 0.439
871, 0.4631, 0.436
872, 0.4435, 0.440
873, 0.4854, 0.434
874, 0.4562, 0.439
875, 0.4511, 0.437
876, 0.4688, 0.441
877, 0.4504, 0.442
878, 0.4251, 0.450
879, 0.4637, 0.474
880, 0.4759, 0.439
881, 0.4782, 0.442
882, 0.4464, 0.438
883, 0.4808, 0.434
884, 0.4552, 0.436
885, 0.4980, 0.445
886, 0.4893, 0.438
887, 0.4805, 0.439
888, 0.4750, 0.454
889, 0.4640, 0.441
890, 0.4601, 0.436
891, 0.4625, 0.443
892, 0.4360, 0.447
893, 0.4777, 0.443
894, 0.4627, 0.439
895, 0.4440, 0.445
896, 0.4646, 0.444
897, 0.4693, 0.445
898, 0.4708, 0.441
899, 0.4595, 0.441
900, 0.4665, 0.444
901, 0.4610, 0.467
902, 0.4964, 0.447
903, 0.4662, 0.455
904, 0.4604, 0.444
905, 0.4863, 0.448
906, 0.4778, 0.459
907, 0.4658, 0.449
908, 0.4830, 0.456
909, 0.4991, 0.463
910, 0.4650, 0.467
911, 0.4833, 0.448
912, 0.4661, 0.443
913, 0.4519, 0.445
914, 0.4674, 0.444
915, 0.4458, 0.444
916, 0.4538, 0.443
917, 0.4421, 0.443
918, 0.4975, 0.442
919, 0.4845, 0.444
920, 0.4841, 0.465
921, 0.4668, 0.453
922, 0.4804, 0.475
923, 0.4668, 0.457
924, 0.5025, 0.489
925, 0.4884, 0.456
926, 0.4747, 0.451
927, 0.4428, 0.456
928, 0.4852, 0.458
929, 0.4779, 0.446
930, 0.4972, 0.443
931, 0.4436, 0.443
932, 0.4563, 0.462
933, 0.4704, 0.445
934, 0.4795, 0.445
935, 0.4705, 0.443
936, 0.4643, 0.476
937, 0.4408, 0.445
938, 0.4711, 0.445
939, 0.4643, 0.444
940, 0.4756, 0.452
941, 0.4572, 0.465
942, 0.4602, 0.523
943, 0.4422, 0.429
944, 0.4678, 0.428
945, 0.4363, 0.432
946, 0.4547, 0.433
947, 0.4581, 0.433
948, 0.5232, 0.453
949, 0.4912, 0.462
950, 0.4449, 0.454
951, 0.4846, 0.454
952, 0.4876, 0.475
953, 0.5107, 0.460
954, 0.4486, 0.448
955, 0.4569, 0.455
956, 0.4977, 0.452
957, 0.4672, 0.451
958, 0.4781, 0.444
959, 0.4486, 0.453
960, 0.4755, 0.460
961, 0.4551, 0.462
962, 0.4346, 0.474
963, 0.4308, 0.456
964, 0.4429, 0.462
965, 0.4402, 0.448
966, 0.4987, 0.444
967, 0.5149, 0.447
968, 0.4630, 0.448
969, 0.4583, 0.443
970, 0.4672, 0.444
971, 0.4785, 0.450
972, 0.4514, 0.447
973, 0.4478, 0.442
974, 0.4790, 0.441
975, 0.4909, 0.455
976, 0.4763, 0.442
977, 0.4835, 0.446
978, 0.4669, 0.442
979, 0.4923, 0.458
980, 0.4999, 0.455
981, 0.4179, 0.448
982, 0.4681, 0.449
983, 0.4753, 0.447
984, 0.4967, 0.458
985, 0.4939, 0.447
986, 0.4617, 0.452
987, 0.4929, 0.449
988, 0.4626, 0.446
989, 0.4766, 0.444
990, 0.4375, 0.452
991, 0.4838, 0.447
992, 0.4890, 0.444
993, 0.4740, 0.456
994, 0.4553, 0.456
995, 0.4826, 0.448
996, 0.4620, 0.442
997, 0.4662, 0.453
998, 0.4716, 0.448
999, 0.4473, 0.441
1000, 0.3992, 0.454
1001, 0.4595, 0.439
1002, 0.4322, 0.465
1003, 0.4502, 0.443
1004, 0.4377, 0.455
1005, 0.4614, 0.478
1006, 0.4556, 0.450
1007, 0.4727, 0.450
1008, 0.4775, 0.448
1009, 0.4783, 0.451
1010, 0.4255, 0.516
1011, 0.4636, 0.446
1012, 0.4474, 0.453
1013, 0.4462, 0.445
1014, 0.4564, 0.444
1015, 0.4893, 0.451
1016, 0.4748, 0.444
1017, 0.4468, 0.455
1018, 0.4792, 0.468
1019, 0.4814, 0.451
1020, 0.4846, 0.456
1021, 0.4903, 0.441
1022, 0.4747, 0.444
1023, 0.4922, 0.457
1024, 0.4801, 0.448
1025, 0.4899, 0.442
1026, 0.4450, 0.437
1027, 0.4929, 0.444
1028, 0.4503, 0.441
1029, 0.4570, 0.459
1030, 0.4870, 0.449
1031, 0.4500, 0.444
1032, 0.4236, 0.451
1033, 0.4755, 0.440
1034, 0.4736, 0.440
1035, 0.4364, 0.454
1036, 0.4967, 0.453
1037, 0.4717, 0.441
1038, 0.4730, 0.443
1039, 0.4635, 0.439
1040, 0.4512, 0.451
1041, 0.4050, 0.441
1042, 0.4524, 0.435
1043, 0.4560, 0.444
1044, 0.4122, 0.452
1045, 0.4721, 0.441
1046, 0.5022, 0.456
1047, 0.4761, 0.439
1048, 0.5020, 0.451
1049, 0.4672, 0.456
1050, 0.5003, 0.436
1051, 0.4781, 0.436
1052, 0.4735, 0.437
1053, 0.4773, 0.435
1054, 0.4648, 0.442
1055, 0.4543, 0.438
1056, 0.3950, 0.440
1057, 0.4452, 0.441
1058, 0.4609, 0.456
1059, 0.4650, 0.457
1060, 0.4809, 0.448
1061, 0.4646, 0.444
1062, 0.4333, 0.438
1063, 0.4935, 0.439
1064, 0.4877, 0.509
1065, 0.4893, 0.443
1066, 0.4539, 0.437
1067, 0.4850, 0.438
1068, 0.4543, 0.459
1069, 0.4823, 0.449
1070, 0.4698, 0.438
1071, 0.4765, 0.455
1072, 0.4618, 0.450
1073, 0.4779, 0.439
1074, 0.4809, 0.438
1075, 0.4225, 0.438
1076, 0.4140, 0.435
1077, 0.4485, 0.440
1078, 0.4995, 0.442
1079, 0.4675, 0.445
1080, 0.4566, 0.445
1081, 0.4231, 0.459
1082, 0.4482, 0.446
1083, 0.4796, 0.441
1084, 0.4912, 0.444
1085, 0.4878, 0.443
1086, 0.4455, 0.443
1087, 0.4692, 0.445
1088, 0.4718, 0.463
1089, 0.4780, 0.448
1090, 0.4969, 0.444
1091, 0.5107, 0.444
1092, 0.4853, 0.446
1093, 0.4171, 0.448
1094, 0.4791, 0.451
1095, 0.4821, 0.450
1096, 0.4423, 0.449
1097, 0.4464, 0.449
1098, 0.4674, 0.448
1099, 0.4185, 0.446
1100, 0.4700, 0.444
1101, 0.4829, 0.437
1102, 0.4782, 0.455
1103, 0.4732, 0.445
1104, 0.4738, 0.441
1105, 0.5180, 0.441
1106, 0.5179, 0.441
1107, 0.4751, 0.448
1108, 0.4840, 0.458
1109, 0.5011, 0.449
1110, 0.5326, 0.447
1111, 0.5192, 0.451
1112, 0.4536, 0.445
1113, 0.4986, 0.442
1114, 0.4667, 0.446
1115, 0.4819, 0.443
1116, 0.4107, 0.442
1117, 0.4187, 0.451
1118, 0.4407, 0.456
1119, 0.4819, 0.443
1120, 0.5001, 0.447
1121, 0.4823, 0.451
1122, 0.4821, 0.448
1123, 0.4949, 0.449
1124, 0.4779, 0.455
1125, 0.4549, 0.470
1126, 0.5125, 0.447
1127, 0.4894, 0.448
1128, 0.4737, 0.445
1129, 0.4204, 0.471
1130, 0.4257, 0.460
1131, 0.4697, 0.455
1132, 0.4922, 0.444
1133, 0.4660, 0.454
1134, 0.3755, 0.449
1135, 0.4676, 0.451
1136, 0.4430, 0.451
1137, 0.4736, 0.459
1138, 0.4612, 0.452
1139, 0.4422, 0.451
1140, 0.4480, 0.503
1141, 0.4970, 0.457
1142, 0.5102, 0.469
1143, 0.4797, 0.455
1144, 0.4629, 0.444
1145, 0.4581, 0.440
1146, 0.4412, 0.441
1147, 0.4373, 0.466
1148, 0.4390, 0.446
1149, 0.4268, 0.445
1150, 0.4138, 0.457
1151, 0.3908, 0.447
1152, 0.4682, 0.462
1153, 0.4829, 0.450
1154, 0.4640, 0.462
1155, 0.4615, 0.457
1156, 0.4347, 0.462
1157, 0.4386, 0.456
1158, 0.4789, 0.465
1159, 0.4062, 0.451
1160, 0.4514, 0.460
1161, 0.4339, 0.451
1162, 0.4397, 0.450
1163, 0.4901, 0.443
1164, 0.4614, 0.465
1165, 0.4851, 0.427
1166, 0.4602, 0.447
1167, 0.4823, 0.463
1168, 0.4370, 0.468
1169, 0.4824, 0.452
1170, 0.4885, 0.449
1171, 0.4695, 0.451
1172, 0.4672, 0.473
1173, 0.4232, 0.468
1174, 0.4754, 0.449
1175, 0.4212, 0.459
1176, 0.5021, 0.466
1177, 0.4623, 0.456
1178, 0.4491, 0.460
1179, 0.4623, 0.451
1180, 0.4330, 0.452
1181, 0.4616, 0.469
1182, 0.4741, 0.448
1183, 0.4293, 0.460
1184, 0.4382, 0.460
1185, 0.4624, 0.449
1186, 0.4605, 0.452
1187, 0.4705, 0.452
1188, 0.4778, 0.457
1189, 0.4623, 0.449
1190, 0.4362, 0.453
1191, 0.4535, 0.441
1192, 0.4889, 0.444
1193, 0.4656, 0.465
1194, 0.4218, 0.443
1195, 0.4572, 0.448
1196, 0.5263, 0.453
1197, 0.4394, 0.452
1198, 0.4641, 0.451
1199, 0.4865, 0.444
1200, 0.5165, 0.451
1201, 0.4884, 0.433
1202, 0.4777, 0.460
1203, 0.4620, 0.445
1204, 0.4277, 0.444
1205, 0.4375, 0.445
1206, 0.4487, 0.478
1207, 0.4625, 0.450
1208, 0.4913, 0.447
1209, 0.4839, 0.457
1210, 0.4721, 0.577
1211, 0.4759, 0.453
1212, 0.4750, 0.444
1213, 0.4490, 0.458
1214, 0.4394, 0.456
1215, 0.4988, 0.456
1216, 0.4671, 0.449
1217, 0.4984, 0.455
1218, 0.4700, 0.452
1219, 0.4602, 0.430
1220, 0.4534, 0.440
1221, 0.4261, 0.433
1222, 0.4143, 0.453
1223, 0.4594, 0.447
1224, 0.4557, 0.445
1225, 0.4998, 0.445
1226, 0.4160, 0.442
1227, 0.4798, 0.445
1228, 0.4830, 0.442
1229, 0.4708, 0.435
1230, 0.4493, 0.438
1231, 0.4418, 0.441
1232, 0.4582, 0.439
1233, 0.4911, 0.449
1234, 0.4743, 0.441
1235, 0.4860, 0.445
1236, 0.4545, 0.460
1237, 0.4805, 0.448
1238, 0.4004, 0.441
1239, 0.4681, 0.451
1240, 0.4592, 0.438
1241, 0.4582, 0.442
1242, 0.4550, 0.441
1243, 0.4496, 0.447
1244, 0.4754, 0.440
1245, 0.4858, 0.441
1246, 0.4710, 0.439
1247, 0.4489, 0.441
1248, 0.4655, 0.442
1249, 0.4446, 0.442
1250, 0.4941, 0.444
1251, 0.4476, 0.441
1252, 0.4643, 0.445
1253, 0.4955, 0.439
1254, 0.4464, 0.447
1255, 0.4682, 0.494
1256, 0.5211, 0.445
1257, 0.4530, 0.441
1258, 0.4613, 0.441
1259, 0.4595, 0.437
1260, 0.4928, 0.440
1261, 0.4363, 0.437
1262, 0.4055, 0.445
1263, 0.4586, 0.446
1264, 0.4419, 0.444
1265, 0.4614, 0.444
1266, 0.4216, 0.448
1267, 0.4611, 0.442
1268, 0.5175, 0.445
1269, 0.4630, 0.447
1270, 0.4759, 0.455
1271, 0.4693, 0.460
1272, 0.4929, 0.446
1273, 0.4937, 0.443
1274, 0.4445, 0.442
1275, 0.4616, 0.446
1276, 0.4061, 0.448
1277, 0.4399, 0.450
1278, 0.4601, 0.451
1279, 0.4652, 0.448
1280, 0.4778, 0.446
1281, 0.4730, 0.457
1282, 0.4734, 0.440
1283, 0.4301, 0.440
1284, 0.4696, 0.443
1285, 0.4124, 0.462
1286, 0.4070, 0.450
1287, 0.4356, 0.465
1288, 0.4435, 0.453
1289, 0.4493, 0.445
1290, 0.4725, 0.449
1291, 0.4533, 0.448
1292, 0.4905, 0.474
1293, 0.5050, 0.449
1294, 0.4878, 0.456
1295, 0.4629, 0.457
1296, 0.4302, 0.446
1297, 0.4916, 0.445
1298, 0.4845, 0.447
1299, 0.4600, 0.448
1300, 0.4262, 0.443
1301, 0.4841, 0.448
1302, 0.5279, 0.446
1303, 0.4630, 0.446
1304, 0.4789, 0.446
1305, 0.4741, 0.443
1306, 0.4521, 0.451
1307, 0.4348, 0.449
1308, 0.4540, 0.450
1309, 0.4488, 0.447
1310, 0.4537, 0.467
1311, 0.4497, 0.455
1312, 0.4499, 0.447
1313, 0.4404, 0.455
1314, 0.4547, 0.447
1315, 0.4516, 0.449
1316, 0.4535, 0.485
1317, 0.4784, 0.455
1318, 0.4323, 0.447
1319, 0.4373, 0.445
1320, 0.4017, 0.481
1321, 0.4966, 0.451
1322, 0.5133, 0.448
1323, 0.4572, 0.449
1324, 0.4774, 0.446
1325, 0.4749, 0.456
1326, 0.4885, 0.445
1327, 0.5111, 0.452
1328, 0.4604, 0.461
1329, 0.4380, 0.474
1330, 0.4924, 0.446
1331, 0.4509, 0.445
1332, 0.5194, 0.452
1333, 0.4875, 0.450
1334, 0.4600, 0.462
1335, 0.4361, 0.473
1336, 0.4646, 0.437
1337, 0.4469, 0.451
1338, 0.4669, 0.451
1339, 0.4472, 0.446
1340, 0.4264, 0.456
1341, 0.4005, 0.437
1342, 0.4348, 0.440
1343, 0.4526, 0.437
1344, 0.4895, 0.441
1345, 0.4521, 0.451
1346, 0.4464, 0.452
1347, 0.4500, 0.448
1348, 0.4661, 0.447
1349, 0.4646, 0.443
1350, 0.4636, 0.445
1351, 0.4715, 0.443
1352, 0.4908, 0.444
1353, 0.4881, 0.451
1354, 0.5042, 0.452
1355, 0.4563, 0.458
1356, 0.4532, 0.451
1357, 0.4134, 0.452
1358, 0.4689, 0.451
1359, 0.4030, 0.447
1360, 0.4320, 0.441
1361, 0.4967, 0.446
1362, 0.4595, 0.444
1363, 0.4832, 0.440
1364, 0.4824, 0.440
1365, 0.4766, 0.441
1366, 0.4658, 0.443
1367, 0.5127, 0.446
1368, 0.4232, 0.447
1369, 0.5096, 0.449
1370, 0.4990, 0.452
1371, 0.4507, 0.465
1372, 0.4851, 0.455
1373, 0.4940, 0.449
1374, 0.4764, 0.451
1375, 0.4689, 0.446
1376, 0.4672, 0.447
1377, 0.5029, 0.454
1378, 0.4756, 0.461
1379, 0.5124, 0.446
1380, 0.4692, 0.443
1381, 0.4505, 0.443
1382, 0.5023, 0.445
1383, 0.4953, 0.448
1384, 0.5013, 0.445
1385, 0.4448, 0.442
1386, 0.4483, 0.449
1387, 0.4539, 0.448
1388, 0.4574, 0.451
1389, 0.5128, 0.447
1390, 0.4212, 0.446
1391, 0.4933, 0.445
1392, 0.4797, 0.448
1393, 0.4347, 0.450
1394, 0.4842, 0.446
1395, 0.4982, 0.447
1396, 0.4131, 0.441
1397, 0.4606, 0.456
1398, 0.4192, 0.452
1399, 0.5285, 0.449
1400, 0.4652, 0.449
1401, 0.4554, 0.438
1402, 0.4757, 0.450
1403, 0.4737, 0.453
1404, 0.4960, 0.445
1405, 0.5126, 0.461
1406, 0.4973, 0.428
1407, 0.4621, 0.457
1408, 0.4733, 0.453
1409, 0.4663, 0.455
1410, 0.4817, 0.468
1411, 0.4262, 0.444
1412, 0.5060, 0.464
1413, 0.4211, 0.456
1414, 0.4575, 0.453
1415, 0.4629, 0.453
1416, 0.4500, 0.451
1417, 0.4637, 0.467
1418, 0.4559, 0.462
1419, 0.4277, 0.451
1420, 0.3862, 0.453
1421, 0.4129, 0.456
1422, 0.4438, 0.441
1423, 0.4838, 0.459
1424, 0.4599, 0.445
1425, 0.3868, 0.447
1426, 0.4551, 0.441
1427, 0.4169, 0.441
1428, 0.4656, 0.444
1429, 0.4127, 0.443
1430, 0.4877, 0.457
1431, 0.4693, 0.442
1432, 0.4972, 0.444
1433, 0.4278, 0.450
1434, 0.4828, 0.444
1435, 0.4855, 0.456
1436, 0.5161, 0.449
1437, 0.4710, 0.454
1438, 0.5086, 0.448
1439, 0.5062, 0.447
1440, 0.4598, 0.444
1441, 0.4004, 0.447
1442, 0.5132, 0.442
1443, 0.4572, 0.440
1444, 0.4589, 0.451
1445, 0.4494, 0.440
1446, 0.4664, 0.442
1447, 0.4955, 0.436
1448, 0.4533, 0.440
1449, 0.4592, 0.449
1450, 0.4664, 0.456
1451, 0.4614, 0.451
1452, 0.4727, 0.448
1453, 0.4156, 0.459
1454, 0.4937, 0.462
1455, 0.4864, 0.469
1456, 0.4903, 0.448
1457, 0.4787, 0.468
1458, 0.4748, 0.449
1459, 0.4826, 0.437
1460, 0.3822, 0.439
1461, 0.4175, 0.457
1462, 0.4772, 0.441
1463, 0.4886, 0.446
1464, 0.4873, 0.452
1465, 0.4889, 0.451
1466, 0.4320, 0.448
1467, 0.4807, 0.448
1468, 0.5025, 0.441
1469, 0.4737, 0.439
1470, 0.4809, 0.441
1471, 0.5024, 0.440
1472, 0.4574, 0.443
1473, 0.3880, 0.437
1474, 0.3419, 0.437
1475, 0.4890, 0.440
1476, 0.4908, 0.453
1477, 0.5009, 0.437
1478, 0.4913, 0.434
1479, 0.4519, 0.436
1480, 0.4765, 0.439
1481, 0.4532, 0.443
1482, 0.4536, 0.448
1483, 0.4536, 0.451
1484, 0.4826, 0.450
1485, 0.4594, 0.442
1486, 0.4569, 0.444
1487, 0.3932, 0.454
1488, 0.4004, 0.444
1489, 0.4248, 0.468
1490, 0.4750, 0.450
1491, 0.4509, 0.465
1492, 0.4478, 0.454
1493, 0.4391, 0.450
1494, 0.4654, 0.443
1495, 0.4393, 0.451
1496, 0.4577, 0.448
1497, 0.4499, 0.447
1498, 0.4906, 0.452
1499, 0.4779, 0.449
1500, 0.5088, 0.447
1501, 0.4915, 0.442
1502, 0.4882, 0.443
1503, 0.4486, 0.448
1504, 0.4725, 0.452
1505, 0.5275, 0.448
1506, 0.4951, 0.449
1507, 0.4350, 0.445
1508, 0.4843, 0.462
1509, 0.3717, 0.464
1510, 0.4921, 0.446
1511, 0.3901, 0.449
1512, 0.4330, 0.450
1513, 0.4779, 0.528
1514, 0.4808, 0.447
1515, 0.5104, 0.449
1516, 0.5033, 0.449
1517, 0.4924, 0.449
1518, 0.5165, 0.446
1519, 0.4932, 0.447
1520, 0.4479, 0.452
1521, 0.4431, 0.456
1522, 0.4971, 0.460
1523, 0.4671, 0.465
1524, 0.4661, 0.454
1525, 0.4466, 0.442
1526, 0.4644, 0.448
1527, 0.4508, 0.446
1528, 0.5260, 0.445
1529, 0.3971, 0.442
1530, 0.4921, 0.463
1531, 0.4601, 0.454
1532, 0.4163, 0.440
1533, 0.4934, 0.433
1534, 0.4618, 0.435
1535, 0.4934, 0.441
1536, 0.4931, 0.452
1537, 0.5068, 0.434
1538, 0.4904, 0.433
1539, 0.4536, 0.439
1540, 0.4862, 0.433
1541, 0.4162, 0.442
1542, 0.4817, 0.440
1543, 0.4568, 0.438
1544, 0.4456, 0.440
1545, 0.4728, 0.437
1546, 0.4569, 0.447
1547, 0.4542, 0.444
1548, 0.4593, 0.444
1549, 0.4743, 0.444
1550, 0.4260, 0.447
1551, 0.4771, 0.442
1552, 0.4507, 0.456
1553, 0.4235, 0.448
1554, 0.4951, 0.456
1555, 0.4395, 0.456
1556, 0.4055, 0.444
1557, 0.4069, 0.445
1558, 0.3427, 0.458
1559, 0.3786, 0.458
1560, 0.3503, 0.444
1561, 0.4289, 0.441
1562, 0.4296, 0.441
1563, 0.3669, 0.440
1564, 0.3954, 0.438
1565, 0.3644, 0.444
1566, 0.4440, 0.448
1567, 0.4587, 0.450
1568, 0.4876, 0.450
1569, 0.4951, 0.449
1570, 0.4244, 0.451
1571, 0.3623, 0.452
1572, 0.4011, 0.441
1573, 0.4535, 0.445
1574, 0.4463, 0.446
1575, 0.4262, 0.445
1576, 0.4250, 0.443
1577, 0.4336, 0.451
1578, 0.4353, 0.449
1579, 0.4352, 0.452
1580, 0.4306, 0.446
1581, 0.3819, 0.466
1582, 0.4592, 0.462
1583, 0.3990, 0.452
1584, 0.3206, 0.449
1585, 0.4320, 0.444
1586, 0.4699, 0.442
1587, 0.4150, 0.463
1588, 0.4113, 0.448
1589, 0.5180, 0.447
1590, 0.4793, 0.446
1591, 0.4231, 0.443
1592, 0.4729, 0.441
1593, 0.5109, 0.442
1594, 0.4228, 0.446
1595, 0.3119, 0.451
1596, 0.3328, 0.451
1597, 0.2484, 0.465
1598, 0.4541, 0.447
1599, 0.3732, 0.448
1600, 0.3105, 0.447
1601, 0.3756, 0.434
1602, 0.3392, 0.441
1603, 0.3294, 0.450
1604, 0.3378, 0.457
1605, 0.3203, 0.461
1606, 0.4392, 0.445
1607, 0.3897, 0.454
1608, 0.4251, 0.453
1609, 0.3971, 0.454
1610, 0.3414, 0.525
1611, 0.4231, 0.446
1612, 0.3194, 0.448
1613, 0.4398, 0.452
1614, 0.4624, 0.442
1615, 0.5156, 0.446
1616, 0.4144, 0.474
1617, 0.4150, 0.465
1618, 0.5010, 0.455
1619, 0.3913, 0.482
1620, 0.3853, 0.448
1621, 0.4577, 0.445
1622, 0.4914, 0.443
1623, 0.5004, 0.460
1624, 0.4047, 0.453
1625, 0.4193, 0.451
1626, 0.4376, 0.446
1627, 0.3474, 0.440
1628, 0.4760, 0.435
1629, 0.4690, 0.439
1630, 0.4176, 0.440
1631, 0.4213, 0.433
1632, 0.4782, 0.445
1633, 0.4788, 0.440
1634, 0.2612, 0.453
1635, 0.3397, 0.439
1636, 0.4288, 0.456
1637, 0.3842, 0.454
1638, 0.4235, 0.432
1639, 0.4677, 0.436
1640, 0.4036, 0.440
1641, 0.4028, 0.439
1642, 0.3671, 0.443
1643, 0.3699, 0.446
1644, 0.4743, 0.450
1645, 0.4289, 0.441
1646, 0.4403, 0.438
1647, 0.4709, 0.442
1648, 0.4707, 0.450
1649, 0.3698, 0.443
1650, 0.3936, 0.468
1651, 0.4680, 0.455
1652, 0.4603, 0.455
1653, 0.3553, 0.453
1654, 0.4327, 0.446
1655, 0.3881, 0.451
1656, 0.3617, 0.445
1657, 0.3130, 0.446
1658, 0.3513, 0.443
1659, 0.4656, 0.441
1660, 0.4465, 0.446
1661, 0.3672, 0.449
1662, 0.2786, 0.448
1663, 0.2751, 0.443
1664, 0.3390, 0.457
1665, 0.3240, 0.442
1666, 0.4635, 0.447
1667, 0.4061, 0.448
1668, 0.3887, 0.462
1669, 0.2755, 0.465
1670, 0.3164, 0.448
1671, 0.4065, 0.443
1672, 0.3592, 0.444
1673, 0.3746, 0.447
1674, 0.3064, 0.454
1675, 0.3716, 0.455
1676, 0.3819, 0.441
1677, 0.4379, 0.444
1678, 0.4815, 0.442
1679, 0.4049, 0.448
1680, 0.4271, 0.448
1681, 0.5120, 0.445
1682, 0.4094, 0.448
1683, 0.4030, 0.450
1684, 0.4481, 0.447
1685, 0.3768, 0.448
1686, 0.3532, 0.454
1687, 0.3426, 0.449
1688, 0.4920, 0.446
1689, 0.4911, 0.448
1690, 0.4716, 0.457
1691, 0.3199, 0.466
1692, 0.3604, 0.451
1693, 0.3660, 0.458
1694, 0.4365, 0.466
1695, 0.3782, 0.448
1696, 0.3274, 0.441
1697, 0.3343, 0.446
1698, 0.3385, 0.444
1699, 0.4478, 0.445
1700, 0.4705, 0.450
1701, 0.4464, 0.451
1702, 0.4651, 0.455
1703, 0.4056, 0.444
1704, 0.3601, 0.450
1705, 0.2987, 0.577
1706, 0.3520, 0.446
1707, 0.4487, 0.450
1708, 0.3916, 0.449
1709, 0.4457, 0.454
1710, 0.4144, 0.449
1711, 0.3851, 0.443
1712, 0.3793, 0.451
1713, 0.4235, 0.461
1714, 0.4329, 0.463
1715, 0.3409, 0.464
1716, 0.2183, 0.451
1717, 0.2137, 0.443
1718, 0.3990, 0.434
1719, 0.3538, 0.438
1720, 0.3920, 0.446
1721, 0.3380, 0.449
1722, 0.3144, 0.441
1723, 0.2922, 0.437
1724, 0.1723, 0.437
1725, 0.2040, 0.435
1726, 0.2956, 0.438
1727, 0.3129, 0.443
1728, 0.2973, 0.459
1729, 0.2891, 0.461
1730, 0.2290, 0.443
1731, 0.3027, 0.443
1732, 0.3366, 0.444
1733, 0.3455, 0.448
1734, 0.2954, 0.460
1735, 0.4198, 0.451
1736, 0.3947, 0.444
1737, 0.3438, 0.437
1738, 0.4941, 0.446
1739, 0.4451, 0.453
1740, 0.3586, 0.459
1741, 0.5020, 0.441
1742, 0.3925, 0.451
1743, 0.3512, 0.437
1744, 0.4813, 0.448
1745, 0.4984, 0.444
1746, 0.3389, 0.443
1747, 0.3370, 0.441
1748, 0.3222, 0.447
1749, 0.3108, 0.447
1750, 0.3637, 0.448
1751, 0.3582, 0.440
1752, 0.3784, 0.449
1753, 0.5030, 0.457
1754, 0.4337, 0.449
1755, 0.4349, 0.444
1756, 0.4431, 0.449
1757, 0.3814, 0.454
1758, 0.3209, 0.457
1759, 0.3608, 0.453
1760, 0.4269, 0.452
1761, 0.4001, 0.461
1762, 0.3648, 0.463
1763, 0.4166, 0.457
1764, 0.4047, 0.449
1765, 0.4328, 0.443
1766, 0.4038, 0.443
1767, 0.4873, 0.443
1768, 0.4825, 0.445
1769, 0.4655, 0.442
1770, 0.2983, 0.440
1771, 0.4142, 0.450
1772, 0.3366, 0.449
1773, 0.2758, 0.437
1774, 0.4129, 0.462
1775, 0.4063, 0.450
1776, 0.3744, 0.455
1777, 0.4077, 0.456
1778, 0.2924, 0.452
1779, 0.4213, 0.461
1780, 0.4284, 0.449
1781, 0.3905, 0.446
1782, 0.4643, 0.446
1783, 0.4474, 0.445
1784, 0.4267, 0.442
1785, 0.4159, 0.441
1786, 0.4301, 0.447
1787, 0.3405, 0.445
1788, 0.3588, 0.453
1789, 0.3880, 0.462
1790, 0.3803, 0.458
1791, 0.3480, 0.443
1792, 0.3459, 0.449
1793, 0.3679, 0.453
1794, 0.3907, 0.461
1795, 0.4299, 0.470
1796, 0.3392, 0.448
1797, 0.4017, 0.448
1798, 0.4168, 0.445
1799, 0.5049, 0.449
1800, 0.3799, 0.456
1801, 0.3737, 0.448
1802, 0.3775, 0.475
1803, 0.4227, 0.474
1804, 0.3571, 0.453
1805, 0.3294, 0.475
1806, 0.4165, 0.446
1807, 0.4025, 0.470
1808, 0.3928, 0.446
1809, 0.3698, 0.497
1810, 0.3268, 0.452
1811, 0.3694, 0.451
1812, 0.4640, 0.450
1813, 0.4147, 0.444
1814, 0.3644, 0.448
1815, 0.3802, 0.451
1816, 0.4642, 0.454
1817, 0.3772, 0.455
1818, 0.3504, 0.465
1819, 0.4031, 0.453
1820, 0.2901, 0.462
1821, 0.3062, 0.448
1822, 0.3217, 0.448
1823, 0.3427, 0.451
1824, 0.3196, 0.454
1825, 0.2958, 0.447
1826, 0.4559, 0.448
1827, 0.2369, 0.446
1828, 0.3463, 0.448
1829, 0.4527, 0.441
1830, 0.4496, 0.449
1831, 0.4895, 0.435
1832, 0.4533, 0.440
1833, 0.4056, 0.439
1834, 0.3510, 0.438
1835, 0.3924, 0.441
1836, 0.4141, 0.449
1837, 0.4431, 0.502
1838, 0.3853, 0.448
1839, 0.3631, 0.448
1840, 0.3585, 0.456
1841, 0.4574, 0.449
1842, 0.4402, 0.461
1843, 0.3669, 0.442
1844, 0.2971, 0.442
1845, 0.3702, 0.441
1846, 0.3229, 0.440
1847, 0.4207, 0.447
1848, 0.3913, 0.438
1849, 0.4661, 0.454
1850, 0.3800, 0.457
1851, 0.3679, 0.444
1852, 0.3443, 0.466
1853, 0.4495, 0.447
1854, 0.3916, 0.450
1855, 0.2886, 0.451
1856, 0.4017, 0.451
1857, 0.4493, 0.446
1858, 0.4572, 0.446
1859, 0.4791, 0.452
1860, 0.3265, 0.444
1861, 0.3534, 0.445
1862, 0.3681, 0.460
1863, 0.3565, 0.446
1864, 0.4091, 0.444
1865, 0.3772, 0.447
1866, 0.3926, 0.445
1867, 0.3254, 0.447
1868, 0.4805, 0.444
1869, 0.5509, 0.447
1870, 0.4197, 0.451
1871, 0.4118, 0.451
1872, 0.3992, 0.458
1873, 0.3425, 0.452
1874, 0.4231, 0.448
1875, 0.3685, 0.448
1876, 0.4274, 0.450
1877, 0.3668, 0.446
1878, 0.3916, 0.443
1879, 0.3167, 0.452
1880, 0.3709, 0.444
1881, 0.3184, 0.449
1882, 0.4381, 0.464
1883, 0.4105, 0.452
1884, 0.3135, 0.446
1885, 0.2238, 0.448
1886, 0.2165, 0.447
1887, 0.2584, 0.442
1888, 0.4166, 0.442
1889, 0.4454, 0.444
1890, 0.4083, 0.442
1891, 0.3625, 0.445
1892, 0.3887, 0.447
1893, 0.3986, 0.465
1894, 0.4021, 0.443
1895, 0.4030, 0.447
1896, 0.3126, 0.443
1897, 0.4488, 0.455
1898, 0.3412, 0.482
1899, 0.3379, 0.445
1900, 0.3977, 0.448
1901, 0.3813, 0.463
1902, 0.4071, 0.448
1903, 0.3983, 0.470
1904, 0.3337, 0.444
1905, 0.3681, 0.453
1906, 0.3555, 0.452
1907, 0.4764, 0.467
1908, 0.3779, 0.452
1909, 0.4360, 0.456
1910, 0.3854, 0.443
1911, 0.3825, 0.453
1912, 0.2607, 0.455
1913, 0.3711, 0.436
1914, 0.4691, 0.434
1915, 0.3454, 0.435
1916, 0.3702, 0.452
1917, 0.4243, 0.446
1918, 0.3945, 0.443
1919, 0.4133, 0.447
1920, 0.3700, 0.439
1921, 0.4043, 0.440
1922, 0.4274, 0.448
1923, 0.4497, 0.438
1924, 0.3336, 0.437
1925, 0.2812, 0.438
1926, 0.4163, 0.439
1927, 0.3350, 0.439
1928, 0.4296, 0.441
1929, 0.4204, 0.439
1930, 0.3685, 0.446
1931, 0.3755, 0.455
1932, 0.3439, 0.467
1933, 0.3820, 0.443
1934, 0.2922, 0.440
1935, 0.3017, 0.448
1936, 0.4351, 0.446
1937, 0.4182, 0.423
1938, 0.4192, 0.459
1939, 0.3999, 0.439
1940, 0.4164, 0.439
1941, 0.3619, 0.450
1942, 0.4205, 0.455
1943, 0.4636, 0.455
1944, 0.4768, 0.437
1945, 0.4635, 0.440
1946, 0.4311, 0.441
1947, 0.3935, 0.437
1948, 0.3173, 0.444
1949, 0.3649, 0.438
1950, 0.3597, 0.440
1951, 0.4418, 0.438
1952, 0.3820, 0.456
1953, 0.3723, 0.448
1954, 0.4525, 0.454
1955, 0.3531, 0.459
1956, 0.3408, 0.452
1957, 0.4485, 0.452
1958, 0.3696, 0.447
1959, 0.3117, 0.447
1960, 0.4401, 0.448
1961, 0.4245, 0.445
1962, 0.4033, 0.449
1963, 0.3364, 0.446
1964, 0.3175, 0.462
1965, 0.3432, 0.449
1966, 0.4035, 0.447
1967, 0.3161, 0.453
1968, 0.4066, 0.446
1969, 0.3957, 0.445
1970, 0.4193, 0.449
1971, 0.4268, 0.462
1972, 0.4645, 0.447
1973, 0.4123, 0.442
1974, 0.3514, 0.445
1975, 0.3539, 0.446
1976, 0.4258, 0.444
1977, 0.3234, 0.448
1978, 0.3554, 0.455
1979, 0.3390, 0.457
1980, 0.3456, 0.463
1981, 0.3725, 0.444
1982, 0.5178, 0.446
1983, 0.4945, 0.446
1984, 0.3990, 0.443
1985, 0.3909, 0.445
1986, 0.4260, 0.452
1987, 0.4323, 0.446
1988, 0.4506, 0.445
1989, 0.3927, 0.447
1990, 0.4408, 0.451
1991, 0.5179, 0.450
1992, 0.4395, 0.445
1993, 0.3747, 0.442
1994, 0.4148, 0.444
1995, 0.4514, 0.443
1996, 0.4380, 0.438
1997, 0.4461, 0.444
1998, 0.3986, 0.443
1999, 0.4160, 0.442
2000, 0.4206, 0.441
2001, 0.3735, 0.435
2002, 0.4028, 0.452
2003, 0.4008, 0.455
2004, 0.4069, 0.462
2005, 0.3939, 0.454
2006, 0.3931, 0.452
2007, 0.2524, 0.454
2008, 0.3716, 0.465
2009, 0.4513, 0.450
2010, 0.3497, 0.569
2011, 0.3457, 0.445
2012, 0.3984, 0.454
2013, 0.3523, 0.449
2014, 0.4448, 0.446
2015, 0.3966, 0.447
2016, 0.3924, 0.445
2017, 0.4575, 0.470
2018, 0.4083, 0.466
2019, 0.4060, 0.454
2020, 0.4445, 0.455
2021, 0.4406, 0.441
2022, 0.4340, 0.440
2023, 0.4801, 0.454
2024, 0.3991, 0.439
2025, 0.3462, 0.521
2026, 0.3167, 0.446
2027, 0.4245, 0.443
2028, 0.4560, 0.460
2029, 0.4432, 0.440
2030, 0.4688, 0.441
2031, 0.4354, 0.445
2032, 0.4105, 0.451
2033, 0.3676, 0.468
2034, 0.4632, 0.445
2035, 0.4109, 0.445
2036, 0.4450, 0.446
2037, 0.3865, 0.461
2038, 0.4372, 0.461
2039, 0.3783, 0.455
2040, 0.3953, 0.479
2041, 0.4250, 0.465
2042, 0.3525, 0.449
2043, 0.3079, 0.440
2044, 0.4408, 0.445
2045, 0.4670, 0.445
2046, 0.3230, 0.457
2047, 0.3883, 0.448
2048, 0.3156, 0.449
2049, 0.4010, 0.454
2050, 0.4441, 0.467
2051, 0.3267, 0.459
2052, 0.3581, 0.456
2053, 0.3829, 0.461
2054, 0.3195, 0.462
2055, 0.2919, 0.467
2056, 0.3867, 0.449
2057, 0.3136, 0.449
2058, 0.4173, 0.446
2059, 0.3507, 0.454
2060, 0.3562, 0.458
2061, 0.3447, 0.448
2062, 0.4022, 0.450
2063, 0.3083, 0.445
2064, 0.4217, 0.461
2065, 0.4523, 0.451
2066, 0.4909, 0.455
2067, 0.4063, 0.447
2068, 0.4073, 0.451
2069, 0.4565, 0.450
2070, 0.3556, 0.450
2071, 0.4221, 0.450
2072, 0.4429, 0.447
2073, 0.4243, 0.444
2074, 0.4432, 0.457
2075, 0.4760, 0.445
2076, 0.4576, 0.464
2077, 0.4109, 0.446
2078, 0.3907, 0.446
2079, 0.4499, 0.447
2080, 0.3666, 0.460
2081, 0.4094, 0.448
2082, 0.3449, 0.453
2083, 0.3702, 0.449
2084, 0.3779, 0.461
2085, 0.3237, 0.449
2086, 0.3445, 0.472
2087, 0.3425, 0.486
2088, 0.3531, 0.441
2089, 0.3933, 0.562
2090, 0.4019, 0.447
2091, 0.4497, 0.443
2092, 0.4689, 0.448
2093, 0.3859, 0.444
2094, 0.4332, 0.446
2095, 0.3373, 0.462
2096, 0.4539, 0.454
2097, 0.4704, 0.458
2098, 0.4454, 0.456
2099, 0.4486, 0.475
2100, 0.3436, 0.450
2101, 0.3937, 0.444
2102, 0.3744, 0.449
2103, 0.4290, 0.447
2104, 0.4532, 0.454
2105, 0.4953, 0.463
2106, 0.4473, 0.453
2107, 0.5035, 0.453
2108, 0.4677, 0.437
2109, 0.3716, 0.454
2110, 0.4018, 0.441
2111, 0.4188, 0.441
2112, 0.3542, 0.453
2113, 0.3991, 0.444
2114, 0.4109, 0.456
2115, 0.4499, 0.443
2116, 0.5026, 0.463
2117, 0.4889, 0.442
2118, 0.4700, 0.448
2119, 0.5063, 0.446
2120, 0.5184, 0.451
2121, 0.4808, 0.435
2122, 0.3898, 0.432
2123, 0.3428, 0.453
2124, 0.4282, 0.448
2125, 0.4337, 0.438
2126, 0.4692, 0.435
2127, 0.4556, 0.447
2128, 0.4360, 0.444
2129, 0.4101, 0.451
2130, 0.4157, 0.434
2131, 0.4306, 0.435
2132, 0.4171, 0.433
2133, 0.3221, 0.440
2134, 0.3644, 0.430
2135, 0.3477, 0.435
2136, 0.3597, 0.439
2137, 0.3953, 0.434
2138, 0.3792, 0.447
2139, 0.4236, 0.448
2140, 0.4991, 0.458
2141, 0.4491, 0.444
2142, 0.3573, 0.448
2143, 0.4186, 0.449
2144, 0.4388, 0.446
2145, 0.4214, 0.452
2146, 0.4272, 0.455
2147, 0.3958, 0.448
2148, 0.4502, 0.447
2149, 0.4266, 0.447
2150, 0.4508, 0.457
2151, 0.4630, 0.447
2152, 0.4365, 0.445
2153, 0.3997, 0.446
2154, 0.3957, 0.447
2155, 0.3937, 0.453
2156, 0.3627, 0.459
2157, 0.3689, 0.462
2158, 0.3403, 0.446
2159, 0.3318, 0.445
2160, 0.3290, 0.447
2161, 0.4162, 0.452
2162, 0.2628, 0.449
2163, 0.4265, 0.452
2164, 0.3951, 0.448
2165, 0.3932, 0.444
2166, 0.3509, 0.447
2167, 0.4113, 0.449
2168, 0.4627, 0.446
2169, 0.3810, 0.450
2170, 0.3706, 0.448
2171, 0.4463, 0.462
2172, 0.4046, 0.444
2173, 0.3901, 0.445
2174, 0.4341, 0.450
2175, 0.3561, 0.446
2176, 0.4870, 0.449
2177, 0.4678, 0.448
2178, 0.3570, 0.452
2179, 0.3741, 0.453
2180, 0.4816, 0.451
2181, 0.3638, 0.445
2182, 0.2181, 0.451
2183, 0.2677, 0.446
2184, 0.2766, 0.451
2185, 0.3198, 0.447
2186, 0.2782, 0.456
2187, 0.2462, 0.446
2188, 0.3854, 0.447
2189, 0.4248, 0.445
2190, 0.3182, 0.452
2191, 0.3454, 0.449
2192, 0.4052, 0.449
2193, 0.4636, 0.446
2194, 0.3772, 0.442
2195, 0.5066, 0.443
2196, 0.3553, 0.442
2197, 0.4623, 0.442
2198, 0.5033, 0.443
2199, 0.4837, 0.442
2200, 0.4718, 0.449
2201, 0.4922, 0.440
2202, 0.4027, 0.454
2203, 0.4275, 0.449
2204, 0.4245, 0.454
2205, 0.4462, 0.468
2206, 0.4259, 0.453
2207, 0.5344, 0.449
2208, 0.4835, 0.461
2209, 0.4632, 0.452
2210, 0.4530, 0.518
2211, 0.4985, 0.447
2212, 0.5337, 0.457
2213, 0.4783, 0.456
2214, 0.4219, 0.448
2215, 0.4589, 0.451
2216, 0.3717, 0.448
2217, 0.3287, 0.442
2218, 0.4653, 0.447
2219, 0.4605, 0.442
2220, 0.4312, 0.443
2221, 0.4455, 0.449
2222, 0.4628, 0.453
2223, 0.4897, 0.454
2224, 0.4007, 0.449
2225, 0.2133, 0.457
2226, 0.4913, 0.443
2227, 0.4423, 0.451
2228, 0.4384, 0.454
2229, 0.4845, 0.466
2230, 0.4535, 0.449
2231, 0.4793, 0.446
2232, 0.3585, 0.452
2233, 0.4220, 0.447
2234, 0.4465, 0.452
2235, 0.3614, 0.448
2236, 0.3721, 0.450
2237, 0.4078, 0.468
2238, 0.4383, 0.455
2239, 0.3624, 0.447
2240, 0.3979, 0.444
2241, 0.3604, 0.447
2242, 0.3846, 0.453
2243, 0.3996, 0.449
2244, 0.3985, 0.454
2245, 0.4635, 0.463
2246, 0.4064, 0.446
2247, 0.3368, 0.444
2248, 0.4326, 0.449
2249, 0.4242, 0.447
2250, 0.3725, 0.446
2251, 0.3443, 0.449
2252, 0.2808, 0.448
2253, 0.4343, 0.445
2254, 0.4538, 0.453
2255, 0.4435, 0.446
2256, 0.4007, 0.443
2257, 0.2740, 0.447
2258, 0.2809, 0.453
2259, 0.3223, 0.450
2260, 0.3356, 0.446
2261, 0.3795, 0.454
2262, 0.3661, 0.447
2263, 0.3999, 0.446
2264, 0.3833, 0.468
2265, 0.3213, 0.443
2266, 0.4135, 0.449
2267, 0.4093, 0.452
2268, 0.3551, 0.448
2269, 0.3337, 0.448
2270, 0.4519, 0.451
2271, 0.3538, 0.444
2272, 0.2550, 0.447
2273, 0.3979, 0.457
2274, 0.4193, 0.454
2275, 0.2819, 0.452
2276, 0.3037, 0.446
2277, 0.4194, 0.448
2278, 0.4031, 0.454
2279, 0.3056, 0.450
2280, 0.2755, 0.458
2281, 0.4108, 0.514
2282, 0.3787, 0.448
2283, 0.3604, 0.456
2284, 0.4294, 0.447
2285, 0.3992, 0.447
2286, 0.4427, 0.432
2287, 0.4635, 0.426
2288, 0.4140, 0.432
2289, 0.3268, 0.473
2290, 0.3351, 0.464
2291, 0.3252, 0.468
2292, 0.3375, 0.461
2293, 0.4050, 0.465
2294, 0.4689, 0.453
2295, 0.3434, 0.457
2296, 0.4803, 0.462
2297, 0.2890, 0.446
2298, 0.2503, 0.465
2299, 0.3812, 0.459
2300, 0.4193, 0.453
2301, 0.5368, 0.467
2302, 0.4336, 0.453
2303, 0.3246, 0.449
2304, 0.3394, 0.464
2305, 0.3661, 0.467
2306, 0.4177, 0.445
2307, 0.4382, 0.440
2308, 0.2464, 0.436
2309, 0.3222, 0.450
2310, 0.4904, 0.442
2311, 0.4583, 0.441
2312, 0.4674, 0.446
2313, 0.4355, 0.433
2314, 0.3899, 0.450
2315, 0.4360, 0.446
2316, 0.3579, 0.436
2317, 0.4783, 0.439
2318, 0.4599, 0.439
2319, 0.4505, 0.439
2320, 0.3973, 0.435
2321, 0.3494, 0.437
2322, 0.4371, 0.441
2323, 0.2510, 0.439
2324, 0.3406, 0.442
2325, 0.3457, 0.439
2326, 0.3374, 0.439
2327, 0.4762, 0.439
2328, 0.4029, 0.441
2329, 0.3881, 0.445
2330, 0.3747, 0.443
2331, 0.3386, 0.443
2332, 0.4041, 0.442
2333, 0.3165, 0.439
2334, 0.3861, 0.439
2335, 0.2958, 0.443
2336, 0.4061, 0.444
2337, 0.4128, 0.440
2338, 0.4219, 0.435
2339, 0.4173, 0.439
2340, 0.4547, 0.453
2341, 0.2848, 0.447
2342, 0.3575, 0.441
2343, 0.3807, 0.446
2344, 0.4578, 0.437
2345, 0.4463, 0.441
2346, 0.3404, 0.439
2347, 0.3185, 0.445
2348, 0.2849, 0.452
2349, 0.2819, 0.454
2350, 0.3404, 0.448
2351, 0.4256, 0.454
2352, 0.4184, 0.450
2353, 0.3055, 0.451
2354, 0.4602, 0.446
2355, 0.3815, 0.453
2356, 0.4272, 0.450
2357, 0.3364, 0.451
2358, 0.2646, 0.447
2359, 0.2962, 0.450
2360, 0.3542, 0.447
2361, 0.3741, 0.447
2362, 0.3862, 0.450
2363, 0.4264, 0.448
2364, 0.3199, 0.448
2365, 0.3350, 0.449
2366, 0.3541, 0.444
2367, 0.3176, 0.449
2368, 0.3834, 0.451
2369, 0.3715, 0.452
2370, 0.3745, 0.442
2371, 0.4379, 0.444
2372, 0.3144, 0.462
2373, 0.4839, 0.451
2374, 0.3448, 0.446
2375, 0.4356, 0.441
2376, 0.4193, 0.448
2377, 0.3493, 0.443
2378, 0.3516, 0.446
2379, 0.4110, 0.461
2380, 0.3656, 0.455
2381, 0.4072, 0.449
2382, 0.4588, 0.448
2383, 0.4363, 0.450
2384, 0.3050, 0.452
2385, 0.4184, 0.449
2386, 0.4169, 0.457
2387, 0.4063, 0.462
2388, 0.2629, 0.456
2389, 0.3131, 0.443
2390, 0.4592, 0.441
2391, 0.3781, 0.443
2392, 0.4601, 0.444
2393, 0.4388, 0.456
2394, 0.4466, 0.456
2395, 0.3216, 0.447
2396, 0.4429, 0.443
2397, 0.3502, 0.446
2398, 0.4782, 0.468
2399, 0.3161, 0.452
2400, 0.3869, 0.458
2401, 0.3216, 0.452
2402, 0.3116, 0.462
2403, 0.4648, 0.453
2404, 0.4642, 0.455
2405, 0.3366, 0.497
2406, 0.4153, 0.460
2407, 0.3447, 0.466
2408, 0.4224, 0.452
2409, 0.4033, 0.467
2410, 0.4459, 0.586
2411, 0.4106, 0.443
2412, 0.3805, 0.426
2413, 0.3454, 0.430
2414, 0.3415, 0.437
2415, 0.4394, 0.425
2416, 0.3968, 0.428
2417, 0.3905, 0.425
2418, 0.3293, 0.438
2419, 0.3653, 0.426
2420, 0.2691, 0.427
2421, 0.4332, 0.431
2422, 0.3472, 0.427
2423, 0.3125, 0.461
2424, 0.3387, 0.463
2425, 0.3738, 0.468
2426, 0.4321, 0.456
2427, 0.4088, 0.426
2428, 0.3338, 0.431
2429, 0.3975, 0.429
2430, 0.2685, 0.432
2431, 0.3320, 0.457
2432, 0.4711, 0.466
2433, 0.4054, 0.465
2434, 0.4321, 0.451
2435, 0.3882, 0.436
2436, 0.4201, 0.430
2437, 0.4172, 0.449
2438, 0.3911, 0.450
2439, 0.4499, 0.452
2440, 0.3388, 0.447
2441, 0.3587, 0.450
2442, 0.4315, 0.455
2443, 0.3312, 0.456
2444, 0.3777, 0.459
2445, 0.3328, 0.462
2446, 0.3331, 0.475
2447, 0.3938, 0.479
2448, 0.3847, 0.458
2449, 0.4096, 0.462
2450, 0.4036, 0.453
2451, 0.3225, 0.457
2452, 0.3418, 0.447
2453, 0.4222, 0.452
2454, 0.4256, 0.447
2455, 0.3304, 0.450
2456, 0.3203, 0.450
2457, 0.4317, 0.452
2458, 0.4084, 0.452
2459, 0.4677, 0.442
2460, 0.3695, 0.448
2461, 0.3210, 0.446
2462, 0.3335, 0.443
2463, 0.3160, 0.444
2464, 0.4102, 0.456
2465, 0.4789, 0.459
2466, 0.3648, 0.447
2467, 0.3272, 0.445
2468, 0.3635, 0.453
2469, 0.4361, 0.454
2470, 0.3640, 0.460
2471, 0.4190, 0.481
2472, 0.4332, 0.437
2473, 0.4874, 0.457
2474, 0.3585, 0.446
2475, 0.2898, 0.490
2476, 0.4469, 0.449
2477, 0.4253, 0.460
2478, 0.4496, 0.450
2479, 0.4610, 0.449
2480, 0.4463, 0.454
2481, 0.3912, 0.450
2482, 0.4214, 0.446
2483, 0.4585, 0.449
2484, 0.4809, 0.461
2485, 0.5409, 0.451
2486, 0.3870, 0.449
2487, 0.3138, 0.454
2488, 0.4546, 0.459
2489, 0.4321, 0.454
2490, 0.3769, 0.442
2491, 0.3615, 0.445
2492, 0.3958, 0.445
2493, 0.4609, 0.452
2494, 0.4473, 0.454
2495, 0.4783, 0.444
2496, 0.2853, 0.441
2497, 0.3833, 0.445
2498, 0.4074, 0.441
2499, 0.4024, 0.443
2500, 0.4277, 0.436
2501, 0.4291, 0.433
2502, 0.3225, 0.446
2503, 0.4642, 0.449
2504, 0.4619, 0.461
2505, 0.4427, 0.443
2506, 0.4724, 0.449
2507, 0.3913, 0.440
2508, 0.4319, 0.447
2509, 0.3064, 0.458
2510, 0.3277, 0.460
2511, 0.4531, 0.433
2512, 0.3775, 0.452
2513, 0.2276, 0.450
2514, 0.3676, 0.438
2515, 0.4129, 0.437
2516, 0.4416, 0.441
2517, 0.4472, 0.436
2518, 0.4166, 0.437
2519, 0.4116, 0.440
2520, 0.3722, 0.437
2521, 0.3888, 0.438
2522, 0.4599, 0.445
2523, 0.3097, 0.453
2524, 0.2994, 0.450
2525, 0.3948, 0.442
2526, 0.3947, 0.448
2527, 0.3690, 0.438
2528, 0.3558, 0.443
2529, 0.4094, 0.444
2530, 0.2887, 0.455
2531, 0.3335, 0.428
2532, 0.2692, 0.427
2533, 0.2510, 0.427
2534, 0.3750, 0.447
2535, 0.3599, 0.447
2536, 0.3816, 0.460
2537, 0.3734, 0.451
2538, 0.3209, 0.446
2539, 0.3881, 0.446
2540, 0.4471, 0.489
2541, 0.4864, 0.444
2542, 0.4372, 0.442
2543, 0.4152, 0.441
2544, 0.3572, 0.440
2545, 0.3867, 0.446
2546, 0.3680, 0.451
2547, 0.3887, 0.437
2548, 0.3769, 0.437
2549, 0.3873, 0.453
2550, 0.4226, 0.456
2551, 0.3856, 0.447
2552, 0.2468, 0.441
2553, 0.4325, 0.443
2554, 0.4122, 0.453
2555, 0.3616, 0.454
2556, 0.4236, 0.446
2557, 0.4140, 0.443
2558, 0.3598, 0.441
2559, 0.4443, 0.446
2560, 0.4374, 0.447
2561, 0.3981, 0.449
2562, 0.3804, 0.445
2563, 0.3802, 0.444
2564, 0.4698, 0.446
2565, 0.3569, 0.455
2566, 0.4514, 0.452
2567, 0.4191, 0.448
2568, 0.4090, 0.448
2569, 0.3913, 0.447
2570, 0.4632, 0.468
2571, 0.3911, 0.453
2572, 0.4352, 0.442
2573, 0.4339, 0.445
2574, 0.4692, 0.444
2575, 0.4089, 0.442
2576, 0.4926, 0.442
2577, 0.4220, 0.446
2578, 0.3791, 0.441
2579, 0.3379, 0.443
2580, 0.4098, 0.447
2581, 0.3868, 0.458
2582, 0.2883, 0.455
2583, 0.4245, 0.449
2584, 0.3886, 0.451
2585, 0.4488, 0.448
2586, 0.4363, 0.446
2587, 0.4911, 0.456
2588, 0.4171, 0.453
2589, 0.3358, 0.448
2590, 0.4493, 0.448
2591, 0.4503, 0.449
2592, 0.3912, 0.448
2593, 0.3920, 0.449
2594, 0.4795, 0.443
2595, 0.3638, 0.446
2596, 0.4174, 0.444
2597, 0.4679, 0.444
2598, 0.3883, 0.445
2599, 0.4002, 0.445
2600, 0.4117, 0.447
2601, 0.3965, 0.446
2602, 0.3437, 0.523
2603, 0.3044, 0.431
2604, 0.3357, 0.431
2605, 0.3881, 0.436
2606, 0.3748, 0.432
2607, 0.3229, 0.460
2608, 0.4878, 0.436
2609, 0.4310, 0.435
2610, 0.4295, 0.439
2611, 0.4202, 0.427
2612, 0.3835, 0.423
2613, 0.4845, 0.431
2614, 0.3775, 0.428
2615, 0.4167, 0.489
2616, 0.4148, 0.452
2617, 0.4410, 0.445
2618, 0.4711, 0.452
2619, 0.3967, 0.430
2620, 0.3699, 0.429
2621, 0.4662, 0.430
2622, 0.3824, 0.438
2623, 0.3941, 0.432
2624, 0.3958, 0.428
2625, 0.4443, 0.430
2626, 0.3931, 0.437
2627, 0.3642, 0.431
2628, 0.3827, 0.450
2629, 0.3987, 0.450
2630, 0.4239, 0.450
2631, 0.3372, 0.450
2632, 0.3939, 0.464
2633, 0.3789, 0.453
2634, 0.4725, 0.454
2635, 0.4348, 0.478
2636, 0.3915, 0.454
2637, 0.3986, 0.454
2638, 0.4150, 0.456
2639, 0.3272, 0.449
2640, 0.3966, 0.463
2641, 0.4229, 0.430
2642, 0.3171, 0.470
2643, 0.3786, 0.455
2644, 0.4157, 0.452
2645, 0.4305, 0.467
2646, 0.3773, 0.455
2647, 0.4029, 0.443
2648, 0.4259, 0.464
2649, 0.3980, 0.452
2650, 0.3917, 0.446
2651, 0.3655, 0.453
2652, 0.4212, 0.447
2653, 0.3921, 0.448
2654, 0.4302, 0.449
2655, 0.3694, 0.454
2656, 0.3655, 0.444
2657, 0.4544, 0.445
2658, 0.3471, 0.446
2659, 0.4064, 0.446
2660, 0.3589, 0.447
2661, 0.4432, 0.443
2662, 0.3889, 0.444
2663, 0.4478, 0.450
2664, 0.4790, 0.445
2665, 0.3886, 0.456
2666, 0.4246, 0.448
2667, 0.4647, 0.450
2668, 0.3890, 0.455
2669, 0.3875, 0.452
2670, 0.3019, 0.543
2671, 0.3271, 0.462
2672, 0.4343, 0.442
2673, 0.3887, 0.446
2674, 0.3872, 0.443
2675, 0.3327, 0.445
2676, 0.4510, 0.447
2677, 0.3878, 0.438
2678, 0.3846, 0.451
2679, 0.3653, 0.453
2680, 0.4218, 0.452
2681, 0.4053, 0.452
2682, 0.3904, 0.440
2683, 0.2931, 0.444
2684, 0.3594, 0.446
2685, 0.3026, 0.450
2686, 0.3686, 0.455
2687, 0.3794, 0.470
2688, 0.3238, 0.446
2689, 0.4291, 0.439
2690, 0.3787, 0.443
2691, 0.3495, 0.463
2692, 0.4373, 0.441
2693, 0.3070, 0.449
2694, 0.4031, 0.445
2695, 0.4676, 0.442
2696, 0.4305, 0.457
2697, 0.3324, 0.456
2698, 0.3565, 0.450
2699, 0.3989, 0.452
2700, 0.5109, 0.460
2701, 0.3649, 0.449
2702, 0.3487, 0.441
2703, 0.3579, 0.438
2704, 0.3909, 0.440
2705, 0.3224, 0.440
2706, 0.3266, 0.445
2707, 0.3130, 0.456
2708, 0.3794, 0.443
2709, 0.4059, 0.442
2710, 0.4337, 0.436
2711, 0.3805, 0.455
2712, 0.4331, 0.439
2713, 0.3365, 0.438
2714, 0.4013, 0.442
2715, 0.3569, 0.442
2716, 0.3876, 0.444
2717, 0.4530, 0.445
2718, 0.4098, 0.427
2719, 0.3438, 0.452
2720, 0.4364, 0.450
2721, 0.3997, 0.461
2722, 0.5081, 0.446
2723, 0.4373, 0.440
2724, 0.2986, 0.466
2725, 0.3519, 0.435
2726, 0.4112, 0.446
2727, 0.4217, 0.442
2728, 0.3782, 0.446
2729, 0.3366, 0.468
2730, 0.3566, 0.453
2731, 0.3855, 0.452
2732, 0.2369, 0.474
2733, 0.4476, 0.444
2734, 0.4126, 0.466
2735, 0.3791, 0.455
2736, 0.3385, 0.464
2737, 0.3532, 0.448
2738, 0.3981, 0.441
2739, 0.4150, 0.451
2740, 0.4095, 0.439
2741, 0.2847, 0.439
2742, 0.3864, 0.443
2743, 0.3800, 0.447
2744, 0.3444, 0.444
2745, 0.4158, 0.454
2746, 0.4448, 0.462
2747, 0.4609, 0.446
2748, 0.3866, 0.447
2749, 0.3318, 0.445
2750, 0.3381, 0.462
2751, 0.3867, 0.446
2752, 0.4070, 0.442
2753, 0.4931, 0.444
2754, 0.4376, 0.459
2755, 0.3570, 0.442
2756, 0.4847, 0.454
2757, 0.2718, 0.447
2758, 0.2702, 0.443
2759, 0.3862, 0.445
2760, 0.3539, 0.446
2761, 0.3721, 0.447
2762, 0.3927, 0.449
2763, 0.4402, 0.460
2764, 0.3959, 0.441
2765, 0.4371, 0.440
2766, 0.4049, 0.448
2767, 0.3556, 0.442
2768, 0.3431, 0.444
2769, 0.3931, 0.444
2770, 0.3307, 0.448
2771, 0.3388, 0.442
2772, 0.4580, 0.441
2773, 0.3503, 0.444
2774, 0.3211, 0.450
2775, 0.3688, 0.446
2776, 0.4203, 0.456
2777, 0.3707, 0.452
2778, 0.3828, 0.450
2779, 0.3396, 0.446
2780, 0.3852, 0.450
2781, 0.3527, 0.452
2782, 0.4061, 0.446
2783, 0.3931, 0.460
2784, 0.3800, 0.446
2785, 0.3343, 0.456
2786, 0.3593, 0.443
2787, 0.3951, 0.443
2788, 0.3408, 0.443
2789, 0.3846, 0.445
2790, 0.3831, 0.453
2791, 0.4901, 0.457
2792, 0.3609, 0.450
2793, 0.3460, 0.450
2794, 0.3680, 0.450
2795, 0.2698, 0.447
2796, 0.3535, 0.445
2797, 0.4272, 0.453
2798, 0.2620, 0.451
2799, 0.2818, 0.443
2800, 0.2715, 0.440
2801, 0.3368, 0.431
2802, 0.4070, 0.448
2803, 0.3062, 0.464
2804, 0.4018, 0.445
2805, 0.3870, 0.467
2806, 0.3208, 0.465
2807, 0.4603, 0.453
2808, 0.4499, 0.449
2809, 0.4609, 0.450
2810, 0.3759, 0.446
2811, 0.4365, 0.443
2812, 0.4861, 0.432
2813, 0.3369, 0.430
2814, 0.3030, 0.428
2815, 0.4014, 0.531
2816, 0.4294, 0.425
2817, 0.4233, 0.426
2818, 0.4154, 0.436
2819, 0.3612, 0.434
2820, 0.3819, 0.424
2821, 0.4208, 0.430
2822, 0.4228, 0.434
2823, 0.4624, 0.454
2824, 0.3850, 0.459
2825, 0.4194, 0.436
2826, 0.3570, 0.435
2827, 0.3086, 0.431
2828, 0.3194, 0.432
2829, 0.3524, 0.470
2830, 0.4094, 0.454
2831, 0.2724, 0.455
2832, 0.3287, 0.457
2833, 0.3651, 0.457
2834, 0.3654, 0.455
2835, 0.4762, 0.450
2836, 0.4114, 0.451
2837, 0.3714, 0.449
2838, 0.3672, 0.451
2839, 0.4589, 0.448
2840, 0.4141, 0.446
2841, 0.4481, 0.455
2842, 0.3507, 0.458
2843, 0.4128, 0.456
2844, 0.4204, 0.460
2845, 0.3198, 0.449
2846, 0.4380, 0.444
2847, 0.3747, 0.441
2848, 0.3339, 0.442
2849, 0.3696, 0.443
2850, 0.2803, 0.443
2851, 0.3748, 0.451
2852, 0.3211, 0.447
2853, 0.4116, 0.447
2854, 0.3591, 0.446
2855, 0.3228, 0.452
2856, 0.3235, 0.454
2857, 0.4323, 0.448
2858, 0.4253, 0.449
2859, 0.4537, 0.452
2860, 0.4190, 0.451
2861, 0.4236, 0.471
2862, 0.2778, 0.481
2863, 0.3102, 0.570
2864, 0.3461, 0.449
2865, 0.3466, 0.448
2866, 0.3766, 0.463
2867, 0.3491, 0.448
2868, 0.4689, 0.447
2869, 0.4654, 0.462
2870, 0.4933, 0.472
2871, 0.4278, 0.459
2872, 0.4079, 0.448
2873, 0.3614, 0.482
2874, 0.4107, 0.478
2875, 0.4658, 0.449
2876, 0.3590, 0.444
2877, 0.3286, 0.439
2878, 0.4095, 0.443
2879, 0.4010, 0.439
2880, 0.3948, 0.439
2881, 0.3603, 0.450
2882, 0.3058, 0.433
2883, 0.4267, 0.436
2884, 0.3090, 0.439
2885, 0.3984, 0.437
2886, 0.3714, 0.439
2887, 0.3428, 0.437
2888, 0.5136, 0.444
2889, 0.4449, 0.440
2890, 0.3886, 0.436
2891, 0.3894, 0.438
2892, 0.4366, 0.437
2893, 0.3396, 0.442
2894, 0.3367, 0.436
2895, 0.3462, 0.440
2896, 0.4313, 0.440
2897, 0.4218, 0.442
2898, 0.3842, 0.441
2899, 0.3985, 0.441
2900, 0.4708, 0.445
2901, 0.4480, 0.436
2902, 0.4203, 0.434
2903, 0.4355, 0.453
2904, 0.4859, 0.450
2905, 0.4492, 0.436
2906, 0.4065, 0.439
2907, 0.3205, 0.432
2908, 0.4134, 0.452
2909, 0.4041, 0.437
2910, 0.4086, 0.439
2911, 0.4692, 0.436
2912, 0.4078, 0.435
2913, 0.4196, 0.435
2914, 0.3613, 0.429
2915, 0.4959, 0.430
2916, 0.4182, 0.436
2917, 0.4440, 0.453
2918, 0.4128, 0.444
2919, 0.4226, 0.443
2920, 0.3543, 0.436
2921, 0.4214, 0.452
2922, 0.3995, 0.439
2923, 0.2009, 0.437
2924, 0.2995, 0.433
2925, 0.4026, 0.440
2926, 0.3566, 0.438
2927, 0.3056, 0.441
2928, 0.3121, 0.441
2929, 0.3086, 0.440
2930, 0.2568, 0.466
2931, 0.2818, 0.438
2932, 0.3287, 0.454
2933, 0.3532, 0.437
2934, 0.2927, 0.460
2935, 0.2088, 0.437
2936, 0.2170, 0.450
2937, 0.2429, 0.438
2938, 0.3201, 0.436
2939, 0.2915, 0.458
2940, 0.3914, 0.450
2941, 0.3593, 0.437
2942, 0.3750, 0.437
2943, 0.4769, 0.438
2944, 0.3603, 0.457
2945, 0.2489, 0.429
2946, 0.2141, 0.420
2947, 0.2664, 0.440
2948, 0.2844, 0.442
2949, 0.2911, 0.437
2950, 0.4451, 0.434
2951, 0.4148, 0.427
2952, 0.3920, 0.438
2953, 0.4523, 0.463
2954, 0.3604, 0.427
2955, 0.2845, 0.447
2956, 0.2523, 0.442
2957, 0.3441, 0.445
2958, 0.3744, 0.446
2959, 0.2334, 0.461
2960, 0.1025, 0.454
2961, 0.2794, 0.448
2962, 0.1641, 0.440
2963, 0.2156, 0.449
2964, 0.4020, 0.443
2965, 0.2334, 0.445
2966, 0.1932, 0.447
2967, 0.3287, 0.458
2968, 0.3205, 0.466
2969, 0.3858, 0.458
2970, 0.1947, 0.453
2971, 0.2500, 0.469
2972, 0.2555, 0.454
2973, 0.3766, 0.447
2974, 0.3704, 0.454
2975, 0.4027, 0.453
2976, 0.3780, 0.447
2977, 0.3456, 0.444
2978, 0.3573, 0.442
2979, 0.3879, 0.445
2980, 0.3742, 0.455
2981, 0.4278, 0.461
2982, 0.3598, 0.463
2983, 0.3464, 0.458
2984, 0.3571, 0.458
2985, 0.3457, 0.450
2986, 0.2321, 0.451
2987, 0.2547, 0.444
2988, 0.3220, 0.450
2989, 0.2624, 0.446
2990, 0.4070, 0.447
2991, 0.3905, 0.452
2992, 0.3668, 0.454
2993, 0.4122, 0.452
2994, 0.3263, 0.450
2995, 0.3463, 0.448
2996, 0.4195, 0.447
2997, 0.3694, 0.448
2998, 0.4204, 0.457
2999, 0.1668, 0.450
3000, 0.2703, 0.456
3001, 0.4473, 0.444
3002, 0.2982, 0.459
3003, 0.4458, 0.470
3004, 0.3866, 0.452
3005, 0.4359, 0.442
3006, 0.3596, 0.428
3007, 0.2976, 0.434
3008, 0.2214, 0.455
3009, 0.3883, 0.431
3010, 0.3877, 0.445
3011, 0.4055, 0.447
3012, 0.4748, 0.447
3013, 0.3979, 0.447
3014, 0.4637, 0.457
3015, 0.3195, 0.553
3016, 0.2759, 0.427
3017, 0.3451, 0.444
3018, 0.2478, 0.448
3019, 0.2907, 0.447
3020, 0.2982, 0.444
3021, 0.4351, 0.453
3022, 0.3706, 0.465
3023, 0.4175, 0.457
3024, 0.4008, 0.448
3025, 0.3522, 0.465
3026, 0.3604, 0.469
3027, 0.3705, 0.462
3028, 0.3164, 0.460
3029, 0.2522, 0.461
3030, 0.1944, 0.449
3031, 0.4500, 0.450
3032, 0.3890, 0.454
3033, 0.2612, 0.460
3034, 0.3230, 0.448
3035, 0.3275, 0.447
3036, 0.2307, 0.445
3037, 0.3432, 0.443
3038, 0.4207, 0.444
3039, 0.4802, 0.442
3040, 0.4115, 0.442
3041, 0.1971, 0.442
3042, 0.2990, 0.445
3043, 0.2689, 0.451
3044, 0.3248, 0.445
3045, 0.3273, 0.448
3046, 0.3489, 0.450
3047, 0.3060, 0.441
3048, 0.3860, 0.445
3049, 0.3773, 0.446
3050, 0.4105, 0.450
3051, 0.4435, 0.456
3052, 0.3906, 0.453
3053, 0.3544, 0.453
3054, 0.2229, 0.472
3055, 0.4008, 0.446
3056, 0.3097, 0.575
3057, 0.3766, 0.451
3058, 0.4655, 0.452
3059, 0.3861, 0.448
3060, 0.3827, 0.448
3061, 0.4646, 0.453
3062, 0.3993, 0.444
3063, 0.4033, 0.455
3064, 0.4671, 0.452
3065, 0.3409, 0.455
3066, 0.3578, 0.455
3067, 0.3626, 0.444
3068, 0.3760, 0.447
3069, 0.3388, 0.442
3070, 0.2359, 0.445
3071, 0.3799, 0.443
3072, 0.3901, 0.444
3073, 0.3356, 0.443
3074, 0.3944, 0.440
3075, 0.4292, 0.435
3076, 0.3783, 0.442
3077, 0.3360, 0.439
3078, 0.4151, 0.447
3079, 0.2861, 0.443
3080, 0.3244, 0.444
3081, 0.3759, 0.462
3082, 0.3639, 0.454
3083, 0.4474, 0.448
3084, 0.3871, 0.448
3085, 0.4206, 0.437
3086, 0.3003, 0.447
3087, 0.3720, 0.447
3088, 0.3053, 0.450
3089, 0.3321, 0.459
3090, 0.3423, 0.456
3091, 0.3659, 0.441
3092, 0.3393, 0.444
3093, 0.4149, 0.446
3094, 0.3591, 0.443
3095, 0.3359, 0.455
3096, 0.2013, 0.437
3097, 0.2134, 0.455
3098, 0.3282, 0.446
3099, 0.3129, 0.441
3100, 0.3166, 0.440
3101, 0.2089, 0.457
3102, 0.3591, 0.446
3103, 0.3526, 0.435
3104, 0.4478, 0.441
3105, 0.4486, 0.470
3106, 0.3151, 0.461
3107, 0.4395, 0.424
3108, 0.4283, 0.437
3109, 0.3844, 0.443
3110, 0.3133, 0.456
3111, 0.3371, 0.453
3112, 0.2924, 0.443
3113, 0.3128, 0.453
3114, 0.2964, 0.450
3115, 0.3122, 0.441
3116, 0.2744, 0.440
3117, 0.3788, 0.438
3118, 0.3813, 0.459
3119, 0.3078, 0.446
3120, 0.3845, 0.451
3121, 0.3566, 0.433
3122, 0.4178, 0.441
3123, 0.2936, 0.439
3124, 0.3890, 0.447
3125, 0.2459, 0.449
3126, 0.3843, 0.439
3127, 0.3391, 0.436
3128, 0.2956, 0.446
3129, 0.4571, 0.443
3130, 0.3802, 0.444
3131, 0.3511, 0.443
3132, 0.4257, 0.440
3133, 0.3491, 0.447
3134, 0.3347, 0.440
3135, 0.4235, 0.445
3136, 0.3494, 0.445
3137, 0.4809, 0.440
3138, 0.4217, 0.438
3139, 0.4175, 0.446
3140, 0.3295, 0.437
3141, 0.2942, 0.450
3142, 0.2560, 0.443
3143, 0.3796, 0.440
3144, 0.2901, 0.432
3145, 0.3404, 0.448
3146, 0.3152, 0.442
3147, 0.3750, 0.461
3148, 0.3217, 0.439
3149, 0.2927, 0.447
3150, 0.3071, 0.438
3151, 0.2546, 0.443
3152, 0.4183, 0.437
3153, 0.4220, 0.442
3154, 0.3254, 0.440
3155, 0.2896, 0.440
3156, 0.2916, 0.445
3157, 0.2795, 0.440
3158, 0.1954, 0.443
3159, 0.3066, 0.447
3160, 0.1737, 0.444
3161, 0.4211, 0.447
3162, 0.3695, 0.452
3163, 0.2533, 0.444
3164, 0.2191, 0.448
3165, 0.2110, 0.446
3166, 0.4131, 0.445
3167, 0.2294, 0.447
3168, 0.1406, 0.451
3169, 0.1882, 0.451
3170, 0.2295, 0.458
3171, 0.2507, 0.459
3172, 0.2440, 0.451
3173, 0.3708, 0.444
3174, 0.2984, 0.453
3175, 0.2696, 0.444
3176, 0.3432, 0.446
3177, 0.2727, 0.451
3178, 0.2553, 0.456
3179, 0.1944, 0.444
3180, 0.2941, 0.448
3181, 0.4162, 0.448
3182, 0.3004, 0.446
3183, 0.2899, 0.449
3184, 0.4125, 0.445
3185, 0.2894, 0.456
3186, 0.2583, 0.451
3187, 0.2805, 0.451
3188, 0.3052, 0.443
3189, 0.2107, 0.446
3190, 0.2852, 0.443
3191, 0.4385, 0.447
3192, 0.3506, 0.449
3193, 0.2738, 0.539
3194, 0.3581, 0.441
3195, 0.3817, 0.461
3196, 0.2840, 0.443
3197, 0.2956, 0.448
3198, 0.2551, 0.464
3199, 0.4160, 0.454
3200, 0.3919, 0.444
3201, 0.3605, 0.437
3202, 0.3590, 0.453
3203, 0.2954, 0.449
3204, 0.2475, 0.448
3205, 0.2664, 0.458
3206, 0.3010, 0.454
3207, 0.3140, 0.451
3208, 0.3217, 0.440
3209, 0.3972, 0.437
3210, 0.3806, 0.458
3211, 0.3490, 0.446
3212, 0.4280, 0.452
3213, 0.2577, 0.459
3214, 0.2977, 0.453
3215, 0.3629, 0.483
3216, 0.3309, 0.428
3217, 0.4264, 0.448
3218, 0.3267, 0.443
3219, 0.4131, 0.444
3220, 0.3868, 0.470
3221, 0.3054, 0.453
3222, 0.3536, 0.439
3223, 0.2940, 0.465
3224, 0.3410, 0.457
3225, 0.3238, 0.461
3226, 0.3687, 0.435
3227, 0.3087, 0.432
3228, 0.2766, 0.432
3229, 0.1872, 0.446
3230, 0.3472, 0.436
3231, 0.4478, 0.429
3232, 0.3720, 0.426
3233, 0.2989, 0.425
3234, 0.4328, 0.446
3235, 0.3798, 0.435
3236, 0.3567, 0.438
3237, 0.2955, 0.435
3238, 0.3382, 0.428
3239, 0.3379, 0.426
3240, 0.3049, 0.455
3241, 0.3229, 0.459
3242, 0.3969, 0.452
3243, 0.3317, 0.435
3244, 0.3553, 0.456
3245, 0.3914, 0.474
3246, 0.3413, 0.460
3247, 0.4001, 0.466
3248, 0.2618, 0.460
3249, 0.3042, 0.586
3250, 0.3166, 0.452
3251, 0.3481, 0.470
3252, 0.3270, 0.450
3253, 0.3795, 0.456
3254, 0.3266, 0.453
3255, 0.2992, 0.464
3256, 0.4190, 0.462
3257, 0.3734, 0.469
3258, 0.4213, 0.446
3259, 0.3010, 0.465
3260, 0.3575, 0.460
3261, 0.3394, 0.438
3262, 0.2767, 0.464
3263, 0.2425, 0.453
3264, 0.3538, 0.445
3265, 0.4135, 0.449
3266, 0.3106, 0.441
3267, 0.4310, 0.440
3268, 0.3501, 0.445
3269, 0.4164, 0.444
3270, 0.3187, 0.448
3271, 0.4076, 0.454
3272, 0.3614, 0.450
3273, 0.4346, 0.440
3274, 0.3235, 0.446
3275, 0.4284, 0.446
3276, 0.3138, 0.460
3277, 0.4264, 0.458
3278, 0.3973, 0.453
3279, 0.2595, 0.468
3280, 0.2831, 0.437
3281, 0.2435, 0.446
3282, 0.2822, 0.447
3283, 0.2260, 0.446
3284, 0.3530, 0.440
3285, 0.3706, 0.431
3286, 0.2753, 0.440
3287, 0.3855, 0.446
3288, 0.3589, 0.441
3289, 0.3121, 0.438
3290, 0.3467, 0.439
3291, 0.3614, 0.439
3292, 0.3523, 0.446
3293, 0.3428, 0.436
3294, 0.3948, 0.438
3295, 0.3912, 0.439
3296, 0.4755, 0.442
3297, 0.3968, 0.438
3298, 0.2979, 0.444
3299, 0.3088, 0.467
3300, 0.4128, 0.451
3301, 0.3091, 0.465
3302, 0.2927, 0.470
3303, 0.3527, 0.452
3304, 0.3287, 0.434
3305, 0.3706, 0.456
3306, 0.3027, 0.437
3307, 0.4033, 0.441
3308, 0.3698, 0.454
3309, 0.3189, 0.454
3310, 0.2140, 0.439
3311, 0.2759, 0.443
3312, 0.4150, 0.450
3313, 0.3546, 0.446
3314, 0.2723, 0.443
3315, 0.3047, 0.434
3316, 0.2952, 0.448
3317, 0.3678, 0.453
3318, 0.3354, 0.447
3319, 0.2543, 0.449
3320, 0.4011, 0.469
3321, 0.3105, 0.447
3322, 0.3464, 0.441
3323, 0.3858, 0.445
3324, 0.2966, 0.441
3325, 0.3574, 0.447
3326, 0.4043, 0.440
3327, 0.3867, 0.441
3328, 0.2878, 0.458
3329, 0.2241, 0.451
3330, 0.2737, 0.449
3331, 0.3507, 0.441
3332, 0.3542, 0.446
3333, 0.3417, 0.459
3334, 0.3245, 0.444
3335, 0.3583, 0.443
3336, 0.1950, 0.462
3337, 0.2422, 0.445
3338, 0.3109, 0.447
3339, 0.3623, 0.447
3340, 0.4662, 0.443
3341, 0.3807, 0.443
3342, 0.3054, 0.446
3343, 0.3394, 0.456
3344, 0.3120, 0.440
3345, 0.2537, 0.442
3346, 0.2526, 0.444
3347, 0.3691, 0.440
3348, 0.4301, 0.439
3349, 0.3474, 0.438
3350, 0.3094, 0.440
3351, 0.1931, 0.441
3352, 0.1996, 0.435
3353, 0.3838, 0.437
3354, 0.3092, 0.490
3355, 0.4409, 0.442
3356, 0.2847, 0.444
3357, 0.4186, 0.441
3358, 0.4078, 0.443
3359, 0.3678, 0.448
3360, 0.3781, 0.452
3361, 0.3300, 0.455
3362, 0.1999, 0.448
3363, 0.1892, 0.450
3364, 0.2525, 0.446
3365, 0.4415, 0.445
3366, 0.3158, 0.443
3367, 0.2439, 0.446
3368, 0.2557, 0.449
3369, 0.4094, 0.449
3370, 0.3418, 0.446
3371, 0.4351, 0.451
3372, 0.3288, 0.448
3373, 0.2805, 0.448
3374, 0.3654, 0.450
3375, 0.3446, 0.442
3376, 0.2007, 0.441
3377, 0.3048, 0.445
3378, 0.3321, 0.451
3379, 0.3170, 0.438
3380, 0.2887, 0.444
3381, 0.3788, 0.459
3382, 0.3673, 0.451
3383, 0.4880, 0.446
3384, 0.4311, 0.445
3385, 0.3188, 0.459
3386, 0.3015, 0.484
3387, 0.3975, 0.452
3388, 0.3662, 0.422
3389, 0.3615, 0.424
3390, 0.3728, 0.423
3391, 0.3494, 0.430
3392, 0.3920, 0.434
3393, 0.3607, 0.442
3394, 0.3423, 0.430
3395, 0.4436, 0.428
3396, 0.3930, 0.425
3397, 0.3358, 0.424
3398, 0.3814, 0.430
3399, 0.2951, 0.432
3400, 0.2357, 0.434
3401, 0.4273, 0.426
3402, 0.3380, 0.459
3403, 0.3306, 0.451
3404, 0.3603, 0.428
3405, 0.3621, 0.441
3406, 0.3699, 0.428
3407, 0.3355, 0.439
3408, 0.3345, 0.462
3409, 0.4412, 0.469
3410, 0.3475, 0.481
3411, 0.3581, 0.473
3412, 0.3252, 0.425
3413, 0.4031, 0.426
3414, 0.3418, 0.452
3415, 0.3258, 0.525
3416, 0.3944, 0.465
3417, 0.3203, 0.456
3418, 0.2043, 0.453
3419, 0.2320, 0.449
3420, 0.3887, 0.454
3421, 0.3295, 0.463
3422, 0.3797, 0.466
3423, 0.3644, 0.476
3424, 0.3122, 0.463
3425, 0.3367, 0.459
3426, 0.3157, 0.455
3427, 0.3168, 0.459
3428, 0.2822, 0.451
3429, 0.4439, 0.452
3430, 0.4058, 0.460
3431, 0.3072, 0.451
3432, 0.2812, 0.448
3433, 0.4148, 0.458
3434, 0.3743, 0.451
3435, 0.3800, 0.452
3436, 0.2958, 0.463
3437, 0.3424, 0.471
3438, 0.4172, 0.460
3439, 0.3004, 0.444
3440, 0.3628, 0.461
3441, 0.3563, 0.480
3442, 0.3455, 0.450
3443, 0.3560, 0.447
3444, 0.3484, 0.448
3445, 0.3251, 0.445
3446, 0.4925, 0.443
3447, 0.4839, 0.443
3448, 0.3606, 0.447
3449, 0.3578, 0.463
3450, 0.3316, 0.459
3451, 0.3555, 0.450
3452, 0.2981, 0.460
3453, 0.2218, 0.455
3454, 0.3576, 0.459
3455, 0.3098, 0.434
3456, 0.3717, 0.444
3457, 0.3640, 0.439
3458, 0.3332, 0.438
3459, 0.2854, 0.447
3460, 0.2846, 0.442
3461, 0.4385, 0.442
3462, 0.3880, 0.444
3463, 0.4129, 0.441
3464, 0.4466, 0.438
3465, 0.4487, 0.446
3466, 0.3782, 0.458
3467, 0.3862, 0.441
3468, 0.1920, 0.456
3469, 0.2650, 0.450
3470, 0.3616, 0.436
3471, 0.3892, 0.435
3472, 0.2076, 0.451
3473, 0.4073, 0.458
3474, 0.2295, 0.455
3475, 0.2031, 0.454
3476, 0.3418, 0.443
3477, 0.2991, 0.437
3478, 0.3217, 0.451
3479, 0.3646, 0.443
3480, 0.2645, 0.438
3481, 0.3884, 0.442
3482, 0.3055, 0.456
3483, 0.4234, 0.439
3484, 0.2823, 0.436
3485, 0.2836, 0.437
3486, 0.3209, 0.452
3487, 0.3684, 0.445
3488, 0.2027, 0.440
3489, 0.2898, 0.441
3490, 0.4579, 0.435
3491, 0.3490, 0.432
3492, 0.2679, 0.448
3493, 0.3190, 0.438
3494, 0.2667, 0.439
3495, 0.3265, 0.446
3496, 0.3428, 0.453
3497, 0.3251, 0.438
3498, 0.3582, 0.471
3499, 0.2945, 0.438
3500, 0.3068, 0.453
3501, 0.4395, 0.442
3502, 0.3074, 0.443
3503, 0.3022, 0.443
3504, 0.3196, 0.444
3505, 0.3322, 0.445
3506, 0.2898, 0.448
3507, 0.3638, 0.448
3508, 0.3147, 0.452
3509, 0.3079, 0.447
3510, 0.3000, 0.439
3511, 0.2665, 0.434
3512, 0.3436, 0.454
3513, 0.3446, 0.441
3514, 0.3566, 0.435
3515, 0.3968, 0.442
3516, 0.4137, 0.441
3517, 0.3493, 0.456
3518, 0.3522, 0.450
3519, 0.2726, 0.437
3520, 0.3218, 0.441
3521, 0.3637, 0.440
3522, 0.2291, 0.447
3523, 0.3032, 0.439
3524, 0.3492, 0.442
3525, 0.2371, 0.444
3526, 0.3130, 0.443
3527, 0.2895, 0.439
3528, 0.3408, 0.444
3529, 0.4003, 0.445
3530, 0.3734, 0.441
3531, 0.3627, 0.441
3532, 0.4062, 0.452
3533, 0.3062, 0.459
3534, 0.3165, 0.452
3535, 0.4433, 0.466
3536, 0.3988, 0.444
3537, 0.3575, 0.442
3538, 0.2756, 0.445
3539, 0.3693, 0.453
3540, 0.4509, 0.457
3541, 0.4368, 0.439
3542, 0.3356, 0.445
3543, 0.3602, 0.447
3544, 0.1822, 0.442
3545, 0.3228, 0.457
3546, 0.2791, 0.449
3547, 0.2582, 0.458
3548, 0.2624, 0.443
3549, 0.2027, 0.460
3550, 0.2362, 0.448
3551, 0.3334, 0.454
3552, 0.4544, 0.443
3553, 0.4018, 0.440
3554, 0.3291, 0.437
3555, 0.2863, 0.513
3556, 0.4430, 0.456
3557, 0.3287, 0.443
3558, 0.3135, 0.443
3559, 0.3102, 0.438
3560, 0.3404, 0.437
3561, 0.2990, 0.444
3562, 0.3514, 0.447
3563, 0.4408, 0.448
3564, 0.2871, 0.449
3565, 0.3533, 0.446
3566, 0.2849, 0.444
3567, 0.4051, 0.459
3568, 0.3772, 0.434
3569, 0.3585, 0.451
3570, 0.3056, 0.446
3571, 0.3329, 0.445
3572, 0.4080, 0.446
3573, 0.2737, 0.448
3574, 0.3337, 0.448
3575, 0.4038, 0.459
3576, 0.3664, 0.450
3577, 0.4313, 0.463
3578, 0.3186, 0.465
3579, 0.3575, 0.459
3580, 0.3378, 0.442
3581, 0.2792, 0.443
3582, 0.2865, 0.452
3583, 0.3535, 0.443
3584, 0.3095, 0.462
3585, 0.3115, 0.471
3586, 0.3922, 0.448
3587, 0.3431, 0.427
3588, 0.3184, 0.423
3589, 0.2210, 0.444
3590, 0.3044, 0.434
3591, 0.3203, 0.434
3592, 0.2500, 0.427
3593, 0.3644, 0.424
3594, 0.3703, 0.429
3595, 0.2611, 0.430
3596, 0.4053, 0.455
3597, 0.3175, 0.455
3598, 0.3668, 0.454
3599, 0.2753, 0.456
3600, 0.3240, 0.470
3601, 0.4052, 0.449
3602, 0.2943, 0.452
3603, 0.3156, 0.440
3604, 0.4938, 0.447
3605, 0.3852, 0.459
3606, 0.3277, 0.437
3607, 0.2790, 0.457
3608, 0.2726, 0.452
3609, 0.4098, 0.460
3610, 0.3756, 0.481
3611, 0.2839, 0.460
3612, 0.3901, 0.424
3613, 0.3233, 0.429
3614, 0.3594, 0.494
3615, 0.3593, 0.455
3616, 0.3206, 0.447
3617, 0.4066, 0.444
3618, 0.2626, 0.451
3619, 0.2880, 0.452
3620, 0.2879, 0.463
3621, 0.4315, 0.464
3622, 0.2431, 0.463
3623, 0.3375, 0.470
3624, 0.2845, 0.455
3625, 0.3824, 0.462
3626, 0.3723, 0.471
3627, 0.2373, 0.452
3628, 0.3271, 0.456
3629, 0.3724, 0.467
3630, 0.3489, 0.478
3631, 0.4207, 0.477
3632, 0.3107, 0.452
3633, 0.2210, 0.450
3634, 0.2301, 0.448
3635, 0.3078, 0.571
3636, 0.3602, 0.460
3637, 0.3060, 0.451
3638, 0.3682, 0.467
3639, 0.3635, 0.460
3640, 0.3157, 0.444
3641, 0.3284, 0.449
3642, 0.3634, 0.458
3643, 0.3904, 0.454
3644, 0.3243, 0.456
3645, 0.3414, 0.455
3646, 0.4140, 0.455
3647, 0.3242, 0.463
3648, 0.3754, 0.466
3649, 0.4074, 0.478
3650, 0.3994, 0.468
3651, 0.3149, 0.458
3652, 0.3597, 0.457
3653, 0.3688, 0.454
3654, 0.2632, 0.462
3655, 0.2740, 0.463
3656, 0.3786, 0.454
3657, 0.2792, 0.462
3658, 0.3964, 0.442
3659, 0.3547, 0.440
3660, 0.3592, 0.450
3661, 0.3512, 0.430
3662, 0.3711, 0.461
3663, 0.2996, 0.445
3664, 0.2919, 0.439
3665, 0.2580, 0.433
3666, 0.4264, 0.450
3667, 0.4245, 0.432
3668, 0.3206, 0.426
3669, 0.4003, 0.432
3670, 0.3901, 0.437
3671, 0.2992, 0.433
3672, 0.3354, 0.436
3673, 0.4473, 0.429
3674, 0.2939, 0.455
3675, 0.3471, 0.442
3676, 0.4311, 0.466
3677, 0.2976, 0.455
3678, 0.3706, 0.448
3679, 0.3839, 0.448
3680, 0.3063, 0.446
3681, 0.3481, 0.453
3682, 0.2833, 0.464
3683, 0.2797, 0.437
3684, 0.3204, 0.444
3685, 0.2629, 0.447
3686, 0.3664, 0.445
3687, 0.4270, 0.457
3688, 0.3530, 0.456
3689, 0.2707, 0.440
3690, 0.2638, 0.450
3691, 0.4012, 0.448
3692, 0.3535, 0.435
3693, 0.3948, 0.461
3694, 0.4073, 0.445
3695, 0.2059, 0.455
3696, 0.3160, 0.465
3697, 0.3939, 0.443
3698, 0.4078, 0.464
3699, 0.3199, 0.457
3700, 0.6003, 0.453
3701, 0.4550, 0.457
3702, 0.3730, 0.458
3703, 0.3516, 0.447
3704, 0.3368, 0.451
3705, 0.3573, 0.442
3706, 0.3470, 0.435
3707, 0.3724, 0.448
3708, 0.3378, 0.442
3709, 0.3067, 0.447
3710, 0.3575, 0.447
3711, 0.3926, 0.444
3712, 0.2143, 0.443
3713, 0.3261, 0.453
3714, 0.3789, 0.434
3715, 0.3099, 0.439
3716, 0.3411, 0.438
3717, 0.3241, 0.446
3718, 0.3981, 0.446
3719, 0.3464, 0.440
3720, 0.2483, 0.437
3721, 0.3721, 0.463
3722, 0.4511, 0.440
3723, 0.3809, 0.453
3724, 0.3291, 0.444
3725, 0.3312, 0.450
3726, 0.3512, 0.445
3727, 0.3555, 0.445
3728, 0.3672, 0.447
3729, 0.3639, 0.458
3730, 0.3200, 0.457
3731, 0.4356, 0.439
3732, 0.3756, 0.460
3733, 0.3024, 0.446
3734, 0.3797, 0.457
3735, 0.2441, 0.439
3736, 0.3153, 0.477
3737, 0.2579, 0.442
3738, 0.1905, 0.438
3739, 0.3211, 0.429
3740, 0.3849, 0.457
3741, 0.3578, 0.442
3742, 0.3494, 0.430
3743, 0.3765, 0.422
3744, 0.3872, 0.419
3745, 0.2954, 0.426
3746, 0.4631, 0.433
3747, 0.4027, 0.437
3748, 0.3710, 0.437
3749, 0.3207, 0.445
3750, 0.2984, 0.436
3751, 0.2487, 0.439
3752, 0.5428, 0.470
3753, 0.3618, 0.444
3754, 0.3871, 0.438
3755, 0.3836, 0.457
3756, 0.3957, 0.472
3757, 0.4511, 0.438
3758, 0.3520, 0.452
3759, 0.3033, 0.451
3760, 0.3127, 0.459
3761, 0.2787, 0.444
3762, 0.4188, 0.453
3763, 0.3867, 0.447
3764, 0.3252, 0.440
3765, 0.3649, 0.439
3766, 0.2626, 0.436
3767, 0.2525, 0.439
3768, 0.3016, 0.446
3769, 0.2616, 0.442
3770, 0.3258, 0.452
3771, 0.3587, 0.446
3772, 0.2729, 0.463
3773, 0.4119, 0.449
3774, 0.4240, 0.450
3775, 0.4717, 0.446
3776, 0.3652, 0.444
3777, 0.4043, 0.438
3778, 0.4167, 0.443
3779, 0.5084, 0.455
3780, 0.4812, 0.449
3781, 0.3462, 0.464
3782, 0.3508, 0.471
3783, 0.2897, 0.449
3784, 0.3945, 0.462
3785, 0.3657, 0.469
3786, 0.3589, 0.462
3787, 0.3966, 0.460
3788, 0.3950, 0.462
3789, 0.3721, 0.462
3790, 0.3087, 0.455
3791, 0.3155, 0.455
3792, 0.3694, 0.456
3793, 0.3057, 0.461
3794, 0.3372, 0.457
3795, 0.2962, 0.459
3796, 0.3796, 0.461
3797, 0.3656, 0.461
3798, 0.3720, 0.456
3799, 0.3537, 0.451
3800, 0.3363, 0.433
3801, 0.3014, 0.425
3802, 0.3703, 0.440
3803, 0.4196, 0.441
3804, 0.3774, 0.440
3805, 0.3599, 0.471
3806, 0.3696, 0.425
3807, 0.3356, 0.434
3808, 0.3565, 0.436
3809, 0.3228, 0.432
3810, 0.3030, 0.469
3811, 0.2577, 0.431
3812, 0.3277, 0.435
3813, 0.2556, 0.428
3814, 0.3327, 0.439
3815, 0.3577, 0.516
3816, 0.3044, 0.427
3817, 0.3018, 0.430
3818, 0.3322, 0.439
3819, 0.3031, 0.426
3820, 0.4271, 0.430
3821, 0.3908, 0.437
3822, 0.3515, 0.455
3823, 0.3028, 0.493
3824, 0.2900, 0.473
3825, 0.3511, 0.480
3826, 0.4220, 0.474
3827, 0.4004, 0.447
3828, 0.2722, 0.519
3829, 0.2972, 0.457
3830, 0.2894, 0.457
3831, 0.3219, 0.458
3832, 0.3944, 0.456
3833, 0.3392, 0.451
3834, 0.3168, 0.443
3835, 0.4463, 0.455
3836, 0.4044, 0.462
3837, 0.3800, 0.455
3838, 0.3255, 0.445
3839, 0.3074, 0.446
3840, 0.2020, 0.445
3841, 0.2371, 0.441
3842, 0.3062, 0.448
3843, 0.3835, 0.462
3844, 0.3717, 0.444
3845, 0.2958, 0.442
3846, 0.3158, 0.458
3847, 0.3339, 0.450
3848, 0.3505, 0.449
3849, 0.3441, 0.455
3850, 0.3370, 0.444
3851, 0.3438, 0.431
3852, 0.3072, 0.444
3853, 0.3059, 0.457
3854, 0.4014, 0.450
3855, 0.3391, 0.443
3856, 0.3072, 0.440
3857, 0.3918, 0.442
3858, 0.2895, 0.442
3859, 0.3718, 0.442
3860, 0.3356, 0.441
3861, 0.3732, 0.448
3862, 0.3058, 0.446
3863, 0.3763, 0.447
3864, 0.3787, 0.444
3865, 0.4323, 0.442
3866, 0.3565, 0.443
3867, 0.4038, 0.446
3868, 0.3314, 0.439
3869, 0.2678, 0.437
3870, 0.3473, 0.447
3871, 0.3792, 0.442
3872, 0.2784, 0.446
3873, 0.3934, 0.441
3874, 0.3175, 0.439
3875, 0.3858, 0.454
3876, 0.4086, 0.444
3877, 0.3926, 0.436
3878, 0.4085, 0.445
3879, 0.3797, 0.447
3880, 0.3445, 0.434
3881, 0.3372, 0.440
3882, 0.2800, 0.437
3883, 0.3548, 0.441
3884, 0.3732, 0.438
3885, 0.3767, 0.435
3886, 0.3083, 0.434
3887, 0.4091, 0.453
3888, 0.3216, 0.440
3889, 0.3242, 0.441
3890, 0.2929, 0.454
3891, 0.2802, 0.441
3892, 0.3909, 0.453
3893, 0.2925, 0.442
3894, 0.2604, 0.443
3895, 0.2808, 0.447
3896, 0.4199, 0.440
3897, 0.2877, 0.435
3898, 0.3420, 0.438
3899, 0.3605, 0.436
3900, 0.2930, 0.436
3901, 0.3263, 0.437
3902, 0.3373, 0.434
3903, 0.2955, 0.435
3904, 0.3221, 0.436
3905, 0.3023, 0.434
3906, 0.2438, 0.437
3907, 0.2841, 0.436
3908, 0.2699, 0.441
3909, 0.3070, 0.439
3910, 0.3002, 0.442
3911, 0.3768, 0.440
3912, 0.1591, 0.438
3913, 0.3497, 0.443
3914, 0.3359, 0.440
3915, 0.3418, 0.449
3916, 0.3164, 0.431
3917, 0.3544, 0.436
3918, 0.4047, 0.443
3919, 0.3152, 0.461
3920, 0.2701, 0.439
3921, 0.2903, 0.440
3922, 0.2955, 0.445
3923, 0.2683, 0.456
3924, 0.3360, 0.439
3925, 0.2690, 0.439
3926, 0.3008, 0.445
3927, 0.4020, 0.447
3928, 0.2170, 0.444
3929, 0.3178, 0.457
3930, 0.3360, 0.452
3931, 0.3176, 0.450
3932, 0.3117, 0.467
3933, 0.3129, 0.442
3934, 0.4083, 0.441
3935, 0.1629, 0.441
3936, 0.3178, 0.437
3937, 0.3295, 0.436
3938, 0.3071, 0.432
3939, 0.3149, 0.458
3940, 0.3198, 0.444
3941, 0.3721, 0.455
3942, 0.2710, 0.441
3943, 0.3392, 0.438
3944, 0.3247, 0.453
3945, 0.3593, 0.438
3946, 0.3303, 0.443
3947, 0.3974, 0.448
3948, 0.3366, 0.448
3949, 0.3846, 0.437
3950, 0.3673, 0.432
3951, 0.2585, 0.447
3952, 0.3285, 0.440
3953, 0.2329, 0.445
3954, 0.3067, 0.442
3955, 0.3115, 0.442
3956, 0.3748, 0.448
3957, 0.3394, 0.446
3958, 0.3121, 0.444
3959, 0.3000, 0.449
3960, 0.2560, 0.464
3961, 0.3435, 0.449
3962, 0.2323, 0.447
3963, 0.2956, 0.451
3964, 0.2986, 0.453
3965, 0.2802, 0.456
3966, 0.3043, 0.451
3967, 0.3040, 0.462
3968, 0.3018, 0.500
3969, 0.3174, 0.455
3970, 0.3570, 0.451
3971, 0.2943, 0.475
3972, 0.2595, 0.462
3973, 0.3503, 0.453
3974, 0.4518, 0.444
3975, 0.3509, 0.441
3976, 0.2431, 0.459
3977, 0.4209, 0.441
3978, 0.3576, 0.444
3979, 0.3653, 0.449
3980, 0.3911, 0.440
3981, 0.3401, 0.443
3982, 0.2990, 0.464
3983, 0.3664, 0.443
3984, 0.3085, 0.442
3985, 0.2703, 0.446
3986, 0.2483, 0.451
3987, 0.3126, 0.447
3988, 0.2570, 0.474
3989, 0.2257, 0.442
3990, 0.3221, 0.442
3991, 0.3195, 0.462
3992, 0.3244, 0.442
3993, 0.2177, 0.479
3994, 0.2910, 0.445
3995, 0.3133, 0.444
3996, 0.3522, 0.439
3997, 0.3112, 0.430
3998, 0.2173, 0.431
3999, 0.3172, 0.430
4000, 0.3100, 0.431
4001, 0.2347, 0.424
4002, 0.3778, 0.437
4003, 0.3191, 0.428
4004, 0.3694, 0.431
4005, 0.4325, 0.433
4006, 0.4074, 0.435
4007, 0.3675, 0.457
4008, 0.3122, 0.456
4009, 0.3650, 0.443
4010, 0.3000, 0.454
4011, 0.3235, 0.427
4012, 0.2835, 0.425
4013, 0.1976, 0.461
4014, 0.2679, 0.463
4015, 0.2923, 0.542
4016, 0.3304, 0.469
4017, 0.3313, 0.474
4018, 0.3036, 0.482
4019, 0.3675, 0.460
4020, 0.3423, 0.451
4021, 0.3475, 0.461
4022, 0.3274, 0.480
4023, 0.2783, 0.495
4024, 0.3087, 0.452
4025, 0.3450, 0.454
4026, 0.2839, 0.445
4027, 0.2837, 0.445
4028, 0.3253, 0.455
4029, 0.3253, 0.456
4030, 0.2982, 0.468
4031, 0.3700, 0.470
4032, 0.3387, 0.459
4033, 0.3354, 0.460
4034, 0.3881, 0.452
4035, 0.3261, 0.456
4036, 0.2845, 0.451
4037, 0.2761, 0.458
4038, 0.3269, 0.451
4039, 0.4301, 0.440
4040, 0.3143, 0.449
4041, 0.3293, 0.450
4042, 0.4042, 0.465
4043, 0.2967, 0.447
4044, 0.3037, 0.444
4045, 0.3010, 0.467
4046, 0.3680, 0.452
4047, 0.3547, 0.459
4048, 0.3621, 0.454
4049, 0.4096, 0.448
4050, 0.3247, 0.438
4051, 0.2238, 0.442
4052, 0.3188, 0.443
4053, 0.3906, 0.441
4054, 0.3984, 0.444
4055, 0.3149, 0.459
4056, 0.3582, 0.446
4057, 0.2755, 0.441
4058, 0.2992, 0.439
4059, 0.3878, 0.438
4060, 0.4325, 0.434
4061, 0.3166, 0.446
4062, 0.2900, 0.440
4063, 0.3176, 0.444
4064, 0.3481, 0.449
4065, 0.2290, 0.448
4066, 0.2498, 0.440
4067, 0.3545, 0.446
4068, 0.3151, 0.441
4069, 0.3260, 0.445
4070, 0.2776, 0.453
4071, 0.3176, 0.448
4072, 0.3359, 0.453
4073, 0.3374, 0.443
4074, 0.3008, 0.439
4075, 0.3261, 0.441
4076, 0.3336, 0.439
4077, 0.3142, 0.441
4078, 0.2757, 0.461
4079, 0.3429, 0.419
4080, 0.3113, 0.448
4081, 0.2323, 0.445
4082, 0.2729, 0.449
4083, 0.2425, 0.438
4084, 0.2861, 0.439
4085, 0.3311, 0.441
4086, 0.3600, 0.443
4087, 0.3157, 0.439
4088, 0.2150, 0.438
4089, 0.3225, 0.450
4090, 0.2623, 0.442
4091, 0.2834, 0.455
4092, 0.3333, 0.428
4093, 0.3931, 0.426
4094, 0.2752, 0.436
4095, 0.2884, 0.459
4096, 0.3784, 0.454
4097, 0.3472, 0.452
4098, 0.3651, 0.441
4099, 0.2614, 0.437
4100, 0.3058, 0.435
4101, 0.4154, 0.439
4102, 0.3569, 0.436
4103, 0.3899, 0.435
4104, 0.3583, 0.435
4105, 0.3763, 0.435
4106, 0.2872, 0.443
4107, 0.2966, 0.448
4108, 0.3723, 0.445
4109, 0.3152, 0.443
4110, 0.3101, 0.447
4111, 0.3180, 0.449
4112, 0.3101, 0.446
4113, 0.3619, 0.456
4114, 0.3019, 0.478
4115, 0.3021, 0.461
4116, 0.3116, 0.438
4117, 0.3366, 0.443
4118, 0.3118, 0.455
4119, 0.3255, 0.444
4120, 0.3378, 0.450
4121, 0.2684, 0.445
4122, 0.3267, 0.419
4123, 0.3374, 0.428
4124, 0.2886, 0.420
4125, 0.2740, 0.422
4126, 0.3165, 0.419
4127, 0.3804, 0.422
4128, 0.3691, 0.423
4129, 0.2913, 0.429
4130, 0.3013, 0.441
4131, 0.3071, 0.439
4132, 0.2878, 0.442
4133, 0.3507, 0.448
4134, 0.3910, 0.450
4135, 0.3535, 0.432
4136, 0.3660, 0.440
4137, 0.2938, 0.446
4138, 0.3012, 0.447
4139, 0.3790, 0.451
4140, 0.3116, 0.443
4141, 0.3996, 0.462
4142, 0.3645, 0.463
4143, 0.3734, 0.442
4144, 0.3463, 0.457
4145, 0.3778, 0.442
4146, 0.2850, 0.437
4147, 0.3603, 0.440
4148, 0.3310, 0.436
4149, 0.2863, 0.429
4150, 0.3186, 0.438
4151, 0.3772, 0.445
4152, 0.3850, 0.451
4153, 0.3725, 0.442
4154, 0.4274, 0.445
4155, 0.2628, 0.435
4156, 0.3530, 0.448
4157, 0.2732, 0.443
4158, 0.4068, 0.445
4159, 0.4712, 0.450
4160, 0.3862, 0.454
4161, 0.2367, 0.442
4162, 0.3330, 0.461
4163, 0.3693, 0.474
4164, 0.3151, 0.463
4165, 0.3182, 0.442
4166, 0.3401, 0.458
4167, 0.3249, 0.439
4168, 0.3466, 0.459
4169, 0.3880, 0.439
4170, 0.2981, 0.437
4171, 0.3485, 0.439
4172, 0.3524, 0.435
4173, 0.3854, 0.439
4174, 0.4203, 0.447
4175, 0.3334, 0.440
4176, 0.3329, 0.459
4177, 0.3355, 0.464
4178, 0.3252, 0.465
4179, 0.3425, 0.465
4180, 0.2933, 0.464
4181, 0.3319, 0.467
4182, 0.3664, 0.463
4183, 0.4167, 0.464
4184, 0.3524, 0.473
4185, 0.3343, 0.472
4186, 0.3513, 0.457
4187, 0.4490, 0.461
4188, 0.4135, 0.446
4189, 0.3703, 0.464
4190, 0.2160, 0.451
4191, 0.3015, 0.460
4192, 0.4046, 0.475
4193, 0.3075, 0.465
4194, 0.3319, 0.468
4195, 0.2654, 0.474
4196, 0.3179, 0.465
4197, 0.2437, 0.457
4198, 0.3096, 0.436
4199, 0.3642, 0.455
4200, 0.3105, 0.438
4201, 0.3516, 0.429
4202, 0.2608, 0.440
4203, 0.2910, 0.461
4204, 0.4248, 0.458
4205, 0.3228, 0.449
4206, 0.4286, 0.434
4207, 0.4721, 0.433
4208, 0.2702, 0.459
4209, 0.3211, 0.499
4210, 0.2753, 0.473
4211, 0.3691, 0.442
4212, 0.2904, 0.429
4213, 0.2791, 0.429
4214, 0.1743, 0.425
4215, 0.3340, 0.451
4216, 0.3863, 0.568
4217, 0.4309, 0.431
4218, 0.3414, 0.439
4219, 0.2692, 0.425
4220, 0.2420, 0.430
4221, 0.2303, 0.424
4222, 0.2487, 0.425
4223, 0.3354, 0.434
4224, 0.2383, 0.437
4225, 0.3734, 0.437
4226, 0.3448, 0.441
4227, 0.2816, 0.440
4228, 0.3857, 0.436
4229, 0.3004, 0.444
4230, 0.2815, 0.429
4231, 0.3267, 0.431
4232, 0.3577, 0.432
4233, 0.2942, 0.453
4234, 0.3521, 0.446
4235, 0.3076, 0.448
4236, 0.3973, 0.428
4237, 0.3431, 0.427
4238, 0.4205, 0.429
4239, 0.3275, 0.448
4240, 0.3242, 0.450
4241, 0.2384, 0.456
4242, 0.3189, 0.462
4243, 0.2953, 0.465
4244, 0.3021, 0.474
4245, 0.3548, 0.459
4246, 0.3592, 0.458
4247, 0.2818, 0.454
4248, 0.3459, 0.451
4249, 0.2707, 0.448
4250, 0.2480, 0.450
4251, 0.2835, 0.458
4252, 0.3276, 0.453
4253, 0.3553, 0.458
4254, 0.3308, 0.460
4255, 0.3710, 0.467
4256, 0.3306, 0.475
4257, 0.3348, 0.466
4258, 0.2929, 0.453
4259, 0.3846, 0.461
4260, 0.2386, 0.447
4261, 0.4409, 0.460
4262, 0.3532, 0.459
4263, 0.3792, 0.429
4264, 0.2976, 0.431
4265, 0.3057, 0.449
4266, 0.3937, 0.440
4267, 0.4055, 0.458
4268, 0.3000, 0.445
4269, 0.3298, 0.431
4270, 0.3435, 0.428
4271, 0.3129, 0.438
4272, 0.3859, 0.442
4273, 0.4297, 0.436
4274, 0.3306, 0.446
4275, 0.3675, 0.443
4276, 0.3444, 0.445
4277, 0.3382, 0.455
4278, 0.3444, 0.438
4279, 0.4210, 0.424
4280, 0.3497, 0.429
4281, 0.3586, 0.416
4282, 0.3163, 0.422
4283, 0.2467, 0.426
4284, 0.3670, 0.441
4285, 0.3652, 0.442
4286, 0.3747, 0.446
4287, 0.3208, 0.446
4288, 0.3010, 0.446
4289, 0.3377, 0.442
4290, 0.3113, 0.440
4291, 0.3626, 0.441
4292, 0.3301, 0.452
4293, 0.3162, 0.450
4294, 0.2823, 0.437
4295, 0.4046, 0.432
4296, 0.4255, 0.446
4297, 0.2975, 0.461
4298, 0.3650, 0.441
4299, 0.3160, 0.441
4300, 0.3139, 0.438
4301, 0.2808, 0.440
4302, 0.3705, 0.445
4303, 0.3223, 0.445
4304, 0.3568, 0.450
4305, 0.3665, 0.426
4306, 0.4182, 0.431
4307, 0.3012, 0.447
4308, 0.3393, 0.444
4309, 0.2549, 0.442
4310, 0.3887, 0.452
4311, 0.3329, 0.434
4312, 0.3134, 0.422
4313, 0.3056, 0.440
4314, 0.3446, 0.437
4315, 0.3849, 0.438
4316, 0.3174, 0.438
4317, 0.4071, 0.449
4318, 0.3250, 0.442
4319, 0.3971, 0.440
4320, 0.3070, 0.437
4321, 0.3632, 0.438
4322, 0.4105, 0.431
4323, 0.3158, 0.428
4324, 0.3483, 0.424
4325, 0.3419, 0.437
4326, 0.2945, 0.441
4327, 0.3162, 0.456
4328, 0.3030, 0.441
4329, 0.2820, 0.452
4330, 0.3345, 0.438
4331, 0.3419, 0.439
4332, 0.3959, 0.445
4333, 0.2487, 0.447
4334, 0.2997, 0.444
4335, 0.3996, 0.448
4336, 0.3393, 0.436
4337, 0.3399, 0.443
4338, 0.2838, 0.440
4339, 0.3596, 0.451
4340, 0.2460, 0.472
4341, 0.3706, 0.470
4342, 0.2862, 0.458
4343, 0.3118, 0.445
4344, 0.3837, 0.448
4345, 0.3445, 0.444
4346, 0.3068, 0.449
4347, 0.2460, 0.437
4348, 0.3780, 0.437
4349, 0.2889, 0.438
4350, 0.4049, 0.436
4351, 0.2963, 0.437
4352, 0.4131, 0.436
4353, 0.4815, 0.437
4354, 0.3104, 0.449
4355, 0.3273, 0.436
4356, 0.4581, 0.451
4357, 0.3501, 0.530
4358, 0.2757, 0.429
4359, 0.3724, 0.442
4360, 0.3907, 0.441
4361, 0.3158, 0.443
4362, 0.3318, 0.441
4363, 0.3047, 0.452
4364, 0.3402, 0.441
4365, 0.2769, 0.445
4366, 0.3805, 0.442
4367, 0.2317, 0.436
4368, 0.2894, 0.437
4369, 0.2752, 0.445
4370, 0.3093, 0.439
4371, 0.3173, 0.437
4372, 0.3205, 0.436
4373, 0.2367, 0.437
4374, 0.3008, 0.441
4375, 0.2323, 0.441
4376, 0.3044, 0.432
4377, 0.3972, 0.440
4378, 0.3103, 0.454
4379, 0.2929, 0.436
4380, 0.2358, 0.439
4381, 0.2788, 0.437
4382, 0.3216, 0.435
4383, 0.3014, 0.436
4384, 0.3724, 0.438
4385, 0.3852, 0.442
4386, 0.3386, 0.435
4387, 0.3224, 0.453
4388, 0.3407, 0.430
4389, 0.3188, 0.432
4390, 0.3145, 0.433
4391, 0.3033, 0.437
4392, 0.2841, 0.440
4393, 0.3728, 0.447
4394, 0.4419, 0.439
4395, 0.3320, 0.433
4396, 0.3428, 0.433
4397, 0.3164, 0.440
4398, 0.3321, 0.448
4399, 0.3710, 0.441
4400, 0.3079, 0.436
4401, 0.4416, 0.429
4402, 0.3793, 0.450
4403, 0.3261, 0.447
4404, 0.3585, 0.438
4405, 0.3591, 0.437
4406, 0.2776, 0.446
4407, 0.3446, 0.458
4408, 0.3896, 0.445
4409, 0.3218, 0.464
4410, 0.2982, 0.441
4411, 0.2238, 0.445
4412, 0.2991, 0.445
4413, 0.3336, 0.440
4414, 0.4307, 0.540
4415, 0.3231, 0.426
4416, 0.3094, 0.429
4417, 0.3214, 0.444
4418, 0.3061, 0.435
4419, 0.2514, 0.458
4420, 0.3209, 0.436
4421, 0.2837, 0.428
4422, 0.3275, 0.431
4423, 0.3734, 0.439
4424, 0.3023, 0.439
4425, 0.3640, 0.437
4426, 0.3546, 0.445
4427, 0.3547, 0.459
4428, 0.2915, 0.463
4429, 0.2727, 0.453
4430, 0.3343, 0.458
4431, 0.3327, 0.458
4432, 0.3942, 0.456
4433, 0.3754, 0.461
4434, 0.3322, 0.455
4435, 0.4051, 0.447
4436, 0.3609, 0.445
4437, 0.2286, 0.452
4438, 0.3704, 0.465
4439, 0.3438, 0.455
4440, 0.2968, 0.467
4441, 0.3467, 0.475
4442, 0.3797, 0.460
4443, 0.3896, 0.449
4444, 0.3867, 0.441
4445, 0.2992, 0.443
4446, 0.3186, 0.458
4447, 0.4197, 0.449
4448, 0.4268, 0.435
4449, 0.3478, 0.453
4450, 0.3334, 0.456
4451, 0.2701, 0.457
4452, 0.3712, 0.441
4453, 0.3067, 0.448
4454, 0.3693, 0.442
4455, 0.2875, 0.440
4456, 0.3134, 0.438
4457, 0.3627, 0.446
4458, 0.2747, 0.449
4459, 0.4141, 0.454
4460, 0.3660, 0.441
4461, 0.2987, 0.442
4462, 0.3969, 0.460
4463, 0.3387, 0.443
4464, 0.3490, 0.441
4465, 0.2512, 0.445
4466, 0.3394, 0.447
4467, 0.2920, 0.446
4468, 0.3028, 0.444
4469, 0.2718, 0.441
4470, 0.3025, 0.444
4471, 0.3103, 0.438
4472, 0.3221, 0.439
4473, 0.3287, 0.451
4474, 0.3276, 0.452
4475, 0.3652, 0.448
4476, 0.3529, 0.449
4477, 0.3015, 0.438
4478, 0.3555, 0.442
4479, 0.3636, 0.444
4480, 0.3365, 0.440
4481, 0.3115, 0.435
4482, 0.2659, 0.433
4483, 0.3623, 0.426
4484, 0.2500, 0.452
4485, 0.4043, 0.443
4486, 0.3346, 0.445
4487, 0.3092, 0.439
4488, 0.2898, 0.446
4489, 0.3056, 0.442
4490, 0.3828, 0.453
4491, 0.3138, 0.443
4492, 0.2901, 0.439
4493, 0.3039, 0.438
4494, 0.3235, 0.446
4495, 0.2727, 0.435
4496, 0.2574, 0.433
4497, 0.3156, 0.436
4498, 0.4040, 0.432
4499, 0.3437, 0.437
4500, 0.3071, 0.434
4501, 0.4039, 0.437
4502, 0.2947, 0.440
4503, 0.2681, 0.441
4504, 0.3384, 0.446
4505, 0.3002, 0.440
4506, 0.3324, 0.459
4507, 0.4228, 0.452
4508, 0.2476, 0.447
4509, 0.2321, 0.449
4510, 0.3211, 0.441
4511, 0.2969, 0.440
4512, 0.3752, 0.442
4513, 0.2943, 0.443
4514, 0.3772, 0.448
4515, 0.4050, 0.444
4516, 0.3728, 0.432
4517, 0.3737, 0.443
4518, 0.3540, 0.456
4519, 0.3196, 0.461
4520, 0.3670, 0.437
4521, 0.3416, 0.437
4522, 0.3726, 0.453
4523, 0.3885, 0.432
4524, 0.3144, 0.434
4525, 0.3568, 0.444
4526, 0.3263, 0.445
4527, 0.3259, 0.430
4528, 0.3249, 0.451
4529, 0.2798, 0.433
4530, 0.2895, 0.436
4531, 0.3882, 0.435
4532, 0.2861, 0.453
4533, 0.3077, 0.445
4534, 0.3089, 0.438
4535, 0.3907, 0.452
4536, 0.3159, 0.442
4537, 0.3296, 0.441
4538, 0.3430, 0.448
4539, 0.2976, 0.462
4540, 0.3777, 0.444
4541, 0.3252, 0.454
4542, 0.3552, 0.453
4543, 0.3033, 0.455
4544, 0.3952, 0.442
4545, 0.3167, 0.444
4546, 0.3540, 0.446
4547, 0.3527, 0.446
4548, 0.3485, 0.454
4549, 0.3103, 0.459
4550, 0.3493, 0.456
4551, 0.3482, 0.442
4552, 0.3170, 0.535
4553, 0.2973, 0.538
4554, 0.3783, 0.462
4555, 0.3451, 0.468
4556, 0.3324, 0.446
4557, 0.3761, 0.448
4558, 0.2767, 0.460
4559, 0.3732, 0.474
4560, 0.3156, 0.425
4561, 0.3181, 0.424
4562, 0.2892, 0.435
4563, 0.2537, 0.436
4564, 0.3136, 0.458
4565, 0.2567, 0.432
4566, 0.3963, 0.429
4567, 0.3157, 0.433
4568, 0.3490, 0.454
4569, 0.3070, 0.460
4570, 0.3255, 0.468
4571, 0.3118, 0.476
4572, 0.2587, 0.473
4573, 0.3267, 0.516
4574, 0.2856, 0.472
4575, 0.3532, 0.460
4576, 0.2942, 0.449
4577, 0.4165, 0.458
4578, 0.3596, 0.482
4579, 0.2590, 0.460
4580, 0.3332, 0.455
4581, 0.3284, 0.465
4582, 0.3387, 0.461
4583, 0.3257, 0.459
4584, 0.3601, 0.482
4585, 0.2593, 0.472
4586, 0.3338, 0.458
4587, 0.4057, 0.452
4588, 0.3504, 0.480
4589, 0.3371, 0.468
4590, 0.2955, 0.451
4591, 0.3300, 0.446
4592, 0.2608, 0.446
4593, 0.3592, 0.455
4594, 0.3683, 0.443
4595, 0.3448, 0.443
4596, 0.2670, 0.441
4597, 0.4733, 0.450
4598, 0.3312, 0.518
4599, 0.4067, 0.452
4600, 0.3385, 0.445
4601, 0.3104, 0.433
4602, 0.2625, 0.452
4603, 0.3161, 0.453
4604, 0.3480, 0.456
4605, 0.2914, 0.450
4606, 0.3104, 0.449
4607, 0.3499, 0.447
4608, 0.2815, 0.451
4609, 0.3507, 0.486
4610, 0.3990, 0.542
4611, 0.3800, 0.450
4612, 0.3050, 0.453
4613, 0.3377, 0.460
4614, 0.3783, 0.464
4615, 0.2997, 0.460
4616, 0.2936, 0.468
4617, 0.3344, 0.474
4618, 0.4432, 0.466
4619, 0.3406, 0.453
4620, 0.2919, 0.446
4621, 0.2470, 0.444
4622, 0.3238, 0.449
4623, 0.2868, 0.444
4624, 0.3343, 0.464
4625, 0.2962, 0.467
4626, 0.3310, 0.459
4627, 0.3296, 0.458
4628, 0.3797, 0.443
4629, 0.3523, 0.473
4630, 0.2884, 0.439
4631, 0.3145, 0.437
4632, 0.2342, 0.443
4633, 0.2902, 0.452
4634, 0.3095, 0.450
4635, 0.3373, 0.462
4636, 0.3510, 0.456
4637, 0.2818, 0.440
4638, 0.2526, 0.442
4639, 0.3227, 0.451
4640, 0.3768, 0.441
4641, 0.3179, 0.447
4642, 0.3601, 0.440
4643, 0.3355, 0.443
4644, 0.2939, 0.441
4645, 0.3743, 0.443
4646, 0.3258, 0.441
4647, 0.3518, 0.443
4648, 0.3136, 0.434
4649, 0.3206, 0.431
4650, 0.3322, 0.433
4651, 0.2186, 0.443
4652, 0.2534, 0.436
4653, 0.3030, 0.459
4654, 0.2932, 0.442
4655, 0.2921, 0.444
4656, 0.2968, 0.439
4657, 0.2671, 0.440
4658, 0.3385, 0.446
4659, 0.3199, 0.438
4660, 0.3452, 0.432
4661, 0.3590, 0.436
4662, 0.3229, 0.435
4663, 0.2425, 0.430
4664, 0.4107, 0.443
4665, 0.3758, 0.449
4666, 0.3987, 0.462
4667, 0.2961, 0.448
4668, 0.4035, 0.439
4669, 0.3259, 0.420
4670, 0.4253, 0.437
4671, 0.4021, 0.457
4672, 0.2948, 0.437
4673, 0.3509, 0.437
4674, 0.3488, 0.439
4675, 0.3956, 0.435
4676, 0.3191, 0.437
4677, 0.3164, 0.435
4678, 0.2919, 0.442
4679, 0.3973, 0.440
4680, 0.2695, 0.436
4681, 0.3170, 0.441
4682, 0.2982, 0.435
4683, 0.3886, 0.441
4684, 0.3638, 0.437
4685, 0.3657, 0.453
4686, 0.3851, 0.448
4687, 0.3584, 0.442
4688, 0.3309, 0.451
4689, 0.3304, 0.434
4690, 0.2855, 0.446
4691, 0.3885, 0.436
4692, 0.3037, 0.438
4693, 0.3490, 0.457
4694, 0.3387, 0.441
4695, 0.3482, 0.446
4696, 0.2616, 0.447
4697, 0.3169, 0.435
4698, 0.2856, 0.440
4699, 0.4056, 0.438
4700, 0.2956, 0.454
4701, 0.3751, 0.439
4702, 0.3242, 0.439
4703, 0.3409, 0.441
4704, 0.2683, 0.432
4705, 0.3401, 0.439
4706, 0.3099, 0.440
4707, 0.2971, 0.435
4708, 0.3460, 0.444
4709, 0.3081, 0.440
4710, 0.3773, 0.448
4711, 0.3200, 0.446
4712, 0.4119, 0.438
4713, 0.3737, 0.437
4714, 0.3845, 0.450
4715, 0.3147, 0.439
4716, 0.2883, 0.435
4717, 0.3114, 0.442
4718, 0.3202, 0.439
4719, 0.3672, 0.451
4720, 0.3404, 0.463
4721, 0.2959, 0.439
4722, 0.2869, 0.436
4723, 0.3011, 0.435
4724, 0.3650, 0.437
4725, 0.3722, 0.440
4726, 0.2696, 0.437
4727, 0.3019, 0.435
4728, 0.2423, 0.439
4729, 0.2948, 0.451
4730, 0.3067, 0.433
4731, 0.3618, 0.440
4732, 0.3351, 0.440
4733, 0.3094, 0.440
4734, 0.3680, 0.442
4735, 0.3215, 0.461
4736, 0.2559, 0.442
4737, 0.3519, 0.441
4738, 0.3594, 0.442
4739, 0.3244, 0.440
4740, 0.2744, 0.444
4741, 0.3123, 0.458
4742, 0.3205, 0.454
4743, 0.3830, 0.441
4744, 0.3097, 0.450
4745, 0.3448, 0.464
4746, 0.3610, 0.488
4747, 0.4104, 0.442
4748, 0.3283, 0.445
4749, 0.3274, 0.446
4750, 0.3708, 0.449
4751, 0.2295, 0.450
4752, 0.3141, 0.443
4753, 0.2985, 0.441
4754, 0.3263, 0.443
4755, 0.3980, 0.441
4756, 0.3236, 0.441
4757, 0.3815, 0.441
4758, 0.3137, 0.445
4759, 0.3707, 0.464
4760, 0.2388, 0.463
4761, 0.2836, 0.459
4762, 0.2882, 0.458
4763, 0.3619, 0.443
4764, 0.3709, 0.434
4765, 0.2979, 0.469
4766, 0.3247, 0.456
4767, 0.3196, 0.439
4768, 0.3876, 0.462
4769, 0.3076, 0.422
4770, 0.3102, 0.420
4771, 0.3208, 0.420
4772, 0.3259, 0.422
4773, 0.3864, 0.423
4774, 0.3191, 0.424
4775, 0.3236, 0.421
4776, 0.3330, 0.458
4777, 0.3304, 0.450
4778, 0.3437, 0.444
4779, 0.3055, 0.454
4780, 0.3114, 0.437
4781, 0.3578, 0.446
4782, 0.2615, 0.466
4783, 0.2940, 0.490
4784, 0.2458, 0.443
4785, 0.3820, 0.441
4786, 0.4066, 0.454
4787, 0.2740, 0.429
4788, 0.3950, 0.480
4789, 0.3505, 0.479
4790, 0.2876, 0.459
4791, 0.3432, 0.433
4792, 0.3522, 0.530
4793, 0.3956, 0.430
4794, 0.3735, 0.426
4795, 0.3331, 0.429
4796, 0.3528, 0.431
4797, 0.3522, 0.427
4798, 0.2867, 0.453
4799, 0.3427, 0.456
4800, 0.3335, 0.471
4801, 0.3070, 0.422
4802, 0.3051, 0.460
4803, 0.2620, 0.462
4804, 0.3402, 0.459
4805, 0.4113, 0.484
4806, 0.3189, 0.466
4807, 0.3070, 0.459
4808, 0.3523, 0.453
4809, 0.3369, 0.459
4810, 0.3628, 0.449
4811, 0.3021, 0.430
4812, 0.3260, 0.436
4813, 0.3448, 0.420
4814, 0.3773, 0.424
4815, 0.3294, 0.442
4816, 0.2736, 0.459
4817, 0.2716, 0.452
4818, 0.2972, 0.460
4819, 0.3524, 0.452
4820, 0.2706, 0.455
4821, 0.2746, 0.452
4822, 0.2816, 0.452
4823, 0.3654, 0.447
4824, 0.2311, 0.450
4825, 0.3147, 0.458
4826, 0.3626, 0.444
4827, 0.4014, 0.450
4828, 0.2765, 0.454
4829, 0.3819, 0.454
4830, 0.3670, 0.450
4831, 0.3389, 0.443
4832, 0.3564, 0.444
4833, 0.2756, 0.440
4834, 0.2921, 0.440
4835, 0.3647, 0.434
4836, 0.3487, 0.444
4837, 0.3375, 0.451
4838, 0.3065, 0.440
4839, 0.3997, 0.448
4840, 0.4341, 0.449
4841, 0.3239, 0.438
4842, 0.3520, 0.456
4843, 0.3505, 0.439
4844, 0.3683, 0.439
4845, 0.3168, 0.429
4846, 0.3041, 0.449
4847, 0.3319, 0.457
4848, 0.2993, 0.443
4849, 0.3194, 0.450
4850, 0.3264, 0.442
4851, 0.3741, 0.444
4852, 0.3140, 0.444
4853, 0.2731, 0.455
4854, 0.2986, 0.446
4855, 0.3651, 0.450
4856, 0.3488, 0.446
4857, 0.3627, 0.443
4858, 0.3111, 0.444
4859, 0.2798, 0.450
4860, 0.2744, 0.453
4861, 0.3681, 0.461
4862, 0.3627, 0.447
4863, 0.3217, 0.448
4864, 0.3279, 0.442
4865, 0.2677, 0.441
4866, 0.3153, 0.445
4867, 0.3841, 0.441
4868, 0.3649, 0.478
4869, 0.2744, 0.443
4870, 0.3405, 0.460
4871, 0.3236, 0.457
4872, 0.3158, 0.471
4873, 0.3390, 0.443
4874, 0.3420, 0.446
4875, 0.3267, 0.446
4876, 0.3454, 0.446
4877, 0.3488, 0.444
4878, 0.3551, 0.436
4879, 0.3306, 0.433
4880, 0.3324, 0.437
4881, 0.3143, 0.441
4882, 0.3437, 0.441
4883, 0.3028, 0.439
4884, 0.3414, 0.450
4885, 0.3327, 0.438
4886, 0.3251, 0.435
4887, 0.3571, 0.436
4888, 0.3178, 0.438
4889, 0.2567, 0.454
4890, 0.4377, 0.437
4891, 0.3786, 0.452
4892, 0.3375, 0.447
4893, 0.3508, 0.451
4894, 0.1665, 0.457
4895, 0.3747, 0.457
4896, 0.1753, 0.444
4897, 0.1932, 0.460
4898, 0.2924, 0.453
4899, 0.2872, 0.436
4900, 0.2082, 0.437
4901, 0.3010, 0.455
4902, 0.3011, 0.442
4903, 0.3801, 0.443
4904, 0.2287, 0.446
4905, 0.2009, 0.444
4906, 0.2836, 0.443
4907, 0.3642, 0.460
4908, 0.3585, 0.454
4909, 0.4126, 0.460
4910, 0.2631, 0.442
4911, 0.3825, 0.428
4912, 0.1647, 0.455
4913, 0.2113, 0.447
4914, 0.3309, 0.442
4915, 0.3213, 0.454
4916, 0.3272, 0.435
4917, 0.2969, 0.440
4918, 0.2287, 0.432
4919, 0.2663, 0.435
4920, 0.3468, 0.453
4921, 0.3688, 0.440
4922, 0.2712, 0.443
4923, 0.3679, 0.456
4924, 0.3275, 0.452
4925, 0.2733, 0.438
4926, 0.2032, 0.440
4927, 0.3334, 0.436
4928, 0.2681, 0.456
4929, 0.3783, 0.450
4930, 0.2763, 0.437
4931, 0.2711, 0.437
4932, 0.2779, 0.435
4933, 0.3706, 0.445
4934, 0.2066, 0.472
4935, 0.2583, 0.439
4936, 0.3330, 0.441
4937, 0.3047, 0.439
4938, 0.2382, 0.444
4939, 0.2776, 0.448
4940, 0.2917, 0.442
4941, 0.2902, 0.445
4942, 0.2847, 0.452
4943, 0.2889, 0.444
4944, 0.3012, 0.443
4945, 0.2657, 0.443
4946, 0.2849, 0.442
4947, 0.2818, 0.464
4948, 0.3044, 0.448
4949, 0.2156, 0.463
4950, 0.3025, 0.449
4951, 0.1849, 0.442
4952, 0.2778, 0.445
4953, 0.2569, 0.464
4954, 0.2907, 0.514
4955, 0.2567, 0.444
4956, 0.3619, 0.450
4957, 0.2554, 0.450
4958, 0.2846, 0.447
4959, 0.3185, 0.457
4960, 0.3583, 0.457
4961, 0.3342, 0.460
4962, 0.2552, 0.464
4963, 0.3352, 0.462
4964, 0.2811, 0.428
4965, 0.2993, 0.465
4966, 0.2758, 0.439
4967, 0.2505, 0.457
4968, 0.2465, 0.461
4969, 0.3263, 0.465
4970, 0.3379, 0.467
4971, 0.2757, 0.468
4972, 0.2698, 0.468
4973, 0.2620, 0.481
4974, 0.2553, 0.446
4975, 0.2818, 0.439
4976, 0.2417, 0.437
4977, 0.3098, 0.453
4978, 0.2355, 0.477
4979, 0.2877, 0.424
4980, 0.2118, 0.431
4981, 0.2847, 0.437
4982, 0.2451, 0.434
4983, 0.3495, 0.434
4984, 0.3199, 0.434
4985, 0.2721, 0.438
4986, 0.2863, 0.441
4987, 0.3014, 0.535
4988, 0.2650, 0.422
4989, 0.3693, 0.427
4990, 0.3418, 0.448
4991, 0.3431, 0.445
4992, 0.4052, 0.427
4993, 0.3328, 0.436
4994, 0.2465, 0.442
4995, 0.2066, 0.435
4996, 0.2997, 0.431
4997, 0.2673, 0.434
4998, 0.3571, 0.461
4999, 0.2503, 0.434
5000, 0.2661, 0.455
