0, 0.5012, 2.061
1, 0.4962, 0.409
2, 0.4985, 0.405
3, 0.4929, 0.409
4, 0.5051, 0.420
5, 0.4985, 0.411
6, 0.4916, 0.411
7, 0.4881, 0.411
8, 0.4925, 0.410
9, 0.4956, 0.425
10, 0.4956, 0.431
11, 0.4980, 0.426
12, 0.4894, 0.422
13, 0.5013, 0.422
14, 0.4895, 0.426
15, 0.4955, 0.474
16, 0.4901, 0.423
17, 0.4775, 0.421
18, 0.4961, 0.420
19, 0.4829, 0.421
20, 0.4917, 0.420
21, 0.4887, 0.425
22, 0.4956, 0.424
23, 0.4848, 0.454
24, 0.4847, 0.429
25, 0.5112, 0.423
26, 0.4971, 0.425
27, 0.4955, 0.419
28, 0.4873, 0.423
29, 0.4957, 0.442
30, 0.4976, 0.430
31, 0.4864, 0.428
32, 0.4913, 0.429
33, 0.4848, 0.423
34, 0.4921, 0.433
35, 0.4842, 0.422
36, 0.5040, 0.428
37, 0.4775, 0.423
38, 0.5047, 0.426
39, 0.4932, 0.424
40, 0.4845, 0.429
41, 0.4914, 0.428
42, 0.4885, 0.435
43, 0.4902, 0.428
44, 0.4951, 0.428
45, 0.4724, 0.428
46, 0.5028, 0.450
47, 0.4922, 0.454
48, 0.4811, 0.429
49, 0.4853, 0.430
50, 0.4883, 0.422
51, 0.4552, 0.427
52, 0.4687, 0.423
53, 0.4862, 0.431
54, 0.4852, 0.424
55, 0.4669, 0.426
56, 0.4698, 0.420
57, 0.4674, 0.429
58, 0.4708, 0.426
59, 0.4786, 0.427
60, 0.4854, 0.428
61, 0.4600, 0.437
62, 0.4762, 0.440
63, 0.4701, 0.434
64, 0.4766, 0.447
65, 0.4870, 0.430
66, 0.4698, 0.429
67, 0.4598, 0.429
68, 0.4481, 0.430
69, 0.4755, 0.511
70, 0.4462, 0.433
71, 0.4985, 0.429
72, 0.4839, 0.425
73, 0.4886, 0.422
74, 0.4617, 0.429
75, 0.4681, 0.422
76, 0.4314, 0.423
77, 0.4105, 0.431
78, 0.4665, 0.444
79, 0.4913, 0.442
80, 0.4563, 0.430
81, 0.4335, 0.440
82, 0.4712, 0.424
83, 0.4436, 0.434
84, 0.4834, 0.432
85, 0.3799, 0.431
86, 0.4565, 0.430
87, 0.4093, 0.441
88, 0.4751, 0.426
89, 0.4657, 0.426
90, 0.4372, 0.424
91, 0.4603, 0.434
92, 0.4801, 0.426
93, 0.3893, 0.429
94, 0.4202, 0.419
95, 0.3900, 0.414
96, 0.4194, 0.422
97, 0.3959, 0.421
98, 0.4845, 0.422
99, 0.3752, 0.420
100, 0.3960, 0.422
101, 0.3880, 0.418
102, 0.3884, 0.419
103, 0.4773, 0.420
104, 0.4101, 0.421
105, 0.4122, 0.424
106, 0.4425, 0.420
107, 0.4259, 0.425
108, 0.3621, 0.421
109, 0.3869, 0.424
110, 0.3945, 0.420
111, 0.2984, 0.422
112, 0.4519, 0.414
113, 0.3797, 0.421
114, 0.3572, 0.422
115, 0.3847, 0.419
116, 0.3312, 0.426
117, 0.3270, 0.424
118, 0.4148, 0.423
119, 0.4000, 0.422
120, 0.3141, 0.430
121, 0.2156, 0.419
122, 0.2623, 0.420
123, 0.3891, 0.414
124, 0.3968, 0.420
125, 0.2684, 0.425
126, 0.3395, 0.422
127, 0.4111, 0.422
128, 0.3693, 0.420
129, 0.1974, 0.426
130, 0.3203, 0.420
131, 0.3517, 0.418
132, 0.2662, 0.420
133, 0.3065, 0.415
134, 0.3373, 0.416
135, 0.2761, 0.432
136, 0.3309, 0.425
137, 0.3606, 0.419
138, 0.3080, 0.422
139, 0.3004, 0.420
140, 0.1997, 0.424
141, 0.1761, 0.422
142, 0.3059, 0.423
143, 0.2150, 0.419
144, 0.3929, 0.421
145, 0.4167, 0.422
146, 0.2586, 0.421
147, 0.3230, 0.424
148, 0.3564, 0.419
149, 0.3851, 0.434
150, 0.4230, 0.424
151, 0.2636, 0.421
152, 0.3684, 0.420
153, 0.3083, 0.438
154, 0.3459, 0.418
155, 0.3481, 0.419
156, 0.3914, 0.428
157, 0.3080, 0.424
158, 0.3330, 0.423
159, 0.3340, 0.437
160, 0.3253, 0.423
161, 0.3751, 0.423
162, 0.3996, 0.430
163, 0.4181, 0.423
164, 0.3245, 0.420
165, 0.3300, 0.423
166, 0.4053, 0.424
167, 0.3624, 0.426
168, 0.2799, 0.426
169, 0.3267, 0.425
170, 0.2573, 0.421
171, 0.3450, 0.421
172, 0.3920, 0.422
173, 0.2904, 0.425
174, 0.3524, 0.424
175, 0.3784, 0.424
176, 0.3650, 0.422
177, 0.3638, 0.422
178, 0.2701, 0.427
179, 0.3596, 0.423
180, 0.3252, 0.428
181, 0.3000, 0.424
182, 0.2665, 0.431
183, 0.2471, 0.423
184, 0.3711, 0.424
185, 0.2902, 0.424
186, 0.2694, 0.425
187, 0.2707, 0.422
188, 0.3331, 0.422
189, 0.3134, 0.421
190, 0.3513, 0.428
191, 0.2833, 0.426
192, 0.4043, 0.422
193, 0.2289, 0.421
194, 0.3564, 0.424
195, 0.2967, 0.427
196, 0.3393, 0.437
197, 0.3534, 0.423
198, 0.3459, 0.433
199, 0.2514, 0.422
200, 0.3356, 0.426
201, 0.4604, 0.416
202, 0.1693, 0.424
203, 0.1554, 0.427
204, 0.1501, 0.423
205, 0.2179, 0.450
206, 0.1991, 0.428
207, 0.2323, 0.425
208, 0.2604, 0.424
209, 0.2377, 0.430
210, 0.1852, 0.467
211, 0.2605, 0.430
212, 0.2093, 0.424
213, 0.2887, 0.422
214, 0.3288, 0.422
215, 0.1928, 0.423
216, 0.1881, 0.423
217, 0.2353, 0.438
218, 0.2758, 0.427
219, 0.2558, 0.425
220, 0.2993, 0.436
221, 0.2856, 0.439
222, 0.2640, 0.432
223, 0.3002, 0.424
224, 0.2790, 0.441
225, 0.2477, 0.436
226, 0.3586, 0.425
227, 0.2521, 0.443
228, 0.3021, 0.421
229, 0.2386, 0.429
230, 0.1838, 0.435
231, 0.2262, 0.423
232, 0.3208, 0.426
233, 0.1834, 0.420
234, 0.2875, 0.436
235, 0.2358, 0.432
236, 0.2815, 0.437
237, 0.1533, 0.427
238, 0.1607, 0.421
239, 0.1836, 0.438
240, 0.1968, 0.423
241, 0.2688, 0.429
242, 0.2689, 0.438
243, 0.2285, 0.420
244, 0.2044, 0.440
245, 0.2454, 0.429
246, 0.2475, 0.429
247, 0.3482, 0.424
248, 0.2863, 0.423
249, 0.2030, 0.423
250, 0.2408, 0.426
251, 0.2558, 0.424
252, 0.2396, 0.421
253, 0.3159, 0.430
254, 0.3419, 0.421
255, 0.2613, 0.424
256, 0.3296, 0.426
257, 0.2731, 0.427
258, 0.2647, 0.422
259, 0.2558, 0.427
260, 0.2541, 0.424
261, 0.1693, 0.423
262, 0.3646, 0.430
263, 0.1819, 0.439
264, 0.3021, 0.434
265, 0.2839, 0.435
266, 0.2333, 0.438
267, 0.2974, 0.429
268, 0.2568, 0.421
269, 0.2736, 0.436
270, 0.2245, 0.439
271, 0.2360, 0.433
272, 0.2771, 0.420
273, 0.2616, 0.425
274, 0.2017, 0.437
275, 0.2658, 0.444
276, 0.2079, 0.426
277, 0.2182, 0.425
278, 0.2008, 0.425
279, 0.2656, 0.424
280, 0.2739, 0.523
281, 0.2765, 0.425
282, 0.1858, 0.424
283, 0.1976, 0.423
284, 0.1719, 0.424
285, 0.1922, 0.423
286, 0.3079, 0.438
287, 0.3271, 0.424
288, 0.2994, 0.427
289, 0.2791, 0.429
290, 0.2362, 0.430
291, 0.2214, 0.430
292, 0.1609, 0.439
293, 0.1901, 0.435
294, 0.2356, 0.424
295, 0.2040, 0.428
296, 0.2412, 0.428
297, 0.2240, 0.430
298, 0.2485, 0.422
299, 0.1718, 0.426
300, 0.1996, 0.430
301, 0.1966, 0.430
302, 0.2463, 0.430
303, 0.1973, 0.418
304, 0.1981, 0.421
305, 0.2551, 0.428
306, 0.1895, 0.425
307, 0.1452, 0.432
308, 0.2849, 0.426
309, 0.1707, 0.436
310, 0.1653, 0.428
311, 0.1664, 0.428
312, 0.2981, 0.433
313, 0.2853, 0.424
314, 0.3020, 0.430
315, 0.1946, 0.432
316, 0.2277, 0.419
317, 0.2225, 0.420
318, 0.1645, 0.424
319, 0.2381, 0.423
320, 0.2419, 0.448
321, 0.2269, 0.420
322, 0.2770, 0.455
323, 0.1948, 0.420
324, 0.1907, 0.418
325, 0.2485, 0.424
326, 0.2522, 0.425
327, 0.2444, 0.421
328, 0.2830, 0.416
329, 0.2496, 0.421
330, 0.2487, 0.434
331, 0.2101, 0.428
332, 0.2382, 0.420
333, 0.2034, 0.419
334, 0.2287, 0.419
335, 0.2077, 0.416
336, 0.1861, 0.419
337, 0.1671, 0.424
338, 0.1609, 0.417
339, 0.2296, 0.420
340, 0.1664, 0.415
341, 0.1518, 0.420
342, 0.1086, 0.426
343, 0.1355, 0.422
344, 0.1949, 0.415
345, 0.2488, 0.422
346, 0.1586, 0.422
347, 0.2139, 0.424
348, 0.2029, 0.422
349, 0.2216, 0.420
350, 0.1826, 0.420
351, 0.2158, 0.427
352, 0.1350, 0.438
353, 0.2728, 0.438
354, 0.2609, 0.422
355, 0.2546, 0.421
356, 0.2213, 0.422
357, 0.2164, 0.425
358, 0.2416, 0.421
359, 0.2864, 0.423
360, 0.1464, 0.423
361, 0.3089, 0.427
362, 0.3198, 0.434
363, 0.2196, 0.418
364, 0.2108, 0.420
365, 0.1732, 0.425
366, 0.2089, 0.421
367, 0.1623, 0.420
368, 0.2652, 0.421
369, 0.1921, 0.421
370, 0.2292, 0.421
371, 0.1730, 0.422
372, 0.1682, 0.423
373, 0.1988, 0.422
374, 0.2151, 0.426
375, 0.1965, 0.425
376, 0.2431, 0.423
377, 0.2130, 0.425
378, 0.1892, 0.420
379, 0.1556, 0.424
380, 0.1080, 0.421
381, 0.2031, 0.423
382, 0.2579, 0.421
383, 0.1541, 0.419
384, 0.2175, 0.423
385, 0.2431, 0.424
386, 0.2662, 0.433
387, 0.2162, 0.419
388, 0.2539, 0.421
389, 0.2739, 0.428
390, 0.1711, 0.425
391, 0.1974, 0.429
392, 0.1586, 0.423
393, 0.2537, 0.423
394, 0.1700, 0.420
395, 0.1894, 0.422
396, 0.1787, 0.423
397, 0.1937, 0.420
398, 0.1720, 0.418
399, 0.2121, 0.422
400, 0.1943, 0.421
401, 0.4015, 0.413
402, 0.1675, 0.422
403, 0.1777, 0.434
404, 0.1045, 0.426
405, 0.2062, 0.425
406, 0.1540, 0.428
407, 0.2125, 0.423
408, 0.2431, 0.423
409, 0.1464, 0.440
410, 0.2039, 0.498
411, 0.1846, 0.425
412, 0.1916, 0.424
413, 0.1816, 0.440
414, 0.2514, 0.421
415, 0.2649, 0.421
416, 0.3622, 0.426
417, 0.1956, 0.428
418, 0.1943, 0.420
419, 0.3369, 0.422
420, 0.1657, 0.467
421, 0.2284, 0.434
422, 0.2342, 0.466
423, 0.1926, 0.454
424, 0.2150, 0.457
425, 0.1369, 0.474
426, 0.2069, 0.470
427, 0.2180, 0.508
428, 0.1869, 0.425
429, 0.2018, 0.440
430, 0.2193, 0.439
431, 0.2655, 0.465
432, 0.2847, 0.430
433, 0.2273, 0.439
434, 0.2431, 0.442
435, 0.2053, 0.438
436, 0.2073, 0.439
437, 0.1343, 0.450
438, 0.2016, 0.445
439, 0.2235, 0.469
440, 0.1534, 0.472
441, 0.1642, 0.482
442, 0.2502, 0.466
443, 0.2320, 0.448
444, 0.1409, 0.441
445, 0.1806, 0.425
446, 0.2389, 0.422
447, 0.1801, 0.456
448, 0.1916, 0.437
449, 0.2051, 0.508
450, 0.2758, 0.425
451, 0.1663, 0.432
452, 0.2937, 0.433
453, 0.2366, 0.439
454, 0.1786, 0.433
455, 0.2262, 0.441
456, 0.2016, 0.444
457, 0.2121, 0.450
458, 0.1957, 0.433
459, 0.2079, 0.441
460, 0.3047, 0.429
461, 0.1346, 0.426
462, 0.2292, 0.416
463, 0.1502, 0.420
464, 0.2458, 0.419
465, 0.2498, 0.416
466, 0.1355, 0.422
467, 0.1891, 0.434
468, 0.1425, 0.449
469, 0.2281, 0.420
470, 0.1048, 0.423
471, 0.1267, 0.423
472, 0.2264, 0.421
473, 0.1602, 0.423
474, 0.2572, 0.422
475, 0.1962, 0.426
476, 0.1599, 0.430
477, 0.1331, 0.433
478, 0.1294, 0.421
479, 0.1530, 0.420
480, 0.1322, 0.419
481, 0.1241, 0.425
482, 0.2126, 0.432
483, 0.2012, 0.418
484, 0.1622, 0.422
485, 0.1986, 0.421
486, 0.1680, 0.421
487, 0.1621, 0.419
488, 0.1507, 0.422
489, 0.1783, 0.421
490, 0.1803, 0.421
491, 0.1545, 0.433
492, 0.2104, 0.434
493, 0.1937, 0.413
494, 0.2678, 0.424
495, 0.2104, 0.425
496, 0.1775, 0.421
497, 0.2601, 0.422
498, 0.1399, 0.421
499, 0.1536, 0.432
500, 0.1884, 0.421
501, 0.1955, 0.422
502, 0.1358, 0.418
503, 0.1324, 0.424
504, 0.2143, 0.418
505, 0.1729, 0.416
506, 0.2801, 0.424
507, 0.2745, 0.424
508, 0.1778, 0.414
509, 0.1411, 0.418
510, 0.1470, 0.432
511, 0.2336, 0.423
512, 0.2113, 0.432
513, 0.1709, 0.443
514, 0.2198, 0.421
515, 0.1996, 0.416
516, 0.1835, 0.424
517, 0.1981, 0.427
518, 0.1943, 0.418
519, 0.1983, 0.422
520, 0.1989, 0.423
521, 0.1536, 0.426
522, 0.0802, 0.434
523, 0.1769, 0.431
524, 0.1656, 0.419
525, 0.1564, 0.421
526, 0.1565, 0.433
527, 0.1799, 0.418
528, 0.2505, 0.430
529, 0.2140, 0.430
530, 0.1827, 0.426
531, 0.2584, 0.419
532, 0.0653, 0.421
533, 0.1455, 0.422
534, 0.1515, 0.424
535, 0.2311, 0.425
536, 0.2024, 0.418
537, 0.2401, 0.417
538, 0.2215, 0.422
539, 0.2416, 0.429
540, 0.1966, 0.422
541, 0.1946, 0.423
542, 0.1492, 0.423
543, 0.2065, 0.427
544, 0.2165, 0.430
545, 0.2480, 0.425
546, 0.2047, 0.436
547, 0.2284, 0.425
548, 0.2715, 0.421
549, 0.1816, 0.422
550, 0.1374, 0.437
551, 0.1869, 0.430
552, 0.1896, 0.422
553, 0.1396, 0.432
554, 0.1695, 0.418
555, 0.1973, 0.425
556, 0.1823, 0.430
557, 0.3775, 0.418
558, 0.1501, 0.419
559, 0.1898, 0.422
560, 0.2459, 0.424
561, 0.1383, 0.424
562, 0.1614, 0.418
563, 0.2347, 0.422
564, 0.1612, 0.422
565, 0.1765, 0.440
566, 0.1531, 0.431
567, 0.1202, 0.430
568, 0.1334, 0.461
569, 0.1112, 0.421
570, 0.1374, 0.424
571, 0.0885, 0.417
572, 0.1580, 0.422
573, 0.1110, 0.422
574, 0.1873, 0.423
575, 0.1965, 0.416
576, 0.1547, 0.428
577, 0.1247, 0.426
578, 0.1254, 0.424
579, 0.1741, 0.439
580, 0.1499, 0.424
581, 0.2605, 0.423
582, 0.1536, 0.426
583, 0.1651, 0.425
584, 0.2134, 0.425
585, 0.2055, 0.427
586, 0.1371, 0.426
587, 0.1409, 0.423
588, 0.1651, 0.422
589, 0.2514, 0.424
590, 0.2769, 0.423
591, 0.1407, 0.419
592, 0.1684, 0.440
593, 0.2116, 0.482
594, 0.1858, 0.440
595, 0.1637, 0.432
596, 0.2077, 0.425
597, 0.1515, 0.422
598, 0.1047, 0.427
599, 0.1905, 0.429
600, 0.2379, 0.423
601, 0.1984, 0.417
602, 0.1636, 0.425
603, 0.2668, 0.422
604, 0.2194, 0.422
605, 0.1557, 0.435
606, 0.2249, 0.425
607, 0.2124, 0.423
608, 0.2368, 0.425
609, 0.1351, 0.425
610, 0.1445, 0.421
611, 0.2734, 0.423
612, 0.1629, 0.419
613, 0.2318, 0.421
614, 0.0839, 0.424
615, 0.1951, 0.475
616, 0.1846, 0.424
617, 0.2399, 0.423
618, 0.1805, 0.420
619, 0.1283, 0.424
620, 0.2292, 0.430
621, 0.1271, 0.424
622, 0.1328, 0.427
623, 0.1947, 0.428
624, 0.2007, 0.443
625, 0.1194, 0.435
626, 0.1504, 0.424
627, 0.1558, 0.427
628, 0.2268, 0.442
629, 0.1819, 0.429
630, 0.1976, 0.426
631, 0.0815, 0.423
632, 0.1313, 0.432
633, 0.1765, 0.427
634, 0.2433, 0.426
635, 0.1433, 0.427
636, 0.1558, 0.430
637, 0.1474, 0.436
638, 0.1734, 0.433
639, 0.2234, 0.429
640, 0.1995, 0.426
641, 0.1413, 0.423
642, 0.2096, 0.436
643, 0.1802, 0.431
644, 0.1942, 0.423
645, 0.1132, 0.426
646, 0.1372, 0.422
647, 0.1763, 0.425
648, 0.1613, 0.424
649, 0.2680, 0.449
650, 0.1357, 0.424
651, 0.2582, 0.431
652, 0.1819, 0.451
653, 0.1451, 0.438
654, 0.1950, 0.433
655, 0.1605, 0.435
656, 0.1596, 0.437
657, 0.1075, 0.554
658, 0.1461, 0.427
659, 0.1851, 0.447
660, 0.1935, 0.433
661, 0.1680, 0.433
662, 0.1128, 0.424
663, 0.1448, 0.420
664, 0.2424, 0.462
665, 0.1749, 0.423
666, 0.2310, 0.424
667, 0.2638, 0.428
668, 0.1699, 0.421
669, 0.1786, 0.426
670, 0.2257, 0.442
671, 0.1752, 0.446
672, 0.1410, 0.431
673, 0.2031, 0.429
674, 0.1354, 0.430
675, 0.2121, 0.436
676, 0.1156, 0.427
677, 0.1607, 0.442
678, 0.1815, 0.435
679, 0.2111, 0.432
680, 0.2215, 0.441
681, 0.1834, 0.424
682, 0.1770, 0.424
683, 0.1162, 0.418
684, 0.1821, 0.437
685, 0.1755, 0.426
686, 0.2196, 0.418
687, 0.1758, 0.430
688, 0.1684, 0.419
689, 0.1489, 0.421
690, 0.1968, 0.422
691, 0.1666, 0.434
692, 0.2004, 0.425
693, 0.1469, 0.433
694, 0.2230, 0.422
695, 0.1752, 0.425
696, 0.1302, 0.418
697, 0.1421, 0.422
698, 0.2008, 0.446
699, 0.1919, 0.422
700, 0.1291, 0.433
701, 0.2063, 0.425
702, 0.1981, 0.415
703, 0.1418, 0.432
704, 0.1193, 0.425
705, 0.2234, 0.422
706, 0.2823, 0.433
707, 0.1468, 0.429
708, 0.1481, 0.422
709, 0.1385, 0.428
710, 0.1655, 0.420
711, 0.2510, 0.426
712, 0.2308, 0.427
713, 0.2544, 0.421
714, 0.1654, 0.428
715, 0.1850, 0.424
716, 0.1834, 0.435
717, 0.1699, 0.423
718, 0.1655, 0.428
719, 0.1902, 0.428
720, 0.1786, 0.418
721, 0.2572, 0.434
722, 0.2969, 0.428
723, 0.1776, 0.426
724, 0.1013, 0.423
725, 0.2234, 0.420
726, 0.2251, 0.422
727, 0.2496, 0.420
728, 0.3646, 0.437
729, 0.1784, 0.426
730, 0.2242, 0.427
731, 0.1931, 0.414
732, 0.1798, 0.425
733, 0.1887, 0.432
734, 0.1734, 0.424
735, 0.1902, 0.422
736, 0.1361, 0.422
737, 0.1679, 0.420
738, 0.1686, 0.416
739, 0.2085, 0.420
740, 0.2223, 0.423
741, 0.2442, 0.421
742, 0.1694, 0.424
743, 0.2154, 0.422
744, 0.1636, 0.425
745, 0.1760, 0.431
746, 0.1672, 0.425
747, 0.1682, 0.422
748, 0.2096, 0.426
749, 0.1720, 0.426
750, 0.1662, 0.426
751, 0.1924, 0.422
752, 0.2267, 0.421
753, 0.1469, 0.425
754, 0.1643, 0.424
755, 0.1786, 0.432
756, 0.1739, 0.431
757, 0.1998, 0.423
758, 0.1602, 0.417
759, 0.1436, 0.426
760, 0.1394, 0.474
761, 0.1564, 0.419
762, 0.1506, 0.422
763, 0.1546, 0.434
764, 0.2496, 0.439
765, 0.2685, 0.432
766, 0.2191, 0.429
767, 0.1844, 0.428
768, 0.1611, 0.434
769, 0.1765, 0.439
770, 0.2688, 0.454
771, 0.1945, 0.427
772, 0.1439, 0.426
773, 0.1757, 0.428
774, 0.1363, 0.438
775, 0.1181, 0.431
776, 0.2692, 0.434
777, 0.1824, 0.434
778, 0.2318, 0.436
779, 0.1499, 0.435
780, 0.2210, 0.430
781, 0.1805, 0.434
782, 0.1852, 0.426
783, 0.1680, 0.425
784, 0.1879, 0.422
785, 0.2264, 0.425
786, 0.2676, 0.427
787, 0.1735, 0.425
788, 0.2319, 0.434
789, 0.1756, 0.428
790, 0.1420, 0.427
791, 0.1647, 0.435
792, 0.1629, 0.422
793, 0.2405, 0.433
794, 0.1874, 0.430
795, 0.1595, 0.428
796, 0.1648, 0.427
797, 0.1717, 0.432
798, 0.1328, 0.424
799, 0.1808, 0.425
800, 0.2429, 0.424
801, 0.2311, 0.417
802, 0.1480, 0.429
803, 0.1505, 0.431
804, 0.1829, 0.425
805, 0.1574, 0.441
806, 0.1536, 0.449
807, 0.1658, 0.454
808, 0.1632, 0.466
809, 0.1051, 0.436
810, 0.1336, 0.428
811, 0.1656, 0.454
812, 0.1546, 0.507
813, 0.1613, 0.427
814, 0.1365, 0.435
815, 0.1806, 0.433
816, 0.1552, 0.423
817, 0.1755, 0.424
818, 0.2028, 0.422
819, 0.2103, 0.428
820, 0.1999, 0.444
821, 0.2247, 0.450
822, 0.2093, 0.438
823, 0.2286, 0.442
824, 0.2098, 0.431
825, 0.1419, 0.445
826, 0.1259, 0.435
827, 0.1353, 0.428
828, 0.1304, 0.427
829, 0.1593, 0.426
830, 0.1141, 0.423
831, 0.1354, 0.431
832, 0.1533, 0.434
833, 0.1880, 0.435
834, 0.1972, 0.430
835, 0.1609, 0.437
836, 0.1610, 0.431
837, 0.1952, 0.432
838, 0.1710, 0.433
839, 0.1665, 0.430
840, 0.1778, 0.427
841, 0.1759, 0.430
842, 0.1524, 0.433
843, 0.1263, 0.425
844, 0.1421, 0.423
845, 0.1283, 0.430
846, 0.1745, 0.428
847, 0.1937, 0.425
848, 0.1596, 0.426
849, 0.2077, 0.426
850, 0.1597, 0.429
851, 0.1616, 0.424
852, 0.1913, 0.427
853, 0.1745, 0.439
854, 0.1953, 0.430
855, 0.1808, 0.424
856, 0.1263, 0.427
857, 0.1834, 0.428
858, 0.1926, 0.434
859, 0.1653, 0.426
860, 0.1582, 0.431
861, 0.1403, 0.447
862, 0.2022, 0.435
863, 0.2451, 0.434
864, 0.1819, 0.438
865, 0.2686, 0.536
866, 0.1785, 0.421
867, 0.2348, 0.425
868, 0.1766, 0.432
869, 0.1889, 0.436
870, 0.1297, 0.426
871, 0.1879, 0.434
872, 0.1219, 0.436
873, 0.1700, 0.436
874, 0.1721, 0.435
875, 0.0911, 0.429
876, 0.1534, 0.431
877, 0.1514, 0.426
878, 0.1723, 0.428
879, 0.2256, 0.427
880, 0.1292, 0.429
881, 0.1917, 0.428
882, 0.1903, 0.441
883, 0.1373, 0.428
884, 0.1582, 0.421
885, 0.1257, 0.424
886, 0.1592, 0.422
887, 0.1260, 0.419
888, 0.2082, 0.424
889, 0.1713, 0.420
890, 0.1293, 0.420
891, 0.1667, 0.436
892, 0.1445, 0.424
893, 0.1743, 0.418
894, 0.1721, 0.423
895, 0.0646, 0.425
896, 0.0717, 0.421
897, 0.1308, 0.437
898, 0.2009, 0.431
899, 0.1474, 0.435
900, 0.2096, 0.430
901, 0.1396, 0.440
902, 0.1146, 0.425
903, 0.2073, 0.436
904, 0.1949, 0.444
905, 0.1152, 0.424
906, 0.1250, 0.428
907, 0.1729, 0.422
908, 0.1368, 0.421
909, 0.1447, 0.423
910, 0.1663, 0.422
911, 0.1140, 0.424
912, 0.1642, 0.420
913, 0.1925, 0.425
914, 0.2126, 0.423
915, 0.1910, 0.413
916, 0.1298, 0.422
917, 0.1074, 0.419
918, 0.1653, 0.418
919, 0.1835, 0.419
920, 0.2534, 0.419
921, 0.2079, 0.428
922, 0.2116, 0.424
923, 0.2416, 0.426
924, 0.1511, 0.424
925, 0.1657, 0.428
926, 0.1761, 0.428
927, 0.1563, 0.436
928, 0.2293, 0.418
929, 0.0792, 0.422
930, 0.1250, 0.422
931, 0.1394, 0.421
932, 0.1771, 0.425
933, 0.1214, 0.432
934, 0.1423, 0.423
935, 0.1194, 0.433
936, 0.1630, 0.424
937, 0.2196, 0.429
938, 0.1628, 0.424
939, 0.1708, 0.424
940, 0.2223, 0.440
941, 0.2700, 0.422
942, 0.1922, 0.420
943, 0.2509, 0.430
944, 0.1467, 0.431
945, 0.1870, 0.425
946, 0.2528, 0.436
947, 0.2145, 0.462
948, 0.2504, 0.467
949, 0.1700, 0.418
950, 0.1446, 0.416
951, 0.1547, 0.417
952, 0.1915, 0.420
953, 0.0690, 0.423
954, 0.1612, 0.423
955, 0.1350, 0.428
956, 0.2263, 0.441
957, 0.2168, 0.428
958, 0.2363, 0.425
959, 0.1619, 0.442
960, 0.1583, 0.435
961, 0.1230, 0.424
962, 0.1774, 0.424
963, 0.2303, 0.442
964, 0.2210, 0.428
965, 0.1462, 0.428
966, 0.2746, 0.422
967, 0.1508, 0.425
968, 0.1827, 0.431
969, 0.1815, 0.428
970, 0.1419, 0.430
971, 0.1554, 0.440
972, 0.1242, 0.427
973, 0.1028, 0.424
974, 0.1132, 0.423
975, 0.1092, 0.430
976, 0.2070, 0.422
977, 0.2129, 0.425
978, 0.1955, 0.424
979, 0.1470, 0.433
980, 0.1417, 0.427
981, 0.1856, 0.423
982, 0.2326, 0.430
983, 0.1723, 0.426
984, 0.2032, 0.437
985, 0.2190, 0.427
986, 0.1308, 0.426
987, 0.1545, 0.425
988, 0.2275, 0.433
989, 0.2332, 0.435
990, 0.1894, 0.418
991, 0.1898, 0.424
992, 0.1993, 0.422
993, 0.1790, 0.421
994, 0.1355, 0.427
995, 0.0948, 0.425
996, 0.1260, 0.424
997, 0.1713, 0.427
998, 0.1904, 0.426
999, 0.1738, 0.425
1000, 0.0995, 0.424
1001, 0.2595, 0.430
1002, 0.1669, 0.446
1003, 0.1971, 0.431
1004, 0.1337, 0.429
1005, 0.1091, 0.428
1006, 0.1808, 0.427
1007, 0.1641, 0.420
1008, 0.1667, 0.423
1009, 0.1748, 0.425
1010, 0.1748, 0.463
1011, 0.1465, 0.440
1012, 0.1955, 0.425
1013, 0.1588, 0.430
1014, 0.1758, 0.430
1015, 0.2369, 0.450
1016, 0.2781, 0.524
1017, 0.1398, 0.426
1018, 0.1429, 0.427
1019, 0.2435, 0.427
1020, 0.2532, 0.426
1021, 0.2215, 0.432
1022, 0.1921, 0.435
1023, 0.1913, 0.431
1024, 0.1662, 0.442
1025, 0.2284, 0.439
1026, 0.1754, 0.446
1027, 0.1650, 0.443
1028, 0.2071, 0.446
1029, 0.1412, 0.441
1030, 0.2240, 0.435
1031, 0.0961, 0.436
1032, 0.1699, 0.433
1033, 0.2487, 0.425
1034, 0.1423, 0.432
1035, 0.1714, 0.437
1036, 0.1954, 0.427
1037, 0.1491, 0.439
1038, 0.1964, 0.434
1039, 0.1358, 0.434
1040, 0.1779, 0.428
1041, 0.0911, 0.428
1042, 0.1952, 0.433
1043, 0.1118, 0.429
1044, 0.1360, 0.424
1045, 0.2058, 0.444
1046, 0.1827, 0.444
1047, 0.2009, 0.428
1048, 0.2058, 0.426
1049, 0.0556, 0.434
1050, 0.1449, 0.426
1051, 0.1621, 0.424
1052, 0.1785, 0.427
1053, 0.1806, 0.427
1054, 0.1519, 0.440
1055, 0.1592, 0.440
1056, 0.0813, 0.441
1057, 0.1936, 0.425
1058, 0.1204, 0.437
1059, 0.1348, 0.424
1060, 0.1927, 0.422
1061, 0.1679, 0.427
1062, 0.1538, 0.442
1063, 0.1130, 0.428
1064, 0.1932, 0.431
1065, 0.2405, 0.435
1066, 0.1952, 0.442
1067, 0.2056, 0.435
1068, 0.1545, 0.429
1069, 0.1646, 0.435
1070, 0.2242, 0.427
1071, 0.1102, 0.440
1072, 0.2046, 0.506
1073, 0.1545, 0.430
1074, 0.1812, 0.433
1075, 0.1255, 0.429
1076, 0.1220, 0.440
1077, 0.1807, 0.433
1078, 0.1674, 0.425
1079, 0.0857, 0.430
1080, 0.1814, 0.424
1081, 0.1858, 0.435
1082, 0.1246, 0.437
1083, 0.1109, 0.438
1084, 0.1003, 0.434
1085, 0.1168, 0.419
1086, 0.1769, 0.424
1087, 0.2282, 0.416
1088, 0.1193, 0.430
1089, 0.1867, 0.434
1090, 0.2082, 0.426
1091, 0.1155, 0.424
1092, 0.1731, 0.423
1093, 0.1225, 0.421
1094, 0.1570, 0.428
1095, 0.1103, 0.425
1096, 0.1479, 0.422
1097, 0.1073, 0.436
1098, 0.1728, 0.420
1099, 0.1417, 0.435
1100, 0.2354, 0.417
1101, 0.1613, 0.425
1102, 0.1708, 0.425
1103, 0.1996, 0.420
1104, 0.1392, 0.417
1105, 0.1166, 0.418
1106, 0.2253, 0.437
1107, 0.2394, 0.422
1108, 0.1321, 0.433
1109, 0.1328, 0.421
1110, 0.1095, 0.427
1111, 0.1453, 0.444
1112, 0.2161, 0.435
1113, 0.1825, 0.428
1114, 0.1600, 0.425
1115, 0.1455, 0.427
1116, 0.1385, 0.419
1117, 0.1857, 0.423
1118, 0.1610, 0.421
1119, 0.1431, 0.429
1120, 0.1824, 0.425
1121, 0.1906, 0.420
1122, 0.1457, 0.431
1123, 0.1577, 0.418
1124, 0.1572, 0.422
1125, 0.1361, 0.416
1126, 0.0866, 0.422
1127, 0.1375, 0.434
1128, 0.1423, 0.418
1129, 0.1467, 0.422
1130, 0.1632, 0.423
1131, 0.1872, 0.424
1132, 0.1760, 0.425
1133, 0.1436, 0.424
1134, 0.0956, 0.424
1135, 0.2146, 0.424
1136, 0.0971, 0.426
1137, 0.2112, 0.432
1138, 0.0985, 0.425
1139, 0.1976, 0.425
1140, 0.2205, 0.431
1141, 0.1486, 0.457
1142, 0.0804, 0.417
1143, 0.1104, 0.415
1144, 0.1837, 0.434
1145, 0.1569, 0.418
1146, 0.2221, 0.425
1147, 0.2130, 0.430
1148, 0.1865, 0.425
1149, 0.1907, 0.435
1150, 0.0763, 0.433
1151, 0.1817, 0.429
1152, 0.1373, 0.416
1153, 0.1366, 0.422
1154, 0.1473, 0.434
1155, 0.1533, 0.422
1156, 0.1234, 0.428
1157, 0.2320, 0.519
1158, 0.2283, 0.431
1159, 0.1946, 0.426
1160, 0.2219, 0.429
1161, 0.1695, 0.424
1162, 0.1817, 0.439
1163, 0.1862, 0.421
1164, 0.2030, 0.427
1165, 0.1488, 0.427
1166, 0.1224, 0.429
1167, 0.1401, 0.427
1168, 0.1161, 0.441
1169, 0.2031, 0.435
1170, 0.1630, 0.426
1171, 0.1516, 0.428
1172, 0.1784, 0.423
1173, 0.1316, 0.434
1174, 0.1953, 0.445
1175, 0.1742, 0.425
1176, 0.2563, 0.445
1177, 0.1714, 0.427
1178, 0.1868, 0.431
1179, 0.0858, 0.429
1180, 0.1479, 0.430
1181, 0.1202, 0.434
1182, 0.1867, 0.424
1183, 0.1173, 0.422
1184, 0.1344, 0.426
1185, 0.1724, 0.427
1186, 0.1813, 0.428
1187, 0.1509, 0.424
1188, 0.1586, 0.424
1189, 0.1304, 0.426
1190, 0.1907, 0.427
1191, 0.1782, 0.431
1192, 0.0872, 0.424
1193, 0.1476, 0.424
1194, 0.1204, 0.421
1195, 0.1554, 0.425
1196, 0.2044, 0.425
1197, 0.1554, 0.425
1198, 0.1703, 0.423
1199, 0.1089, 0.433
1200, 0.1878, 0.424
1201, 0.1120, 0.414
1202, 0.1646, 0.428
1203, 0.0882, 0.437
1204, 0.1572, 0.424
1205, 0.1524, 0.456
1206, 0.1897, 0.429
1207, 0.1006, 0.434
1208, 0.1802, 0.427
1209, 0.1344, 0.441
1210, 0.1564, 0.509
1211, 0.1530, 0.476
1212, 0.1238, 0.447
1213, 0.1553, 0.426
1214, 0.1369, 0.421
1215, 0.1878, 0.421
1216, 0.2073, 0.423
1217, 0.1077, 0.433
1218, 0.0730, 0.434
1219, 0.1803, 0.427
1220, 0.1397, 0.431
1221, 0.1286, 0.429
1222, 0.1618, 0.431
1223, 0.1978, 0.433
1224, 0.1708, 0.433
1225, 0.1231, 0.438
1226, 0.1201, 0.428
1227, 0.2089, 0.426
1228, 0.1783, 0.422
1229, 0.1529, 0.425
1230, 0.1554, 0.428
1231, 0.1627, 0.442
1232, 0.1620, 0.421
1233, 0.1567, 0.426
1234, 0.1734, 0.429
1235, 0.2124, 0.426
1236, 0.2005, 0.423
1237, 0.2072, 0.425
1238, 0.1339, 0.423
1239, 0.2707, 0.434
1240, 0.1474, 0.437
1241, 0.1927, 0.427
1242, 0.1689, 0.425
1243, 0.1238, 0.431
1244, 0.1780, 0.431
1245, 0.2005, 0.430
1246, 0.1905, 0.425
1247, 0.2084, 0.441
1248, 0.1914, 0.426
1249, 0.2038, 0.428
1250, 0.1909, 0.423
1251, 0.1560, 0.435
1252, 0.1502, 0.422
1253, 0.1709, 0.424
1254, 0.1739, 0.436
1255, 0.2226, 0.439
1256, 0.2062, 0.443
1257, 0.1857, 0.430
1258, 0.1713, 0.426
1259, 0.1801, 0.425
1260, 0.1956, 0.427
1261, 0.1742, 0.426
1262, 0.2144, 0.427
1263, 0.1569, 0.431
1264, 0.1722, 0.427
1265, 0.1431, 0.430
1266, 0.1237, 0.425
1267, 0.1873, 0.444
1268, 0.2102, 0.438
1269, 0.1367, 0.425
1270, 0.1832, 0.425
1271, 0.1246, 0.430
1272, 0.2383, 0.441
1273, 0.2320, 0.422
1274, 0.1644, 0.430
1275, 0.1837, 0.446
1276, 0.1862, 0.439
1277, 0.2015, 0.437
1278, 0.1625, 0.437
1279, 0.1725, 0.434
1280, 0.0800, 0.519
1281, 0.1387, 0.424
1282, 0.1246, 0.431
1283, 0.1189, 0.427
1284, 0.2246, 0.428
1285, 0.1512, 0.437
1286, 0.1339, 0.437
1287, 0.1515, 0.440
1288, 0.1791, 0.447
1289, 0.1179, 0.429
1290, 0.1121, 0.431
1291, 0.0663, 0.430
1292, 0.2160, 0.429
1293, 0.1565, 0.425
1294, 0.1859, 0.447
1295, 0.1090, 0.444
1296, 0.1516, 0.441
1297, 0.1413, 0.428
1298, 0.1498, 0.429
1299, 0.2159, 0.451
1300, 0.1510, 0.432
1301, 0.1165, 0.448
1302, 0.1664, 0.444
1303, 0.1471, 0.443
1304, 0.1541, 0.427
1305, 0.2202, 0.449
1306, 0.1559, 0.445
1307, 0.1786, 0.439
1308, 0.1565, 0.429
1309, 0.1405, 0.433
1310, 0.1462, 0.426
1311, 0.1249, 0.430
1312, 0.1394, 0.442
1313, 0.2042, 0.433
1314, 0.1591, 0.426
1315, 0.1247, 0.428
1316, 0.1692, 0.429
1317, 0.2295, 0.428
1318, 0.2301, 0.425
1319, 0.1634, 0.444
1320, 0.1266, 0.431
1321, 0.1714, 0.434
1322, 0.1087, 0.432
1323, 0.1520, 0.429
1324, 0.1381, 0.442
1325, 0.1470, 0.441
1326, 0.1181, 0.428
1327, 0.1329, 0.433
1328, 0.1236, 0.416
1329, 0.1621, 0.425
1330, 0.2572, 0.426
1331, 0.2266, 0.429
1332, 0.1565, 0.426
1333, 0.1889, 0.422
1334, 0.1572, 0.424
1335, 0.1704, 0.423
1336, 0.1601, 0.422
1337, 0.1642, 0.426
1338, 0.1197, 0.421
1339, 0.1503, 0.425
1340, 0.1924, 0.424
1341, 0.2308, 0.421
1342, 0.1827, 0.423
1343, 0.1982, 0.421
1344, 0.2051, 0.422
1345, 0.1162, 0.424
1346, 0.1389, 0.437
1347, 0.1251, 0.430
1348, 0.1281, 0.420
1349, 0.1504, 0.433
1350, 0.2323, 0.430
1351, 0.1713, 0.441
1352, 0.0713, 0.450
1353, 0.1972, 0.422
1354, 0.1584, 0.429
1355, 0.1009, 0.421
1356, 0.1992, 0.418
1357, 0.1077, 0.418
1358, 0.1541, 0.414
1359, 0.1471, 0.416
1360, 0.1545, 0.418
1361, 0.1400, 0.422
1362, 0.1782, 0.417
1363, 0.1753, 0.416
1364, 0.2453, 0.421
1365, 0.1482, 0.430
1366, 0.1589, 0.426
1367, 0.1363, 0.425
1368, 0.1640, 0.431
1369, 0.1539, 0.425
1370, 0.1429, 0.414
1371, 0.1677, 0.430
1372, 0.1994, 0.417
1373, 0.2074, 0.423
1374, 0.1373, 0.426
1375, 0.1949, 0.421
1376, 0.1599, 0.426
1377, 0.1272, 0.430
1378, 0.1426, 0.425
1379, 0.1606, 0.426
1380, 0.2995, 0.431
1381, 0.1813, 0.429
1382, 0.1934, 0.431
1383, 0.2376, 0.435
1384, 0.1974, 0.432
1385, 0.2580, 0.426
1386, 0.2088, 0.434
1387, 0.1491, 0.425
1388, 0.1395, 0.426
1389, 0.1920, 0.429
1390, 0.1360, 0.425
1391, 0.0634, 0.435
1392, 0.0795, 0.426
1393, 0.1659, 0.426
1394, 0.1841, 0.426
1395, 0.2346, 0.430
1396, 0.1886, 0.435
1397, 0.1856, 0.433
1398, 0.1438, 0.431
1399, 0.1423, 0.447
1400, 0.2055, 0.430
1401, 0.2251, 0.418
1402, 0.1922, 0.424
1403, 0.1378, 0.433
1404, 0.1751, 0.430
1405, 0.2011, 0.435
1406, 0.1560, 0.434
1407, 0.1671, 0.430
1408, 0.1838, 0.423
1409, 0.1918, 0.420
1410, 0.1991, 0.485
1411, 0.1508, 0.434
1412, 0.1586, 0.446
1413, 0.1622, 0.424
1414, 0.1780, 0.425
1415, 0.1679, 0.439
1416, 0.1596, 0.514
1417, 0.2013, 0.426
1418, 0.2142, 0.426
1419, 0.1632, 0.424
1420, 0.1378, 0.430
1421, 0.2219, 0.426
1422, 0.2072, 0.432
1423, 0.2170, 0.433
1424, 0.1409, 0.425
1425, 0.1154, 0.428
1426, 0.1490, 0.433
1427, 0.1201, 0.436
1428, 0.1545, 0.436
1429, 0.1269, 0.433
1430, 0.1685, 0.432
1431, 0.1990, 0.432
1432, 0.1522, 0.430
1433, 0.1882, 0.437
1434, 0.1703, 0.443
1435, 0.1661, 0.425
1436, 0.1642, 0.424
1437, 0.2146, 0.432
1438, 0.1356, 0.432
1439, 0.0870, 0.430
1440, 0.1632, 0.430
1441, 0.1280, 0.427
1442, 0.0840, 0.427
1443, 0.1625, 0.426
1444, 0.1551, 0.434
1445, 0.1333, 0.424
1446, 0.1350, 0.426
1447, 0.1891, 0.434
1448, 0.2150, 0.422
1449, 0.1810, 0.428
1450, 0.1492, 0.429
1451, 0.1122, 0.424
1452, 0.1503, 0.425
1453, 0.1676, 0.431
1454, 0.1987, 0.428
1455, 0.1862, 0.427
1456, 0.2010, 0.422
1457, 0.1900, 0.427
1458, 0.1906, 0.436
1459, 0.1026, 0.421
1460, 0.0863, 0.422
1461, 0.1659, 0.425
1462, 0.1632, 0.434
1463, 0.1835, 0.428
1464, 0.1774, 0.425
1465, 0.1531, 0.426
1466, 0.1220, 0.424
1467, 0.2216, 0.436
1468, 0.1228, 0.424
1469, 0.2078, 0.426
1470, 0.1434, 0.440
1471, 0.1891, 0.426
1472, 0.1394, 0.432
1473, 0.1699, 0.423
1474, 0.1511, 0.430
1475, 0.1125, 0.429
1476, 0.1922, 0.424
1477, 0.1743, 0.445
1478, 0.1483, 0.434
1479, 0.1652, 0.437
1480, 0.1700, 0.427
1481, 0.2362, 0.425
1482, 0.1188, 0.428
1483, 0.1271, 0.430
1484, 0.2235, 0.431
1485, 0.1316, 0.432
1486, 0.1810, 0.437
1487, 0.1352, 0.449
1488, 0.1596, 0.576
1489, 0.1535, 0.425
1490, 0.1508, 0.438
1491, 0.1358, 0.432
1492, 0.1811, 0.432
1493, 0.1896, 0.433
1494, 0.0900, 0.431
1495, 0.1555, 0.440
1496, 0.1463, 0.434
1497, 0.1728, 0.432
1498, 0.1671, 0.423
1499, 0.1556, 0.422
1500, 0.1412, 0.423
1501, 0.1935, 0.437
1502, 0.1512, 0.419
1503, 0.1863, 0.423
1504, 0.1709, 0.427
1505, 0.2251, 0.432
1506, 0.2097, 0.430
1507, 0.1591, 0.419
1508, 0.1637, 0.425
1509, 0.1098, 0.430
1510, 0.1657, 0.433
1511, 0.1816, 0.426
1512, 0.1685, 0.425
1513, 0.1563, 0.424
1514, 0.1316, 0.426
1515, 0.1537, 0.432
1516, 0.1083, 0.422
1517, 0.1411, 0.425
1518, 0.1800, 0.425
1519, 0.1562, 0.422
1520, 0.0964, 0.424
1521, 0.1279, 0.459
1522, 0.1133, 0.460
1523, 0.1605, 0.466
1524, 0.1503, 0.470
1525, 0.2110, 0.419
1526, 0.1690, 0.421
1527, 0.1155, 0.425
1528, 0.1612, 0.420
1529, 0.2076, 0.423
1530, 0.2368, 0.425
1531, 0.1287, 0.424
1532, 0.1201, 0.420
1533, 0.2018, 0.421
1534, 0.1749, 0.421
1535, 0.0993, 0.432
1536, 0.0935, 0.430
1537, 0.1049, 0.422
1538, 0.0628, 0.435
1539, 0.0966, 0.435
1540, 0.1475, 0.439
1541, 0.1096, 0.428
1542, 0.1125, 0.421
1543, 0.1371, 0.427
1544, 0.1368, 0.430
1545, 0.0847, 0.426
1546, 0.2116, 0.417
1547, 0.1780, 0.417
1548, 0.1280, 0.418
1549, 0.2247, 0.422
1550, 0.1970, 0.417
1551, 0.1113, 0.416
1552, 0.1329, 0.437
1553, 0.1533, 0.426
1554, 0.1123, 0.455
1555, 0.1614, 0.421
1556, 0.1482, 0.422
1557, 0.0993, 0.425
1558, 0.0565, 0.424
1559, 0.1834, 0.424
1560, 0.0783, 0.424
1561, 0.1499, 0.422
1562, 0.1400, 0.420
1563, 0.1823, 0.430
1564, 0.1408, 0.424
1565, 0.1539, 0.422
1566, 0.1834, 0.426
1567, 0.2220, 0.431
1568, 0.1865, 0.422
1569, 0.1952, 0.422
1570, 0.1241, 0.437
1571, 0.1606, 0.437
1572, 0.1375, 0.423
1573, 0.1301, 0.422
1574, 0.1727, 0.426
1575, 0.1016, 0.430
1576, 0.1352, 0.431
1577, 0.1608, 0.434
1578, 0.1671, 0.432
1579, 0.1196, 0.431
1580, 0.1454, 0.427
1581, 0.2067, 0.429
1582, 0.1410, 0.425
1583, 0.1286, 0.430
1584, 0.0649, 0.423
1585, 0.0953, 0.425
1586, 0.0959, 0.426
1587, 0.1255, 0.422
1588, 0.1247, 0.424
1589, 0.1306, 0.425
1590, 0.2562, 0.428
1591, 0.1657, 0.430
1592, 0.1546, 0.438
1593, 0.1777, 0.426
1594, 0.1555, 0.427
1595, 0.1314, 0.421
1596, 0.1317, 0.425
1597, 0.0929, 0.421
1598, 0.1237, 0.420
1599, 0.1962, 0.420
1600, 0.1663, 0.425
1601, 0.1472, 0.420
1602, 0.1464, 0.428
1603, 0.1310, 0.424
1604, 0.1332, 0.423
1605, 0.0809, 0.425
1606, 0.1633, 0.444
1607, 0.1205, 0.426
1608, 0.2185, 0.436
1609, 0.1179, 0.430
1610, 0.0544, 0.483
1611, 0.1410, 0.428
1612, 0.1276, 0.428
1613, 0.1315, 0.427
1614, 0.1842, 0.428
1615, 0.2252, 0.423
1616, 0.1961, 0.427
1617, 0.1453, 0.441
1618, 0.1675, 0.433
1619, 0.1875, 0.437
1620, 0.1748, 0.432
1621, 0.1764, 0.454
1622, 0.2375, 0.434
1623, 0.1649, 0.444
1624, 0.1533, 0.428
1625, 0.1930, 0.422
1626, 0.2074, 0.460
1627, 0.2169, 0.421
1628, 0.1903, 0.425
1629, 0.1549, 0.437
1630, 0.1608, 0.425
1631, 0.1526, 0.425
1632, 0.1566, 0.431
1633, 0.1676, 0.437
1634, 0.1491, 0.438
1635, 0.1429, 0.433
1636, 0.1271, 0.438
1637, 0.1945, 0.447
1638, 0.1944, 0.430
1639, 0.1481, 0.432
1640, 0.1612, 0.441
1641, 0.2409, 0.436
1642, 0.1423, 0.443
1643, 0.1149, 0.442
1644, 0.1376, 0.426
1645, 0.1573, 0.425
1646, 0.1143, 0.432
1647, 0.1626, 0.437
1648, 0.1408, 0.440
1649, 0.1541, 0.425
1650, 0.1479, 0.443
1651, 0.1137, 0.436
1652, 0.1899, 0.435
1653, 0.0855, 0.448
1654, 0.1429, 0.438
1655, 0.1892, 0.435
1656, 0.0684, 0.436
1657, 0.1593, 0.433
1658, 0.0680, 0.430
1659, 0.2109, 0.442
1660, 0.1445, 0.430
1661, 0.0866, 0.431
1662, 0.1433, 0.426
1663, 0.1698, 0.432
1664, 0.1691, 0.439
1665, 0.0756, 0.437
1666, 0.1364, 0.438
1667, 0.1613, 0.427
1668, 0.1133, 0.444
1669, 0.1533, 0.431
1670, 0.0863, 0.429
1671, 0.2317, 0.446
1672, 0.2394, 0.425
1673, 0.1306, 0.425
1674, 0.0805, 0.430
1675, 0.1311, 0.431
1676, 0.0987, 0.425
1677, 0.1341, 0.430
1678, 0.0774, 0.422
1679, 0.1535, 0.429
1680, 0.1360, 0.427
1681, 0.1457, 0.421
1682, 0.1758, 0.426
1683, 0.1592, 0.429
1684, 0.1584, 0.428
1685, 0.1220, 0.447
1686, 0.1631, 0.429
1687, 0.1308, 0.426
1688, 0.1692, 0.437
1689, 0.1217, 0.434
1690, 0.2093, 0.427
1691, 0.1399, 0.435
1692, 0.1163, 0.438
1693, 0.1827, 0.425
1694, 0.1589, 0.437
1695, 0.1546, 0.441
1696, 0.1401, 0.501
1697, 0.1446, 0.428
1698, 0.0916, 0.427
1699, 0.1049, 0.434
1700, 0.1641, 0.427
1701, 0.1509, 0.426
1702, 0.2067, 0.429
1703, 0.1337, 0.433
1704, 0.1706, 0.434
1705, 0.1605, 0.434
1706, 0.1829, 0.436
1707, 0.1582, 0.430
1708, 0.1350, 0.423
1709, 0.1496, 0.420
1710, 0.1526, 0.429
1711, 0.1388, 0.422
1712, 0.1250, 0.427
1713, 0.1732, 0.428
1714, 0.1193, 0.431
1715, 0.0963, 0.420
1716, 0.1023, 0.418
1717, 0.1311, 0.424
1718, 0.1931, 0.428
1719, 0.2133, 0.421
1720, 0.1762, 0.425
1721, 0.1156, 0.420
1722, 0.2272, 0.427
1723, 0.1402, 0.423
1724, 0.0912, 0.421
1725, 0.1018, 0.422
1726, 0.1666, 0.423
1727, 0.1047, 0.428
1728, 0.0612, 0.423
1729, 0.1260, 0.417
1730, 0.1111, 0.421
1731, 0.1032, 0.424
1732, 0.1031, 0.422
1733, 0.0954, 0.417
1734, 0.0971, 0.423
1735, 0.1232, 0.419
1736, 0.1277, 0.416
1737, 0.1500, 0.415
1738, 0.3000, 0.418
1739, 0.1538, 0.420
1740, 0.1543, 0.420
1741, 0.1739, 0.421
1742, 0.1439, 0.427
1743, 0.1499, 0.437
1744, 0.1231, 0.422
1745, 0.1352, 0.429
1746, 0.1717, 0.432
1747, 0.1586, 0.429
1748, 0.0728, 0.427
1749, 0.1223, 0.430
1750, 0.1160, 0.426
1751, 0.1163, 0.418
1752, 0.1754, 0.415
1753, 0.1845, 0.418
1754, 0.0948, 0.423
1755, 0.1511, 0.425
1756, 0.1435, 0.426
1757, 0.1566, 0.444
1758, 0.0745, 0.440
1759, 0.1265, 0.445
1760, 0.1400, 0.434
1761, 0.1750, 0.431
1762, 0.1325, 0.429
1763, 0.2082, 0.425
1764, 0.1838, 0.423
1765, 0.2513, 0.427
1766, 0.1298, 0.424
1767, 0.2398, 0.425
1768, 0.3529, 0.420
1769, 0.1477, 0.429
1770, 0.1296, 0.428
1771, 0.2075, 0.441
1772, 0.1212, 0.428
1773, 0.1190, 0.433
1774, 0.1644, 0.431
1775, 0.1597, 0.433
1776, 0.1167, 0.433
1777, 0.1781, 0.423
1778, 0.0842, 0.425
1779, 0.1233, 0.429
1780, 0.1624, 0.435
1781, 0.1116, 0.435
1782, 0.1622, 0.452
1783, 0.1399, 0.430
1784, 0.2490, 0.427
1785, 0.1391, 0.424
1786, 0.2192, 0.424
1787, 0.1344, 0.425
1788, 0.1125, 0.428
1789, 0.1640, 0.425
1790, 0.1629, 0.430
1791, 0.0882, 0.430
1792, 0.1523, 0.432
1793, 0.1000, 0.426
1794, 0.1390, 0.427
1795, 0.1259, 0.426
1796, 0.1558, 0.429
1797, 0.1607, 0.425
1798, 0.0910, 0.434
1799, 0.1627, 0.430
1800, 0.1270, 0.425
1801, 0.1297, 0.420
1802, 0.1594, 0.427
1803, 0.2459, 0.431
1804, 0.1347, 0.438
1805, 0.1279, 0.427
1806, 0.1643, 0.435
1807, 0.1979, 0.438
1808, 0.1189, 0.425
1809, 0.1739, 0.423
1810, 0.1454, 0.518
1811, 0.1110, 0.425
1812, 0.1230, 0.430
1813, 0.1637, 0.430
1814, 0.1356, 0.424
1815, 0.1358, 0.429
1816, 0.2139, 0.427
1817, 0.2286, 0.426
1818, 0.1408, 0.436
1819, 0.1170, 0.465
1820, 0.1236, 0.443
1821, 0.0783, 0.436
1822, 0.0695, 0.428
1823, 0.1245, 0.436
1824, 0.1192, 0.420
1825, 0.1479, 0.430
1826, 0.2720, 0.425
1827, 0.1445, 0.424
1828, 0.1371, 0.426
1829, 0.1740, 0.422
1830, 0.1511, 0.434
1831, 0.2155, 0.423
1832, 0.1581, 0.425
1833, 0.1468, 0.424
1834, 0.0707, 0.420
1835, 0.1559, 0.422
1836, 0.1684, 0.428
1837, 0.1837, 0.430
1838, 0.1618, 0.431
1839, 0.1134, 0.427
1840, 0.0745, 0.435
1841, 0.2168, 0.431
1842, 0.1829, 0.426
1843, 0.1345, 0.429
1844, 0.1619, 0.433
1845, 0.1384, 0.444
1846, 0.0986, 0.426
1847, 0.1403, 0.424
1848, 0.0897, 0.425
1849, 0.0774, 0.426
1850, 0.0718, 0.432
1851, 0.2006, 0.423
1852, 0.1715, 0.427
1853, 0.1799, 0.426
1854, 0.0755, 0.429
1855, 0.0501, 0.428
1856, 0.1146, 0.423
1857, 0.0884, 0.421
1858, 0.0697, 0.422
1859, 0.1997, 0.426
1860, 0.1356, 0.431
1861, 0.0999, 0.429
1862, 0.1265, 0.430
1863, 0.0815, 0.441
1864, 0.1580, 0.426
1865, 0.1151, 0.430
1866, 0.1084, 0.439
1867, 0.1353, 0.427
1868, 0.1602, 0.430
1869, 0.3124, 0.426
1870, 0.1567, 0.438
1871, 0.1697, 0.427
1872, 0.2108, 0.423
1873, 0.0858, 0.427
1874, 0.1203, 0.423
1875, 0.1361, 0.428
1876, 0.1195, 0.431
1877, 0.1230, 0.427
1878, 0.1815, 0.427
1879, 0.1513, 0.427
1880, 0.1279, 0.423
1881, 0.1256, 0.425
1882, 0.2120, 0.425
1883, 0.1187, 0.424
1884, 0.0750, 0.428
1885, 0.1587, 0.430
1886, 0.0956, 0.428
1887, 0.0716, 0.430
1888, 0.1513, 0.437
1889, 0.1691, 0.420
1890, 0.2121, 0.423
1891, 0.1780, 0.425
1892, 0.1241, 0.427
1893, 0.1178, 0.426
1894, 0.1017, 0.430
1895, 0.1348, 0.436
1896, 0.0675, 0.430
1897, 0.2396, 0.470
1898, 0.0838, 0.426
1899, 0.0703, 0.434
1900, 0.0830, 0.449
1901, 0.0842, 0.433
1902, 0.1487, 0.427
1903, 0.1738, 0.427
1904, 0.1626, 0.449
1905, 0.0630, 0.426
1906, 0.0932, 0.424
1907, 0.1975, 0.433
1908, 0.1094, 0.428
1909, 0.1508, 0.424
1910, 0.0895, 0.426
1911, 0.0867, 0.446
1912, 0.1507, 0.475
1913, 0.1199, 0.467
1914, 0.1843, 0.467
1915, 0.1636, 0.478
1916, 0.1575, 0.465
1917, 0.1440, 0.456
1918, 0.1882, 0.483
1919, 0.1839, 0.467
1920, 0.0938, 0.433
1921, 0.1364, 0.419
1922, 0.1638, 0.427
1923, 0.1785, 0.417
1924, 0.1943, 0.426
1925, 0.2062, 0.424
1926, 0.2747, 0.427
1927, 0.2163, 0.431
1928, 0.1292, 0.431
1929, 0.1206, 0.440
1930, 0.0891, 0.438
1931, 0.1544, 0.436
1932, 0.1179, 0.433
1933, 0.0925, 0.431
1934, 0.0985, 0.445
1935, 0.1288, 0.435
1936, 0.1554, 0.430
1937, 0.1498, 0.427
1938, 0.1698, 0.434
1939, 0.1054, 0.420
1940, 0.1620, 0.434
1941, 0.1516, 0.436
1942, 0.2052, 0.423
1943, 0.1595, 0.436
1944, 0.2543, 0.422
1945, 0.2039, 0.425
1946, 0.0933, 0.428
1947, 0.1631, 0.441
1948, 0.0906, 0.421
1949, 0.1724, 0.423
1950, 0.0814, 0.425
1951, 0.1320, 0.426
1952, 0.1580, 0.417
1953, 0.1750, 0.423
1954, 0.1659, 0.423
1955, 0.1275, 0.423
1956, 0.1066, 0.426
1957, 0.1525, 0.428
1958, 0.1326, 0.420
1959, 0.2116, 0.417
1960, 0.1449, 0.425
1961, 0.2554, 0.423
1962, 0.1524, 0.424
1963, 0.1510, 0.425
1964, 0.0732, 0.426
1965, 0.1139, 0.428
1966, 0.1518, 0.424
1967, 0.0544, 0.419
1968, 0.1503, 0.422
1969, 0.2061, 0.422
1970, 0.1523, 0.420
1971, 0.1480, 0.422
1972, 0.1643, 0.428
1973, 0.1117, 0.422
1974, 0.0643, 0.419
1975, 0.2011, 0.418
1976, 0.0483, 0.423
1977, 0.1600, 0.419
1978, 0.1381, 0.414
1979, 0.1487, 0.429
1980, 0.1247, 0.466
1981, 0.1341, 0.432
1982, 0.1645, 0.425
1983, 0.1205, 0.425
1984, 0.1240, 0.425
1985, 0.1569, 0.436
1986, 0.2171, 0.432
1987, 0.1983, 0.433
1988, 0.1655, 0.429
1989, 0.1100, 0.427
1990, 0.1284, 0.424
1991, 0.1627, 0.423
1992, 0.1473, 0.429
1993, 0.1388, 0.437
1994, 0.1361, 0.434
1995, 0.2672, 0.432
1996, 0.2097, 0.437
1997, 0.1974, 0.438
1998, 0.2205, 0.432
1999, 0.1239, 0.435
2000, 0.0720, 0.426
2001, 0.0811, 0.428
2002, 0.1490, 0.431
2003, 0.1568, 0.432
2004, 0.1275, 0.424
2005, 0.1380, 0.441
2006, 0.1092, 0.438
2007, 0.0502, 0.425
2008, 0.2226, 0.435
2009, 0.1192, 0.422
2010, 0.1616, 0.444
2011, 0.1229, 0.440
2012, 0.1921, 0.441
2013, 0.1627, 0.446
2014, 0.1655, 0.427
2015, 0.1459, 0.435
2016, 0.1511, 0.422
2017, 0.1080, 0.430
2018, 0.1782, 0.433
2019, 0.1217, 0.436
2020, 0.1156, 0.443
2021, 0.1120, 0.438
2022, 0.1369, 0.427
2023, 0.1284, 0.419
2024, 0.1492, 0.425
2025, 0.1066, 0.435
2026, 0.1419, 0.433
2027, 0.1774, 0.432
2028, 0.1245, 0.437
2029, 0.0983, 0.421
2030, 0.0684, 0.421
2031, 0.1789, 0.419
2032, 0.1302, 0.420
2033, 0.1501, 0.422
2034, 0.1291, 0.431
2035, 0.1127, 0.434
2036, 0.1832, 0.422
2037, 0.1215, 0.419
2038, 0.1823, 0.421
2039, 0.1243, 0.433
2040, 0.1295, 0.421
2041, 0.2722, 0.434
2042, 0.2085, 0.432
2043, 0.0955, 0.417
2044, 0.1400, 0.431
2045, 0.0833, 0.430
2046, 0.1396, 0.439
2047, 0.1505, 0.434
2048, 0.1224, 0.439
2049, 0.1172, 0.434
2050, 0.1566, 0.435
2051, 0.0529, 0.432
2052, 0.1264, 0.427
2053, 0.1977, 0.428
2054, 0.1465, 0.425
2055, 0.0753, 0.426
2056, 0.1300, 0.433
2057, 0.1371, 0.425
2058, 0.1028, 0.424
2059, 0.1745, 0.428
2060, 0.1133, 0.424
2061, 0.1996, 0.423
2062, 0.1538, 0.423
2063, 0.0721, 0.419
2064, 0.2157, 0.442
2065, 0.2113, 0.429
2066, 0.1936, 0.430
2067, 0.2194, 0.430
2068, 0.1604, 0.427
2069, 0.1655, 0.440
2070, 0.1600, 0.437
2071, 0.1775, 0.426
2072, 0.1213, 0.421
2073, 0.0945, 0.429
2074, 0.1145, 0.431
2075, 0.2102, 0.429
2076, 0.1177, 0.426
2077, 0.1139, 0.434
2078, 0.1051, 0.422
2079, 0.1366, 0.427
2080, 0.1155, 0.427
2081, 0.1651, 0.440
2082, 0.1360, 0.434
2083, 0.0900, 0.426
2084, 0.0540, 0.428
2085, 0.0886, 0.422
2086, 0.1299, 0.423
2087, 0.1120, 0.441
2088, 0.1420, 0.455
2089, 0.1236, 0.423
2090, 0.1228, 0.432
2091, 0.1469, 0.428
2092, 0.2121, 0.454
2093, 0.1658, 0.426
2094, 0.1202, 0.426
2095, 0.1053, 0.423
2096, 0.1483, 0.427
2097, 0.1508, 0.426
2098, 0.1343, 0.428
2099, 0.0737, 0.428
2100, 0.0923, 0.429
2101, 0.0834, 0.423
2102, 0.1105, 0.423
2103, 0.2335, 0.425
2104, 0.1096, 0.425
2105, 0.0662, 0.438
2106, 0.1212, 0.426
2107, 0.1377, 0.428
2108, 0.0643, 0.435
2109, 0.1112, 0.427
2110, 0.1958, 0.445
2111, 0.1684, 0.423
2112, 0.1865, 0.455
2113, 0.1158, 0.435
2114, 0.1088, 0.443
2115, 0.0803, 0.438
2116, 0.2541, 0.431
2117, 0.1120, 0.430
2118, 0.0982, 0.428
2119, 0.2285, 0.479
2120, 0.1421, 0.469
2121, 0.1307, 0.466
2122, 0.1874, 0.436
2123, 0.1430, 0.429
2124, 0.1749, 0.439
2125, 0.1256, 0.427
2126, 0.2498, 0.426
2127, 0.0997, 0.430
2128, 0.0930, 0.424
2129, 0.1845, 0.425
2130, 0.1185, 0.421
2131, 0.1109, 0.423
2132, 0.1156, 0.436
2133, 0.0860, 0.418
2134, 0.1921, 0.423
2135, 0.2099, 0.420
2136, 0.2093, 0.426
2137, 0.2137, 0.431
2138, 0.1882, 0.435
2139, 0.0785, 0.417
2140, 0.1806, 0.422
2141, 0.2307, 0.424
2142, 0.0967, 0.420
2143, 0.1627, 0.428
2144, 0.1194, 0.416
2145, 0.1276, 0.417
2146, 0.1042, 0.427
2147, 0.1548, 0.418
2148, 0.1383, 0.418
2149, 0.1100, 0.424
2150, 0.0802, 0.418
2151, 0.0887, 0.426
2152, 0.1506, 0.426
2153, 0.1248, 0.428
2154, 0.1407, 0.435
2155, 0.2302, 0.435
2156, 0.1371, 0.434
2157, 0.1841, 0.470
2158, 0.1688, 0.449
2159, 0.1096, 0.426
2160, 0.1382, 0.423
2161, 0.1675, 0.424
2162, 0.0665, 0.422
2163, 0.1473, 0.425
2164, 0.1513, 0.426
2165, 0.1067, 0.434
2166, 0.0902, 0.444
2167, 0.1130, 0.448
2168, 0.2088, 0.421
2169, 0.1210, 0.421
2170, 0.1240, 0.424
2171, 0.1663, 0.431
2172, 0.1501, 0.429
2173, 0.2287, 0.430
2174, 0.1534, 0.433
2175, 0.1999, 0.430
2176, 0.2078, 0.427
2177, 0.1638, 0.422
2178, 0.1865, 0.425
2179, 0.1785, 0.426
2180, 0.1159, 0.437
2181, 0.1239, 0.428
2182, 0.0928, 0.426
2183, 0.1086, 0.425
2184, 0.2351, 0.423
2185, 0.1779, 0.428
2186, 0.0838, 0.425
2187, 0.1195, 0.438
2188, 0.1085, 0.433
2189, 0.1704, 0.427
2190, 0.1536, 0.425
2191, 0.1066, 0.437
2192, 0.2151, 0.429
2193, 0.1501, 0.425
2194, 0.1152, 0.434
2195, 0.1354, 0.430
2196, 0.0957, 0.428
2197, 0.1193, 0.426
2198, 0.1603, 0.436
2199, 0.1532, 0.423
2200, 0.1838, 0.427
2201, 0.1929, 0.428
2202, 0.1203, 0.428
2203, 0.1188, 0.432
2204, 0.1611, 0.430
2205, 0.1486, 0.439
2206, 0.0847, 0.430
2207, 0.0630, 0.429
2208, 0.1044, 0.441
2209, 0.1224, 0.484
2210, 0.1401, 0.527
2211, 0.2095, 0.447
2212, 0.2395, 0.426
2213, 0.1833, 0.431
2214, 0.1441, 0.438
2215, 0.1451, 0.423
2216, 0.0919, 0.423
2217, 0.1247, 0.424
2218, 0.1732, 0.437
2219, 0.0579, 0.435
2220, 0.0875, 0.436
2221, 0.1474, 0.445
2222, 0.1589, 0.445
2223, 0.1898, 0.436
2224, 0.1645, 0.419
2225, 0.1502, 0.427
2226, 0.0939, 0.458
2227, 0.1329, 0.425
2228, 0.1325, 0.419
2229, 0.1177, 0.427
2230, 0.1373, 0.423
2231, 0.2028, 0.430
2232, 0.0708, 0.422
2233, 0.1511, 0.433
2234, 0.1983, 0.436
2235, 0.1379, 0.468
2236, 0.0888, 0.436
2237, 0.1454, 0.439
2238, 0.1218, 0.424
2239, 0.1585, 0.425
2240, 0.1480, 0.426
2241, 0.1050, 0.422
2242, 0.1641, 0.434
2243, 0.1409, 0.423
2244, 0.1204, 0.436
2245, 0.1566, 0.425
2246, 0.1204, 0.434
2247, 0.1241, 0.432
2248, 0.1220, 0.415
2249, 0.1477, 0.419
2250, 0.1555, 0.432
2251, 0.1151, 0.427
2252, 0.1018, 0.421
2253, 0.1719, 0.432
2254, 0.2004, 0.429
2255, 0.1532, 0.426
2256, 0.1691, 0.432
2257, 0.1109, 0.422
2258, 0.0757, 0.420
2259, 0.1101, 0.432
2260, 0.0915, 0.441
2261, 0.1623, 0.421
2262, 0.1967, 0.424
2263, 0.1718, 0.429
2264, 0.1548, 0.431
2265, 0.1541, 0.428
2266, 0.1821, 0.425
2267, 0.1398, 0.426
2268, 0.2002, 0.427
2269, 0.0939, 0.429
2270, 0.0997, 0.434
2271, 0.1103, 0.429
2272, 0.1373, 0.426
2273, 0.1242, 0.423
2274, 0.1286, 0.421
2275, 0.1232, 0.422
2276, 0.1681, 0.423
2277, 0.1361, 0.422
2278, 0.1039, 0.438
2279, 0.1378, 0.424
2280, 0.1938, 0.432
2281, 0.2272, 0.444
2282, 0.1640, 0.429
2283, 0.1379, 0.428
2284, 0.1212, 0.428
2285, 0.1398, 0.433
2286, 0.1792, 0.444
2287, 0.1956, 0.431
2288, 0.1758, 0.425
2289, 0.1581, 0.430
2290, 0.1974, 0.436
2291, 0.1142, 0.425
2292, 0.1187, 0.445
2293, 0.1418, 0.437
2294, 0.1354, 0.426
2295, 0.1819, 0.429
2296, 0.1378, 0.428
2297, 0.1156, 0.434
2298, 0.1499, 0.434
2299, 0.1774, 0.424
2300, 0.1523, 0.426
2301, 0.1080, 0.428
2302, 0.0989, 0.445
2303, 0.2066, 0.431
2304, 0.2027, 0.439
2305, 0.1185, 0.425
2306, 0.1363, 0.429
2307, 0.1668, 0.426
2308, 0.1024, 0.425
2309, 0.1564, 0.430
2310, 0.1196, 0.441
2311, 0.1636, 0.432
2312, 0.1330, 0.429
2313, 0.1227, 0.435
2314, 0.2118, 0.433
2315, 0.1084, 0.435
2316, 0.1548, 0.449
2317, 0.2739, 0.434
2318, 0.1054, 0.438
2319, 0.1153, 0.438
2320, 0.0873, 0.487
2321, 0.1170, 0.436
2322, 0.2009, 0.445
2323, 0.1303, 0.425
2324, 0.1959, 0.423
2325, 0.1855, 0.424
2326, 0.1704, 0.439
2327, 0.2656, 0.434
2328, 0.1679, 0.432
2329, 0.1189, 0.436
2330, 0.2693, 0.433
2331, 0.2084, 0.428
2332, 0.2437, 0.434
2333, 0.1554, 0.435
2334, 0.1231, 0.440
2335, 0.1827, 0.433
2336, 0.1635, 0.438
2337, 0.1689, 0.442
2338, 0.2152, 0.438
2339, 0.1570, 0.421
2340, 0.1874, 0.425
2341, 0.1087, 0.433
2342, 0.1171, 0.423
2343, 0.1433, 0.422
2344, 0.1665, 0.423
2345, 0.1769, 0.427
2346, 0.2037, 0.419
2347, 0.1681, 0.430
2348, 0.1395, 0.439
2349, 0.1648, 0.447
2350, 0.1944, 0.437
2351, 0.0997, 0.428
2352, 0.2269, 0.438
2353, 0.0979, 0.423
2354, 0.0910, 0.443
2355, 0.1478, 0.417
2356, 0.1023, 0.412
2357, 0.1998, 0.430
2358, 0.0416, 0.434
2359, 0.1616, 0.419
2360, 0.0915, 0.423
2361, 0.1339, 0.424
2362, 0.1292, 0.477
2363, 0.1500, 0.469
2364, 0.0833, 0.432
2365, 0.1565, 0.430
2366, 0.1344, 0.427
2367, 0.0944, 0.445
2368, 0.1744, 0.425
2369, 0.1887, 0.434
2370, 0.1685, 0.429
2371, 0.1535, 0.430
2372, 0.0443, 0.427
2373, 0.1385, 0.439
2374, 0.1838, 0.430
2375, 0.2254, 0.430
2376, 0.1832, 0.439
2377, 0.1018, 0.442
2378, 0.1122, 0.437
2379, 0.1678, 0.424
2380, 0.1500, 0.429
2381, 0.1303, 0.428
2382, 0.1546, 0.431
2383, 0.2148, 0.429
2384, 0.1141, 0.434
2385, 0.1512, 0.438
2386, 0.1398, 0.422
2387, 0.1616, 0.423
2388, 0.1077, 0.424
2389, 0.1024, 0.429
2390, 0.1445, 0.426
2391, 0.1995, 0.430
2392, 0.2694, 0.424
2393, 0.1390, 0.421
2394, 0.1911, 0.423
2395, 0.1288, 0.429
2396, 0.1321, 0.429
2397, 0.1248, 0.425
2398, 0.2219, 0.427
2399, 0.1309, 0.427
2400, 0.0954, 0.427
2401, 0.0484, 0.415
2402, 0.2517, 0.429
2403, 0.1388, 0.426
2404, 0.1528, 0.426
2405, 0.1611, 0.426
2406, 0.1421, 0.432
2407, 0.1676, 0.451
2408, 0.1225, 0.454
2409, 0.1201, 0.451
2410, 0.2121, 0.524
2411, 0.1847, 0.428
2412, 0.1200, 0.429
2413, 0.1054, 0.431
2414, 0.1319, 0.432
2415, 0.1134, 0.429
2416, 0.1239, 0.434
2417, 0.1696, 0.424
2418, 0.0722, 0.442
2419, 0.1710, 0.433
2420, 0.1613, 0.475
2421, 0.2255, 0.466
2422, 0.2412, 0.480
2423, 0.1635, 0.429
2424, 0.0987, 0.437
2425, 0.1115, 0.436
2426, 0.1964, 0.433
2427, 0.2091, 0.435
2428, 0.1094, 0.430
2429, 0.1226, 0.426
2430, 0.1486, 0.433
2431, 0.1440, 0.432
2432, 0.1148, 0.425
2433, 0.1370, 0.442
2434, 0.1735, 0.433
2435, 0.1785, 0.426
2436, 0.1338, 0.420
2437, 0.1802, 0.428
2438, 0.0737, 0.438
2439, 0.1445, 0.434
2440, 0.1736, 0.423
2441, 0.1944, 0.435
2442, 0.1809, 0.420
2443, 0.1486, 0.431
2444, 0.1405, 0.425
2445, 0.1585, 0.423
2446, 0.1296, 0.428
2447, 0.1644, 0.426
2448, 0.1229, 0.421
2449, 0.1440, 0.426
2450, 0.2042, 0.421
2451, 0.1873, 0.426
2452, 0.1347, 0.420
2453, 0.1413, 0.418
2454, 0.1552, 0.421
2455, 0.1653, 0.457
2456, 0.0857, 0.422
2457, 0.1172, 0.422
2458, 0.1604, 0.418
2459, 0.1733, 0.424
2460, 0.1177, 0.420
2461, 0.1028, 0.413
2462, 0.0851, 0.416
2463, 0.1273, 0.414
2464, 0.1733, 0.421
2465, 0.1026, 0.418
2466, 0.0960, 0.425
2467, 0.0960, 0.426
2468, 0.1473, 0.431
2469, 0.1047, 0.428
2470, 0.0990, 0.429
2471, 0.1701, 0.427
2472, 0.1268, 0.442
2473, 0.1158, 0.421
2474, 0.1145, 0.426
2475, 0.1236, 0.434
2476, 0.1216, 0.425
2477, 0.1633, 0.428
2478, 0.1305, 0.431
2479, 0.1355, 0.435
2480, 0.1726, 0.426
2481, 0.1287, 0.423
2482, 0.1929, 0.425
2483, 0.2158, 0.428
2484, 0.1762, 0.428
2485, 0.1192, 0.427
2486, 0.1340, 0.431
2487, 0.1968, 0.447
2488, 0.1942, 0.424
2489, 0.0804, 0.434
2490, 0.1560, 0.430
2491, 0.1694, 0.424
2492, 0.1821, 0.444
2493, 0.1124, 0.427
2494, 0.1545, 0.430
2495, 0.0535, 0.437
2496, 0.1356, 0.429
2497, 0.1280, 0.427
2498, 0.2078, 0.430
2499, 0.1977, 0.421
2500, 0.2056, 0.423
2501, 0.1219, 0.424
2502, 0.1149, 0.432
2503, 0.2129, 0.424
2504, 0.1672, 0.421
2505, 0.0731, 0.422
2506, 0.0496, 0.426
2507, 0.1091, 0.425
2508, 0.1032, 0.428
2509, 0.1398, 0.430
2510, 0.1174, 0.427
2511, 0.1501, 0.431
2512, 0.1290, 0.434
2513, 0.1307, 0.423
2514, 0.1212, 0.422
2515, 0.1229, 0.424
2516, 0.2226, 0.424
2517, 0.1574, 0.424
2518, 0.1304, 0.428
2519, 0.1371, 0.430
2520, 0.1249, 0.431
2521, 0.1581, 0.438
2522, 0.2051, 0.440
2523, 0.1635, 0.434
2524, 0.1435, 0.429
2525, 0.0896, 0.424
2526, 0.1028, 0.427
2527, 0.1306, 0.423
2528, 0.1695, 0.438
2529, 0.1771, 0.438
2530, 0.2090, 0.425
2531, 0.2038, 0.427
2532, 0.0745, 0.426
2533, 0.1146, 0.429
2534, 0.1704, 0.429
2535, 0.1271, 0.431
2536, 0.1111, 0.441
2537, 0.1603, 0.437
2538, 0.0849, 0.432
2539, 0.1064, 0.445
2540, 0.1690, 0.435
2541, 0.1143, 0.424
2542, 0.1312, 0.432
2543, 0.1333, 0.421
2544, 0.1041, 0.441
2545, 0.1499, 0.423
2546, 0.0759, 0.418
2547, 0.0806, 0.417
2548, 0.1003, 0.419
2549, 0.1690, 0.415
2550, 0.1457, 0.419
2551, 0.1733, 0.421
2552, 0.1946, 0.421
2553, 0.0853, 0.424
2554, 0.1562, 0.416
2555, 0.1274, 0.417
2556, 0.1649, 0.427
2557, 0.1281, 0.425
2558, 0.1015, 0.421
2559, 0.1169, 0.433
2560, 0.2128, 0.429
2561, 0.0960, 0.425
2562, 0.1573, 0.418
2563, 0.1416, 0.417
2564, 0.1608, 0.431
2565, 0.1135, 0.426
2566, 0.1289, 0.429
2567, 0.1617, 0.432
2568, 0.1712, 0.432
2569, 0.2312, 0.433
2570, 0.1274, 0.427
2571, 0.1868, 0.426
2572, 0.1364, 0.428
2573, 0.1479, 0.431
2574, 0.1753, 0.438
2575, 0.1728, 0.431
2576, 0.1595, 0.432
2577, 0.1001, 0.436
2578, 0.1641, 0.429
2579, 0.1220, 0.424
2580, 0.1332, 0.429
2581, 0.1400, 0.431
2582, 0.0622, 0.428
2583, 0.1773, 0.436
2584, 0.1549, 0.434
2585, 0.1630, 0.426
2586, 0.1253, 0.438
2587, 0.1420, 0.433
2588, 0.1683, 0.428
2589, 0.1171, 0.423
2590, 0.1867, 0.422
2591, 0.1082, 0.440
2592, 0.1158, 0.436
2593, 0.1375, 0.433
2594, 0.1068, 0.431
2595, 0.1021, 0.424
2596, 0.1230, 0.426
2597, 0.1499, 0.429
2598, 0.1103, 0.427
2599, 0.1016, 0.430
2600, 0.0961, 0.445
2601, 0.1539, 0.421
2602, 0.1193, 0.433
2603, 0.1619, 0.439
2604, 0.1355, 0.429
2605, 0.1196, 0.425
2606, 0.1003, 0.435
2607, 0.1642, 0.424
2608, 0.1642, 0.434
2609, 0.1150, 0.447
2610, 0.2125, 0.477
2611, 0.1860, 0.428
2612, 0.1157, 0.431
2613, 0.1092, 0.432
2614, 0.1418, 0.429
2615, 0.1486, 0.425
2616, 0.1091, 0.423
2617, 0.1702, 0.430
2618, 0.1935, 0.435
2619, 0.1621, 0.439
2620, 0.1504, 0.449
2621, 0.0948, 0.439
2622, 0.1069, 0.432
2623, 0.1045, 0.424
2624, 0.1305, 0.424
2625, 0.1789, 0.433
2626, 0.1076, 0.436
2627, 0.1116, 0.439
2628, 0.1611, 0.421
2629, 0.1688, 0.423
2630, 0.1970, 0.423
2631, 0.1083, 0.428
2632, 0.1648, 0.422
2633, 0.1268, 0.419
2634, 0.1528, 0.428
2635, 0.1226, 0.424
2636, 0.1841, 0.424
2637, 0.1567, 0.424
2638, 0.1020, 0.423
2639, 0.1041, 0.424
2640, 0.1693, 0.428
2641, 0.1490, 0.433
2642, 0.1525, 0.421
2643, 0.1482, 0.429
2644, 0.0856, 0.435
2645, 0.1876, 0.434
2646, 0.1176, 0.429
2647, 0.0942, 0.422
2648, 0.1636, 0.422
2649, 0.1195, 0.438
2650, 0.1201, 0.448
2651, 0.0995, 0.420
2652, 0.0801, 0.423
2653, 0.1973, 0.415
2654, 0.1251, 0.428
2655, 0.2013, 0.438
2656, 0.1640, 0.425
2657, 0.1753, 0.418
2658, 0.1920, 0.422
2659, 0.1712, 0.418
2660, 0.1367, 0.418
2661, 0.1306, 0.429
2662, 0.1518, 0.425
2663, 0.1141, 0.426
2664, 0.1564, 0.445
2665, 0.1646, 0.423
2666, 0.0810, 0.433
2667, 0.1461, 0.434
2668, 0.1697, 0.436
2669, 0.1369, 0.429
2670, 0.1493, 0.431
2671, 0.1738, 0.429
2672, 0.1535, 0.428
2673, 0.1812, 0.426
2674, 0.1899, 0.426
2675, 0.1271, 0.425
2676, 0.1338, 0.435
2677, 0.1350, 0.438
2678, 0.1529, 0.426
2679, 0.1553, 0.432
2680, 0.0949, 0.430
2681, 0.1163, 0.429
2682, 0.2524, 0.437
2683, 0.1081, 0.434
2684, 0.0747, 0.430
2685, 0.1755, 0.424
2686, 0.2237, 0.431
2687, 0.0649, 0.430
2688, 0.1447, 0.423
2689, 0.2067, 0.431
2690, 0.2024, 0.425
2691, 0.1969, 0.434
2692, 0.1244, 0.432
2693, 0.1027, 0.428
2694, 0.1041, 0.430
2695, 0.1548, 0.429
2696, 0.0812, 0.426
2697, 0.1068, 0.424
2698, 0.2194, 0.429
2699, 0.1278, 0.443
2700, 0.4137, 0.438
2701, 0.1497, 0.426
2702, 0.1673, 0.432
2703, 0.1242, 0.423
2704, 0.1552, 0.441
2705, 0.1718, 0.426
2706, 0.1684, 0.424
2707, 0.1189, 0.424
2708, 0.1421, 0.426
2709, 0.1841, 0.434
2710, 0.1468, 0.427
2711, 0.1364, 0.430
2712, 0.1670, 0.426
2713, 0.1648, 0.435
2714, 0.1399, 0.420
2715, 0.1294, 0.429
2716, 0.1651, 0.425
2717, 0.1532, 0.421
2718, 0.1749, 0.424
2719, 0.1327, 0.427
2720, 0.1061, 0.422
2721, 0.1202, 0.420
2722, 0.1619, 0.423
2723, 0.1280, 0.427
2724, 0.1419, 0.428
2725, 0.1086, 0.427
2726, 0.1415, 0.432
2727, 0.1900, 0.427
2728, 0.1630, 0.425
2729, 0.1088, 0.424
2730, 0.1131, 0.426
2731, 0.0887, 0.426
2732, 0.0902, 0.435
2733, 0.1867, 0.428
2734, 0.1590, 0.430
2735, 0.1803, 0.443
2736, 0.1804, 0.426
2737, 0.2088, 0.426
2738, 0.1367, 0.505
2739, 0.0616, 0.424
2740, 0.1230, 0.429
2741, 0.0832, 0.431
2742, 0.1233, 0.513
2743, 0.0861, 0.422
2744, 0.1109, 0.429
2745, 0.1383, 0.429
2746, 0.0944, 0.440
2747, 0.1983, 0.426
2748, 0.2016, 0.431
2749, 0.1511, 0.430
2750, 0.0887, 0.429
2751, 0.1121, 0.437
2752, 0.1829, 0.428
2753, 0.1797, 0.426
2754, 0.2045, 0.425
2755, 0.1766, 0.428
2756, 0.1427, 0.435
2757, 0.1051, 0.434
2758, 0.1156, 0.428
2759, 0.1243, 0.431
2760, 0.0946, 0.441
2761, 0.1723, 0.439
2762, 0.1015, 0.424
2763, 0.1336, 0.422
2764, 0.1491, 0.441
2765, 0.1066, 0.432
2766, 0.1605, 0.440
2767, 0.1367, 0.440
2768, 0.1354, 0.439
2769, 0.1093, 0.427
2770, 0.1119, 0.441
2771, 0.1056, 0.430
2772, 0.1506, 0.444
2773, 0.1204, 0.432
2774, 0.1447, 0.433
2775, 0.2350, 0.437
2776, 0.1392, 0.434
2777, 0.1492, 0.432
2778, 0.0823, 0.426
2779, 0.1201, 0.426
2780, 0.1228, 0.427
2781, 0.1110, 0.431
2782, 0.1429, 0.442
2783, 0.1420, 0.428
2784, 0.1742, 0.430
2785, 0.1793, 0.425
2786, 0.1291, 0.431
2787, 0.2349, 0.444
2788, 0.1366, 0.427
2789, 0.1859, 0.434
2790, 0.1652, 0.435
2791, 0.1512, 0.428
2792, 0.0819, 0.425
2793, 0.1601, 0.431
2794, 0.1186, 0.429
2795, 0.1523, 0.430
2796, 0.1243, 0.430
2797, 0.2316, 0.427
2798, 0.1185, 0.427
2799, 0.1459, 0.429
2800, 0.1029, 0.426
2801, 0.1088, 0.418
2802, 0.0846, 0.437
2803, 0.0760, 0.425
2804, 0.1763, 0.434
2805, 0.1318, 0.437
2806, 0.1157, 0.432
2807, 0.0956, 0.427
2808, 0.0666, 0.435
2809, 0.1243, 0.443
2810, 0.0848, 0.630
2811, 0.1648, 0.472
2812, 0.1299, 0.446
2813, 0.1323, 0.431
2814, 0.1415, 0.433
2815, 0.2171, 0.428
2816, 0.1750, 0.433
2817, 0.1616, 0.426
2818, 0.1773, 0.432
2819, 0.1350, 0.438
2820, 0.1092, 0.432
2821, 0.1704, 0.432
2822, 0.1517, 0.434
2823, 0.1179, 0.434
2824, 0.1609, 0.432
2825, 0.1493, 0.437
2826, 0.1179, 0.436
2827, 0.1297, 0.446
2828, 0.1298, 0.429
2829, 0.1266, 0.429
2830, 0.1284, 0.437
2831, 0.0934, 0.443
2832, 0.0680, 0.431
2833, 0.1080, 0.427
2834, 0.1099, 0.437
2835, 0.0690, 0.432
2836, 0.1263, 0.419
2837, 0.0987, 0.436
2838, 0.0967, 0.425
2839, 0.1546, 0.420
2840, 0.1076, 0.433
2841, 0.0977, 0.422
2842, 0.1025, 0.427
2843, 0.1251, 0.424
2844, 0.1946, 0.425
2845, 0.0841, 0.423
2846, 0.1093, 0.421
2847, 0.1837, 0.421
2848, 0.0831, 0.426
2849, 0.1167, 0.424
2850, 0.1036, 0.423
2851, 0.1232, 0.418
2852, 0.1683, 0.419
2853, 0.1215, 0.459
2854, 0.0987, 0.441
2855, 0.1378, 0.426
2856, 0.1337, 0.422
2857, 0.1885, 0.420
2858, 0.2243, 0.421
2859, 0.1710, 0.428
2860, 0.1241, 0.438
2861, 0.1731, 0.430
2862, 0.1320, 0.439
2863, 0.1234, 0.426
2864, 0.1172, 0.430
2865, 0.1903, 0.423
2866, 0.1547, 0.424
2867, 0.1042, 0.431
2868, 0.1649, 0.424
2869, 0.1519, 0.426
2870, 0.1099, 0.425
2871, 0.0695, 0.437
2872, 0.0983, 0.430
2873, 0.1135, 0.474
2874, 0.0971, 0.424
2875, 0.0595, 0.427
2876, 0.0901, 0.422
2877, 0.1483, 0.424
2878, 0.1439, 0.420
2879, 0.2000, 0.429
2880, 0.1350, 0.446
2881, 0.1227, 0.437
2882, 0.1471, 0.435
2883, 0.1202, 0.426
2884, 0.1076, 0.438
2885, 0.0686, 0.441
2886, 0.1384, 0.427
2887, 0.1519, 0.423
2888, 0.1120, 0.433
2889, 0.1301, 0.424
2890, 0.1414, 0.424
2891, 0.1554, 0.429
2892, 0.1386, 0.447
2893, 0.1098, 0.425
2894, 0.1346, 0.433
2895, 0.2831, 0.429
2896, 0.1545, 0.427
2897, 0.2569, 0.425
2898, 0.1105, 0.436
2899, 0.1011, 0.427
2900, 0.0767, 0.426
2901, 0.1097, 0.427
2902, 0.1376, 0.452
2903, 0.1480, 0.428
2904, 0.0775, 0.434
2905, 0.0763, 0.425
2906, 0.1585, 0.431
2907, 0.1335, 0.421
2908, 0.1457, 0.425
2909, 0.0961, 0.431
2910, 0.1736, 0.436
2911, 0.1173, 0.425
2912, 0.1244, 0.428
2913, 0.1374, 0.437
2914, 0.1213, 0.429
2915, 0.1034, 0.433
2916, 0.0682, 0.427
2917, 0.0493, 0.440
2918, 0.1490, 0.426
2919, 0.0951, 0.440
2920, 0.1649, 0.444
2921, 0.0726, 0.437
2922, 0.1208, 0.428
2923, 0.1427, 0.422
2924, 0.0829, 0.427
2925, 0.0804, 0.435
2926, 0.0956, 0.426
2927, 0.0451, 0.436
2928, 0.1204, 0.432
2929, 0.1055, 0.445
2930, 0.1083, 0.429
2931, 0.0738, 0.445
2932, 0.0545, 0.432
2933, 0.0354, 0.428
2934, 0.1190, 0.428
2935, 0.1062, 0.434
2936, 0.1426, 0.428
2937, 0.1680, 0.428
2938, 0.0716, 0.425
2939, 0.0846, 0.432
2940, 0.1066, 0.429
2941, 0.0853, 0.453
2942, 0.0722, 0.431
2943, 0.0555, 0.434
2944, 0.1197, 0.464
2945, 0.1002, 0.537
2946, 0.1363, 0.472
2947, 0.1898, 0.428
2948, 0.1639, 0.424
2949, 0.1214, 0.423
2950, 0.1863, 0.421
2951, 0.1631, 0.420
2952, 0.1610, 0.427
2953, 0.1393, 0.443
2954, 0.1092, 0.433
2955, 0.1643, 0.431
2956, 0.1079, 0.427
2957, 0.1430, 0.425
2958, 0.1350, 0.428
2959, 0.1267, 0.439
2960, 0.1025, 0.452
2961, 0.1292, 0.473
2962, 0.0972, 0.477
2963, 0.1355, 0.469
2964, 0.0599, 0.476
2965, 0.2024, 0.484
2966, 0.1152, 0.475
2967, 0.0609, 0.476
2968, 0.1504, 0.478
2969, 0.1490, 0.465
2970, 0.1266, 0.463
2971, 0.1165, 0.476
2972, 0.1407, 0.434
2973, 0.0945, 0.435
2974, 0.1301, 0.434
2975, 0.0814, 0.430
2976, 0.1424, 0.424
2977, 0.1383, 0.435
2978, 0.2527, 0.434
2979, 0.2240, 0.460
2980, 0.1678, 0.440
2981, 0.0803, 0.434
2982, 0.0961, 0.453
2983, 0.0833, 0.436
2984, 0.1563, 0.447
2985, 0.1199, 0.427
2986, 0.0811, 0.426
2987, 0.0444, 0.440
2988, 0.1501, 0.432
2989, 0.1462, 0.432
2990, 0.1317, 0.426
2991, 0.0896, 0.426
2992, 0.1016, 0.425
2993, 0.1010, 0.446
2994, 0.1102, 0.422
2995, 0.1745, 0.421
2996, 0.1619, 0.442
2997, 0.1541, 0.421
2998, 0.1950, 0.441
2999, 0.0739, 0.431
3000, 0.1247, 0.430
3001, 0.1324, 0.426
3002, 0.1100, 0.423
3003, 0.1469, 0.422
3004, 0.1625, 0.448
3005, 0.1881, 0.435
3006, 0.0926, 0.449
3007, 0.1054, 0.470
3008, 0.0841, 0.433
3009, 0.1238, 0.423
3010, 0.0915, 0.478
3011, 0.1806, 0.426
3012, 0.1052, 0.425
3013, 0.0972, 0.425
3014, 0.1067, 0.424
3015, 0.1696, 0.428
3016, 0.1163, 0.426
3017, 0.1197, 0.446
3018, 0.1607, 0.442
3019, 0.1666, 0.440
3020, 0.1240, 0.441
3021, 0.1610, 0.437
3022, 0.1235, 0.436
3023, 0.1397, 0.443
3024, 0.1017, 0.445
3025, 0.1615, 0.429
3026, 0.1171, 0.445
3027, 0.1044, 0.428
3028, 0.1957, 0.430
3029, 0.0627, 0.425
3030, 0.1083, 0.426
3031, 0.1465, 0.423
3032, 0.1117, 0.424
3033, 0.1932, 0.422
3034, 0.1777, 0.435
3035, 0.0910, 0.426
3036, 0.1343, 0.444
3037, 0.1590, 0.428
3038, 0.1755, 0.441
3039, 0.2114, 0.435
3040, 0.1314, 0.421
3041, 0.0899, 0.422
3042, 0.0664, 0.422
3043, 0.1617, 0.424
3044, 0.0599, 0.425
3045, 0.1300, 0.425
3046, 0.1432, 0.424
3047, 0.0830, 0.422
3048, 0.1814, 0.431
3049, 0.1136, 0.422
3050, 0.0919, 0.426
3051, 0.2194, 0.426
3052, 0.1008, 0.429
3053, 0.1036, 0.463
3054, 0.1173, 0.451
3055, 0.0815, 0.470
3056, 0.1620, 0.454
3057, 0.1872, 0.454
3058, 0.1682, 0.452
3059, 0.1060, 0.422
3060, 0.1814, 0.425
3061, 0.1328, 0.437
3062, 0.2157, 0.426
3063, 0.1287, 0.427
3064, 0.1959, 0.420
3065, 0.1512, 0.429
3066, 0.1140, 0.423
3067, 0.0913, 0.426
3068, 0.1224, 0.428
3069, 0.1505, 0.428
3070, 0.0684, 0.423
3071, 0.1202, 0.454
3072, 0.1283, 0.436
3073, 0.2195, 0.429
3074, 0.1341, 0.456
3075, 0.1028, 0.427
3076, 0.1559, 0.424
3077, 0.1525, 0.443
3078, 0.1471, 0.424
3079, 0.0765, 0.420
3080, 0.1424, 0.416
3081, 0.1554, 0.415
3082, 0.1031, 0.425
3083, 0.1486, 0.422
3084, 0.1440, 0.433
3085, 0.1256, 0.417
3086, 0.2283, 0.427
3087, 0.2106, 0.436
3088, 0.2293, 0.427
3089, 0.2079, 0.425
3090, 0.1430, 0.445
3091, 0.1258, 0.433
3092, 0.1686, 0.438
3093, 0.1761, 0.427
3094, 0.2008, 0.439
3095, 0.1486, 0.430
3096, 0.1196, 0.434
3097, 0.0895, 0.434
3098, 0.1105, 0.447
3099, 0.1440, 0.430
3100, 0.0558, 0.423
3101, 0.0670, 0.446
3102, 0.0875, 0.434
3103, 0.1325, 0.427
3104, 0.1779, 0.427
3105, 0.2070, 0.437
3106, 0.0776, 0.425
3107, 0.1113, 0.447
3108, 0.1492, 0.432
3109, 0.1564, 0.433
3110, 0.0812, 0.420
3111, 0.1758, 0.439
3112, 0.1824, 0.439
3113, 0.0791, 0.424
3114, 0.1798, 0.426
3115, 0.1434, 0.426
3116, 0.1480, 0.426
3117, 0.2297, 0.431
3118, 0.1359, 0.425
3119, 0.1216, 0.441
3120, 0.0988, 0.423
3121, 0.1941, 0.422
3122, 0.1000, 0.428
3123, 0.1021, 0.432
3124, 0.1597, 0.433
3125, 0.0757, 0.428
3126, 0.1297, 0.422
3127, 0.1108, 0.434
3128, 0.1041, 0.426
3129, 0.1752, 0.421
3130, 0.1104, 0.423
3131, 0.1022, 0.425
3132, 0.1312, 0.426
3133, 0.1261, 0.446
3134, 0.0763, 0.428
3135, 0.1806, 0.423
3136, 0.1025, 0.424
3137, 0.1827, 0.440
3138, 0.1040, 0.424
3139, 0.1405, 0.424
3140, 0.1570, 0.431
3141, 0.1001, 0.426
3142, 0.0965, 0.438
3143, 0.1531, 0.467
3144, 0.1867, 0.435
3145, 0.1612, 0.434
3146, 0.1213, 0.437
3147, 0.0717, 0.430
3148, 0.0966, 0.469
3149, 0.1465, 0.432
3150, 0.1417, 0.429
3151, 0.1233, 0.465
3152, 0.1163, 0.461
3153, 0.2140, 0.461
3154, 0.0766, 0.463
3155, 0.1149, 0.473
3156, 0.0454, 0.547
3157, 0.1177, 0.507
3158, 0.1371, 0.439
3159, 0.1526, 0.468
3160, 0.1124, 0.431
3161, 0.2276, 0.429
3162, 0.1522, 0.431
3163, 0.1408, 0.427
3164, 0.0564, 0.427
3165, 0.0620, 0.433
3166, 0.0840, 0.437
3167, 0.0291, 0.437
3168, 0.0636, 0.438
3169, 0.0918, 0.443
3170, 0.0752, 0.460
3171, 0.0752, 0.453
3172, 0.0986, 0.441
3173, 0.1470, 0.439
3174, 0.1394, 0.439
3175, 0.1428, 0.441
3176, 0.1622, 0.440
3177, 0.1759, 0.432
3178, 0.1071, 0.436
3179, 0.1058, 0.434
3180, 0.1485, 0.423
3181, 0.1922, 0.431
3182, 0.1489, 0.431
3183, 0.1405, 0.438
3184, 0.1988, 0.439
3185, 0.1907, 0.442
3186, 0.1165, 0.435
3187, 0.0635, 0.427
3188, 0.0826, 0.438
3189, 0.1147, 0.428
3190, 0.0660, 0.427
3191, 0.1605, 0.422
3192, 0.1640, 0.422
3193, 0.1116, 0.426
3194, 0.1166, 0.429
3195, 0.1035, 0.425
3196, 0.0601, 0.426
3197, 0.1241, 0.430
3198, 0.1470, 0.424
3199, 0.2026, 0.429
3200, 0.1514, 0.424
3201, 0.1719, 0.415
3202, 0.2230, 0.426
3203, 0.0693, 0.435
3204, 0.0374, 0.423
3205, 0.1308, 0.437
3206, 0.1285, 0.444
3207, 0.1966, 0.444
3208, 0.1453, 0.428
3209, 0.2063, 0.447
3210, 0.1544, 0.559
3211, 0.1058, 0.431
3212, 0.1442, 0.427
3213, 0.0872, 0.425
3214, 0.1633, 0.437
3215, 0.1181, 0.439
3216, 0.1738, 0.439
3217, 0.1902, 0.428
3218, 0.0737, 0.444
3219, 0.1074, 0.433
3220, 0.1296, 0.433
3221, 0.1147, 0.433
3222, 0.1926, 0.430
3223, 0.2035, 0.423
3224, 0.1408, 0.428
3225, 0.1183, 0.425
3226, 0.1198, 0.441
3227, 0.1040, 0.422
3228, 0.0628, 0.424
3229, 0.0607, 0.421
3230, 0.1154, 0.422
3231, 0.2040, 0.431
3232, 0.0695, 0.425
3233, 0.0971, 0.420
3234, 0.1233, 0.423
3235, 0.1544, 0.423
3236, 0.1023, 0.425
3237, 0.1458, 0.438
3238, 0.1441, 0.430
3239, 0.1287, 0.431
3240, 0.1512, 0.430
3241, 0.1707, 0.426
3242, 0.1530, 0.432
3243, 0.0899, 0.434
3244, 0.1096, 0.436
3245, 0.0715, 0.433
3246, 0.1529, 0.467
3247, 0.1557, 0.424
3248, 0.1307, 0.422
3249, 0.0931, 0.421
3250, 0.1751, 0.418
3251, 0.1338, 0.422
3252, 0.1257, 0.422
3253, 0.1376, 0.418
3254, 0.1545, 0.427
3255, 0.1370, 0.428
3256, 0.2458, 0.425
3257, 0.1602, 0.427
3258, 0.1187, 0.423
3259, 0.1267, 0.441
3260, 0.0747, 0.430
3261, 0.1250, 0.423
3262, 0.0888, 0.455
3263, 0.1319, 0.425
3264, 0.1704, 0.424
3265, 0.1953, 0.426
3266, 0.0786, 0.425
3267, 0.1137, 0.424
3268, 0.2000, 0.420
3269, 0.1251, 0.434
3270, 0.1197, 0.426
3271, 0.1162, 0.426
3272, 0.1105, 0.425
3273, 0.1510, 0.426
3274, 0.1584, 0.428
3275, 0.2184, 0.428
3276, 0.1755, 0.436
3277, 0.1816, 0.437
3278, 0.0977, 0.429
3279, 0.1376, 0.424
3280, 0.1526, 0.428
3281, 0.1503, 0.422
3282, 0.1149, 0.425
3283, 0.1647, 0.457
3284, 0.1730, 0.417
3285, 0.2158, 0.425
3286, 0.1357, 0.439
3287, 0.1109, 0.425
3288, 0.1343, 0.429
3289, 0.1052, 0.445
3290, 0.2172, 0.456
3291, 0.1160, 0.424
3292, 0.1353, 0.420
3293, 0.0433, 0.419
3294, 0.1056, 0.427
3295, 0.0645, 0.425
3296, 0.0630, 0.429
3297, 0.0836, 0.424
3298, 0.1034, 0.427
3299, 0.1313, 0.433
3300, 0.1390, 0.434
3301, 0.0801, 0.426
3302, 0.1278, 0.426
3303, 0.1213, 0.425
3304, 0.1382, 0.426
3305, 0.1024, 0.427
3306, 0.1305, 0.427
3307, 0.1730, 0.422
3308, 0.1165, 0.421
3309, 0.1221, 0.425
3310, 0.1228, 0.427
3311, 0.1646, 0.422
3312, 0.1631, 0.424
3313, 0.1352, 0.422
3314, 0.1272, 0.419
3315, 0.1914, 0.424
3316, 0.1357, 0.421
3317, 0.1430, 0.424
3318, 0.1352, 0.427
3319, 0.0846, 0.429
3320, 0.1469, 0.436
3321, 0.1068, 0.434
3322, 0.1102, 0.432
3323, 0.1468, 0.425
3324, 0.0882, 0.425
3325, 0.1868, 0.423
3326, 0.1378, 0.426
3327, 0.0999, 0.429
3328, 0.1138, 0.424
3329, 0.0780, 0.426
3330, 0.1807, 0.424
3331, 0.2179, 0.424
3332, 0.2272, 0.428
3333, 0.1616, 0.422
3334, 0.1371, 0.427
3335, 0.1275, 0.430
3336, 0.1079, 0.427
3337, 0.0927, 0.433
3338, 0.0939, 0.431
3339, 0.1027, 0.427
3340, 0.0871, 0.431
3341, 0.1183, 0.443
3342, 0.1352, 0.428
3343, 0.1575, 0.444
3344, 0.0833, 0.425
3345, 0.1399, 0.433
3346, 0.1737, 0.421
3347, 0.2395, 0.424
3348, 0.1923, 0.432
3349, 0.1054, 0.428
3350, 0.1290, 0.522
3351, 0.1056, 0.428
3352, 0.1356, 0.427
3353, 0.0936, 0.435
3354, 0.1285, 0.434
3355, 0.1370, 0.436
3356, 0.1467, 0.464
3357, 0.1951, 0.465
3358, 0.1900, 0.479
3359, 0.1488, 0.463
3360, 0.0706, 0.427
3361, 0.1191, 0.427
3362, 0.1150, 0.457
3363, 0.0836, 0.421
3364, 0.1711, 0.426
3365, 0.1424, 0.427
3366, 0.1676, 0.425
3367, 0.1032, 0.427
3368, 0.0836, 0.426
3369, 0.1172, 0.428
3370, 0.1286, 0.450
3371, 0.2148, 0.451
3372, 0.0791, 0.441
3373, 0.0976, 0.440
3374, 0.0595, 0.440
3375, 0.0942, 0.443
3376, 0.0389, 0.434
3377, 0.1206, 0.428
3378, 0.1053, 0.433
3379, 0.1271, 0.438
3380, 0.1109, 0.426
3381, 0.1722, 0.440
3382, 0.1890, 0.440
3383, 0.0897, 0.427
3384, 0.0561, 0.436
3385, 0.1297, 0.439
3386, 0.1031, 0.436
3387, 0.0574, 0.430
3388, 0.1440, 0.428
3389, 0.1100, 0.435
3390, 0.1377, 0.437
3391, 0.1368, 0.474
3392, 0.0855, 0.433
3393, 0.1081, 0.421
3394, 0.1219, 0.441
3395, 0.1358, 0.424
3396, 0.1185, 0.427
3397, 0.1173, 0.425
3398, 0.1079, 0.424
3399, 0.0814, 0.422
3400, 0.1036, 0.426
3401, 0.2271, 0.420
3402, 0.1073, 0.431
3403, 0.1218, 0.425
3404, 0.0872, 0.437
3405, 0.1326, 0.437
3406, 0.1069, 0.443
3407, 0.0984, 0.434
3408, 0.2442, 0.430
3409, 0.2079, 0.450
3410, 0.1079, 0.477
3411, 0.1323, 0.427
3412, 0.0906, 0.425
3413, 0.1892, 0.425
3414, 0.1031, 0.445
3415, 0.1138, 0.435
3416, 0.2130, 0.435
3417, 0.0915, 0.424
3418, 0.0861, 0.429
3419, 0.0728, 0.445
3420, 0.1342, 0.424
3421, 0.0615, 0.444
3422, 0.1054, 0.449
3423, 0.1489, 0.431
3424, 0.1005, 0.419
3425, 0.1151, 0.421
3426, 0.1048, 0.421
3427, 0.0952, 0.425
3428, 0.1273, 0.422
3429, 0.1715, 0.428
3430, 0.1279, 0.421
3431, 0.1005, 0.420
3432, 0.1392, 0.426
3433, 0.2096, 0.432
3434, 0.1622, 0.426
3435, 0.2245, 0.428
3436, 0.0587, 0.419
3437, 0.1226, 0.426
3438, 0.1603, 0.426
3439, 0.1636, 0.417
3440, 0.1004, 0.420
3441, 0.1373, 0.423
3442, 0.1142, 0.427
3443, 0.1119, 0.422
3444, 0.1082, 0.436
3445, 0.1204, 0.414
3446, 0.2035, 0.425
3447, 0.1457, 0.428
3448, 0.0930, 0.429
3449, 0.1048, 0.433
3450, 0.1222, 0.423
3451, 0.1090, 0.424
3452, 0.0959, 0.428
3453, 0.0816, 0.421
3454, 0.0834, 0.420
3455, 0.1108, 0.436
3456, 0.1300, 0.421
3457, 0.1244, 0.420
3458, 0.1102, 0.423
3459, 0.0667, 0.423
3460, 0.1596, 0.427
3461, 0.1155, 0.433
3462, 0.1259, 0.428
3463, 0.1583, 0.423
3464, 0.1818, 0.424
3465, 0.2062, 0.422
3466, 0.0590, 0.425
3467, 0.1881, 0.426
3468, 0.0630, 0.425
3469, 0.1313, 0.423
3470, 0.1765, 0.418
3471, 0.1336, 0.431
3472, 0.0946, 0.421
3473, 0.1207, 0.419
3474, 0.1418, 0.445
3475, 0.0559, 0.440
3476, 0.1328, 0.426
3477, 0.0821, 0.424
3478, 0.1278, 0.438
3479, 0.1308, 0.427
3480, 0.1760, 0.435
3481, 0.0473, 0.432
3482, 0.1101, 0.422
3483, 0.1466, 0.423
3484, 0.1161, 0.424
3485, 0.1157, 0.425
3486, 0.1266, 0.429
3487, 0.1568, 0.419
3488, 0.1070, 0.422
3489, 0.1610, 0.419
3490, 0.1480, 0.419
3491, 0.0945, 0.427
3492, 0.0705, 0.421
3493, 0.0705, 0.418
3494, 0.1156, 0.423
3495, 0.1357, 0.437
3496, 0.1208, 0.420
3497, 0.1400, 0.422
3498, 0.2868, 0.434
3499, 0.1111, 0.431
3500, 0.1027, 0.420
3501, 0.1698, 0.429
3502, 0.1801, 0.423
3503, 0.1279, 0.419
3504, 0.1372, 0.430
3505, 0.1964, 0.424
3506, 0.1358, 0.422
3507, 0.1388, 0.425
3508, 0.1370, 0.426
3509, 0.1782, 0.441
3510, 0.0627, 0.452
3511, 0.1198, 0.433
3512, 0.1149, 0.427
3513, 0.0891, 0.421
3514, 0.1258, 0.431
3515, 0.2198, 0.485
3516, 0.1923, 0.433
3517, 0.0864, 0.429
3518, 0.1472, 0.433
3519, 0.1085, 0.433
3520, 0.1553, 0.431
3521, 0.1344, 0.430
3522, 0.1048, 0.437
3523, 0.1098, 0.421
3524, 0.1065, 0.435
3525, 0.0814, 0.438
3526, 0.1291, 0.434
3527, 0.0640, 0.429
3528, 0.1319, 0.423
3529, 0.1840, 0.425
3530, 0.1954, 0.442
3531, 0.0693, 0.435
3532, 0.1530, 0.429
3533, 0.1470, 0.437
3534, 0.1112, 0.443
3535, 0.2075, 0.436
3536, 0.1865, 0.438
3537, 0.1243, 0.424
3538, 0.0854, 0.423
3539, 0.1659, 0.440
3540, 0.1613, 0.434
3541, 0.2061, 0.435
3542, 0.0937, 0.434
3543, 0.1436, 0.429
3544, 0.0763, 0.433
3545, 0.1102, 0.432
3546, 0.0895, 0.435
3547, 0.1166, 0.422
3548, 0.1270, 0.425
3549, 0.1126, 0.426
3550, 0.1167, 0.428
3551, 0.0833, 0.430
3552, 0.1696, 0.429
3553, 0.1326, 0.430
3554, 0.0940, 0.433
3555, 0.0786, 0.430
3556, 0.2148, 0.424
3557, 0.1291, 0.434
3558, 0.1417, 0.433
3559, 0.1187, 0.426
3560, 0.1447, 0.435
3561, 0.1286, 0.424
3562, 0.1692, 0.464
3563, 0.1414, 0.434
3564, 0.0842, 0.432
3565, 0.1688, 0.448
3566, 0.1154, 0.480
3567, 0.1044, 0.472
3568, 0.2483, 0.468
3569, 0.0947, 0.508
3570, 0.1184, 0.424
3571, 0.1384, 0.424
3572, 0.1822, 0.427
3573, 0.0968, 0.427
3574, 0.0673, 0.427
3575, 0.1543, 0.428
3576, 0.1450, 0.437
3577, 0.1070, 0.433
3578, 0.1119, 0.434
3579, 0.1770, 0.437
3580, 0.1789, 0.432
3581, 0.1785, 0.443
3582, 0.1331, 0.446
3583, 0.1014, 0.443
3584, 0.1110, 0.439
3585, 0.0923, 0.436
3586, 0.1070, 0.447
3587, 0.1648, 0.444
3588, 0.1087, 0.423
3589, 0.0657, 0.432
3590, 0.1396, 0.434
3591, 0.1147, 0.425
3592, 0.1732, 0.424
3593, 0.1245, 0.423
3594, 0.1130, 0.430
3595, 0.0775, 0.435
3596, 0.1401, 0.436
3597, 0.1508, 0.429
3598, 0.1376, 0.435
3599, 0.1583, 0.432
3600, 0.0874, 0.430
3601, 0.1605, 0.417
3602, 0.1224, 0.424
3603, 0.1366, 0.421
3604, 0.2076, 0.426
3605, 0.1195, 0.442
3606, 0.1532, 0.429
3607, 0.1544, 0.426
3608, 0.1481, 0.423
3609, 0.0787, 0.438
3610, 0.1100, 0.435
3611, 0.0933, 0.476
3612, 0.1679, 0.428
3613, 0.1519, 0.423
3614, 0.1120, 0.434
3615, 0.1614, 0.431
3616, 0.1411, 0.427
3617, 0.1676, 0.430
3618, 0.0793, 0.461
3619, 0.1110, 0.462
3620, 0.0900, 0.437
3621, 0.1100, 0.437
3622, 0.0936, 0.419
3623, 0.1126, 0.421
3624, 0.0920, 0.425
3625, 0.1685, 0.416
3626, 0.1602, 0.423
3627, 0.1073, 0.423
3628, 0.1205, 0.435
3629, 0.1559, 0.427
3630, 0.2146, 0.435
3631, 0.1507, 0.429
3632, 0.0820, 0.425
3633, 0.1330, 0.421
3634, 0.1251, 0.420
3635, 0.1791, 0.432
3636, 0.1698, 0.434
3637, 0.0952, 0.427
3638, 0.0646, 0.423
3639, 0.1522, 0.422
3640, 0.1424, 0.424
3641, 0.1319, 0.426
3642, 0.1204, 0.416
3643, 0.0715, 0.429
3644, 0.1228, 0.428
3645, 0.1036, 0.428
3646, 0.1878, 0.424
3647, 0.1377, 0.421
3648, 0.2105, 0.420
3649, 0.1820, 0.432
3650, 0.1780, 0.427
3651, 0.0896, 0.446
3652, 0.1366, 0.427
3653, 0.1506, 0.428
3654, 0.0934, 0.424
3655, 0.0664, 0.420
3656, 0.1094, 0.423
3657, 0.0830, 0.423
3658, 0.1930, 0.426
3659, 0.1318, 0.422
3660, 0.1391, 0.427
3661, 0.1835, 0.423
3662, 0.1008, 0.425
3663, 0.1035, 0.452
3664, 0.0932, 0.429
3665, 0.0998, 0.421
3666, 0.2252, 0.429
3667, 0.1157, 0.433
3668, 0.0876, 0.421
3669, 0.1876, 0.422
3670, 0.1422, 0.430
3671, 0.0958, 0.423
3672, 0.0612, 0.425
3673, 0.2332, 0.430
3674, 0.1381, 0.423
3675, 0.1150, 0.425
3676, 0.0613, 0.424
3677, 0.0872, 0.425
3678, 0.0939, 0.426
3679, 0.2030, 0.420
3680, 0.1544, 0.418
3681, 0.0650, 0.448
3682, 0.1261, 0.429
3683, 0.0837, 0.421
3684, 0.1371, 0.428
3685, 0.0765, 0.424
3686, 0.0981, 0.436
3687, 0.1920, 0.437
3688, 0.1510, 0.432
3689, 0.1081, 0.424
3690, 0.1020, 0.426
3691, 0.1846, 0.441
3692, 0.0960, 0.440
3693, 0.1943, 0.435
3694, 0.1962, 0.434
3695, 0.0913, 0.434
3696, 0.1073, 0.425
3697, 0.1282, 0.448
3698, 0.1530, 0.423
3699, 0.0632, 0.440
3700, 0.1136, 0.425
3701, 0.1516, 0.424
3702, 0.1766, 0.420
3703, 0.1483, 0.424
3704, 0.0977, 0.426
3705, 0.1320, 0.433
3706, 0.1486, 0.438
3707, 0.1840, 0.424
3708, 0.1500, 0.415
3709, 0.0726, 0.419
3710, 0.0898, 0.430
3711, 0.1312, 0.424
3712, 0.1502, 0.418
3713, 0.1391, 0.422
3714, 0.1626, 0.426
3715, 0.1127, 0.420
3716, 0.1458, 0.423
3717, 0.1290, 0.421
3718, 0.1011, 0.423
3719, 0.1264, 0.430
3720, 0.1259, 0.429
3721, 0.1806, 0.427
3722, 0.1599, 0.423
3723, 0.0961, 0.422
3724, 0.0658, 0.423
3725, 0.1246, 0.422
3726, 0.0965, 0.429
3727, 0.1284, 0.440
3728, 0.1559, 0.441
3729, 0.1566, 0.430
3730, 0.0994, 0.427
3731, 0.1289, 0.429
3732, 0.1205, 0.433
3733, 0.0662, 0.423
3734, 0.1086, 0.428
3735, 0.1487, 0.426
3736, 0.1032, 0.424
3737, 0.1557, 0.426
3738, 0.0661, 0.424
3739, 0.1523, 0.429
3740, 0.1652, 0.428
3741, 0.1353, 0.425
3742, 0.1590, 0.428
3743, 0.1470, 0.432
3744, 0.2891, 0.423
3745, 0.1549, 0.422
3746, 0.2217, 0.425
3747, 0.1612, 0.431
3748, 0.1665, 0.427
3749, 0.0815, 0.425
3750, 0.0751, 0.435
3751, 0.1191, 0.437
3752, 0.1473, 0.431
3753, 0.0881, 0.438
3754, 0.1451, 0.446
3755, 0.1397, 0.423
3756, 0.1023, 0.426
3757, 0.0526, 0.427
3758, 0.1074, 0.430
3759, 0.0830, 0.428
3760, 0.0881, 0.425
3761, 0.1723, 0.426
3762, 0.1357, 0.431
3763, 0.1040, 0.423
3764, 0.1242, 0.425
3765, 0.1365, 0.428
3766, 0.0897, 0.423
3767, 0.1094, 0.427
3768, 0.1826, 0.449
3769, 0.0892, 0.467
3770, 0.1442, 0.463
3771, 0.1561, 0.458
3772, 0.0944, 0.432
3773, 0.1007, 0.475
3774, 0.0361, 0.461
3775, 0.0859, 0.460
3776, 0.1295, 0.437
3777, 0.1369, 0.482
3778, 0.1042, 0.431
3779, 0.0898, 0.441
3780, 0.1195, 0.433
3781, 0.1779, 0.431
3782, 0.2095, 0.437
3783, 0.2055, 0.434
3784, 0.1628, 0.432
3785, 0.2159, 0.427
3786, 0.1039, 0.441
3787, 0.1842, 0.447
3788, 0.1782, 0.444
3789, 0.0490, 0.424
3790, 0.0925, 0.438
3791, 0.2063, 0.444
3792, 0.1472, 0.440
3793, 0.1437, 0.432
3794, 0.1627, 0.437
3795, 0.1330, 0.436
3796, 0.1284, 0.427
3797, 0.2099, 0.435
3798, 0.1617, 0.432
3799, 0.1750, 0.432
3800, 0.1449, 0.429
3801, 0.0894, 0.420
3802, 0.0742, 0.436
3803, 0.1807, 0.439
3804, 0.1686, 0.433
3805, 0.1316, 0.435
3806, 0.1716, 0.452
3807, 0.1020, 0.427
3808, 0.0631, 0.434
3809, 0.1761, 0.428
3810, 0.1719, 0.446
3811, 0.1159, 0.459
3812, 0.0961, 0.433
3813, 0.0666, 0.433
3814, 0.1184, 0.447
3815, 0.1306, 0.436
3816, 0.1498, 0.427
3817, 0.1208, 0.428
3818, 0.1764, 0.438
3819, 0.1105, 0.437
3820, 0.1385, 0.433
3821, 0.1754, 0.428
3822, 0.1264, 0.436
3823, 0.0851, 0.424
3824, 0.0770, 0.429
3825, 0.1392, 0.432
3826, 0.1384, 0.427
3827, 0.0721, 0.427
3828, 0.1353, 0.427
3829, 0.0805, 0.424
3830, 0.1007, 0.424
3831, 0.0973, 0.418
3832, 0.1702, 0.418
3833, 0.1496, 0.432
3834, 0.1323, 0.435
3835, 0.1277, 0.426
3836, 0.1653, 0.426
3837, 0.1049, 0.430
3838, 0.0705, 0.436
3839, 0.1033, 0.434
3840, 0.0365, 0.426
3841, 0.1262, 0.423
3842, 0.0926, 0.427
3843, 0.0973, 0.428
3844, 0.0932, 0.439
3845, 0.1059, 0.439
3846, 0.1228, 0.424
3847, 0.1205, 0.423
3848, 0.1455, 0.423
3849, 0.1279, 0.417
3850, 0.0791, 0.424
3851, 0.1509, 0.420
3852, 0.1095, 0.422
3853, 0.0740, 0.435
3854, 0.1178, 0.420
3855, 0.1692, 0.418
3856, 0.0892, 0.431
3857, 0.0870, 0.427
3858, 0.1155, 0.427
3859, 0.1181, 0.430
3860, 0.0966, 0.429
3861, 0.1497, 0.423
3862, 0.1489, 0.428
3863, 0.2250, 0.445
3864, 0.1377, 0.431
3865, 0.1665, 0.423
3866, 0.1300, 0.423
3867, 0.1056, 0.425
3868, 0.0960, 0.424
3869, 0.1635, 0.422
3870, 0.1371, 0.427
3871, 0.1012, 0.419
3872, 0.0989, 0.425
3873, 0.1273, 0.423
3874, 0.1168, 0.424
3875, 0.1260, 0.417
3876, 0.1646, 0.428
3877, 0.2242, 0.432
3878, 0.1655, 0.439
3879, 0.1414, 0.433
3880, 0.1813, 0.422
3881, 0.1702, 0.420
3882, 0.1233, 0.430
3883, 0.2131, 0.427
3884, 0.3117, 0.425
3885, 0.1779, 0.424
3886, 0.1258, 0.425
3887, 0.2222, 0.434
3888, 0.1756, 0.424
3889, 0.2609, 0.418
3890, 0.1609, 0.423
3891, 0.1057, 0.419
3892, 0.1987, 0.431
3893, 0.1451, 0.422
3894, 0.1029, 0.421
3895, 0.1168, 0.421
3896, 0.1502, 0.419
3897, 0.1398, 0.424
3898, 0.1651, 0.426
3899, 0.1484, 0.422
3900, 0.1106, 0.438
3901, 0.1294, 0.427
3902, 0.0670, 0.426
3903, 0.0680, 0.431
3904, 0.1220, 0.430
3905, 0.0886, 0.426
3906, 0.0610, 0.433
3907, 0.1325, 0.430
3908, 0.0939, 0.419
3909, 0.1019, 0.419
3910, 0.1454, 0.424
3911, 0.1669, 0.433
3912, 0.0503, 0.431
3913, 0.1274, 0.422
3914, 0.1195, 0.418
3915, 0.1061, 0.424
3916, 0.0941, 0.425
3917, 0.1513, 0.421
3918, 0.1814, 0.414
3919, 0.1103, 0.431
3920, 0.1500, 0.421
3921, 0.0965, 0.484
3922, 0.0958, 0.422
3923, 0.1541, 0.420
3924, 0.1124, 0.421
3925, 0.1179, 0.417
3926, 0.1866, 0.419
3927, 0.1491, 0.424
3928, 0.0728, 0.425
3929, 0.1957, 0.425
3930, 0.1323, 0.435
3931, 0.1419, 0.436
3932, 0.1214, 0.427
3933, 0.1199, 0.428
3934, 0.1249, 0.429
3935, 0.0581, 0.430
3936, 0.1407, 0.430
3937, 0.1406, 0.431
3938, 0.1473, 0.422
3939, 0.1073, 0.424
3940, 0.1604, 0.441
3941, 0.1432, 0.430
3942, 0.0987, 0.422
3943, 0.0940, 0.423
3944, 0.0962, 0.432
3945, 0.1369, 0.436
3946, 0.1018, 0.426
3947, 0.1422, 0.432
3948, 0.0874, 0.434
3949, 0.0717, 0.429
3950, 0.1920, 0.432
3951, 0.1403, 0.428
3952, 0.1135, 0.426
3953, 0.1622, 0.438
3954, 0.0877, 0.509
3955, 0.1179, 0.475
3956, 0.1414, 0.463
3957, 0.1332, 0.462
3958, 0.1424, 0.457
3959, 0.2177, 0.480
3960, 0.1045, 0.470
3961, 0.1377, 0.469
3962, 0.1309, 0.436
3963, 0.0719, 0.425
3964, 0.0938, 0.429
3965, 0.1441, 0.425
3966, 0.1506, 0.425
3967, 0.1614, 0.428
3968, 0.1673, 0.466
3969, 0.1549, 0.468
3970, 0.0867, 0.474
3971, 0.1515, 0.437
3972, 0.0760, 0.434
3973, 0.1442, 0.430
3974, 0.1912, 0.440
3975, 0.1539, 0.442
3976, 0.0741, 0.456
3977, 0.0874, 0.443
3978, 0.0989, 0.459
3979, 0.1544, 0.457
3980, 0.1524, 0.445
3981, 0.0682, 0.433
3982, 0.1272, 0.438
3983, 0.1124, 0.451
3984, 0.1790, 0.527
3985, 0.1452, 0.430
3986, 0.1363, 0.432
3987, 0.1242, 0.426
3988, 0.1056, 0.422
3989, 0.0900, 0.428
3990, 0.1678, 0.430
3991, 0.1179, 0.425
3992, 0.1457, 0.425
3993, 0.1102, 0.438
3994, 0.1402, 0.454
3995, 0.1125, 0.436
3996, 0.0719, 0.431
3997, 0.1062, 0.436
3998, 0.0772, 0.439
3999, 0.1971, 0.440
4000, 0.0918, 0.428
4001, 0.1529, 0.422
4002, 0.2345, 0.444
4003, 0.0528, 0.433
4004, 0.1967, 0.437
4005, 0.2025, 0.443
4006, 0.1430, 0.445
4007, 0.1241, 0.447
4008, 0.1044, 0.421
4009, 0.1449, 0.433
4010, 0.1176, 0.540
4011, 0.1059, 0.435
4012, 0.1823, 0.433
4013, 0.1168, 0.421
4014, 0.1397, 0.423
4015, 0.1227, 0.426
4016, 0.0890, 0.428
4017, 0.0805, 0.433
4018, 0.0801, 0.454
4019, 0.1466, 0.438
4020, 0.0703, 0.433
4021, 0.1089, 0.452
4022, 0.0839, 0.442
4023, 0.0907, 0.449
4024, 0.1731, 0.426
4025, 0.1162, 0.434
4026, 0.1416, 0.439
4027, 0.0952, 0.430
4028, 0.1472, 0.425
4029, 0.1038, 0.424
4030, 0.0817, 0.425
4031, 0.0883, 0.422
4032, 0.1620, 0.434
4033, 0.1457, 0.432
4034, 0.1637, 0.425
4035, 0.1563, 0.429
4036, 0.1108, 0.420
4037, 0.1472, 0.426
4038, 0.1795, 0.420
4039, 0.1312, 0.421
4040, 0.1394, 0.425
4041, 0.0835, 0.419
4042, 0.1438, 0.441
4043, 0.1155, 0.435
4044, 0.0704, 0.424
4045, 0.1026, 0.419
4046, 0.1637, 0.419
4047, 0.1354, 0.424
4048, 0.1361, 0.422
4049, 0.1737, 0.426
4050, 0.1510, 0.429
4051, 0.0782, 0.429
4052, 0.1478, 0.430
4053, 0.1324, 0.424
4054, 0.1425, 0.424
4055, 0.0938, 0.425
4056, 0.0963, 0.430
4057, 0.1953, 0.430
4058, 0.1187, 0.426
4059, 0.1541, 0.428
4060, 0.1540, 0.420
4061, 0.1137, 0.424
4062, 0.1400, 0.423
4063, 0.2126, 0.423
4064, 0.1091, 0.425
4065, 0.1042, 0.421
4066, 0.0340, 0.424
4067, 0.1340, 0.441
4068, 0.1217, 0.420
4069, 0.1026, 0.423
4070, 0.1124, 0.424
4071, 0.1471, 0.423
4072, 0.0638, 0.428
4073, 0.0873, 0.426
4074, 0.0901, 0.432
4075, 0.1376, 0.425
4076, 0.0630, 0.424
4077, 0.1434, 0.437
4078, 0.0837, 0.426
4079, 0.1126, 0.420
4080, 0.1013, 0.422
4081, 0.0382, 0.423
4082, 0.1882, 0.426
4083, 0.1158, 0.431
4084, 0.1260, 0.423
4085, 0.1045, 0.425
4086, 0.1744, 0.423
4087, 0.1135, 0.423
4088, 0.0620, 0.422
4089, 0.1603, 0.426
4090, 0.1710, 0.444
4091, 0.1692, 0.425
4092, 0.0931, 0.424
4093, 0.1473, 0.424
4094, 0.1185, 0.433
4095, 0.1299, 0.423
4096, 0.1396, 0.420
4097, 0.1261, 0.436
4098, 0.1263, 0.424
4099, 0.1167, 0.434
4100, 0.0776, 0.446
4101, 0.1449, 0.424
4102, 0.1503, 0.424
4103, 0.0808, 0.429
4104, 0.0581, 0.432
4105, 0.0955, 0.424
4106, 0.1199, 0.434
4107, 0.1123, 0.423
4108, 0.0640, 0.426
4109, 0.1540, 0.420
4110, 0.1289, 0.435
4111, 0.1883, 0.429
4112, 0.1216, 0.428
4113, 0.1182, 0.425
4114, 0.2012, 0.420
4115, 0.1657, 0.430
4116, 0.0965, 0.423
4117, 0.0980, 0.434
4118, 0.1352, 0.433
4119, 0.1135, 0.420
4120, 0.1394, 0.426
4121, 0.1021, 0.426
4122, 0.2146, 0.428
4123, 0.1589, 0.422
4124, 0.1724, 0.430
4125, 0.1189, 0.425
4126, 0.1321, 0.425
4127, 0.1544, 0.436
4128, 0.1332, 0.429
4129, 0.1332, 0.435
4130, 0.1315, 0.428
4131, 0.1442, 0.425
4132, 0.1427, 0.423
4133, 0.1008, 0.426
4134, 0.1311, 0.423
4135, 0.0996, 0.433
4136, 0.1187, 0.429
4137, 0.1378, 0.430
4138, 0.0904, 0.423
4139, 0.0950, 0.431
4140, 0.1014, 0.426
4141, 0.0972, 0.480
4142, 0.0506, 0.467
4143, 0.0833, 0.432
4144, 0.0446, 0.428
4145, 0.1513, 0.423
4146, 0.0576, 0.441
4147, 0.1555, 0.439
4148, 0.1330, 0.425
4149, 0.1772, 0.451
4150, 0.0912, 0.432
4151, 0.1256, 0.434
4152, 0.0653, 0.424
4153, 0.1621, 0.430
4154, 0.0747, 0.428
4155, 0.0649, 0.424
4156, 0.1121, 0.423
4157, 0.1095, 0.427
4158, 0.1769, 0.422
4159, 0.1189, 0.432
4160, 0.2104, 0.434
4161, 0.0644, 0.427
4162, 0.1212, 0.430
4163, 0.1624, 0.427
4164, 0.1277, 0.436
4165, 0.0686, 0.436
4166, 0.1315, 0.428
4167, 0.1219, 0.420
4168, 0.1254, 0.424
4169, 0.1428, 0.426
4170, 0.1571, 0.422
4171, 0.1247, 0.422
4172, 0.2072, 0.426
4173, 0.1269, 0.424
4174, 0.1936, 0.428
4175, 0.1359, 0.438
4176, 0.1339, 0.430
4177, 0.1435, 0.424
4178, 0.0631, 0.428
4179, 0.0898, 0.427
4180, 0.0923, 0.425
4181, 0.1199, 0.427
4182, 0.1066, 0.481
4183, 0.2006, 0.465
4184, 0.2151, 0.463
4185, 0.1221, 0.464
4186, 0.0988, 0.455
4187, 0.1888, 0.466
4188, 0.1225, 0.468
4189, 0.1739, 0.460
4190, 0.1069, 0.436
4191, 0.1272, 0.500
4192, 0.1743, 0.425
4193, 0.1740, 0.427
4194, 0.1012, 0.431
4195, 0.1015, 0.443
4196, 0.1262, 0.439
4197, 0.1584, 0.433
4198, 0.1650, 0.440
4199, 0.0971, 0.460
4200, 0.0670, 0.437
4201, 0.1439, 0.440
4202, 0.0982, 0.475
4203, 0.0989, 0.439
4204, 0.1701, 0.432
4205, 0.1168, 0.441
4206, 0.1315, 0.458
4207, 0.0947, 0.437
4208, 0.1687, 0.431
4209, 0.1024, 0.425
4210, 0.1056, 0.458
4211, 0.1769, 0.436
4212, 0.1106, 0.432
4213, 0.1390, 0.445
4214, 0.0403, 0.462
4215, 0.0728, 0.434
4216, 0.0873, 0.466
4217, 0.0993, 0.460
4218, 0.1299, 0.449
4219, 0.0952, 0.426
4220, 0.1309, 0.441
4221, 0.0855, 0.425
4222, 0.1029, 0.432
4223, 0.1021, 0.429
4224, 0.1127, 0.434
4225, 0.1438, 0.435
4226, 0.1530, 0.436
4227, 0.0993, 0.429
4228, 0.2236, 0.432
4229, 0.0770, 0.427
4230, 0.1095, 0.445
4231, 0.0773, 0.430
4232, 0.1567, 0.433
4233, 0.1208, 0.429
4234, 0.1446, 0.429
4235, 0.1173, 0.429
4236, 0.1356, 0.430
4237, 0.1720, 0.419
4238, 0.0791, 0.421
4239, 0.0791, 0.454
4240, 0.0952, 0.427
4241, 0.0759, 0.424
4242, 0.0724, 0.433
4243, 0.1809, 0.426
4244, 0.1430, 0.428
4245, 0.1328, 0.426
4246, 0.1209, 0.421
4247, 0.1395, 0.426
4248, 0.1555, 0.420
4249, 0.1368, 0.424
4250, 0.0377, 0.432
4251, 0.0979, 0.424
4252, 0.1087, 0.426
4253, 0.1626, 0.421
4254, 0.1510, 0.433
4255, 0.1320, 0.437
4256, 0.1683, 0.457
4257, 0.1607, 0.428
4258, 0.0704, 0.425
4259, 0.1499, 0.428
4260, 0.1629, 0.432
4261, 0.1232, 0.435
4262, 0.1377, 0.425
4263, 0.1076, 0.423
4264, 0.1040, 0.426
4265, 0.1498, 0.424
4266, 0.1738, 0.427
4267, 0.1263, 0.422
4268, 0.0979, 0.425
4269, 0.0989, 0.428
4270, 0.1099, 0.448
4271, 0.0652, 0.426
4272, 0.1716, 0.430
4273, 0.2457, 0.433
4274, 0.1203, 0.429
4275, 0.1482, 0.432
4276, 0.0961, 0.424
4277, 0.0904, 0.432
4278, 0.1383, 0.424
4279, 0.1680, 0.423
4280, 0.1222, 0.427
4281, 0.1282, 0.424
4282, 0.1090, 0.423
4283, 0.0766, 0.426
4284, 0.1164, 0.420
4285, 0.1721, 0.426
4286, 0.1725, 0.427
4287, 0.1129, 0.425
4288, 0.0935, 0.423
4289, 0.0960, 0.427
4290, 0.1593, 0.431
4291, 0.1338, 0.423
4292, 0.1141, 0.428
4293, 0.1105, 0.428
4294, 0.1022, 0.432
4295, 0.1527, 0.419
4296, 0.1182, 0.427
4297, 0.1013, 0.429
4298, 0.1072, 0.422
4299, 0.1242, 0.417
4300, 0.1099, 0.427
4301, 0.1205, 0.433
4302, 0.1096, 0.421
4303, 0.1350, 0.426
4304, 0.1721, 0.435
4305, 0.1074, 0.439
4306, 0.1066, 0.422
4307, 0.1270, 0.426
4308, 0.1645, 0.423
4309, 0.1262, 0.425
4310, 0.1757, 0.425
4311, 0.1254, 0.424
4312, 0.1530, 0.434
4313, 0.1210, 0.422
4314, 0.0992, 0.422
4315, 0.1321, 0.425
4316, 0.1323, 0.424
4317, 0.1993, 0.431
4318, 0.0527, 0.428
4319, 0.1563, 0.417
4320, 0.0851, 0.425
4321, 0.1736, 0.425
4322, 0.1725, 0.423
4323, 0.1444, 0.461
4324, 0.1138, 0.427
4325, 0.1619, 0.423
4326, 0.1298, 0.460
4327, 0.1689, 0.423
4328, 0.1881, 0.419
4329, 0.1333, 0.421
4330, 0.1608, 0.421
4331, 0.1323, 0.426
4332, 0.1362, 0.423
4333, 0.1000, 0.425
4334, 0.0949, 0.423
4335, 0.1361, 0.424
4336, 0.1853, 0.428
4337, 0.1591, 0.427
4338, 0.1188, 0.434
4339, 0.1880, 0.442
4340, 0.1041, 0.439
4341, 0.1248, 0.423
4342, 0.0537, 0.422
4343, 0.1312, 0.434
4344, 0.1407, 0.430
4345, 0.1796, 0.431
4346, 0.1128, 0.445
4347, 0.0678, 0.421
4348, 0.1443, 0.432
4349, 0.1170, 0.420
4350, 0.2048, 0.426
4351, 0.1576, 0.428
4352, 0.2360, 0.431
4353, 0.1801, 0.422
4354, 0.1301, 0.433
4355, 0.1372, 0.430
4356, 0.2019, 0.429
4357, 0.1569, 0.427
4358, 0.1058, 0.425
4359, 0.1686, 0.421
4360, 0.1299, 0.431
4361, 0.1697, 0.428
4362, 0.1585, 0.423
4363, 0.1507, 0.432
4364, 0.1454, 0.433
4365, 0.1203, 0.426
4366, 0.2267, 0.425
4367, 0.0783, 0.428
4368, 0.1349, 0.430
4369, 0.1413, 0.419
4370, 0.1353, 0.425
4371, 0.2199, 0.425
4372, 0.1457, 0.419
4373, 0.1093, 0.419
4374, 0.1526, 0.422
4375, 0.1499, 0.426
4376, 0.0768, 0.423
4377, 0.1870, 0.421
4378, 0.1120, 0.421
4379, 0.1172, 0.423
4380, 0.0765, 0.418
4381, 0.0731, 0.419
4382, 0.1382, 0.422
4383, 0.1776, 0.458
4384, 0.1668, 0.456
4385, 0.1637, 0.452
4386, 0.1387, 0.461
4387, 0.1297, 0.457
4388, 0.1182, 0.450
4389, 0.1566, 0.468
4390, 0.0905, 0.452
4391, 0.0863, 0.453
4392, 0.0862, 0.454
4393, 0.2537, 0.457
4394, 0.2466, 0.517
4395, 0.1495, 0.474
4396, 0.1866, 0.472
4397, 0.0970, 0.461
4398, 0.1036, 0.510
4399, 0.1521, 0.441
4400, 0.1502, 0.442
4401, 0.1018, 0.431
4402, 0.1125, 0.437
4403, 0.1023, 0.432
4404, 0.1483, 0.443
4405, 0.0906, 0.464
4406, 0.0979, 0.439
4407, 0.2062, 0.437
4408, 0.1145, 0.447
4409, 0.1682, 0.454
4410, 0.1259, 0.557
4411, 0.0873, 0.461
4412, 0.0850, 0.436
4413, 0.1259, 0.428
4414, 0.1594, 0.429
4415, 0.1655, 0.434
4416, 0.1433, 0.423
4417, 0.1560, 0.443
4418, 0.1143, 0.436
4419, 0.1128, 0.435
4420, 0.1356, 0.427
4421, 0.1197, 0.422
4422, 0.1406, 0.454
4423, 0.0775, 0.426
4424, 0.0846, 0.429
4425, 0.1427, 0.422
4426, 0.1768, 0.435
4427, 0.1731, 0.445
4428, 0.1383, 0.435
4429, 0.0901, 0.428
4430, 0.1211, 0.431
4431, 0.1110, 0.439
4432, 0.0977, 0.452
4433, 0.1520, 0.419
4434, 0.1042, 0.426
4435, 0.1180, 0.428
4436, 0.1692, 0.430
4437, 0.1001, 0.438
4438, 0.1734, 0.424
4439, 0.0705, 0.453
4440, 0.0879, 0.436
4441, 0.1207, 0.427
4442, 0.1907, 0.423
4443, 0.1446, 0.428
4444, 0.1100, 0.424
4445, 0.1133, 0.435
4446, 0.1011, 0.438
4447, 0.1204, 0.430
4448, 0.1099, 0.435
4449, 0.1132, 0.425
4450, 0.0650, 0.421
4451, 0.0721, 0.426
4452, 0.1099, 0.422
4453, 0.1173, 0.417
4454, 0.1247, 0.425
4455, 0.0943, 0.421
4456, 0.1507, 0.426
4457, 0.1182, 0.419
4458, 0.1301, 0.434
4459, 0.1325, 0.427
4460, 0.1333, 0.433
4461, 0.1316, 0.433
4462, 0.1167, 0.458
4463, 0.1234, 0.446
4464, 0.1424, 0.432
4465, 0.0598, 0.429
4466, 0.1208, 0.455
4467, 0.1716, 0.452
4468, 0.1163, 0.418
4469, 0.1335, 0.423
4470, 0.1402, 0.423
4471, 0.1252, 0.429
4472, 0.0956, 0.424
4473, 0.1165, 0.421
4474, 0.0472, 0.421
4475, 0.1429, 0.428
4476, 0.2206, 0.431
4477, 0.1299, 0.427
4478, 0.1357, 0.444
4479, 0.1775, 0.431
4480, 0.1343, 0.420
4481, 0.1629, 0.421
4482, 0.1356, 0.432
4483, 0.1778, 0.429
4484, 0.1262, 0.422
4485, 0.1481, 0.420
4486, 0.1469, 0.426
4487, 0.0576, 0.416
4488, 0.1066, 0.423
4489, 0.1263, 0.420
4490, 0.1210, 0.435
4491, 0.1779, 0.417
4492, 0.0449, 0.423
4493, 0.1457, 0.425
4494, 0.1012, 0.425
4495, 0.1166, 0.415
4496, 0.1062, 0.422
4497, 0.1014, 0.428
4498, 0.1715, 0.420
4499, 0.1028, 0.421
4500, 0.0969, 0.419
4501, 0.1589, 0.428
4502, 0.1109, 0.418
4503, 0.1357, 0.435
4504, 0.1221, 0.441
4505, 0.0737, 0.417
4506, 0.1507, 0.425
4507, 0.1526, 0.425
4508, 0.0833, 0.425
4509, 0.1659, 0.419
4510, 0.0827, 0.434
4511, 0.0854, 0.427
4512, 0.1278, 0.421
4513, 0.1049, 0.429
4514, 0.1324, 0.425
4515, 0.1424, 0.459
4516, 0.1663, 0.420
4517, 0.1972, 0.421
4518, 0.1179, 0.418
4519, 0.0446, 0.426
4520, 0.0990, 0.424
4521, 0.0744, 0.423
4522, 0.1396, 0.423
4523, 0.2235, 0.430
4524, 0.1140, 0.442
4525, 0.0971, 0.452
4526, 0.0947, 0.422
4527, 0.1269, 0.425
4528, 0.0909, 0.424
4529, 0.1040, 0.423
4530, 0.0905, 0.423
4531, 0.1149, 0.429
4532, 0.0939, 0.435
4533, 0.0651, 0.429
4534, 0.1177, 0.433
4535, 0.1612, 0.424
4536, 0.1158, 0.421
4537, 0.1060, 0.420
4538, 0.1297, 0.426
4539, 0.0902, 0.420
4540, 0.1559, 0.427
4541, 0.0805, 0.431
4542, 0.1407, 0.430
4543, 0.1192, 0.423
4544, 0.2115, 0.427
4545, 0.1183, 0.428
4546, 0.1442, 0.419
4547, 0.0899, 0.428
4548, 0.1311, 0.425
4549, 0.1228, 0.453
4550, 0.2024, 0.419
4551, 0.1176, 0.431
4552, 0.0754, 0.425
4553, 0.0896, 0.426
4554, 0.1045, 0.432
4555, 0.1854, 0.503
4556, 0.1308, 0.436
4557, 0.1293, 0.426
4558, 0.1083, 0.422
4559, 0.1357, 0.430
4560, 0.1231, 0.428
4561, 0.1095, 0.429
4562, 0.0927, 0.422
4563, 0.1918, 0.423
4564, 0.1288, 0.425
4565, 0.1103, 0.425
4566, 0.1339, 0.423
4567, 0.1310, 0.425
4568, 0.0938, 0.422
4569, 0.1333, 0.424
4570, 0.1069, 0.428
4571, 0.1263, 0.422
4572, 0.1208, 0.426
4573, 0.1019, 0.420
4574, 0.1255, 0.422
4575, 0.1316, 0.425
4576, 0.1154, 0.429
4577, 0.1139, 0.426
4578, 0.1118, 0.426
4579, 0.0862, 0.428
4580, 0.1697, 0.416
4581, 0.0851, 0.420
4582, 0.1441, 0.417
4583, 0.1161, 0.423
4584, 0.1641, 0.446
4585, 0.1450, 0.430
4586, 0.1170, 0.422
4587, 0.1732, 0.425
4588, 0.1571, 0.468
4589, 0.1015, 0.460
4590, 0.0979, 0.454
4591, 0.1086, 0.458
4592, 0.0815, 0.458
4593, 0.0637, 0.436
4594, 0.1138, 0.429
4595, 0.1381, 0.434
4596, 0.0637, 0.439
4597, 0.1626, 0.472
4598, 0.1202, 0.437
4599, 0.1714, 0.434
4600, 0.1523, 0.434
4601, 0.1967, 0.450
4602, 0.1072, 0.448
4603, 0.1536, 0.611
4604, 0.1032, 0.448
4605, 0.1215, 0.472
4606, 0.1250, 0.483
4607, 0.1454, 0.458
4608, 0.1602, 0.434
4609, 0.1259, 0.436
4610, 0.1301, 0.448
4611, 0.1300, 0.533
4612, 0.1120, 0.432
4613, 0.0948, 0.423
4614, 0.2103, 0.466
4615, 0.0837, 0.466
4616, 0.1011, 0.434
4617, 0.1665, 0.435
4618, 0.1565, 0.431
4619, 0.0790, 0.439
4620, 0.1496, 0.439
4621, 0.1129, 0.449
4622, 0.1404, 0.433
4623, 0.1253, 0.439
4624, 0.1008, 0.427
4625, 0.0975, 0.429
4626, 0.1122, 0.438
4627, 0.1629, 0.438
4628, 0.1256, 0.423
4629, 0.1293, 0.421
4630, 0.0980, 0.437
4631, 0.1264, 0.429
4632, 0.0844, 0.433
4633, 0.1503, 0.427
4634, 0.0811, 0.430
4635, 0.1260, 0.428
4636, 0.1863, 0.432
4637, 0.1066, 0.426
4638, 0.1228, 0.425
4639, 0.1129, 0.434
4640, 0.2089, 0.439
4641, 0.1488, 0.425
4642, 0.1418, 0.425
4643, 0.1540, 0.444
4644, 0.1113, 0.428
4645, 0.1035, 0.422
4646, 0.1035, 0.423
4647, 0.0980, 0.422
4648, 0.1236, 0.424
4649, 0.1338, 0.424
4650, 0.1040, 0.419
4651, 0.0766, 0.429
4652, 0.1324, 0.439
4653, 0.1020, 0.430
4654, 0.1000, 0.438
4655, 0.1269, 0.439
4656, 0.1032, 0.435
4657, 0.0807, 0.428
4658, 0.1120, 0.427
4659, 0.0892, 0.425
4660, 0.1560, 0.417
4661, 0.1601, 0.427
4662, 0.0920, 0.422
4663, 0.1317, 0.431
4664, 0.2202, 0.447
4665, 0.1890, 0.431
4666, 0.1143, 0.452
4667, 0.1390, 0.461
4668, 0.1215, 0.460
4669, 0.1006, 0.460
4670, 0.1019, 0.416
4671, 0.1752, 0.428
4672, 0.1088, 0.427
4673, 0.0823, 0.426
4674, 0.1474, 0.423
4675, 0.1807, 0.421
4676, 0.0730, 0.423
4677, 0.1058, 0.434
4678, 0.1176, 0.432
4679, 0.1948, 0.434
4680, 0.1681, 0.418
4681, 0.0822, 0.432
4682, 0.1779, 0.432
4683, 0.1664, 0.428
4684, 0.1599, 0.442
4685, 0.1472, 0.429
4686, 0.1366, 0.431
4687, 0.1432, 0.431
4688, 0.1671, 0.427
4689, 0.1448, 0.424
4690, 0.1219, 0.424
4691, 0.1602, 0.430
4692, 0.1032, 0.464
4693, 0.1540, 0.456
4694, 0.1263, 0.458
4695, 0.1228, 0.432
4696, 0.0982, 0.415
4697, 0.0657, 0.427
4698, 0.0926, 0.439
4699, 0.1463, 0.437
4700, 0.1371, 0.447
4701, 0.1514, 0.466
4702, 0.1395, 0.421
4703, 0.1270, 0.417
4704, 0.1286, 0.430
4705, 0.0839, 0.459
4706, 0.1706, 0.425
4707, 0.0824, 0.421
4708, 0.0904, 0.440
4709, 0.1299, 0.451
4710, 0.0706, 0.434
4711, 0.1060, 0.426
4712, 0.1705, 0.423
4713, 0.1047, 0.424
4714, 0.1751, 0.426
4715, 0.1304, 0.421
4716, 0.0951, 0.424
4717, 0.1016, 0.422
4718, 0.1247, 0.428
4719, 0.1410, 0.429
4720, 0.0771, 0.426
4721, 0.1398, 0.423
4722, 0.0801, 0.414
4723, 0.0952, 0.431
4724, 0.1257, 0.421
4725, 0.1731, 0.418
4726, 0.1276, 0.423
4727, 0.1024, 0.457
4728, 0.1027, 0.456
4729, 0.1181, 0.428
4730, 0.1155, 0.425
4731, 0.1593, 0.439
4732, 0.0933, 0.451
4733, 0.0761, 0.425
4734, 0.1341, 0.437
4735, 0.1489, 0.427
4736, 0.1016, 0.426
4737, 0.1192, 0.436
4738, 0.1025, 0.422
4739, 0.1178, 0.428
4740, 0.1359, 0.438
4741, 0.1225, 0.419
4742, 0.1642, 0.435
4743, 0.1853, 0.425
4744, 0.1226, 0.462
4745, 0.1096, 0.435
4746, 0.1348, 0.425
4747, 0.1764, 0.425
4748, 0.2009, 0.434
4749, 0.1416, 0.425
4750, 0.1519, 0.426
4751, 0.0481, 0.428
4752, 0.1199, 0.432
4753, 0.1348, 0.419
4754, 0.1162, 0.430
4755, 0.1714, 0.482
4756, 0.1170, 0.464
4757, 0.1563, 0.421
4758, 0.1319, 0.420
4759, 0.0980, 0.423
4760, 0.0866, 0.423
4761, 0.1417, 0.427
4762, 0.1348, 0.418
4763, 0.1514, 0.457
4764, 0.1094, 0.456
4765, 0.2146, 0.422
4766, 0.1032, 0.423
4767, 0.1042, 0.435
4768, 0.1562, 0.423
4769, 0.1250, 0.429
4770, 0.1538, 0.429
4771, 0.1203, 0.429
4772, 0.1752, 0.437
4773, 0.1376, 0.434
4774, 0.0945, 0.436
4775, 0.1542, 0.448
4776, 0.1202, 0.419
4777, 0.1563, 0.430
4778, 0.1293, 0.419
4779, 0.1502, 0.430
4780, 0.1565, 0.442
4781, 0.1675, 0.435
4782, 0.1329, 0.429
4783, 0.1339, 0.430
4784, 0.1206, 0.419
4785, 0.3055, 0.421
4786, 0.1987, 0.423
4787, 0.1363, 0.425
4788, 0.1386, 0.423
4789, 0.1349, 0.420
4790, 0.1626, 0.428
4791, 0.1106, 0.424
4792, 0.1194, 0.422
4793, 0.1949, 0.417
4794, 0.1069, 0.418
4795, 0.1403, 0.422
4796, 0.1795, 0.419
4797, 0.1686, 0.417
4798, 0.1403, 0.422
4799, 0.1214, 0.422
4800, 0.1758, 0.420
4801, 0.1475, 0.406
4802, 0.0980, 0.422
4803, 0.0717, 0.436
4804, 0.1372, 0.436
4805, 0.2092, 0.435
4806, 0.1505, 0.435
4807, 0.1592, 0.426
4808, 0.1628, 0.428
4809, 0.1475, 0.436
4810, 0.1738, 0.479
4811, 0.1263, 0.492
4812, 0.1736, 0.434
4813, 0.1156, 0.439
4814, 0.1048, 0.427
4815, 0.0921, 0.425
4816, 0.1082, 0.427
4817, 0.1072, 0.439
4818, 0.0920, 0.433
4819, 0.1646, 0.438
4820, 0.1174, 0.439
4821, 0.1049, 0.439
4822, 0.1130, 0.443
4823, 0.2605, 0.449
4824, 0.0874, 0.453
4825, 0.1167, 0.416
4826, 0.0632, 0.433
4827, 0.1293, 0.426
4828, 0.1186, 0.435
4829, 0.1687, 0.429
4830, 0.1022, 0.428
4831, 0.0908, 0.426
4832, 0.1295, 0.424
4833, 0.1138, 0.425
4834, 0.1200, 0.467
4835, 0.1864, 0.428
4836, 0.1686, 0.429
4837, 0.0987, 0.436
4838, 0.1310, 0.465
4839, 0.1752, 0.452
4840, 0.0882, 0.461
4841, 0.1586, 0.462
4842, 0.1848, 0.481
4843, 0.1630, 0.463
4844, 0.2040, 0.467
4845, 0.1075, 0.465
4846, 0.1149, 0.431
4847, 0.1722, 0.422
4848, 0.1225, 0.425
4849, 0.1540, 0.424
4850, 0.1168, 0.426
4851, 0.1654, 0.428
4852, 0.0813, 0.446
4853, 0.0902, 0.421
4854, 0.1256, 0.432
4855, 0.1500, 0.445
4856, 0.1344, 0.438
4857, 0.1090, 0.426
4858, 0.1337, 0.423
4859, 0.1508, 0.439
4860, 0.1180, 0.427
4861, 0.1919, 0.424
4862, 0.1457, 0.422
4863, 0.1223, 0.439
4864, 0.1307, 0.432
4865, 0.1024, 0.435
4866, 0.0892, 0.427
4867, 0.1634, 0.423
4868, 0.1604, 0.427
4869, 0.1494, 0.423
4870, 0.0958, 0.423
4871, 0.1593, 0.420
4872, 0.1328, 0.421
4873, 0.1323, 0.421
4874, 0.1402, 0.425
4875, 0.1634, 0.427
4876, 0.0979, 0.431
4877, 0.1323, 0.435
4878, 0.1682, 0.423
4879, 0.1396, 0.422
4880, 0.0999, 0.420
4881, 0.1462, 0.421
4882, 0.1921, 0.438
4883, 0.1765, 0.424
4884, 0.2278, 0.424
4885, 0.1452, 0.432
4886, 0.1600, 0.422
4887, 0.1444, 0.421
4888, 0.1467, 0.418
4889, 0.0594, 0.434
4890, 0.2006, 0.465
4891, 0.1394, 0.436
4892, 0.1418, 0.424
4893, 0.1821, 0.422
4894, 0.0689, 0.424
4895, 0.1667, 0.427
4896, 0.0596, 0.426
4897, 0.0981, 0.423
4898, 0.1382, 0.423
4899, 0.1254, 0.436
4900, 0.1361, 0.427
4901, 0.1774, 0.421
4902, 0.1268, 0.433
4903, 0.1575, 0.427
4904, 0.0615, 0.427
4905, 0.0671, 0.423
4906, 0.1477, 0.416
4907, 0.0926, 0.416
4908, 0.1604, 0.425
4909, 0.1687, 0.424
4910, 0.1826, 0.443
4911, 0.1948, 0.426
4912, 0.0479, 0.419
4913, 0.0363, 0.420
4914, 0.1226, 0.436
4915, 0.0910, 0.429
4916, 0.1377, 0.424
4917, 0.1224, 0.421
4918, 0.1705, 0.419
4919, 0.0818, 0.423
4920, 0.1439, 0.423
4921, 0.1146, 0.419
4922, 0.1309, 0.420
4923, 0.1679, 0.422
4924, 0.1975, 0.422
4925, 0.1405, 0.425
4926, 0.1027, 0.417
4927, 0.1712, 0.434
4928, 0.1087, 0.432
4929, 0.0772, 0.451
4930, 0.1135, 0.454
4931, 0.1112, 0.434
4932, 0.1387, 0.435
4933, 0.2143, 0.449
4934, 0.1398, 0.427
4935, 0.1652, 0.418
4936, 0.1370, 0.421
4937, 0.1465, 0.421
4938, 0.0649, 0.425
4939, 0.1402, 0.423
4940, 0.1529, 0.422
4941, 0.1484, 0.423
4942, 0.1761, 0.426
4943, 0.0947, 0.428
4944, 0.1070, 0.440
4945, 0.1314, 0.439
4946, 0.0727, 0.435
4947, 0.1572, 0.422
4948, 0.1548, 0.437
4949, 0.1154, 0.436
4950, 0.1530, 0.417
4951, 0.0814, 0.425
4952, 0.1292, 0.420
4953, 0.0824, 0.441
4954, 0.1003, 0.418
4955, 0.0607, 0.441
4956, 0.1569, 0.458
4957, 0.1062, 0.420
4958, 0.1075, 0.418
4959, 0.1260, 0.423
4960, 0.1130, 0.422
4961, 0.2031, 0.417
4962, 0.0683, 0.417
4963, 0.1690, 0.417
4964, 0.1329, 0.419
4965, 0.1557, 0.418
4966, 0.1442, 0.418
4967, 0.0976, 0.421
4968, 0.1021, 0.424
4969, 0.1712, 0.426
4970, 0.0763, 0.419
4971, 0.0986, 0.420
4972, 0.0799, 0.419
4973, 0.1441, 0.413
4974, 0.1117, 0.416
4975, 0.0821, 0.417
4976, 0.0618, 0.418
4977, 0.1302, 0.422
4978, 0.0569, 0.419
4979, 0.1366, 0.419
4980, 0.0525, 0.421
4981, 0.0817, 0.415
4982, 0.0559, 0.417
4983, 0.0949, 0.415
4984, 0.0665, 0.416
4985, 0.0933, 0.416
4986, 0.1264, 0.420
4987, 0.1334, 0.422
4988, 0.1423, 0.421
4989, 0.1260, 0.416
4990, 0.1671, 0.416
4991, 0.0842, 0.416
4992, 0.1387, 0.417
4993, 0.0763, 0.418
4994, 0.0892, 0.418
4995, 0.0529, 0.416
4996, 0.1379, 0.421
4997, 0.1390, 0.421
4998, 0.1873, 0.418
4999, 0.0899, 0.417
5000, 0.1309, 0.420
