0 50.378528595
200 398.400848389
400 37.1123123169
600 59.692855835
800 26.78515625
1000 31.4029502869
1200 33.6826858521
1400 45.0607032776
1600 33.3662910461
1800 43.8442192078
2000 38.8442573547
2200 27.6701183319
2400 31.4663295746
2600 34.353767395
2800 36.2721557617
3000 40.2607421875
3200 33.3498458862
3400 33.2311553955
3600 27.5931377411
3800 33.5659103394
4000 27.5766277313
4200 32.68334198
4400 47.2964439392
4600 24.6518135071
4800 27.3325023651
5000 35.5801086426
5200 21.5648918152
5400 27.3022422791
5600 42.582485199
5800 30.293800354
6000 27.7177600861
6200 27.4448795319
6400 40.9892501831
6600 30.5172367096
6800 29.9765911102
7000 24.5057601929
7200 37.6960105896
7400 38.7140617371
7600 27.310836792
7800 34.92628479
8000 35.114025116
8200 38.6165771484
8400 27.6737213135
8600 40.6296844482
8800 40.5095062256
9000 22.9558258057
9200 43.6786880493
9400 34.9096450806
9600 35.1270675659
9800 27.535118103
10000 42.5513038635
10200 29.9053325653
10400 27.1762905121
10600 50.2415084839
10800 27.2365207672
11000 28.7533168793
11200 27.3490104675
11400 30.3251152039
11600 35.2448692322
11800 30.280330658
12000 47.6387023926
12200 36.9075012207
12400 37.762134552
12600 30.2355518341
12800 32.4701385498
13000 44.9465103149
13200 30.1990146637
13400 46.9239807129
13600 41.9571609497
13800 27.5055961609
14000 22.1232528687
14200 30.0196037292
14400 23.4058971405
14600 38.5676727295
14800 45.3945770264
15000 23.6464233398
15200 27.3211841583
15400 35.7473144531
15600 27.4483165741
15800 30.0831432343
16000 29.9429283142
16200 32.8203849792
16400 35.1561126709
16600 48.6803703308
16800 36.0849838257
17000 30.1476459503
17200 32.6824951172
17400 41.8193893433
17600 38.1706390381
17800 32.3373985291
18000 39.9737243652
18200 24.352481842
18400 35.7511863708
18600 40.1164474487
18800 43.4845275879
19000 33.0302696228
19200 19.3071994781
19400 24.3604354858
19600 34.9258117676
19800 30.7064037323
20000 49.4860992432
20200 29.7296352386
20400 26.0195999146
20600 22.4830741882
20800 29.9259700775
21000 40.0047569275
21200 33.5191879272
21400 29.7757453918
21600 40.9993019104
21800 21.135974884
22000 24.56848526
22200 19.0011444092
22400 22.1049060822
22600 32.7873191833
22800 24.5945587158
23000 27.0973491669
23200 44.8234481812
23400 52.8573074341
23600 23.0693302155
23800 61.231754303
24000 36.9288749695
24200 34.9997901917
24400 27.3229789734
24600 27.2573223114
24800 32.6546669006
25000 37.3118133545
25200 27.7883281708
25400 35.0068359375
25600 46.626537323
25800 32.4549751282
26000 41.3475379944
26200 27.1524143219
26400 34.2170829773
26600 32.8026237488
26800 37.9000968933
27000 35.2525482178
27200 37.4388961792
27400 30.2187633514
27600 34.8663101196
27800 27.0992183685
28000 24.8640232086
28200 39.05834198
28400 35.260559082
28600 24.9505290985
28800 23.1395168304
29000 39.9161758423
29200 39.9560699463
29400 35.0116271973
29600 43.1305847168
29800 16.3209590912
30000 51.0061683655
30200 29.8684196472
30400 32.5413360596
30600 14.6950149536
30800 40.0117149353
31000 27.7144203186
31200 31.060634613
31400 34.9875221252
31600 27.2114048004
31800 27.5493736267
32000 21.7958717346
32200 34.2738494873
32400 50.2222671509
32600 27.9365406036
32800 29.8638629913
33000 17.2853755951
33200 42.7658691406
33400 28.1056194305
33600 29.7655887604
33800 32.5589294434
34000 40.1351852417
34200 32.7834663391
34400 38.0074424744
34600 21.8632144928
34800 37.4310760498
35000 32.6805458069
35200 39.999786377
35400 27.9079380035
35600 40.9214515686
35800 44.8270339966
36000 29.9226665497
36200 33.002040863
36400 29.8086242676
36600 32.6080589294
36800 43.1905097961
37000 22.1056537628
37200 19.1157932281
37400 34.8921966553
37600 29.752614975
37800 35.0411224365
38000 33.2716217041
38200 27.816198349
38400 26.9873695374
38600 39.8226585388
38800 30.0283069611
39000 40.2026786804
39200 26.3719482422
39400 27.3142604828
39600 32.6713371277
39800 47.2341308594
40000 33.3008155823
40200 32.4307899475
40400 37.7941932678
40600 32.3576965332
40800 42.50390625
41000 35.3459777832
41200 21.6494884491
41400 32.2383346558
41600 32.3279914856
41800 30.1575946808
42000 45.1913375854
42200 25.6340236664
42400 42.5847015381
42600 35.2871894836
42800 29.7984046936
43000 44.3361434937
43200 21.5804443359
43400 60.7773742676
43600 30.0529651642
43800 36.1144790649
44000 43.0112419128
44200 35.5555801392
44400 32.8371582031
44600 30.2594547272
44800 35.7751960754
45000 29.8990745544
45200 19.0690956116
45400 29.0113315582
45600 32.2787322998
45800 46.7947044373
46000 24.7194290161
46200 27.36145401
46400 32.3695449829
46600 27.2054843903
46800 35.3653259277
47000 37.5650596619
47200 37.5696258545
47400 29.6222629547
47600 27.5056629181
47800 46.1718673706
48000 64.6283798218
48200 28.975276947
48400 44.9211502075
48600 49.4495162964
48800 38.180606842
49000 27.732213974
49200 40.6944541931
49400 24.582529068
49600 33.9126434326
49800 40.1735191345
50000 44.5681037903
50200 27.4065246582
50400 24.4174423218
50600 18.9992103577
50800 32.6212501526
51000 14.7140645981
51200 27.3605632782
51400 29.9838199615
51600 37.9514350891
51800 37.8171005249
52000 40.5342407227
52200 44.9044837952
52400 32.5544090271
52600 37.2882652283
52800 47.216217041
53000 43.5893974304
53200 29.4046020508
53400 35.0815734863
53600 32.2513237
53800 35.0701026917
54000 16.1166381836
54200 32.4618301392
54400 35.5472373962
54600 31.3600082397
54800 27.2845935822
55000 42.9384613037
55200 35.2364845276
55400 37.9276161194
55600 27.5362701416
55800 16.4993515015
56000 52.2340126038
56200 32.3560638428
56400 40.2353210449
56600 27.3628444672
56800 32.6339797974
57000 35.1854667664
57200 32.1282806396
57400 42.5224571228
57600 24.2958106995
57800 38.2231750488
58000 37.1960029602
58200 22.6371498108
58400 32.8022270203
58600 27.1295452118
58800 35.5961761475
59000 45.304107666
59200 37.6253700256
59400 23.6723499298
59600 40.7140312195
59800 39.9644355774
60000 40.077129364
60200 32.4172172546
60400 42.3657608032
60600 24.4574127197
60800 28.1846485138
61000 42.2733154297
61200 29.9231853485
61400 37.6532669067
61600 37.7524757385
61800 40.3137054443
62000 30.9981231689
62200 35.1070709229
62400 30.2062416077
62600 52.5764350891
62800 21.9169044495
63000 23.7998828888
63200 28.1338100433
63400 29.6820297241
63600 19.2931537628
63800 29.8789234161
64000 45.0330886841
64200 52.4290847778
64400 37.5590171814
64600 49.1903915405
64800 39.275844574
65000 41.2545394897
65200 34.917011261
65400 32.3225097656
65600 16.9696273804
65800 27.7180423737
66000 35.1344680786
66200 47.5808753967
66400 20.7642192841
66600 34.92993927
66800 19.4203281403
67000 47.3218421936
67200 27.1601524353
67400 39.3525009155
67600 24.4936656952
67800 36.260925293
68000 32.3050231934
68200 30.1738090515
68400 32.8548927307
68600 42.8963737488
68800 37.6800003052
69000 43.3788337708
69200 30.5147457123
69400 27.7801532745
69600 37.8077850342
69800 27.1674785614
70000 40.1968383789
70200 18.864156723
70400 37.4426841736
70600 24.5434379578
70800 35.1171836853
71000 40.0544967651
71200 41.241569519
71400 40.6971244812
71600 32.3653526306
71800 29.7170677185
72000 34.1562042236
72200 31.9223251343
72400 40.1848640442
72600 37.9370994568
72800 32.5297889709
73000 32.6636810303
73200 35.4048156738
73400 27.1942481995
73600 43.495223999
73800 29.9980697632
74000 19.276927948
74200 25.741235733
74400 34.869102478
74600 24.765958786
74800 37.3818435669
75000 34.9168968201
75200 36.0984191895
75400 30.1110286713
75600 28.0917167664
75800 30.0147533417
76000 37.7103881836
76200 39.5190048218
76400 30.1932640076
76600 29.7734375
76800 37.4032745361
77000 32.3352546692
77200 45.4092979431
77400 30.2683105469
77600 24.8535003662
77800 24.4358768463
78000 32.3086929321
78200 21.9082183838
78400 42.7504348755
78600 38.3195495605
78800 29.8533782959
79000 24.4440059662
79200 31.2296581268
79400 24.324804306
79600 29.7842121124
79800 34.840763092
80000 32.6373519897
80200 24.5039825439
80400 28.2873706818
80600 30.4412631989
80800 26.2216510773
81000 48.0710411072
81200 27.9879226685
81400 44.6495513916
81600 18.8399562836
81800 35.1982460022
82000 39.9623031616
82200 25.055431366
82400 21.7327060699
82600 44.086063385
82800 29.9308624268
83000 32.343421936
83200 35.1138572693
83400 42.3785171509
83600 34.8614997864
83800 37.8977622986
84000 30.0704421997
84200 29.8943252563
84400 34.9884719849
84600 24.401096344
84800 21.643535614
85000 45.3145599365
85200 30.0755386353
85400 27.4016094208
85600 21.7901039124
85800 40.5667724609
86000 30.6361999512
86200 42.3314399719
86400 29.8753395081
86600 39.1911506653
86800 37.4805908203
87000 42.4971733093
87200 32.374042511
87400 32.5503387451
87600 36.0531959534
87800 37.5971832275
88000 30.1027450562
88200 40.3441848755
88400 37.3195533752
88600 13.7082738876
88800 37.3536300659
89000 35.1432762146
89200 48.6772689819
89400 29.7459774017
89600 42.3571929932
89800 40.455078125
90000 32.4602012634
90200 44.8680953979
90400 35.7045707703
90600 37.2536125183
90800 30.1213321686
91000 21.7045879364
91200 27.5074691772
91400 48.941204071
91600 30.3004817963
91800 18.9004211426
92000 27.6990756989
92200 25.8009529114
92400 32.2997207642
92600 30.1346893311
92800 32.9496421814
93000 29.9546585083
93200 46.5967597961
93400 27.5387401581
93600 30.0698032379
93800 32.4164810181
94000 27.6157264709
94200 24.8986663818
94400 27.4543228149
94600 32.511932373
94800 27.3351554871
95000 37.3666038513
95200 42.0092468262
95400 29.9551334381
95600 34.7892456055
95800 41.3941612244
96000 47.1527099609
96200 47.347694397
96400 37.6390533447
96600 24.4592399597
96800 30.0504360199
97000 43.5942001343
97200 33.5927963257
97400 38.0617294312
97600 38.0198516846
97800 33.0543289185
98000 47.0810203552
98200 34.8145027161
98400 27.7128429413
98600 27.2446899414
98800 37.7076148987
99000 33.1463699341
99200 37.3371086121
99400 14.7629156113
99600 24.5592479706
99800 30.2831707001
100000 21.7782974243
100200 21.752790451
100400 22.5778522491
100600 25.9832267761
100800 27.1996173859
101000 49.282333374
101200 27.1997470856
101400 51.2096176147
101600 32.6898612976
101800 17.1820259094
102000 45.6012954712
102200 39.8825302124
102400 16.5181713104
102600 29.8235054016
102800 32.2811050415
103000 32.3818817139
103200 27.271364212
103400 44.0834884644
103600 32.6117362976
103800 24.3906459808
104000 30.0131111145
104200 17.9044113159
104400 37.5200119019
104600 32.7366371155
104800 44.6883850098
105000 23.6925849915
105200 30.4101142883
105400 36.2711448669
105600 27.3261566162
105800 23.3699111938
106000 22.216003418
106200 30.3224105835
106400 32.4301223755
106600 32.3264884949
106800 24.4876365662
107000 32.443321228
107200 40.3482131958
107400 35.0366172791
107600 32.6439208984
107800 32.3268852234
108000 35.5630455017
108200 37.018737793
108400 35.1435279846
108600 34.4618263245
108800 13.972413063
109000 13.462266922
109200 38.2994270325
109400 37.9900398254
109600 37.7334442139
109800 21.5327320099
110000 35.3216018677
110200 29.9781093597
110400 47.003162384
110600 43.2804603577
110800 35.5774345398
111000 27.0978431702
111200 24.5760288239
111400 32.8128089905
111600 32.4062194824
111800 35.0781097412
112000 20.5901889801
112200 40.6242713928
112400 54.0634918213
112600 27.3637447357
112800 42.574180603
113000 35.1674804688
113200 40.2584342957
113400 18.9325618744
113600 30.6508712769
113800 27.7139167786
114000 37.3634300232
114200 45.3419151306
114400 44.6641578674
114600 31.4497184753
114800 34.9065208435
115000 30.151638031
115200 32.2518730164
115400 24.4359664917
115600 32.3808670044
115800 35.0588722229
116000 26.0695991516
116200 51.7699584961
116400 32.8734931946
116600 48.6248016357
116800 27.469083786
117000 27.095998764
117200 41.3792266846
117400 39.891292572
117600 42.1505851746
117800 44.8793678284
118000 24.6303405762
118200 30.7560024261
118400 18.7683639526
118600 37.7302856445
118800 29.6888999939
119000 24.6479663849
119200 27.0819530487
119400 24.9648990631
119600 52.4358711243
119800 34.9680709839
120000 35.3594970703
120200 45.3333435059
120400 13.7710790634
120600 40.4216308594
120800 31.6203613281
121000 29.8139762878
121200 26.3307876587
121400 42.2887649536
121600 35.3707733154
121800 45.1575126648
122000 32.4516601562
122200 27.1686687469
122400 37.4857597351
122600 21.5628452301
122800 32.5458679199
123000 27.3289527893
123200 52.7372550964
123400 37.6835136414
123600 21.6234054565
123800 37.4798126221
124000 30.0976409912
124200 24.5943336487
124400 32.6288757324
124600 47.1505813599
124800 13.9753398895
125000 37.4769439697
125200 47.4686508179
125400 34.8877639771
125600 16.7491455078
125800 45.0861244202
126000 53.4069900513
126200 32.7670249939
126400 27.0715007782
126600 49.2200088501
126800 37.3117790222
127000 21.5218162537
127200 39.3370170593
127400 29.8539390564
127600 27.7740154266
127800 23.8735427856
128000 43.5830535889
128200 28.7339611053
128400 45.3970718384
128600 18.1233329773
128800 38.5094871521
129000 39.7221031189
129200 34.9987602234
129400 25.9467182159
129600 24.6695785522
129800 29.8779811859
130000 27.2025337219
130200 30.60638237
130400 37.4870834351
130600 21.5249423981
130800 40.0598335266
131000 28.5075092316
131200 52.9333763123
131400 34.9355659485
131600 27.2891216278
131800 47.5480918884
132000 37.5240516663
132200 44.687374115
132400 34.9253158569
132600 46.6459884644
132800 37.8135871887
133000 35.5179901123
133200 39.897277832
133400 27.5472354889
133600 25.4305953979
133800 40.5010299683
134000 34.9164848328
134200 25.6674346924
134400 41.3303833008
134600 44.3910064697
134800 25.1253128052
135000 46.9243202209
135200 36.2854347229
135400 29.6686096191
135600 29.1039180756
135800 43.5690917969
136000 24.713848114
136200 32.3450698853
136400 30.1642017365
136600 29.7664203644
136800 24.9730358124
137000 35.2748298645
137200 29.7896633148
137400 37.5004234314
137600 30.4011993408
137800 34.9872016907
138000 44.8718223572
138200 35.8684120178
138400 37.617805481
138600 35.4710197449
138800 32.1102333069
139000 19.8733940125
139200 35.1210403442
139400 27.1743373871
139600 35.310836792
139800 32.1755104065
140000 40.3670349121
140200 32.5294189453
140400 35.4345397949
140600 40.3258552551
140800 34.7883491516
141000 17.0268955231
141200 35.075969696
141400 40.7441978455
141600 45.1671867371
141800 29.9806175232
142000 35.166721344
142200 44.5828361511
142400 24.4453620911
142600 34.6992759705
142800 27.2146205902
143000 32.7762298584
143200 24.6428756714
143400 16.1337928772
143600 43.684135437
143800 29.719039917
144000 21.6008396149
144200 39.832447052
144400 34.9858589172
144600 16.5742969513
144800 32.6623077393
145000 43.1550483704
145200 19.1797294617
145400 33.8835258484
145600 24.3162479401
145800 26.017786026
146000 21.9696655273
146200 60.943397522
146400 44.9512825012
146600 35.19115448
146800 47.4019470215
147000 43.5524101257
147200 30.3597621918
147400 33.364730835
147600 35.257484436
147800 32.5822715759
148000 27.4014911652
148200 22.205324173
148400 37.67628479
148600 32.6420059204
148800 30.1364898682
149000 26.9526042938
149200 35.1254806519
149400 22.8310260773
149600 27.2555084229
149800 27.795627594
150000 24.7747020721
150200 32.5571403503
150400 27.1984157562
150600 29.8375816345
150800 48.0399513245
151000 49.8572616577
151200 38.1237983704
151400 22.1043643951
151600 34.5578041077
151800 49.7373390198
152000 46.5557250977
152200 32.4448509216
152400 33.0420608521
152600 37.6486740112
152800 32.6159706116
153000 29.8860549927
153200 30.6054153442
153400 35.0181503296
153600 35.0486564636
153800 23.984161377
154000 38.0605545044
154200 35.1842803955
154400 24.8915100098
154600 45.499042511
154800 29.8236865997
155000 29.8771305084
155200 30.236656189
155400 24.5220737457
155600 32.5454330444
155800 32.1269874573
156000 35.7436904907
156200 29.915555954
156400 24.3712730408
156600 29.6897544861
156800 26.8147583008
157000 27.9801750183
157200 30.0018615723
157400 51.7452049255
157600 42.888507843
157800 24.3221511841
158000 22.4186000824
158200 29.703289032
158400 35.5182800293
158600 18.7648258209
158800 24.6295490265
159000 32.4322395325
159200 29.7194881439
159400 22.4024715424
159600 32.4858665466
159800 41.9068374634
160000 39.4597473145
160200 27.3363113403
160400 39.9133644104
160600 34.9629592896
160800 24.5139369965
161000 22.9686012268
161200 42.4955825806
161400 27.3252372742
161600 39.0539054871
161800 26.1339092255
162000 29.7077178955
162200 20.5713024139
162400 24.8949165344
162600 21.6551208496
162800 35.3203277588
163000 32.3105964661
163200 27.0420532227
163400 30.6573143005
163600 32.6943588257
163800 24.3333053589
164000 33.1091308594
164200 46.5064163208
164400 34.8006973267
164600 35.2233695984
164800 32.4844932556
165000 30.3028106689
165200 37.4591178894
165400 43.6958847046
165600 29.524274826
165800 22.0985145569
166000 25.6892623901
166200 30.8063411713
166400 34.9359359741
166600 24.6439495087
166800 24.5533752441
167000 24.5026245117
167200 47.1408882141
167400 30.6170253754
167600 35.6219749451
167800 18.101348877
168000 30.1349372864
168200 43.0169830322
168400 42.2115287781
168600 37.4520645142
168800 29.6839599609
169000 37.4293632507
169200 33.1746139526
169400 22.0305366516
169600 55.4837303162
169800 16.7727031708
170000 46.8940582275
170200 24.5519256592
170400 27.3301944733
170600 30.8959884644
170800 39.9646263123
171000 24.690038681
171200 30.9062137604
171400 45.2140159607
171600 34.9792175293
171800 35.0398902893
172000 35.0698623657
172200 35.1430397034
172400 40.0221138
172600 35.2018280029
172800 27.3223972321
173000 25.4385223389
173200 29.6789455414
173400 21.9168643951
173600 19.3108482361
173800 37.4305419922
174000 35.1441955566
174200 37.6568107605
174400 40.2355804443
174600 45.1572418213
174800 23.0731582642
175000 44.84375
175200 27.678899765
175400 40.2038269043
175600 27.2115097046
175800 29.7456912994
176000 27.2474441528
176200 32.54429245
176400 35.0280303955
176600 39.9525642395
176800 32.3820381165
177000 24.8229064941
177200 32.5321922302
177400 40.7969398499
177600 38.0077171326
177800 47.2924308777
178000 38.334072113
178200 30.0310077667
178400 40.159488678
178600 30.6563911438
178800 37.6000480652
179000 27.123134613
179200 32.8867301941
179400 47.6339378357
179600 44.7231216431
179800 35.8849868774
180000 32.7072982788
180200 24.3998355865
180400 29.6557445526
180600 29.9902362823
180800 40.2842559814
181000 22.2786636353
181200 40.1740875244
181400 26.3601760864
181600 48.1512260437
181800 37.9895019531
182000 42.6533889771
182200 39.9005317688
182400 11.1301708221
182600 27.2396144867
182800 32.5619621277
183000 44.1754417419
183200 19.9768733978
183400 42.3874130249
183600 37.5144805908
183800 20.2220020294
184000 29.8591899872
184200 39.7410011292
184400 30.165555954
184600 35.231426239
184800 27.3353462219
185000 42.2831573486
185200 26.9674434662
185400 35.3388328552
185600 29.88032341
185800 20.8803462982
186000 35.0614700317
186200 42.2584075928
186400 24.4284305573
186600 45.3681411743
186800 41.2716674805
187000 35.3101463318
187200 44.1754455566
187400 42.4452934265
187600 34.9874725342
187800 39.8265762329
188000 19.4275169373
188200 22.0390644073
188400 44.9084815979
188600 32.7237663269
188800 33.0379104614
189000 35.4096450806
189200 40.2840576172
189400 24.7939586639
189600 34.9765930176
189800 32.3365135193
190000 32.5252799988
190200 32.2158470154
190400 27.389509201
190600 44.6264724731
190800 39.9243164062
191000 19.6905899048
191200 30.0607719421
191400 39.3936004639
191600 37.6526069641
191800 29.6451759338
192000 30.06133461
192200 40.168838501
192400 37.7800064087
192600 34.8488845825
192800 27.0627994537
193000 37.7377548218
193200 29.8246879578
193400 42.6297836304
193600 19.8899707794
193800 37.4278717041
194000 29.9862880707
194200 27.0981712341
194400 42.5510749817
194600 49.9543075562
194800 19.950340271
195000 51.2680778503
195200 32.4854621887
195400 32.7359619141
195600 37.7529640198
195800 26.9419612885
196000 34.9579353333
196200 25.3619842529
196400 27.8866500854
196600 22.6489830017
196800 37.5650863647
197000 29.7788848877
197200 30.2582302094
197400 27.0840072632
197600 25.6684265137
197800 48.044090271
198000 35.4903259277
198200 44.1110839844
198400 35.0849380493
198600 30.2321357727
198800 24.8183288574
199000 29.8913574219
199200 37.5352554321
199400 37.4298782349
199600 37.3725242615
199800 43.0286827087
200000 32.2809448242
200200 35.3956069946
200400 37.513923645
200600 32.4853363037
200800 26.9201030731
201000 27.4514274597
201200 47.873249054
201400 34.8046379089
201600 31.0633468628
201800 27.1978797913
202000 27.6474971771
202200 29.6995105743
202400 35.0077171326
202600 29.8528060913
202800 32.3209190369
203000 43.0300521851
203200 22.0016098022
203400 18.0643520355
203600 18.994228363
203800 24.6915245056
204000 33.1801109314
204200 44.578453064
204400 32.2625389099
204600 35.0510368347
204800 37.4127616882
205000 34.8254356384
205200 35.2212257385
205400 24.3123931885
205600 31.4577522278
205800 32.8539657593
206000 29.8492279053
206200 27.2240219116
206400 40.4896965027
206600 40.1160316467
206800 17.6525592804
207000 30.6293506622
207200 26.9570541382
207400 29.9477958679
207600 25.3378314972
207800 21.8822231293
208000 39.7722015381
208200 35.2309150696
208400 29.6526241302
208600 27.4754066467
208800 35.3696136475
209000 44.7519035339
209200 33.3924713135
209400 29.9207077026
209600 27.6104736328
209800 24.4378471375
210000 37.9128265381
210200 27.7540817261
210400 43.5049972534
210600 35.0002632141
210800 24.6779651642
211000 37.5320129395
211200 24.9892959595
211400 24.2945632935
211600 47.5643768311
211800 29.7427883148
212000 37.3534622192
212200 45.397228241
212400 35.361366272
212600 26.3791828156
212800 42.4154586792
213000 29.9681339264
213200 46.4669494629
213400 38.2433624268
213600 40.0435142517
213800 29.9971485138
214000 33.0264816284
214200 32.5690116882
214400 34.8308563232
214600 24.8188323975
214800 35.5995941162
215000 33.1278457642
215200 33.2473831177
215400 42.3707923889
215600 27.2518196106
215800 48.84009552
216000 34.9194946289
216200 35.3538589478
216400 46.8628768921
216600 27.4668426514
216800 30.2551326752
217000 24.4893321991
217200 20.2106361389
217400 38.2474403381
217600 32.6239776611
217800 21.702709198
218000 29.5874423981
218200 29.8836746216
218400 47.7335739136
218600 35.0247192383
218800 25.055316925
219000 37.4773178101
219200 30.0122642517
219400 29.7098770142
219600 39.9697952271
219800 38.3854980469
220000 44.0760192871
220200 29.7986907959
220400 35.0475997925
220600 30.0566482544
220800 54.5954208374
221000 42.2712593079
221200 20.3041782379
221400 31.3977489471
221600 30.8003635406
221800 35.1129837036
222000 37.9024353027
222200 32.6397705078
222400 39.997795105
222600 42.9392318726
222800 27.6023674011
223000 34.9393692017
223200 32.5898628235
223400 39.7414474487
223600 40.3357505798
223800 32.8798904419
224000 45.0814590454
224200 29.744682312
224400 30.5962142944
224600 21.6977787018
224800 35.0180435181
225000 25.6356506348
225200 40.1774520874
225400 18.8708515167
225600 29.0279026031
225800 37.8132743835
226000 32.752407074
226200 37.7295761108
226400 29.7961978912
226600 35.1017227173
226800 35.000869751
227000 27.1591663361
227200 29.7164268494
227400 27.6896324158
227600 37.3697242737
227800 55.9458885193
228000 29.7502479553
228200 27.2432518005
228400 22.3239402771
228600 22.0310459137
228800 29.9148197174
229000 49.5104103088
229200 27.0857696533
229400 30.0278148651
229600 24.4584846497
229800 38.6473960876
230000 42.2594909668
230200 29.8622779846
230400 24.360086441
230600 35.0644836426
230800 35.6206588745
231000 32.343624115
231200 24.3616065979
231400 27.2988548279
231600 21.0381622314
231800 37.8279342651
232000 32.5672492981
232200 37.7976722717
232400 28.5254364014
232600 41.4181556702
232800 35.38048172
233000 47.8663711548
233200 45.2824745178
233400 40.0877304077
233600 30.0306072235
233800 34.7538299561
234000 26.3152885437
234200 37.4096679688
234400 42.6258087158
234600 32.6271820068
234800 37.7348175049
235000 32.9260787964
235200 26.3492393494
235400 24.8818321228
235600 27.1535110474
235800 22.1121768951
236000 50.3790435791
236200 24.3387622833
236400 27.9251651764
236600 34.9508705139
236800 35.4198646545
237000 39.9128036499
237200 35.1523628235
237400 42.6128730774
237600 30.3858375549
237800 22.1350002289
238000 40.5847167969
238200 42.7827529907
238400 51.6961212158
238600 22.8026447296
238800 21.8269557953
239000 37.5124473572
239200 32.8327522278
239400 16.7087020874
239600 46.9196090698
239800 45.5904273987
240000 35.0212631226
240200 32.3924255371
240400 40.028717041
240600 24.3167762756
240800 32.6992950439
241000 49.8780517578
241200 32.9166183472
241400 29.8053131104
241600 27.1007919312
241800 30.6737670898
242000 30.3888969421
242200 21.5740795135
242400 32.2693252563
242600 58.8020820618
242800 34.8655433655
243000 45.0802078247
243200 45.0699462891
243400 35.8209571838
243600 32.5030937195
243800 25.3338375092
244000 29.7458992004
244200 43.0697479248
244400 34.9341697693
244600 25.1989803314
244800 35.0494499207
245000 20.8421459198
245200 30.185377121
245400 37.4746131897
245600 24.4560661316
245800 24.978263855
246000 39.9844665527
246200 49.9761123657
246400 45.2715797424
246600 29.9041881561
246800 45.3688545227
247000 21.5635852814
247200 39.9141921997
247400 29.7731533051
247600 37.5479660034
247800 40.4289741516
248000 24.5110626221
248200 27.2376594543
248400 35.7331161499
248600 32.4674377441
248800 44.5390625
249000 35.1816368103
249200 16.869594574
249400 32.4736061096
249600 27.1060066223
249800 24.4622116089
250000 33.6289520264
250200 39.6629867554
250400 37.9673957825
250600 40.2442207336
250800 42.3723297119
251000 19.871805191
251200 62.8707847595
251400 37.7163467407
251600 37.3448143005
251800 27.1548347473
252000 41.1059951782
252200 44.0692672729
252400 32.3981628418
252600 45.0792541504
252800 18.9491901398
253000 42.2840843201
253200 37.436000824
253400 32.6785507202
253600 29.9431343079
253800 34.9518280029
254000 30.1206893921
254200 19.3278217316
254400 37.2647819519
254600 40.0603256226
254800 35.0038604736
255000 38.4577560425
255200 33.1647567749
255400 45.2300834656
255600 49.1779022217
255800 51.6158218384
256000 38.0217132568
256200 16.7163276672
256400 29.9058990479
256600 42.4750289917
256800 26.9777526855
257000 32.4987106323
257200 46.607257843
257400 17.7428951263
257600 27.1240005493
257800 48.3660850525
258000 35.5261306763
258200 44.178024292
258400 36.4999885559
258600 16.2079219818
258800 37.7965774536
259000 29.5482902527
259200 35.5508956909
259400 31.6376724243
259600 20.6384677887
259800 43.2433433533
260000 47.5634346008
260200 23.2508239746
260400 27.5631904602
260600 18.7871799469
260800 32.7414855957
261000 39.8831596375
261200 24.3764514923
261400 36.3064727783
261600 47.6771011353
261800 27.4363193512
262000 34.9001464844
262200 29.724067688
262400 40.3227119446
262600 29.8553676605
262800 29.7828178406
263000 21.6122722626
263200 32.7902793884
263400 42.2991790771
263600 35.2130851746
263800 37.6220436096
264000 20.9155254364
264200 20.0181102753
264400 40.2046051025
264600 32.4658660889
264800 32.3970680237
265000 42.3221702576
265200 24.4737739563
265400 42.4312171936
265600 32.3877029419
265800 22.405128479
266000 30.5782146454
266200 35.0046157837
266400 35.1338272095
266600 37.4767112732
266800 35.0977058411
267000 37.3507423401
267200 47.1739730835
267400 15.1659402847
267600 46.7740745544
267800 24.6650028229
268000 32.6538619995
268200 35.2694320679
268400 42.9306182861
268600 24.5641441345
268800 35.1560249329
269000 24.4177379608
269200 27.2158126831
269400 43.8626937866
269600 32.3666496277
269800 35.1867599487
270000 27.1061973572
270200 29.666185379
270400 37.5947113037
270600 42.4688415527
270800 37.5880088806
271000 39.8578338623
271200 11.6009073257
271400 37.3059921265
271600 33.5253219604
271800 42.6043205261
272000 22.0154418945
272200 21.8210296631
272400 26.9893569946
272600 44.087638855
272800 32.6245002747
273000 32.7495880127
273200 32.6148986816
273400 47.721282959
273600 22.0165405273
273800 47.8066253662
274000 30.0087909698
274200 25.0411376953
274400 32.8613891602
274600 48.5626602173
274800 35.6055717468
275000 35.1078186035
275200 17.5787792206
275400 19.9393825531
275600 39.8318786621
275800 18.7649917603
276000 41.9377708435
276200 40.4883041382
276400 22.3627548218
276600 20.9442882538
276800 27.1742343903
277000 36.1615257263
277200 39.734172821
277400 25.0907974243
277600 35.2036399841
277800 32.2429504395
278000 29.0231666565
278200 25.1991004944
278400 32.3979797363
278600 27.4500579834
278800 35.122341156
279000 32.6810340881
279200 40.4150009155
279400 34.4142417908
279600 24.8152542114
279800 46.9430503845
280000 35.3113555908
280200 30.1016330719
280400 37.5110740662
280600 32.3669891357
280800 35.3957099915
281000 24.3432121277
281200 40.1026763916
281400 22.424156189
281600 24.63306427
281800 17.2215213776
282000 19.4032115936
282200 32.8014373779
282400 35.1218719482
282600 37.4639778137
282800 47.6195297241
283000 43.6247825623
283200 29.8274478912
283400 24.3803043365
283600 35.0882720947
283800 45.1644935608
284000 33.0485458374
284200 24.8790988922
284400 21.6169834137
284600 37.4873504639
284800 35.6134719849
285000 39.1866760254
285200 40.0489120483
285400 34.9103889465
285600 28.382434845
285800 35.2647018433
286000 32.4765510559
286200 26.9965438843
286400 42.4730491638
286600 37.3977165222
286800 32.4566307068
287000 29.8414001465
287200 29.8158931732
287400 47.9417762756
287600 29.9366188049
287800 22.2851772308
288000 39.2537078857
288200 44.8088912964
288400 23.0845069885
288600 14.9028148651
288800 39.9540481567
289000 32.7247543335
289200 32.7936477661
289400 40.1862983704
289600 32.3325843811
289800 21.6694774628
290000 29.8035869598
290200 32.4122467041
290400 37.9004364014
290600 54.6329727173
290800 32.3902397156
291000 38.4346656799
291200 27.0992698669
291400 24.4834938049
291600 32.3086929321
291800 54.7551498413
292000 38.1236076355
292200 29.6950531006
292400 37.5765228271
292600 33.2928543091
292800 45.3921279907
293000 45.5546340942
293200 27.0939235687
293400 36.3550262451
293600 27.3276500702
293800 38.291015625
294000 42.323387146
294200 34.7808380127
294400 32.5301055908
294600 52.1081695557
294800 30.7136936188
295000 17.3077220917
295200 32.461391449
295400 23.2808437347
295600 44.2317123413
295800 53.8713493347
296000 29.8584194183
296200 47.015750885
296400 40.2424964905
296600 35.8540878296
296800 42.3190231323
297000 29.7835083008
297200 35.0798912048
297400 18.8982887268
297600 30.0190734863
297800 22.0190582275
298000 32.6183319092
298200 44.0563774109
298400 29.6078681946
298600 27.1065750122
298800 30.6976642609
299000 29.6042003632
299200 30.0753555298
299400 37.8076019287
299600 35.3491783142
299800 21.8888187408
300000 27.003080368
300200 22.8335952759
300400 35.4975700378
300600 40.8588409424
300800 34.9472846985
301000 29.8428688049
301200 32.1356811523
301400 47.0566215515
301600 34.8664665222
301800 21.8677368164
302000 29.9144744873
302200 37.6858329773
302400 30.1457748413
302600 40.0898742676
302800 37.345123291
303000 27.2423267365
303200 16.7559299469
303400 8.76404857635
303600 40.2187042236
303800 45.8618927002
304000 35.196521759
304200 27.6395530701
304400 40.8287773132
304600 16.0700454712
304800 31.4933414459
305000 30.0970134735
305200 42.9246864319
305400 34.9063682556
305600 27.8227481842
305800 40.6330032349
306000 18.9981479645
306200 27.1924953461
306400 27.6942901611
306600 39.9241104126
306800 32.3171768188
307000 37.9152641296
307200 41.1754074097
307400 42.5643234253
307600 29.9047660828
307800 21.6582050323
308000 32.458442688
308200 25.7199554443
308400 21.896686554
308600 17.2612190247
308800 42.6181144714
309000 27.2357234955
309200 22.8955974579
309400 24.4625148773
309600 40.4193153381
309800 24.4643764496
310000 45.2787704468
310200 37.4180450439
310400 32.4698677063
310600 30.0950050354
310800 30.7394218445
311000 33.7449607849
311200 37.7804946899
311400 30.1580181122
311600 45.5178565979
311800 35.2659873962
312000 35.2935600281
312200 37.6475830078
312400 40.4598693848
312600 29.8630580902
312800 27.3697166443
313000 32.2575759888
313200 35.4836502075
313400 40.0969467163
313600 27.3254451752
313800 34.7014503479
314000 30.4640026093
314200 35.1787567139
314400 27.1898479462
314600 30.1934986115
314800 22.5299396515
315000 26.9803028107
315200 35.0028953552
315400 23.6377353668
315600 16.3550281525
315800 29.8810214996
316000 38.4994392395
316200 29.7053756714
316400 42.6361923218
316600 32.6709899902
316800 47.0030288696
317000 32.2765769958
317200 28.6061515808
317400 32.1342353821
317600 34.8411903381
317800 24.6068115234
318000 34.9845161438
318200 29.8709106445
318400 23.3168296814
