0, 0.4983, 6.243
1, 0.5001, 1.204
2, 0.4979, 0.412
3, 0.4856, 0.433
4, 0.4641, 0.402
5, 0.4800, 0.408
6, 0.4815, 0.422
7, 0.5006, 0.416
8, 0.5290, 0.423
9, 0.4946, 0.448
10, 0.5267, 0.423
11, 0.5155, 2.909
12, 0.4869, 3.713
13, 0.4840, 12.413
14, 0.4968, 0.440
15, 0.4853, 0.459
16, 0.4558, 0.470
17, 0.5664, 0.452
18, 0.4808, 0.489
19, 0.5019, 0.453
20, 0.5213, 0.416
21, 0.5067, 0.422
22, 0.4894, 0.452
23, 0.4815, 0.416
24, 0.5353, 0.430
25, 0.4998, 0.423
26, 0.5407, 0.427
27, 0.5201, 0.422
28, 0.4902, 0.426
29, 0.5016, 0.603
30, 0.5049, 7.249
31, 0.4962, 7.845
32, 0.4919, 0.416
33, 0.5061, 0.446
34, 0.5184, 0.409
35, 0.5106, 0.422
36, 0.5083, 1.895
37, 0.4797, 0.454
38, 0.5038, 0.481
39, 0.5037, 0.427
40, 0.5049, 0.416
41, 0.5024, 0.430
42, 0.5015, 0.439
43, 0.4914, 0.434
44, 0.5067, 0.459
45, 0.4922, 0.428
46, 0.4979, 0.421
47, 0.5020, 6.541
48, 0.4876, 0.403
49, 0.4965, 0.398
50, 0.5095, 0.452
51, 0.4982, 0.427
52, 0.4994, 0.432
53, 0.4986, 0.409
54, 0.4922, 0.464
55, 0.5069, 0.411
56, 0.5043, 0.442
57, 0.4998, 0.449
58, 0.4958, 0.430
59, 0.4986, 0.424
60, 0.4840, 0.416
61, 0.5025, 0.437
62, 0.5001, 0.427
63, 0.5122, 7.867
64, 0.5097, 0.413
65, 0.5008, 0.428
66, 0.4827, 0.420
67, 0.4836, 0.444
68, 0.5047, 0.426
69, 0.4997, 0.416
70, 0.4709, 3.455
71, 0.4960, 0.414
72, 0.4620, 0.436
73, 0.4787, 0.430
74, 0.5161, 0.429
75, 0.5108, 0.405
76, 0.5065, 0.437
77, 0.5013, 0.452
78, 0.5249, 5.552
79, 0.4892, 0.413
80, 0.4963, 0.441
81, 0.5082, 0.430
82, 0.4919, 0.447
83, 0.4849, 0.445
84, 0.5042, 0.447
85, 0.5160, 0.448
86, 0.5058, 0.421
87, 0.4714, 0.423
88, 0.5055, 0.409
89, 0.5030, 0.428
90, 0.5197, 0.432
91, 0.5061, 0.420
92, 0.4814, 0.433
93, 0.5158, 1.103
94, 0.4750, 0.428
95, 0.5357, 0.707
96, 0.4732, 0.436
97, 0.5197, 0.468
98, 0.5023, 0.416
99, 0.5025, 0.422
100, 0.4912, 0.434
101, 0.5061, 0.980
102, 0.4702, 0.406
103, 0.5095, 0.421
104, 0.4944, 0.450
105, 0.5198, 0.444
106, 0.4807, 0.563
107, 0.5073, 0.426
108, 0.4949, 1.241
109, 0.4822, 0.488
110, 0.4885, 0.413
111, 0.4916, 1.879
112, 0.5046, 0.920
113, 0.5098, 0.403
114, 0.4977, 0.432
115, 0.5239, 0.426
116, 0.5093, 0.432
117, 0.5328, 0.442
118, 0.4890, 0.425
119, 0.5149, 0.444
120, 0.4956, 0.438
121, 0.5024, 0.444
122, 0.5141, 0.446
123, 0.4964, 0.453
124, 0.5112, 0.441
125, 0.5069, 0.439
126, 0.4905, 0.439
127, 0.5000, 0.423
128, 0.4732, 0.429
129, 0.4998, 0.427
130, 0.5250, 1.616
131, 0.5196, 0.416
132, 0.5058, 0.407
133, 0.5079, 0.435
134, 0.5077, 0.458
135, 0.5013, 0.431
136, 0.5015, 0.483
137, 0.4798, 0.426
138, 0.4999, 0.979
139, 0.5054, 0.402
140, 0.4945, 0.951
141, 0.4948, 0.407
142, 0.4929, 0.452
143, 0.5081, 0.433
144, 0.5165, 0.416
145, 0.5018, 0.435
146, 0.4814, 0.429
147, 0.4958, 0.433
148, 0.5241, 1.499
149, 0.5046, 0.411
150, 0.5019, 0.438
151, 0.5039, 0.472
152, 0.5074, 0.425
153, 0.4879, 0.415
154, 0.4940, 0.446
155, 0.5063, 0.439
156, 0.4689, 0.423
157, 0.5113, 0.444
158, 0.4825, 0.436
159, 0.5026, 0.430
160, 0.4907, 0.433
161, 0.5096, 0.424
162, 0.5122, 0.440
163, 0.4911, 0.429
164, 0.5046, 0.539
165, 0.5026, 0.455
166, 0.4980, 1.626
167, 0.5110, 0.422
168, 0.5131, 0.436
169, 0.4885, 0.415
170, 0.4704, 0.425
171, 0.5016, 0.426
172, 0.4963, 0.742
173, 0.5106, 0.430
174, 0.5059, 0.441
175, 0.5042, 0.437
176, 0.5064, 0.446
177, 0.5233, 0.438
178, 0.5166, 0.412
179, 0.4810, 0.411
180, 0.5049, 0.416
181, 0.5024, 0.412
182, 0.4923, 0.417
183, 0.5144, 0.424
184, 0.5031, 0.423
185, 0.4915, 0.423
186, 0.4863, 0.421
187, 0.4868, 0.423
188, 0.5081, 0.496
189, 0.4978, 0.427
190, 0.5054, 0.427
191, 0.5036, 0.424
192, 0.4898, 0.422
193, 0.4898, 0.413
194, 0.5117, 0.415
195, 0.4833, 0.421
196, 0.4908, 0.433
197, 0.4980, 0.453
198, 0.5047, 0.448
199, 0.4701, 0.426
200, 0.5174, 0.443
201, 0.4820, 0.411
202, 0.5283, 0.405
203, 0.5033, 0.420
204, 0.4941, 0.407
205, 0.5238, 0.429
206, 0.4990, 0.578
207, 0.4933, 0.400
208, 0.4851, 0.406
209, 0.4788, 1.200
210, 0.4893, 0.399
211, 0.4910, 0.421
212, 0.4965, 0.402
213, 0.5096, 0.423
214, 0.4847, 0.443
215, 0.5139, 0.424
216, 0.5021, 0.444
217, 0.4977, 0.429
218, 0.4955, 0.424
219, 0.4711, 0.423
220, 0.5093, 0.415
221, 0.5008, 0.421
222, 0.5020, 0.413
223, 0.4841, 0.416
224, 0.4715, 0.422
225, 0.5120, 0.419
226, 0.5006, 0.410
227, 0.4965, 0.416
228, 0.4837, 0.421
229, 0.4960, 0.425
230, 0.4857, 0.418
231, 0.4687, 0.451
232, 0.4570, 0.449
233, 0.4486, 0.460
234, 0.4604, 0.453
235, 0.4636, 0.446
236, 0.4230, 0.414
237, 0.4264, 0.410
238, 0.4113, 0.392
239, 0.3340, 0.399
240, 0.3694, 0.420
241, 0.4289, 0.524
242, 0.4141, 0.407
243, 0.3195, 0.390
244, 0.3548, 0.394
245, 0.3311, 1.183
246, 0.4852, 0.397
247, 0.4763, 0.432
248, 0.4646, 0.460
249, 0.4812, 0.453
250, 0.4395, 0.489
251, 0.3944, 0.487
252, 0.3555, 0.428
253, 0.4112, 0.454
254, 0.4079, 0.457
255, 0.4482, 0.456
256, 0.4095, 0.461
257, 0.4443, 0.477
258, 0.3850, 0.453
259, 0.3696, 0.431
260, 0.3322, 0.426
261, 0.3121, 0.441
262, 0.3958, 0.534
263, 0.3586, 0.420
264, 0.3611, 0.461
265, 0.3650, 0.437
266, 0.2953, 0.429
267, 0.4748, 0.435
268, 0.3821, 0.429
269, 0.3651, 0.435
270, 0.4737, 0.428
271, 0.3604, 0.433
272, 0.3394, 0.434
273, 0.3605, 0.428
274, 0.3396, 0.427
275, 0.4551, 0.526
276, 0.3094, 0.425
277, 0.3007, 0.419
278, 0.3580, 0.425
279, 0.3516, 0.452
280, 0.3384, 0.439
281, 0.4137, 0.427
282, 0.2628, 0.420
283, 0.2622, 0.422
284, 0.2890, 0.425
285, 0.3771, 0.412
286, 0.4382, 0.409
287, 0.3405, 0.414
288, 0.4251, 0.422
289, 0.2932, 0.420
290, 0.3392, 0.421
291, 0.3833, 0.424
292, 0.2509, 0.421
293, 0.2977, 0.418
294, 0.4429, 0.428
295, 0.2611, 0.414
296, 0.3160, 0.411
297, 0.3475, 0.417
298, 0.3234, 0.422
299, 0.2287, 0.415
300, 0.3336, 0.414
301, 0.2815, 0.416
302, 0.2772, 0.417
303, 0.3102, 0.416
304, 0.2622, 0.415
305, 0.2421, 0.415
306, 0.2523, 0.418
307, 0.2443, 0.415
308, 0.2960, 0.427
309, 0.3204, 0.413
310, 0.3751, 0.414
311, 0.3838, 0.413
312, 0.3640, 0.410
313, 0.3658, 0.423
314, 0.3975, 0.410
315, 0.3162, 0.414
316, 0.3040, 0.415
317, 0.4331, 0.408
318, 0.2628, 0.415
319, 0.3614, 0.424
320, 0.4071, 0.431
321, 0.3946, 0.419
322, 0.3135, 0.419
323, 0.2430, 0.429
324, 0.2844, 0.415
325, 0.3566, 0.427
326, 0.3941, 0.422
327, 0.3473, 0.431
328, 0.3605, 0.408
329, 0.3656, 0.410
330, 0.2590, 0.417
331, 0.2744, 0.413
332, 0.3156, 0.419
333, 0.2336, 0.414
334, 0.3205, 0.416
335, 0.2342, 0.425
336, 0.3310, 0.422
337, 0.2911, 0.406
338, 0.2579, 0.420
339, 0.2333, 0.418
340, 0.3120, 0.417
341, 0.2831, 0.415
342, 0.1891, 0.413
343, 0.1853, 0.412
344, 0.2488, 0.417
345, 0.3398, 0.426
346, 0.2335, 0.418
347, 0.3659, 0.418
348, 0.3920, 0.413
349, 0.3130, 0.417
350, 0.2666, 0.410
351, 0.2860, 0.423
352, 0.2106, 0.409
353, 0.3517, 0.418
354, 0.3014, 0.413
355, 0.3775, 0.430
356, 0.2925, 0.420
357, 0.2326, 0.420
358, 0.3077, 0.415
359, 0.3818, 0.418
360, 0.2561, 0.418
361, 0.3752, 0.414
362, 0.3899, 0.420
363, 0.3115, 0.427
364, 0.3702, 0.419
365, 0.2568, 0.418
366, 0.3330, 0.416
367, 0.3127, 0.416
368, 0.3680, 0.416
369, 0.3047, 0.435
370, 0.2451, 0.428
371, 0.2690, 0.421
372, 0.2720, 0.418
373, 0.3446, 0.420
374, 0.3339, 0.416
375, 0.2933, 0.417
376, 0.3186, 0.421
377, 0.2707, 0.417
378, 0.2805, 0.420
379, 0.1973, 0.428
380, 0.1704, 0.421
381, 0.2292, 0.419
382, 0.3196, 0.424
383, 0.2110, 0.417
384, 0.2610, 0.418
385, 0.3438, 0.423
386, 0.3177, 0.418
387, 0.3370, 0.423
388, 0.2879, 0.426
389, 0.3624, 0.479
390, 0.2720, 0.415
391, 0.2666, 0.415
392, 0.2095, 0.417
393, 0.2998, 0.418
394, 0.2366, 0.415
395, 0.2256, 0.413
396, 0.2912, 0.392
397, 0.2571, 0.394
398, 0.3382, 0.392
399, 0.2233, 0.392
400, 0.3243, 0.394
401, 0.3785, 0.399
402, 0.2750, 0.425
403, 0.2797, 0.427
404, 0.1900, 0.426
405, 0.2586, 0.410
406, 0.2450, 0.395
407, 0.2243, 0.416
408, 0.3890, 0.417
409, 0.2210, 0.416
410, 0.3299, 0.417
411, 0.2822, 0.424
412, 0.2979, 0.414
413, 0.2903, 0.420
414, 0.3560, 0.418
415, 0.3513, 0.431
416, 0.3711, 0.447
417, 0.3486, 0.417
418, 0.3827, 0.425
419, 0.3355, 0.422
420, 0.3032, 0.414
421, 0.3181, 0.414
422, 0.3845, 0.418
423, 0.2757, 0.415
424, 0.2755, 0.425
425, 0.2622, 0.421
426, 0.2723, 0.422
427, 0.2953, 0.416
428, 0.1920, 0.429
429, 0.3274, 0.428
430, 0.4318, 0.425
431, 0.3936, 0.424
432, 0.3018, 0.419
433, 0.3216, 0.420
434, 0.2907, 0.419
435, 0.2784, 0.419
436, 0.2390, 0.414
437, 0.3113, 0.417
438, 0.3022, 0.422
439, 0.3277, 0.425
440, 0.2602, 0.422
441, 0.2071, 0.431
442, 0.3006, 0.430
443, 0.2982, 0.425
444, 0.1786, 0.425
445, 0.2141, 0.414
446, 0.2703, 0.433
447, 0.2630, 0.417
448, 0.3114, 0.414
449, 0.2544, 0.415
450, 0.3023, 0.418
451, 0.2261, 0.420
452, 0.2784, 0.413
453, 0.2558, 0.414
454, 0.2426, 0.439
455, 0.3225, 0.429
456, 0.2423, 0.424
457, 0.2472, 0.419
458, 0.3233, 0.423
459, 0.2817, 0.420
460, 0.3015, 0.505
461, 0.2132, 0.414
462, 0.3295, 0.415
463, 0.3400, 0.413
464, 0.2349, 0.427
465, 0.3653, 0.427
466, 0.1700, 0.417
467, 0.2685, 0.419
468, 0.1991, 0.421
469, 0.3474, 0.423
470, 0.2152, 0.421
471, 0.1569, 0.418
472, 0.3199, 0.416
473, 0.2363, 0.416
474, 0.3131, 0.420
475, 0.2974, 0.413
476, 0.2586, 0.430
477, 0.2565, 0.423
478, 0.2171, 0.422
479, 0.2256, 0.416
480, 0.1683, 0.423
481, 0.1448, 0.410
482, 0.2579, 0.421
483, 0.2438, 0.416
484, 0.1948, 0.421
485, 0.2081, 0.425
486, 0.2433, 0.431
487, 0.1786, 0.429
488, 0.2229, 0.424
489, 0.2455, 0.427
490, 0.2358, 0.422
491, 0.1875, 0.415
492, 0.2539, 0.432
493, 0.2112, 0.425
494, 0.3274, 0.415
495, 0.2571, 0.420
496, 0.2227, 0.417
497, 0.2314, 0.409
498, 0.1351, 0.411
499, 0.1715, 0.413
500, 0.2641, 0.427
501, 0.2731, 0.414
502, 0.1684, 0.409
503, 0.1737, 0.412
504, 0.2422, 0.425
505, 0.1897, 0.421
506, 0.3714, 0.427
507, 0.2928, 0.430
508, 0.1939, 0.411
509, 0.2506, 0.422
510, 0.2589, 0.432
511, 0.2662, 0.412
512, 0.2588, 0.413
513, 0.2773, 0.410
514, 0.2534, 0.427
515, 0.2434, 0.415
516, 0.2135, 0.411
517, 0.2196, 0.414
518, 0.2067, 0.415
519, 0.2455, 0.403
520, 0.2094, 0.423
521, 0.1833, 0.424
522, 0.2169, 0.418
523, 0.2523, 0.414
524, 0.2259, 0.411
525, 0.2361, 0.413
526, 0.1681, 0.410
527, 0.2866, 0.415
528, 0.3219, 0.414
529, 0.3134, 0.411
530, 0.2391, 0.406
531, 0.2058, 0.405
532, 0.1627, 0.416
533, 0.2916, 0.412
534, 0.2129, 0.408
535, 0.3091, 0.410
536, 0.2664, 0.419
537, 0.3066, 0.420
538, 0.3097, 0.413
539, 0.3168, 0.414
540, 0.2109, 0.416
541, 0.2185, 0.418
542, 0.1738, 0.413
543, 0.2260, 0.417
544, 0.2937, 0.415
545, 0.2708, 0.421
546, 0.1805, 0.420
547, 0.2394, 0.418
548, 0.2248, 0.410
549, 0.1920, 0.422
550, 0.1717, 0.429
551, 0.2287, 0.409
552, 0.2711, 0.411
553, 0.2519, 0.414
554, 0.1915, 0.406
555, 0.2605, 0.470
556, 0.2277, 0.398
557, 0.4447, 0.414
558, 0.1714, 0.397
559, 0.2086, 0.413
560, 0.2896, 0.392
561, 0.2323, 0.391
562, 0.2228, 1.217
563, 0.2935, 0.400
564, 0.2233, 0.407
565, 0.2157, 0.546
566, 0.1992, 0.416
567, 0.2129, 0.419
568, 0.2229, 0.418
569, 0.2042, 0.422
570, 0.1871, 0.415
571, 0.1473, 0.417
572, 0.1643, 0.414
573, 0.1823, 0.425
574, 0.2666, 0.416
575, 0.2161, 0.415
576, 0.1429, 0.419
577, 0.1115, 0.417
578, 0.2226, 0.418
579, 0.1962, 0.420
580, 0.2398, 0.418
581, 0.3253, 0.415
582, 0.2039, 0.431
583, 0.2086, 0.415
584, 0.2994, 0.418
585, 0.2399, 0.416
586, 0.1941, 0.417
587, 0.1660, 0.417
588, 0.2354, 0.421
589, 0.3780, 0.418
590, 0.3163, 0.417
591, 0.1834, 0.417
592, 0.2522, 0.418
593, 0.2327, 0.424
594, 0.2602, 0.417
595, 0.3716, 0.416
596, 0.2665, 0.418
597, 0.1900, 0.420
598, 0.1722, 0.452
599, 0.2117, 0.424
600, 0.2125, 0.439
601, 0.2583, 0.409
602, 0.2032, 0.416
603, 0.3159, 0.444
604, 0.2482, 0.433
605, 0.1803, 0.423
606, 0.2163, 0.418
607, 0.1946, 0.420
608, 0.2688, 0.417
609, 0.2434, 0.441
610, 0.1988, 0.417
611, 0.3141, 0.518
612, 0.1775, 0.416
613, 0.2245, 0.416
614, 0.1708, 0.441
615, 0.2292, 0.418
616, 0.2001, 0.412
617, 0.2640, 0.415
618, 0.2096, 0.418
619, 0.2237, 0.516
620, 0.2335, 0.424
621, 0.2227, 0.417
622, 0.2133, 0.415
623, 0.2885, 0.414
624, 0.2722, 0.404
625, 0.1853, 0.423
626, 0.2315, 0.433
627, 0.1849, 0.427
628, 0.1754, 0.427
629, 0.1670, 0.428
630, 0.2203, 0.425
631, 0.1332, 0.417
632, 0.2441, 0.421
633, 0.2403, 0.418
634, 0.2233, 0.425
635, 0.2508, 0.421
636, 0.1907, 0.418
637, 0.1648, 0.417
638, 0.2328, 0.418
639, 0.4112, 0.420
640, 0.2447, 0.416
641, 0.1678, 0.500
642, 0.2620, 0.418
643, 0.1848, 0.421
644, 0.1964, 0.428
645, 0.1637, 0.425
646, 0.1942, 0.415
647, 0.2168, 0.416
648, 0.2284, 0.417
649, 0.2823, 0.426
650, 0.1248, 0.418
651, 0.3717, 0.412
652, 0.2478, 0.412
653, 0.1938, 0.413
654, 0.2112, 0.415
655, 0.3205, 0.434
656, 0.2573, 0.430
657, 0.1770, 0.426
658, 0.2241, 0.424
659, 0.2138, 0.422
660, 0.2229, 0.413
661, 0.2327, 0.413
662, 0.1576, 0.412
663, 0.1527, 0.410
664, 0.2407, 0.414
665, 0.1877, 0.415
666, 0.2151, 0.415
667, 0.2664, 0.408
668, 0.2824, 0.415
669, 0.1576, 0.417
670, 0.2086, 0.418
671, 0.2643, 0.416
672, 0.1726, 0.410
673, 0.2279, 0.414
674, 0.1577, 0.420
675, 0.2329, 0.426
676, 0.1749, 0.414
677, 0.2053, 0.411
678, 0.1465, 0.410
679, 0.2573, 0.405
680, 0.2021, 0.416
681, 0.2564, 0.412
682, 0.2350, 0.413
683, 0.1777, 0.421
684, 0.2523, 0.410
685, 0.1954, 0.411
686, 0.2265, 0.411
687, 0.2424, 0.410
688, 0.2331, 0.409
689, 0.2057, 0.418
690, 0.2195, 0.419
691, 0.2456, 0.413
692, 0.2512, 0.418
693, 0.2347, 0.417
694, 0.2283, 0.423
695, 0.1976, 0.419
696, 0.2626, 0.416
697, 0.1863, 0.413
698, 0.1981, 0.408
699, 0.1837, 0.413
700, 0.1986, 0.412
701, 0.2157, 0.409
702, 0.2353, 0.420
703, 0.1896, 0.413
704, 0.1904, 0.411
705, 0.2713, 0.411
706, 0.3163, 0.414
707, 0.1991, 0.417
708, 0.2300, 0.413
709, 0.1991, 0.414
710, 0.1353, 0.430
711, 0.3569, 0.412
712, 0.2039, 0.415
713, 0.2795, 0.414
714, 0.2020, 0.409
715, 0.2745, 0.391
716, 0.2023, 0.409
717, 0.1881, 0.396
718, 0.2226, 0.395
719, 0.3017, 0.412
720, 0.1757, 0.407
721, 0.1639, 0.416
722, 0.2688, 0.665
723, 0.1596, 0.392
724, 0.1759, 0.420
725, 0.2134, 0.408
726, 0.2638, 0.422
727, 0.2724, 0.421
728, 0.3106, 0.422
729, 0.2712, 0.419
730, 0.2388, 0.412
731, 0.2327, 0.418
732, 0.2915, 0.414
733, 0.2519, 0.417
734, 0.1831, 0.413
735, 0.2025, 0.407
736, 0.2307, 0.407
737, 0.2023, 0.412
738, 0.2225, 0.410
739, 0.2375, 0.414
740, 0.2396, 0.415
741, 0.2310, 0.407
742, 0.1760, 0.410
743, 0.2538, 0.415
744, 0.1914, 0.408
745, 0.1962, 0.413
746, 0.1771, 0.410
747, 0.1462, 0.414
748, 0.2204, 0.412
749, 0.2087, 0.412
750, 0.2140, 0.415
751, 0.2748, 0.415
752, 0.2485, 0.409
753, 0.2469, 0.409
754, 0.2172, 0.408
755, 0.2333, 0.408
756, 0.2132, 0.412
757, 0.1844, 0.424
758, 0.2130, 0.420
759, 0.1515, 0.422
760, 0.2394, 0.426
761, 0.2519, 0.418
762, 0.2100, 0.418
763, 0.2235, 0.424
764, 0.2490, 0.424
765, 0.3156, 0.413
766, 0.2152, 0.425
767, 0.1688, 0.429
768, 0.2550, 0.424
769, 0.1799, 0.417
770, 0.2582, 0.426
771, 0.1896, 0.418
772, 0.1833, 0.417
773, 0.2361, 0.416
774, 0.1954, 0.414
775, 0.1193, 0.416
776, 0.3104, 0.423
777, 0.2791, 0.419
778, 0.2772, 0.421
779, 0.1550, 0.417
780, 0.2345, 0.422
781, 0.2141, 0.419
782, 0.2589, 0.422
783, 0.1952, 0.416
784, 0.2095, 0.424
785, 0.2580, 0.426
786, 0.2349, 0.417
787, 0.2878, 0.420
788, 0.2666, 0.419
789, 0.2364, 0.417
790, 0.1972, 0.422
791, 0.1818, 0.437
792, 0.1994, 0.424
793, 0.3252, 0.519
794, 0.2586, 0.421
795, 0.1895, 0.418
796, 0.2388, 0.418
797, 0.1825, 0.462
798, 0.2130, 0.455
799, 0.2184, 0.473
800, 0.1663, 0.418
801, 0.2359, 0.407
802, 0.1728, 0.422
803, 0.2089, 0.420
804, 0.2069, 0.432
805, 0.2050, 0.425
806, 0.2100, 0.418
807, 0.2204, 0.418
808, 0.1814, 0.430
809, 0.1138, 0.420
810, 0.1604, 0.514
811, 0.2070, 0.420
812, 0.1511, 0.418
813, 0.2087, 0.420
814, 0.2457, 0.424
815, 0.2432, 0.429
816, 0.1640, 0.430
817, 0.2297, 0.421
818, 0.2386, 0.422
819, 0.2210, 0.424
820, 0.2388, 0.425
821, 0.2501, 0.421
822, 0.2237, 0.422
823, 0.2863, 0.419
824, 0.3196, 0.419
825, 0.2111, 0.422
826, 0.1849, 0.437
827, 0.2087, 0.417
828, 0.1905, 0.419
829, 0.1906, 0.419
830, 0.1839, 0.426
831, 0.1419, 0.424
832, 0.2219, 0.417
833, 0.2587, 0.420
834, 0.1846, 0.421
835, 0.1647, 0.423
836, 0.1998, 0.426
837, 0.1950, 0.422
838, 0.2786, 0.417
839, 0.2240, 0.417
840, 0.1998, 0.420
841, 0.2398, 0.417
842, 0.1689, 0.425
843, 0.1988, 0.495
844, 0.1527, 0.420
845, 0.1413, 0.426
846, 0.2311, 0.420
847, 0.2111, 0.433
848, 0.1993, 0.421
849, 0.2415, 0.416
850, 0.2585, 0.422
851, 0.2481, 0.432
852, 0.1802, 0.427
853, 0.2096, 0.425
854, 0.2699, 0.424
855, 0.2395, 0.409
856, 0.1115, 0.417
857, 0.1816, 0.410
858, 0.2068, 0.424
859, 0.1853, 0.416
860, 0.1787, 0.414
861, 0.1925, 0.425
862, 0.2271, 0.414
863, 0.2561, 0.419
864, 0.2026, 0.414
865, 0.3280, 0.407
866, 0.1919, 0.415
867, 0.2541, 0.417
868, 0.2379, 0.415
869, 0.2110, 0.410
870, 0.1732, 0.411
871, 0.1994, 0.392
872, 0.2200, 0.409
873, 0.2195, 0.412
874, 0.1893, 0.415
875, 0.1038, 0.415
876, 0.1434, 0.392
877, 0.1401, 0.448
878, 0.2403, 1.414
879, 0.2932, 0.400
880, 0.1737, 0.421
881, 0.2768, 0.413
882, 0.0949, 0.428
883, 0.1322, 0.412
884, 0.1466, 0.413
885, 0.1400, 0.485
886, 0.1900, 0.388
887, 0.1308, 0.408
888, 0.2669, 0.413
889, 0.2011, 0.418
890, 0.1557, 0.412
891, 0.2149, 0.416
892, 0.2152, 0.416
893, 0.1525, 0.411
894, 0.2567, 0.412
895, 0.0699, 0.416
896, 0.0730, 0.498
897, 0.1789, 0.418
898, 0.1619, 0.414
899, 0.1885, 0.407
900, 0.2382, 0.413
901, 0.1719, 0.407
902, 0.1486, 0.412
903, 0.2425, 0.410
904, 0.2287, 0.413
905, 0.1400, 0.415
906, 0.1437, 0.413
907, 0.2551, 0.417
908, 0.1370, 0.421
909, 0.1723, 0.417
910, 0.1676, 0.411
911, 0.1856, 0.411
912, 0.1873, 0.413
913, 0.2401, 0.410
914, 0.2375, 0.419
915, 0.2262, 0.418
916, 0.1529, 0.414
917, 0.1566, 0.427
918, 0.1791, 0.406
919, 0.1682, 0.413
920, 0.2249, 0.411
921, 0.3147, 0.414
922, 0.2162, 0.416
923, 0.2437, 0.415
924, 0.1682, 0.411
925, 0.1723, 0.414
926, 0.1859, 0.415
927, 0.1452, 0.419
928, 0.2496, 0.416
929, 0.1498, 0.413
930, 0.1596, 0.414
931, 0.1285, 0.412
932, 0.1841, 0.417
933, 0.1414, 0.413
934, 0.1840, 0.412
935, 0.1244, 0.414
936, 0.2116, 0.417
937, 0.2133, 0.426
938, 0.1916, 0.415
939, 0.1538, 0.411
940, 0.2152, 0.413
941, 0.3406, 0.417
942, 0.2133, 0.409
943, 0.3186, 0.422
944, 0.1788, 0.416
945, 0.2262, 0.413
946, 0.2466, 0.411
947, 0.2389, 0.415
948, 0.1693, 0.422
949, 0.2121, 0.408
950, 0.1579, 0.405
951, 0.1615, 0.418
952, 0.2017, 0.418
953, 0.0777, 0.414
954, 0.1340, 0.408
955, 0.1502, 0.412
956, 0.3278, 0.429
957, 0.1558, 0.429
958, 0.1919, 0.427
959, 0.1655, 0.423
960, 0.1972, 0.417
961, 0.1586, 0.414
962, 0.2262, 0.420
963, 0.3349, 0.421
964, 0.2147, 0.414
965, 0.1203, 0.413
966, 0.3193, 0.412
967, 0.1322, 0.418
968, 0.1938, 0.420
969, 0.1669, 0.422
970, 0.2026, 0.421
971, 0.1751, 0.427
972, 0.1834, 0.427
973, 0.1733, 0.430
974, 0.1291, 0.422
975, 0.1247, 0.421
976, 0.2174, 0.418
977, 0.2270, 0.418
978, 0.2008, 0.421
979, 0.1072, 0.416
980, 0.2386, 0.423
981, 0.2305, 0.419
982, 0.2834, 0.425
983, 0.2088, 0.423
984, 0.2369, 0.428
985, 0.2843, 0.457
986, 0.2016, 0.422
987, 0.1798, 0.416
988, 0.2343, 0.414
989, 0.1961, 0.416
990, 0.2110, 0.413
991, 0.2395, 0.412
992, 0.1585, 0.415
993, 0.1637, 0.416
994, 0.1844, 0.414
995, 0.1199, 0.416
996, 0.1660, 0.418
997, 0.1520, 0.415
998, 0.2169, 0.416
999, 0.2086, 0.414
1000, 0.1482, 0.416
1001, 0.2589, 0.405
1002, 0.1905, 0.416
1003, 0.2257, 0.421
1004, 0.1345, 0.419
1005, 0.1536, 0.428
1006, 0.1869, 0.420
1007, 0.1701, 0.419
1008, 0.1849, 0.421
1009, 0.2285, 0.419
1010, 0.2359, 0.503
1011, 0.2016, 0.420
1012, 0.2365, 0.419
1013, 0.1897, 0.421
1014, 0.2222, 0.419
1015, 0.2375, 0.417
1016, 0.4854, 0.418
1017, 0.2877, 0.413
1018, 0.1627, 0.418
1019, 0.2800, 0.428
1020, 0.2800, 0.427
1021, 0.2523, 0.424
1022, 0.1984, 0.418
1023, 0.2310, 0.419
1024, 0.1139, 0.421
1025, 0.2560, 0.417
1026, 0.1693, 0.427
1027, 0.1832, 0.413
1028, 0.2284, 0.397
1029, 0.1131, 0.418
1030, 0.2336, 0.396
1031, 0.1273, 0.415
1032, 0.1865, 0.415
1033, 0.2863, 0.397
1034, 0.1637, 0.393
1035, 0.1951, 1.243
1036, 0.2135, 0.434
1037, 0.2126, 0.458
1038, 0.1942, 0.433
1039, 0.1394, 0.462
1040, 0.1781, 0.534
1041, 0.1219, 0.419
1042, 0.2073, 0.412
1043, 0.1448, 0.419
1044, 0.1487, 0.421
1045, 0.2639, 0.483
1046, 0.1885, 0.422
1047, 0.2108, 0.420
1048, 0.2116, 0.423
1049, 0.0702, 0.422
1050, 0.1686, 0.416
1051, 0.1344, 0.413
1052, 0.2051, 0.410
1053, 0.2365, 0.428
1054, 0.2134, 0.422
1055, 0.1679, 0.423
1056, 0.0874, 0.443
1057, 0.1900, 0.425
1058, 0.1298, 0.410
1059, 0.1500, 0.413
1060, 0.2035, 0.418
1061, 0.1944, 0.431
1062, 0.1355, 0.421
1063, 0.1273, 0.411
1064, 0.2647, 0.420
1065, 0.2568, 0.424
1066, 0.2153, 0.419
1067, 0.2223, 0.418
1068, 0.1679, 0.411
1069, 0.1695, 0.430
1070, 0.2227, 0.411
1071, 0.1308, 0.412
1072, 0.2209, 0.416
1073, 0.1338, 0.424
1074, 0.1385, 0.422
1075, 0.1808, 0.424
1076, 0.1871, 0.419
1077, 0.1926, 0.405
1078, 0.1738, 0.408
1079, 0.1784, 0.406
1080, 0.2163, 0.418
1081, 0.2216, 0.413
1082, 0.1403, 0.417
1083, 0.1304, 0.418
1084, 0.1297, 0.421
1085, 0.1773, 0.414
1086, 0.1761, 0.411
1087, 0.2428, 0.409
1088, 0.1282, 0.417
1089, 0.2028, 0.414
1090, 0.1953, 0.410
1091, 0.1583, 0.413
1092, 0.2129, 0.421
1093, 0.1653, 0.417
1094, 0.1830, 0.415
1095, 0.1279, 0.411
1096, 0.1318, 0.425
1097, 0.1177, 0.413
1098, 0.1814, 0.412
1099, 0.1406, 0.413
1100, 0.2113, 0.412
1101, 0.1455, 0.419
1102, 0.1743, 0.422
1103, 0.1874, 0.417
1104, 0.1193, 0.413
1105, 0.1338, 0.411
1106, 0.2585, 0.418
1107, 0.2180, 0.414
1108, 0.1738, 0.408
1109, 0.1384, 0.420
1110, 0.1050, 0.410
1111, 0.1516, 0.406
1112, 0.2278, 0.416
1113, 0.1943, 0.416
1114, 0.2113, 0.415
1115, 0.1466, 0.411
1116, 0.1697, 0.405
1117, 0.1745, 0.412
1118, 0.1770, 0.407
1119, 0.1600, 0.410
1120, 0.1971, 0.413
1121, 0.2396, 0.416
1122, 0.1896, 0.415
1123, 0.1887, 0.413
1124, 0.1950, 0.419
1125, 0.1502, 0.411
1126, 0.1427, 0.414
1127, 0.1852, 0.411
1128, 0.2243, 0.418
1129, 0.1626, 0.415
1130, 0.1578, 0.431
1131, 0.2160, 0.414
1132, 0.2270, 0.416
1133, 0.1562, 0.410
1134, 0.2779, 0.409
1135, 0.2549, 0.416
1136, 0.0532, 0.423
1137, 0.1574, 0.417
1138, 0.1680, 0.411
1139, 0.2466, 0.409
1140, 0.2298, 0.407
1141, 0.1854, 0.413
1142, 0.1266, 0.412
1143, 0.1383, 0.414
1144, 0.1896, 0.414
1145, 0.1530, 0.405
1146, 0.2518, 0.413
1147, 0.1807, 0.412
1148, 0.1870, 0.419
1149, 0.1314, 0.410
1150, 0.0886, 0.417
1151, 0.2261, 0.412
1152, 0.1757, 0.490
1153, 0.1329, 0.418
1154, 0.1523, 0.425
1155, 0.1679, 0.419
1156, 0.1506, 0.409
1157, 0.2211, 0.416
1158, 0.2247, 0.419
1159, 0.2138, 0.420
1160, 0.2524, 0.416
1161, 0.2273, 0.433
1162, 0.2562, 0.453
1163, 0.2414, 0.458
1164, 0.2561, 0.447
1165, 0.2005, 0.414
1166, 0.1759, 0.416
1167, 0.1485, 0.418
1168, 0.1275, 0.421
1169, 0.2085, 0.420
1170, 0.2150, 0.418
1171, 0.1981, 0.423
1172, 0.1639, 0.426
1173, 0.2243, 0.423
1174, 0.1626, 0.418
1175, 0.1827, 0.435
1176, 0.2408, 0.427
1177, 0.1582, 0.418
1178, 0.1178, 0.422
1179, 0.0948, 0.416
1180, 0.1822, 0.427
1181, 0.1821, 0.415
1182, 0.2823, 0.415
1183, 0.1596, 0.419
1184, 0.1273, 0.424
1185, 0.2589, 0.424
1186, 0.2002, 0.419
1187, 0.1785, 0.510
1188, 0.1993, 0.483
1189, 0.1498, 0.418
1190, 0.2020, 0.414
1191, 0.2425, 0.399
1192, 0.0946, 0.401
1193, 0.1986, 0.421
1194, 0.1902, 0.420
1195, 0.2057, 0.441
1196, 0.2099, 0.424
1197, 0.1436, 0.425
1198, 0.1649, 0.485
1199, 0.1104, 0.423
1200, 0.2374, 0.421
1201, 0.1338, 0.403
1202, 0.1787, 0.404
1203, 0.0970, 0.402
1204, 0.1834, 0.403
1205, 0.1804, 0.408
1206, 0.2113, 0.422
1207, 0.1295, 0.417
1208, 0.2531, 0.417
1209, 0.1298, 0.404
1210, 0.2109, 0.417
1211, 0.2037, 0.426
1212, 0.1727, 0.421
1213, 0.1817, 0.417
1214, 0.2047, 0.417
1215, 0.2094, 0.417
1216, 0.2427, 0.417
1217, 0.1891, 0.413
1218, 0.1461, 0.412
1219, 0.1942, 0.410
1220, 0.2204, 0.412
1221, 0.1544, 0.422
1222, 0.1462, 0.415
1223, 0.1698, 0.413
1224, 0.1436, 0.416
1225, 0.1540, 0.415
1226, 0.1233, 0.416
1227, 0.2658, 0.421
1228, 0.1758, 0.419
1229, 0.2505, 0.420
1230, 0.1919, 0.418
1231, 0.1774, 0.418
1232, 0.1634, 0.419
1233, 0.1520, 0.416
1234, 0.2153, 0.414
1235, 0.2466, 0.431
1236, 0.1208, 0.421
1237, 0.2974, 0.414
1238, 0.1659, 0.420
1239, 0.2409, 0.427
1240, 0.1951, 0.422
1241, 0.1777, 0.414
1242, 0.1711, 0.415
1243, 0.2079, 0.427
1244, 0.2255, 0.423
1245, 0.1750, 0.421
1246, 0.1777, 0.421
1247, 0.2021, 0.420
1248, 0.1860, 0.418
1249, 0.2227, 0.417
1250, 0.2104, 0.415
1251, 0.2511, 0.414
1252, 0.2383, 0.495
1253, 0.2312, 0.416
1254, 0.2125, 0.412
1255, 0.2328, 0.412
1256, 0.2145, 0.421
1257, 0.2327, 0.413
1258, 0.2245, 0.415
1259, 0.1784, 0.420
1260, 0.1500, 0.427
1261, 0.1628, 0.427
1262, 0.2424, 0.427
1263, 0.1560, 0.425
1264, 0.2597, 0.422
1265, 0.1751, 0.415
1266, 0.1433, 0.423
1267, 0.1597, 0.421
1268, 0.2130, 0.417
1269, 0.1397, 0.414
1270, 0.2541, 0.421
1271, 0.2182, 0.411
1272, 0.2630, 0.410
1273, 0.2167, 0.425
1274, 0.1848, 0.410
1275, 0.2539, 0.417
1276, 0.2303, 0.418
1277, 0.2316, 0.427
1278, 0.1878, 0.422
1279, 0.1485, 0.413
1280, 0.0920, 0.413
1281, 0.1747, 0.404
1282, 0.1644, 0.409
1283, 0.1779, 0.408
1284, 0.1857, 0.412
1285, 0.1429, 0.409
1286, 0.1598, 0.416
1287, 0.1806, 0.411
1288, 0.2381, 0.413
1289, 0.1381, 0.411
1290, 0.1374, 0.415
1291, 0.0807, 0.416
1292, 0.2335, 0.418
1293, 0.1877, 0.416
1294, 0.2122, 0.411
1295, 0.1522, 0.407
1296, 0.1418, 0.418
1297, 0.1462, 0.415
1298, 0.1189, 0.415
1299, 0.1895, 0.418
1300, 0.1580, 0.406
1301, 0.1797, 0.411
1302, 0.1112, 0.410
1303, 0.2351, 0.414
1304, 0.2052, 0.410
1305, 0.2216, 0.409
1306, 0.1779, 0.412
1307, 0.1858, 0.427
1308, 0.2181, 0.416
1309, 0.1510, 0.416
1310, 0.2211, 0.418
1311, 0.1492, 0.419
1312, 0.1436, 0.415
1313, 0.2776, 0.413
1314, 0.1771, 0.407
1315, 0.1592, 0.411
1316, 0.1271, 0.408
1317, 0.2631, 0.419
1318, 0.2116, 0.412
1319, 0.1722, 0.413
1320, 0.1608, 0.411
1321, 0.2160, 0.416
1322, 0.0998, 0.408
1323, 0.1892, 0.425
1324, 0.2056, 0.418
1325, 0.1434, 0.415
1326, 0.1024, 0.421
1327, 0.1371, 0.412
1328, 0.1359, 0.410
1329, 0.1403, 0.417
1330, 0.2872, 0.413
1331, 0.2527, 0.408
1332, 0.1460, 0.409
1333, 0.2041, 0.422
1334, 0.1944, 0.411
1335, 0.1663, 0.414
1336, 0.2072, 0.432
1337, 0.1821, 0.408
1338, 0.1025, 0.412
1339, 0.1430, 0.421
1340, 0.1857, 0.416
1341, 0.2265, 0.409
1342, 0.2103, 0.411
1343, 0.2493, 0.419
1344, 0.1724, 0.409
1345, 0.1490, 0.411
1346, 0.1833, 0.409
1347, 0.1642, 0.389
1348, 0.1735, 0.387
1349, 0.1619, 0.396
1350, 0.1705, 0.416
1351, 0.1505, 0.409
1352, 0.0895, 0.414
1353, 0.2301, 0.398
1354, 0.1643, 1.217
1355, 0.1272, 0.404
1356, 0.2054, 0.412
1357, 0.1303, 0.392
1358, 0.1656, 0.408
1359, 0.1971, 0.409
1360, 0.1984, 0.420
1361, 0.1536, 0.396
1362, 0.1914, 0.416
1363, 0.2060, 0.409
1364, 0.2267, 0.421
1365, 0.1575, 0.420
1366, 0.1439, 0.413
1367, 0.1841, 0.416
1368, 0.2206, 0.411
1369, 0.1697, 0.416
1370, 0.2023, 0.417
1371, 0.1816, 0.418
1372, 0.2122, 0.422
1373, 0.2416, 0.422
1374, 0.1589, 0.423
1375, 0.2226, 0.429
1376, 0.1581, 0.426
1377, 0.2205, 0.421
1378, 0.2200, 0.424
1379, 0.1899, 0.420
1380, 0.4190, 0.421
1381, 0.1750, 0.421
1382, 0.2218, 0.426
1383, 0.2252, 0.426
1384, 0.2478, 0.422
1385, 0.2661, 0.431
1386, 0.2328, 0.422
1387, 0.1359, 0.423
1388, 0.1816, 0.423
1389, 0.2573, 0.423
1390, 0.1589, 0.419
1391, 0.0669, 0.423
1392, 0.1312, 0.425
1393, 0.2712, 0.427
1394, 0.1895, 0.471
1395, 0.1809, 0.419
1396, 0.3108, 0.416
1397, 0.1751, 0.417
1398, 0.1994, 0.418
1399, 0.1689, 0.416
1400, 0.2145, 0.418
1401, 0.2209, 0.406
1402, 0.1911, 0.415
1403, 0.0904, 0.418
1404, 0.1146, 0.416
1405, 0.1757, 0.428
1406, 0.2028, 0.419
1407, 0.1937, 0.418
1408, 0.1858, 0.421
1409, 0.1999, 0.419
1410, 0.2094, 0.491
1411, 0.1748, 0.419
1412, 0.1775, 0.421
1413, 0.1754, 0.421
1414, 0.2001, 0.420
1415, 0.1332, 0.417
1416, 0.1990, 0.416
1417, 0.1534, 0.418
1418, 0.2231, 0.416
1419, 0.1545, 0.420
1420, 0.1094, 0.422
1421, 0.2402, 0.416
1422, 0.2560, 0.418
1423, 0.1819, 0.417
1424, 0.0988, 0.419
1425, 0.2082, 0.419
1426, 0.2026, 0.424
1427, 0.1319, 0.417
1428, 0.1946, 0.427
1429, 0.1159, 0.425
1430, 0.2067, 0.421
1431, 0.1920, 0.418
1432, 0.1755, 0.422
1433, 0.1989, 0.418
1434, 0.1544, 0.416
1435, 0.2098, 0.416
1436, 0.1896, 0.421
1437, 0.2655, 0.421
1438, 0.1683, 0.417
1439, 0.1433, 0.416
1440, 0.2091, 0.425
1441, 0.1560, 0.420
1442, 0.1359, 0.424
1443, 0.1618, 0.424
1444, 0.1316, 0.434
1445, 0.1743, 0.419
1446, 0.1215, 0.419
1447, 0.1815, 0.422
1448, 0.1988, 0.417
1449, 0.1839, 0.423
1450, 0.1705, 0.428
1451, 0.0902, 0.419
1452, 0.1474, 0.420
1453, 0.1544, 0.419
1454, 0.2707, 0.419
1455, 0.2218, 0.423
1456, 0.2518, 0.421
1457, 0.1691, 0.423
1458, 0.1799, 0.426
1459, 0.1249, 0.420
1460, 0.1072, 0.431
1461, 0.1764, 0.421
1462, 0.1420, 0.423
1463, 0.1833, 0.417
1464, 0.2133, 0.426
1465, 0.1698, 0.419
1466, 0.1290, 0.423
1467, 0.1340, 0.425
1468, 0.1113, 0.437
1469, 0.1603, 0.421
1470, 0.1803, 0.418
1471, 0.1590, 0.427
1472, 0.1573, 0.421
1473, 0.1940, 0.415
1474, 0.1620, 0.428
1475, 0.1505, 0.422
1476, 0.2211, 0.420
1477, 0.2036, 0.415
1478, 0.2071, 0.420
1479, 0.2063, 0.419
1480, 0.1879, 0.418
1481, 0.2410, 0.414
1482, 0.1161, 0.413
1483, 0.1576, 0.416
1484, 0.2285, 0.413
1485, 0.2050, 0.416
1486, 0.1881, 0.415
1487, 0.1695, 0.415
1488, 0.1469, 0.415
1489, 0.1360, 0.415
1490, 0.1743, 0.415
1491, 0.1365, 0.412
1492, 0.1566, 0.413
1493, 0.1461, 0.423
1494, 0.0986, 0.419
1495, 0.1717, 0.416
1496, 0.1468, 0.413
1497, 0.1636, 0.417
1498, 0.1934, 0.413
1499, 0.1275, 0.416
1500, 0.1557, 0.422
1501, 0.3316, 0.425
1502, 0.1628, 0.413
1503, 0.1166, 0.410
1504, 0.1811, 0.406
1505, 0.2052, 0.391
1506, 0.2141, 0.387
1507, 0.1847, 0.394
1508, 0.1715, 0.414
1509, 0.1144, 0.416
1510, 0.2176, 0.413
1511, 0.1746, 0.391
1512, 0.1447, 1.090
1513, 0.1627, 0.399
1514, 0.1505, 0.409
1515, 0.1686, 0.408
1516, 0.1144, 0.415
1517, 0.1557, 0.414
1518, 0.1882, 0.415
1519, 0.1928, 0.410
1520, 0.1451, 0.415
1521, 0.1625, 0.414
1522, 0.1759, 0.416
1523, 0.2283, 0.409
1524, 0.1647, 0.412
1525, 0.2867, 0.412
1526, 0.1974, 0.409
1527, 0.1396, 0.413
1528, 0.1450, 0.414
1529, 0.2391, 0.403
1530, 0.2205, 0.416
1531, 0.1542, 0.416
1532, 0.1371, 0.417
1533, 0.2328, 0.409
1534, 0.1474, 0.413
1535, 0.1400, 0.418
1536, 0.1471, 0.419
1537, 0.1346, 0.413
1538, 0.1705, 0.426
1539, 0.1087, 0.415
1540, 0.1319, 0.417
1541, 0.1400, 0.421
1542, 0.1362, 0.414
1543, 0.1251, 0.411
1544, 0.1492, 0.411
1545, 0.0693, 0.413
1546, 0.1381, 0.425
1547, 0.1957, 0.410
1548, 0.1384, 0.421
1549, 0.2792, 0.413
1550, 0.2380, 0.431
1551, 0.1393, 0.425
1552, 0.1698, 0.425
1553, 0.1963, 0.415
1554, 0.1225, 0.460
1555, 0.1608, 0.451
1556, 0.1618, 0.432
1557, 0.1195, 0.419
1558, 0.0631, 0.433
1559, 0.1590, 0.418
1560, 0.0881, 0.418
1561, 0.1999, 0.422
1562, 0.2288, 0.422
1563, 0.1376, 0.459
1564, 0.1485, 0.432
1565, 0.1718, 0.420
1566, 0.2150, 0.428
1567, 0.2733, 0.424
1568, 0.1473, 0.427
1569, 0.1721, 0.423
1570, 0.1751, 0.433
1571, 0.1998, 0.432
1572, 0.1964, 0.434
1573, 0.1625, 0.427
1574, 0.2054, 0.418
1575, 0.0984, 0.424
1576, 0.1552, 0.434
1577, 0.1749, 0.423
1578, 0.2004, 0.426
1579, 0.1584, 0.427
1580, 0.1781, 0.424
1581, 0.1516, 0.424
1582, 0.1389, 0.423
1583, 0.1379, 0.426
1584, 0.0706, 0.425
1585, 0.0994, 0.426
1586, 0.1262, 0.437
1587, 0.1279, 0.421
1588, 0.1409, 0.457
1589, 0.1275, 0.466
1590, 0.2487, 0.452
1591, 0.2476, 0.467
1592, 0.1660, 0.428
1593, 0.2106, 0.427
1594, 0.1518, 0.424
1595, 0.2098, 0.423
1596, 0.2586, 0.423
1597, 0.1278, 0.419
1598, 0.1405, 0.420
1599, 0.2085, 0.439
1600, 0.1383, 0.432
1601, 0.1730, 0.408
1602, 0.1467, 0.418
1603, 0.1801, 0.417
1604, 0.1347, 0.418
1605, 0.1280, 0.429
1606, 0.1570, 0.426
1607, 0.1002, 0.429
1608, 0.2240, 0.427
1609, 0.1579, 0.417
1610, 0.0619, 0.513
1611, 0.1960, 0.418
1612, 0.1473, 0.417
1613, 0.1284, 0.419
1614, 0.1719, 0.419
1615, 0.2005, 0.418
1616, 0.2189, 0.418
1617, 0.1706, 0.427
1618, 0.2221, 0.420
1619, 0.2034, 0.433
1620, 0.1808, 0.425
1621, 0.1706, 0.420
1622, 0.2863, 0.418
1623, 0.1495, 0.412
1624, 0.1344, 0.414
1625, 0.2014, 0.424
1626, 0.2566, 0.419
1627, 0.2355, 0.419
1628, 0.1849, 0.421
1629, 0.2120, 0.429
1630, 0.1201, 0.418
1631, 0.1604, 0.419
1632, 0.1639, 0.420
1633, 0.1275, 0.417
1634, 0.2070, 0.432
1635, 0.1830, 0.417
1636, 0.1786, 0.419
1637, 0.2246, 0.424
1638, 0.2422, 0.420
1639, 0.1515, 0.427
1640, 0.1916, 0.427
1641, 0.2987, 0.419
1642, 0.1607, 0.421
1643, 0.0997, 0.420
1644, 0.2044, 0.424
1645, 0.1538, 0.419
1646, 0.1937, 0.431
1647, 0.2415, 0.421
1648, 0.1913, 0.420
1649, 0.1958, 0.425
1650, 0.1953, 0.417
1651, 0.1647, 0.420
1652, 0.1877, 0.417
1653, 0.1100, 0.419
1654, 0.1853, 0.416
1655, 0.1867, 0.417
1656, 0.1117, 0.420
1657, 0.2249, 0.417
1658, 0.1011, 0.422
1659, 0.1698, 0.425
1660, 0.1294, 0.423
1661, 0.0932, 0.417
1662, 0.1894, 0.404
1663, 0.1870, 0.435
1664, 0.1708, 0.424
1665, 0.1137, 0.421
1666, 0.2565, 0.419
1667, 0.1405, 0.400
1668, 0.1671, 0.415
1669, 0.1763, 1.107
1670, 0.1175, 0.396
1671, 0.2985, 0.416
1672, 0.2755, 0.425
1673, 0.2134, 0.423
1674, 0.0968, 0.412
1675, 0.2026, 0.409
1676, 0.1689, 0.411
1677, 0.1669, 0.444
1678, 0.1308, 0.430
1679, 0.1626, 0.425
1680, 0.1696, 0.418
1681, 0.1574, 0.414
1682, 0.2264, 0.411
1683, 0.1954, 0.420
1684, 0.1567, 0.418
1685, 0.1379, 0.421
1686, 0.1575, 0.414
1687, 0.2428, 0.423
1688, 0.2105, 0.421
1689, 0.1563, 0.428
1690, 0.2153, 0.421
1691, 0.1458, 0.422
1692, 0.1492, 0.421
1693, 0.1607, 0.424
1694, 0.1091, 0.430
1695, 0.1708, 0.422
1696, 0.1444, 0.417
1697, 0.1500, 0.415
1698, 0.0858, 0.421
1699, 0.1180, 0.424
1700, 0.2183, 0.418
1701, 0.1767, 0.417
1702, 0.1941, 0.422
1703, 0.1279, 0.421
1704, 0.2323, 0.417
1705, 0.2194, 0.411
1706, 0.2043, 0.416
1707, 0.2006, 0.413
1708, 0.1346, 0.414
1709, 0.1774, 0.411
1710, 0.1636, 0.428
1711, 0.1461, 0.406
1712, 0.0947, 0.409
1713, 0.1910, 0.413
1714, 0.1287, 0.419
1715, 0.0780, 0.409
1716, 0.1144, 0.413
1717, 0.1930, 0.437
1718, 0.2076, 0.415
1719, 0.2351, 0.414
1720, 0.1851, 0.411
1721, 0.1448, 0.413
1722, 0.2308, 0.413
1723, 0.1375, 0.421
1724, 0.1019, 0.413
1725, 0.1526, 0.408
1726, 0.1846, 0.409
1727, 0.1430, 0.408
1728, 0.0788, 0.414
1729, 0.1720, 0.413
1730, 0.1277, 0.411
1731, 0.1229, 0.416
1732, 0.1071, 0.416
1733, 0.1347, 0.421
1734, 0.1429, 0.418
1735, 0.1707, 0.408
1736, 0.1425, 0.412
1737, 0.1641, 0.423
1738, 0.2214, 0.424
1739, 0.2039, 0.416
1740, 0.2102, 0.413
1741, 0.1896, 0.423
1742, 0.2002, 0.413
1743, 0.1580, 0.407
1744, 0.1268, 0.419
1745, 0.1662, 0.461
1746, 0.2115, 0.447
1747, 0.1687, 0.450
1748, 0.0963, 0.411
1749, 0.2356, 0.415
1750, 0.1555, 0.417
1751, 0.1827, 0.413
1752, 0.2230, 0.413
1753, 0.2721, 0.428
1754, 0.1225, 0.424
1755, 0.1421, 0.433
1756, 0.1659, 0.422
1757, 0.1574, 0.423
1758, 0.1116, 0.414
1759, 0.2008, 0.419
1760, 0.1421, 0.433
1761, 0.2276, 0.425
1762, 0.1350, 0.419
1763, 0.1707, 0.431
1764, 0.2321, 0.433
1765, 0.2995, 0.429
1766, 0.1680, 0.421
1767, 0.3548, 0.427
1768, 0.3406, 0.420
1769, 0.2375, 0.424
1770, 0.2097, 0.420
1771, 0.1931, 0.419
1772, 0.2862, 0.416
1773, 0.1733, 0.416
1774, 0.1330, 0.418
1775, 0.1884, 0.422
1776, 0.1173, 0.423
1777, 0.2536, 0.419
1778, 0.0974, 0.424
1779, 0.1221, 0.421
1780, 0.2144, 0.422
1781, 0.1983, 0.433
1782, 0.1568, 0.437
1783, 0.2526, 0.420
1784, 0.2324, 0.422
1785, 0.2203, 0.419
1786, 0.2217, 0.422
1787, 0.1324, 0.419
1788, 0.1241, 0.418
1789, 0.1374, 0.424
1790, 0.1866, 0.430
1791, 0.1379, 0.417
1792, 0.1399, 0.418
1793, 0.1641, 0.436
1794, 0.1290, 0.415
1795, 0.1481, 0.424
1796, 0.1659, 0.430
1797, 0.1764, 0.420
1798, 0.1212, 0.420
1799, 0.1979, 0.415
1800, 0.1523, 0.414
1801, 0.1457, 0.440
1802, 0.1325, 0.422
1803, 0.2133, 0.419
1804, 0.1135, 0.419
1805, 0.1661, 0.427
1806, 0.2213, 0.419
1807, 0.2279, 0.419
1808, 0.1410, 0.419
1809, 0.1551, 0.417
1810, 0.1727, 0.455
1811, 0.1489, 0.419
1812, 0.1670, 0.417
1813, 0.1133, 0.414
1814, 0.1352, 0.419
1815, 0.1502, 0.413
1816, 0.2492, 0.413
1817, 0.2045, 0.417
1818, 0.1787, 0.423
1819, 0.1632, 0.425
1820, 0.1255, 0.419
1821, 0.1270, 0.400
1822, 0.0766, 0.417
1823, 0.1425, 0.423
1824, 0.1452, 0.424
1825, 0.1520, 0.395
1826, 0.2270, 0.398
1827, 0.1297, 0.421
1828, 0.1567, 0.570
1829, 0.3143, 0.405
1830, 0.2238, 0.427
1831, 0.2816, 0.427
1832, 0.1463, 0.422
1833, 0.1953, 0.406
1834, 0.1150, 0.425
1835, 0.1630, 0.429
1836, 0.2612, 0.425
1837, 0.2570, 0.420
1838, 0.2170, 0.425
1839, 0.1175, 0.422
1840, 0.1427, 0.422
1841, 0.2008, 0.428
1842, 0.1736, 0.416
1843, 0.1783, 0.419
1844, 0.1924, 0.430
1845, 0.1611, 0.420
1846, 0.1182, 0.417
1847, 0.1517, 0.423
1848, 0.0760, 0.432
1849, 0.1376, 0.413
1850, 0.0955, 0.420
1851, 0.1875, 0.418
1852, 0.1793, 0.424
1853, 0.1645, 0.423
1854, 0.0926, 0.421
1855, 0.0935, 0.421
1856, 0.1082, 0.425
1857, 0.1257, 0.427
1858, 0.0926, 0.432
1859, 0.2290, 0.419
1860, 0.1244, 0.429
1861, 0.0979, 0.424
1862, 0.1187, 0.419
1863, 0.1198, 0.415
1864, 0.1731, 0.416
1865, 0.1449, 0.435
1866, 0.1065, 0.425
1867, 0.1306, 0.426
1868, 0.1568, 0.470
1869, 0.4402, 0.428
1870, 0.1995, 0.421
1871, 0.2240, 0.428
1872, 0.2503, 0.421
1873, 0.1134, 0.417
1874, 0.1479, 0.420
1875, 0.1775, 0.419
1876, 0.1296, 0.432
1877, 0.1603, 0.419
1878, 0.2326, 0.423
1879, 0.1444, 0.426
1880, 0.1425, 0.421
1881, 0.1015, 0.416
1882, 0.2621, 0.414
1883, 0.1183, 0.422
1884, 0.0756, 0.426
1885, 0.1559, 0.423
1886, 0.0951, 0.421
1887, 0.1005, 0.419
1888, 0.1759, 0.417
1889, 0.2188, 0.429
1890, 0.1809, 0.424
1891, 0.2021, 0.437
1892, 0.1579, 0.423
1893, 0.1300, 0.429
1894, 0.1921, 0.411
1895, 0.1682, 0.417
1896, 0.0939, 0.425
1897, 0.1576, 0.421
1898, 0.0759, 0.422
1899, 0.0935, 0.429
1900, 0.0964, 0.421
1901, 0.0834, 0.421
1902, 0.1903, 0.422
1903, 0.2237, 0.416
1904, 0.2086, 0.414
1905, 0.0672, 0.412
1906, 0.1183, 0.419
1907, 0.1969, 0.413
1908, 0.1662, 0.416
1909, 0.1817, 0.414
1910, 0.0865, 0.412
1911, 0.1035, 0.413
1912, 0.1665, 0.416
1913, 0.1326, 0.415
1914, 0.1635, 0.415
1915, 0.2023, 0.417
1916, 0.2592, 0.422
1917, 0.1983, 0.418
1918, 0.2313, 0.415
1919, 0.2127, 0.414
1920, 0.0996, 0.416
1921, 0.1858, 0.419
1922, 0.1956, 0.411
1923, 0.1811, 0.416
1924, 0.2134, 0.412
1925, 0.2424, 0.411
1926, 0.3755, 0.419
1927, 0.3161, 0.421
1928, 0.1801, 0.422
1929, 0.1483, 0.415
1930, 0.1009, 0.416
1931, 0.2423, 0.413
1932, 0.1764, 0.415
1933, 0.1567, 0.416
1934, 0.1001, 0.418
1935, 0.1273, 0.414
1936, 0.1777, 0.409
1937, 0.1836, 0.414
1938, 0.1374, 0.410
1939, 0.1046, 0.417
1940, 0.1798, 0.415
1941, 0.2618, 0.410
1942, 0.1552, 0.419
1943, 0.1674, 0.420
1944, 0.3958, 0.419
1945, 0.1970, 0.425
1946, 0.1154, 0.423
1947, 0.1749, 0.424
1948, 0.0617, 0.417
1949, 0.1746, 0.427
1950, 0.1295, 0.424
1951, 0.1615, 0.430
1952, 0.1908, 0.423
1953, 0.1708, 0.433
1954, 0.1892, 0.426
1955, 0.1002, 0.428
1956, 0.1363, 0.419
1957, 0.1330, 0.416
1958, 0.1330, 0.419
1959, 0.2008, 0.433
1960, 0.1448, 0.418
1961, 0.2051, 0.425
1962, 0.1578, 0.421
1963, 0.1690, 0.424
1964, 0.1074, 0.430
1965, 0.0826, 0.425
1966, 0.1432, 0.421
1967, 0.0718, 0.419
1968, 0.1797, 0.423
1969, 0.2142, 0.422
1970, 0.1779, 0.419
1971, 0.1493, 0.420
1972, 0.1800, 0.422
1973, 0.1513, 0.445
1974, 0.0908, 0.425
1975, 0.1835, 0.428
1976, 0.0699, 0.419
1977, 0.1458, 0.411
1978, 0.1639, 0.420
1979, 0.1474, 0.434
1980, 0.1366, 0.401
1981, 0.1812, 0.437
1982, 0.2109, 0.416
1983, 0.1765, 0.405
1984, 0.1122, 0.398
1985, 0.1214, 0.400
1986, 0.2203, 0.419
1987, 0.1925, 0.769
1988, 0.1629, 0.397
1989, 0.1106, 0.421
1990, 0.1613, 0.424
1991, 0.1730, 0.403
1992, 0.1911, 0.396
1993, 0.1635, 0.398
1994, 0.1379, 0.418
1995, 0.2631, 0.433
1996, 0.2268, 0.426
1997, 0.2346, 0.427
1998, 0.1954, 0.420
1999, 0.1588, 0.425
2000, 0.0852, 0.427
2001, 0.0925, 0.404
2002, 0.1945, 0.403
2003, 0.1656, 0.410
2004, 0.1073, 0.426
2005, 0.1588, 0.475
2006, 0.1571, 0.417
2007, 0.0950, 0.417
2008, 0.2310, 0.415
2009, 0.1814, 0.420
2010, 0.1470, 0.416
2011, 0.1536, 0.419
2012, 0.3288, 0.419
2013, 0.2026, 0.419
2014, 0.1960, 0.428
2015, 0.1446, 0.419
2016, 0.1477, 0.418
2017, 0.1023, 0.409
2018, 0.2219, 0.415
2019, 0.1294, 0.417
2020, 0.1192, 0.418
2021, 0.1531, 0.421
2022, 0.1783, 0.418
2023, 0.1775, 0.417
2024, 0.1850, 0.413
2025, 0.1231, 0.434
2026, 0.1708, 0.414
2027, 0.1434, 0.421
2028, 0.1665, 0.422
2029, 0.1364, 0.436
2030, 0.0671, 0.420
2031, 0.1160, 0.424
2032, 0.1372, 0.431
2033, 0.1566, 0.417
2034, 0.1269, 0.417
2035, 0.1593, 0.417
2036, 0.2270, 0.421
2037, 0.1227, 0.421
2038, 0.2137, 0.424
2039, 0.1245, 0.419
2040, 0.1280, 0.420
2041, 0.3321, 0.413
2042, 0.3170, 0.417
2043, 0.1333, 0.419
2044, 0.1594, 0.424
2045, 0.1068, 0.417
2046, 0.1301, 0.419
2047, 0.1385, 0.415
2048, 0.1177, 0.414
2049, 0.1251, 0.414
2050, 0.1391, 0.415
2051, 0.0614, 0.417
2052, 0.1224, 0.418
2053, 0.1609, 0.418
2054, 0.1771, 0.419
2055, 0.0739, 0.418
2056, 0.1189, 0.426
2057, 0.1631, 0.411
2058, 0.1477, 0.425
2059, 0.1536, 0.417
2060, 0.1334, 0.424
2061, 0.1826, 0.426
2062, 0.1495, 0.422
2063, 0.0984, 0.427
2064, 0.2467, 0.416
2065, 0.2227, 0.418
2066, 0.1988, 0.415
2067, 0.2501, 0.417
2068, 0.1898, 0.418
2069, 0.1591, 0.418
2070, 0.1792, 0.423
2071, 0.2002, 0.420
2072, 0.1217, 0.417
2073, 0.1504, 0.416
2074, 0.0772, 0.474
2075, 0.2034, 0.426
2076, 0.1010, 0.424
2077, 0.1009, 0.423
2078, 0.0942, 0.423
2079, 0.1702, 0.419
2080, 0.1359, 0.427
2081, 0.2004, 0.432
2082, 0.1571, 0.421
2083, 0.0770, 0.424
2084, 0.0692, 0.424
2085, 0.1412, 0.427
2086, 0.1175, 0.425
2087, 0.1460, 0.416
2088, 0.1205, 0.410
2089, 0.1426, 0.402
2090, 0.1810, 0.407
2091, 0.2568, 0.426
2092, 0.1942, 0.421
2093, 0.1247, 0.411
2094, 0.1732, 0.414
2095, 0.1566, 0.425
2096, 0.1903, 0.417
2097, 0.1523, 0.421
2098, 0.2029, 0.412
2099, 0.1608, 0.411
2100, 0.1066, 0.411
2101, 0.1025, 0.409
2102, 0.1814, 0.422
2103, 0.2401, 0.413
2104, 0.1688, 0.408
2105, 0.1078, 0.405
2106, 0.1543, 0.404
2107, 0.1706, 0.419
2108, 0.0929, 0.429
2109, 0.1450, 0.413
2110, 0.2131, 0.415
2111, 0.2100, 0.414
2112, 0.1889, 0.413
2113, 0.1575, 0.416
2114, 0.1409, 0.413
2115, 0.1112, 0.412
2116, 0.2704, 0.415
2117, 0.1624, 0.413
2118, 0.1440, 0.416
2119, 0.2332, 0.408
2120, 0.1765, 0.409
2121, 0.1360, 0.413
2122, 0.1860, 0.414
2123, 0.1512, 0.423
2124, 0.1595, 0.410
2125, 0.1346, 0.411
2126, 0.2149, 0.420
2127, 0.1025, 0.411
2128, 0.1283, 0.413
2129, 0.2353, 0.413
2130, 0.1283, 0.414
2131, 0.1555, 0.414
2132, 0.1107, 0.414
2133, 0.1084, 0.414
2134, 0.2246, 0.415
2135, 0.2422, 0.415
2136, 0.1856, 0.417
2137, 0.1816, 0.412
2138, 0.1797, 0.409
2139, 0.0775, 0.430
2140, 0.1596, 0.407
2141, 0.2230, 0.525
2142, 0.0855, 0.416
2143, 0.1592, 0.397
2144, 0.1412, 0.427
2145, 0.1758, 0.425
2146, 0.1119, 0.435
2147, 0.1416, 0.420
2148, 0.1486, 0.520
2149, 0.1402, 0.419
2150, 0.1079, 0.456
2151, 0.1433, 0.396
2152, 0.1213, 0.424
2153, 0.1354, 0.422
2154, 0.1535, 0.422
2155, 0.2975, 0.424
2156, 0.2010, 0.420
2157, 0.2478, 0.425
2158, 0.1498, 0.427
2159, 0.1958, 0.425
2160, 0.1972, 0.417
2161, 0.1743, 0.425
2162, 0.0879, 0.419
2163, 0.2384, 0.420
2164, 0.2245, 0.432
2165, 0.1505, 0.420
2166, 0.0752, 0.432
2167, 0.1381, 0.419
2168, 0.2720, 0.417
2169, 0.1874, 0.432
2170, 0.1275, 0.422
2171, 0.1474, 0.418
2172, 0.1993, 0.415
2173, 0.2230, 0.417
2174, 0.1926, 0.422
2175, 0.1906, 0.420
2176, 0.2517, 0.423
2177, 0.2422, 0.429
2178, 0.2094, 0.422
2179, 0.1980, 0.438
2180, 0.1461, 0.426
2181, 0.1339, 0.433
2182, 0.1407, 0.431
2183, 0.1106, 0.433
2184, 0.2015, 0.418
2185, 0.2397, 0.417
2186, 0.0497, 0.425
2187, 0.1665, 0.422
2188, 0.1506, 0.421
2189, 0.1368, 0.419
2190, 0.1596, 0.419
2191, 0.1657, 0.418
2192, 0.2096, 0.419
2193, 0.1751, 0.423
2194, 0.1289, 0.439
2195, 0.0964, 0.422
2196, 0.1498, 0.417
2197, 0.1386, 0.420
2198, 0.1853, 0.418
2199, 0.1203, 0.415
2200, 0.1764, 0.415
2201, 0.1512, 0.408
2202, 0.1042, 0.423
2203, 0.1360, 0.421
2204, 0.1552, 0.421
2205, 0.1655, 0.494
2206, 0.1720, 0.413
2207, 0.1125, 0.414
2208, 0.1730, 0.421
2209, 0.1848, 0.425
2210, 0.1588, 0.420
2211, 0.1612, 0.418
2212, 0.3095, 0.417
2213, 0.2074, 0.419
2214, 0.1782, 0.433
2215, 0.2258, 0.424
2216, 0.1127, 0.417
2217, 0.1369, 0.418
2218, 0.1904, 0.423
2219, 0.1848, 0.420
2220, 0.1297, 0.418
2221, 0.2515, 0.421
2222, 0.2169, 0.415
2223, 0.1788, 0.416
2224, 0.1387, 0.421
2225, 0.1383, 0.424
2226, 0.1840, 0.425
2227, 0.1427, 0.423
2228, 0.1382, 0.424
2229, 0.1717, 0.422
2230, 0.1506, 0.421
2231, 0.2301, 0.429
2232, 0.1035, 0.417
2233, 0.2291, 0.416
2234, 0.1942, 0.420
2235, 0.1752, 0.414
2236, 0.0983, 0.420
2237, 0.1596, 0.422
2238, 0.1223, 0.416
2239, 0.1379, 0.418
2240, 0.1592, 0.419
2241, 0.0849, 0.422
2242, 0.1941, 0.422
2243, 0.1360, 0.424
2244, 0.1868, 0.421
2245, 0.2157, 0.425
2246, 0.1448, 0.414
2247, 0.1848, 0.416
2248, 0.1492, 0.425
2249, 0.1316, 0.426
2250, 0.1984, 0.415
2251, 0.1181, 0.415
2252, 0.1785, 0.415
2253, 0.2270, 0.431
2254, 0.2003, 0.424
2255, 0.1908, 0.425
2256, 0.1746, 0.427
2257, 0.1011, 0.420
2258, 0.1052, 0.426
2259, 0.1275, 0.420
2260, 0.1346, 0.425
2261, 0.2143, 0.429
2262, 0.2058, 0.419
2263, 0.2123, 0.421
2264, 0.2218, 0.430
2265, 0.2106, 0.423
2266, 0.1830, 0.417
2267, 0.1740, 0.417
2268, 0.2760, 0.432
2269, 0.1250, 0.421
2270, 0.1095, 0.420
2271, 0.1613, 0.418
2272, 0.1353, 0.422
2273, 0.1655, 0.413
2274, 0.1945, 0.419
2275, 0.1679, 0.423
2276, 0.1740, 0.426
2277, 0.1819, 0.421
2278, 0.1378, 0.430
2279, 0.1652, 0.420
2280, 0.2243, 0.430
2281, 0.2789, 0.525
2282, 0.2206, 0.425
2283, 0.1607, 0.429
2284, 0.1970, 0.428
2285, 0.1515, 0.420
2286, 0.2025, 0.421
2287, 0.1832, 0.415
2288, 0.2324, 0.427
2289, 0.2026, 0.431
2290, 0.1523, 0.423
2291, 0.1425, 0.424
2292, 0.1681, 0.421
2293, 0.1680, 0.417
2294, 0.2555, 0.415
2295, 0.1469, 0.415
2296, 0.1352, 0.415
2297, 0.1712, 0.418
2298, 0.2434, 0.415
2299, 0.1828, 0.391
2300, 0.1709, 0.401
2301, 0.1379, 0.409
2302, 0.1527, 0.426
2303, 0.1479, 0.412
2304, 0.1805, 0.429
2305, 0.1399, 0.439
2306, 0.1476, 0.420
2307, 0.1969, 0.392
2308, 0.1082, 0.397
2309, 0.1870, 0.414
2310, 0.1360, 0.449
2311, 0.2321, 0.447
2312, 0.1313, 0.461
2313, 0.1633, 0.452
2314, 0.2071, 0.455
2315, 0.1359, 0.442
2316, 0.1752, 0.446
2317, 0.4863, 0.468
2318, 0.1955, 0.458
2319, 0.1541, 0.454
2320, 0.0768, 0.427
2321, 0.0906, 0.419
2322, 0.1477, 0.421
2323, 0.1757, 0.423
2324, 0.2145, 0.420
2325, 0.1850, 0.412
2326, 0.1282, 0.417
2327, 0.2262, 0.421
2328, 0.2045, 0.429
2329, 0.1082, 0.420
2330, 0.2457, 0.425
2331, 0.2571, 0.413
2332, 0.2519, 0.430
2333, 0.1480, 0.414
2334, 0.1763, 0.418
2335, 0.1932, 0.418
2336, 0.2055, 0.420
2337, 0.1386, 0.422
2338, 0.2381, 0.426
2339, 0.1495, 0.429
2340, 0.2170, 0.413
2341, 0.1726, 0.411
2342, 0.1746, 0.419
2343, 0.1497, 0.412
2344, 0.1712, 0.422
2345, 0.1369, 0.426
2346, 0.1917, 0.420
2347, 0.1831, 0.414
2348, 0.1805, 0.417
2349, 0.1722, 0.417
2350, 0.2141, 0.411
2351, 0.0819, 0.408
2352, 0.1784, 0.403
2353, 0.0792, 0.411
2354, 0.1349, 0.418
2355, 0.1009, 0.416
2356, 0.0986, 0.417
2357, 0.2708, 0.408
2358, 0.0424, 0.412
2359, 0.1915, 0.411
2360, 0.1366, 0.417
2361, 0.1382, 0.415
2362, 0.1697, 0.420
2363, 0.1438, 0.420
2364, 0.1237, 0.437
2365, 0.1981, 0.421
2366, 0.1765, 0.421
2367, 0.1282, 0.421
2368, 0.2201, 0.416
2369, 0.1977, 0.413
2370, 0.1578, 0.427
2371, 0.1257, 0.422
2372, 0.1012, 0.431
2373, 0.1575, 0.424
2374, 0.1917, 0.420
2375, 0.4202, 0.419
2376, 0.1671, 0.428
2377, 0.1576, 0.426
2378, 0.1756, 0.425
2379, 0.2078, 0.418
2380, 0.1352, 0.421
2381, 0.1357, 0.427
2382, 0.1465, 0.417
2383, 0.2455, 0.418
2384, 0.1486, 0.424
2385, 0.1101, 0.422
2386, 0.1686, 0.419
2387, 0.2056, 0.424
2388, 0.0781, 0.423
2389, 0.1399, 0.418
2390, 0.1884, 0.421
2391, 0.2584, 0.418
2392, 0.2859, 0.425
2393, 0.2346, 0.419
2394, 0.1828, 0.419
2395, 0.1736, 0.421
2396, 0.1476, 0.418
2397, 0.1934, 0.416
2398, 0.2360, 0.425
2399, 0.1841, 0.418
2400, 0.0795, 0.423
2401, 0.0710, 0.407
2402, 0.2614, 0.421
2403, 0.1927, 0.416
2404, 0.1669, 0.427
2405, 0.2637, 0.503
2406, 0.1652, 0.424
2407, 0.2009, 0.421
2408, 0.1428, 0.421
2409, 0.1667, 0.434
2410, 0.1707, 0.421
2411, 0.1986, 0.426
2412, 0.1295, 0.424
2413, 0.1431, 0.439
2414, 0.1950, 0.426
2415, 0.1560, 0.428
2416, 0.1152, 0.420
2417, 0.1911, 0.420
2418, 0.0758, 0.422
2419, 0.1243, 0.436
2420, 0.2141, 0.422
2421, 0.2376, 0.425
2422, 0.2554, 0.421
2423, 0.1579, 0.417
2424, 0.1251, 0.427
2425, 0.1301, 0.421
2426, 0.1536, 0.417
2427, 0.2402, 0.437
2428, 0.1156, 0.418
2429, 0.1389, 0.423
2430, 0.1889, 0.417
2431, 0.1176, 0.416
2432, 0.1698, 0.423
2433, 0.1599, 0.421
2434, 0.2065, 0.420
2435, 0.2145, 0.436
2436, 0.1516, 0.421
2437, 0.1638, 0.422
2438, 0.1245, 0.429
2439, 0.1364, 0.421
2440, 0.1952, 0.422
2441, 0.2441, 0.420
2442, 0.1604, 0.416
2443, 0.1825, 0.435
2444, 0.1842, 0.418
2445, 0.2116, 0.418
2446, 0.1312, 0.425
2447, 0.2387, 0.415
2448, 0.1519, 0.420
2449, 0.1818, 0.425
2450, 0.2440, 0.423
2451, 0.1695, 0.431
2452, 0.1644, 0.420
2453, 0.1658, 0.419
2454, 0.1560, 0.424
2455, 0.1885, 0.425
2456, 0.0992, 0.425
2457, 0.1302, 0.398
2458, 0.2032, 0.399
2459, 0.1562, 0.430
2460, 0.0987, 0.403
2461, 0.1181, 0.414
2462, 0.1003, 0.403
2463, 0.1703, 0.461
2464, 0.2015, 0.485
2465, 0.1117, 0.408
2466, 0.0922, 0.416
2467, 0.0854, 0.426
2468, 0.1319, 0.418
2469, 0.0933, 0.418
2470, 0.1438, 0.424
2471, 0.1619, 0.419
2472, 0.1705, 0.419
2473, 0.0978, 0.416
2474, 0.1387, 0.416
2475, 0.1309, 0.418
2476, 0.1199, 0.416
2477, 0.1816, 0.421
2478, 0.1353, 0.420
2479, 0.1425, 0.419
2480, 0.1677, 0.420
2481, 0.1302, 0.425
2482, 0.1812, 0.418
2483, 0.2437, 0.424
2484, 0.1803, 0.421
2485, 0.1532, 0.418
2486, 0.1024, 0.420
2487, 0.2101, 0.439
2488, 0.1781, 0.422
2489, 0.1076, 0.419
2490, 0.1893, 0.422
2491, 0.1790, 0.419
2492, 0.2022, 0.421
2493, 0.1317, 0.427
2494, 0.1585, 0.425
2495, 0.1125, 0.417
2496, 0.1605, 0.431
2497, 0.1632, 0.419
2498, 0.2461, 0.433
2499, 0.2538, 0.418
2500, 0.1639, 0.416
2501, 0.1253, 0.413
2502, 0.1399, 0.413
2503, 0.2705, 0.418
2504, 0.1941, 0.415
2505, 0.0923, 0.409
2506, 0.0616, 0.410
2507, 0.1513, 0.420
2508, 0.1536, 0.410
2509, 0.1423, 0.415
2510, 0.1370, 0.417
2511, 0.1801, 0.409
2512, 0.1407, 0.412
2513, 0.1418, 0.417
2514, 0.1284, 0.413
2515, 0.1392, 0.417
2516, 0.1852, 0.412
2517, 0.1707, 0.405
2518, 0.1919, 0.415
2519, 0.1569, 0.420
2520, 0.1198, 0.413
2521, 0.2162, 0.413
2522, 0.1549, 0.416
2523, 0.1338, 0.416
2524, 0.1799, 0.419
2525, 0.0881, 0.425
2526, 0.1175, 0.418
2527, 0.1528, 0.413
2528, 0.2008, 0.410
2529, 0.1942, 0.413
2530, 0.2253, 0.420
2531, 0.2323, 0.412
2532, 0.1228, 0.410
2533, 0.1415, 0.411
2534, 0.2455, 0.420
2535, 0.1067, 0.430
2536, 0.0759, 0.422
2537, 0.1501, 0.414
2538, 0.1137, 0.414
2539, 0.0795, 0.412
2540, 0.2063, 0.426
2541, 0.1302, 0.410
2542, 0.1792, 0.426
2543, 0.1735, 0.428
2544, 0.1115, 0.412
2545, 0.1902, 0.408
2546, 0.1180, 0.405
2547, 0.1069, 0.421
2548, 0.1315, 0.418
2549, 0.1576, 0.415
2550, 0.2020, 0.427
2551, 0.2177, 0.422
2552, 0.1554, 0.428
2553, 0.1062, 0.421
2554, 0.1526, 0.458
2555, 0.1968, 0.417
2556, 0.1954, 0.433
2557, 0.1528, 0.422
2558, 0.1037, 0.422
2559, 0.1648, 0.426
2560, 0.2227, 0.420
2561, 0.1214, 0.423
2562, 0.1646, 0.427
2563, 0.1702, 0.422
2564, 0.1834, 0.419
2565, 0.1629, 0.422
2566, 0.1337, 0.418
2567, 0.2261, 0.426
2568, 0.1980, 0.421
2569, 0.2522, 0.421
2570, 0.1635, 0.417
2571, 0.1870, 0.420
2572, 0.1748, 0.445
2573, 0.1448, 0.422
2574, 0.1495, 0.433
2575, 0.1465, 0.427
2576, 0.1458, 0.422
2577, 0.1271, 0.424
2578, 0.1959, 0.475
2579, 0.1163, 0.466
2580, 0.0998, 0.465
2581, 0.1438, 0.462
2582, 0.0756, 0.438
2583, 0.2596, 0.421
2584, 0.1823, 0.426
2585, 0.2034, 0.426
2586, 0.1149, 0.417
2587, 0.1583, 0.428
2588, 0.1772, 0.426
2589, 0.2107, 0.429
2590, 0.1924, 0.419
2591, 0.1342, 0.433
2592, 0.1579, 0.421
2593, 0.1551, 0.419
2594, 0.1058, 0.422
2595, 0.1044, 0.431
2596, 0.1448, 0.465
2597, 0.1321, 0.430
2598, 0.1245, 0.430
2599, 0.1289, 0.425
2600, 0.0923, 0.420
2601, 0.2018, 0.411
2602, 0.0993, 0.420
2603, 0.2111, 0.440
2604, 0.1968, 0.425
2605, 0.1603, 0.515
2606, 0.1422, 0.426
2607, 0.2351, 0.425
2608, 0.1860, 0.423
2609, 0.0993, 0.421
2610, 0.2314, 0.421
2611, 0.1921, 0.419
2612, 0.1721, 0.425
2613, 0.2097, 0.424
2614, 0.1734, 0.403
2615, 0.2297, 0.418
2616, 0.1138, 0.398
2617, 0.2432, 0.399
2618, 0.2011, 0.423
2619, 0.1846, 0.416
2620, 0.1676, 0.403
2621, 0.1900, 1.018
2622, 0.1597, 0.393
2623, 0.1126, 0.412
2624, 0.1078, 0.394
2625, 0.2132, 0.420
2626, 0.1272, 0.420
2627, 0.1068, 0.416
2628, 0.1672, 0.411
2629, 0.1829, 0.421
2630, 0.2419, 0.422
2631, 0.1250, 0.413
2632, 0.1370, 0.418
2633, 0.1610, 0.415
2634, 0.1930, 0.417
2635, 0.1850, 0.420
2636, 0.2226, 0.422
2637, 0.1810, 0.415
2638, 0.1590, 0.431
2639, 0.1152, 0.420
2640, 0.2017, 0.431
2641, 0.1993, 0.420
2642, 0.1771, 0.430
2643, 0.1637, 0.424
2644, 0.1658, 0.427
2645, 0.1832, 0.421
2646, 0.1563, 0.430
2647, 0.0914, 0.418
2648, 0.1570, 0.419
2649, 0.1130, 0.421
2650, 0.1280, 0.419
2651, 0.1099, 0.417
2652, 0.0727, 0.414
2653, 0.1994, 0.414
2654, 0.1123, 0.416
2655, 0.2118, 0.418
2656, 0.2210, 0.418
2657, 0.1803, 0.429
2658, 0.2058, 0.422
2659, 0.1984, 0.421
2660, 0.1267, 0.419
2661, 0.1548, 0.427
2662, 0.1720, 0.418
2663, 0.1311, 0.436
2664, 0.1804, 0.420
2665, 0.1851, 0.421
2666, 0.1645, 0.417
2667, 0.1893, 0.420
2668, 0.1719, 0.421
2669, 0.1443, 0.425
2670, 0.1526, 0.428
2671, 0.1896, 0.424
2672, 0.1694, 0.419
2673, 0.1903, 0.416
2674, 0.2238, 0.422
2675, 0.1726, 0.419
2676, 0.1380, 0.423
2677, 0.1999, 0.433
2678, 0.1328, 0.418
2679, 0.1356, 0.429
2680, 0.0965, 0.425
2681, 0.1530, 0.420
2682, 0.2141, 0.419
2683, 0.1392, 0.421
2684, 0.0595, 0.433
2685, 0.2263, 0.426
2686, 0.2269, 0.427
2687, 0.0958, 0.423
2688, 0.1859, 0.421
2689, 0.2667, 0.434
2690, 0.2279, 0.419
2691, 0.2306, 0.433
2692, 0.0800, 0.424
2693, 0.1002, 0.420
2694, 0.0982, 0.424
2695, 0.2083, 0.419
2696, 0.0909, 0.423
2697, 0.1114, 0.421
2698, 0.1969, 0.422
2699, 0.1626, 0.429
2700, 0.5975, 0.431
2701, 0.1862, 0.431
2702, 0.2085, 0.429
2703, 0.1296, 0.425
2704, 0.1604, 0.428
2705, 0.2249, 0.425
2706, 0.1781, 0.413
2707, 0.1273, 0.420
2708, 0.1758, 0.428
2709, 0.2289, 0.415
2710, 0.1476, 0.410
2711, 0.1874, 0.412
2712, 0.1224, 0.416
2713, 0.1259, 0.418
2714, 0.1671, 0.422
2715, 0.1485, 0.425
2716, 0.2028, 0.415
2717, 0.1724, 0.415
2718, 0.2083, 0.414
2719, 0.1570, 0.417
2720, 0.0691, 0.426
2721, 0.1268, 0.412
2722, 0.1586, 0.411
2723, 0.1379, 0.418
2724, 0.1723, 0.418
2725, 0.1040, 0.416
2726, 0.1251, 0.410
2727, 0.1804, 0.409
2728, 0.1368, 0.409
2729, 0.1565, 0.412
2730, 0.1221, 0.417
2731, 0.0838, 0.422
2732, 0.0878, 0.417
2733, 0.1725, 0.413
2734, 0.1898, 0.426
2735, 0.1800, 0.431
2736, 0.2302, 0.418
2737, 0.1592, 0.425
2738, 0.1594, 0.414
2739, 0.0715, 0.411
2740, 0.1463, 0.419
2741, 0.0827, 0.426
2742, 0.1677, 0.424
2743, 0.1241, 0.415
2744, 0.1103, 0.413
2745, 0.1636, 0.414
2746, 0.0990, 0.419
2747, 0.2157, 0.423
2748, 0.2378, 0.422
2749, 0.1634, 0.419
2750, 0.1269, 0.420
2751, 0.1296, 0.424
2752, 0.1808, 0.431
2753, 0.1451, 0.417
2754, 0.2009, 0.420
2755, 0.2021, 0.430
2756, 0.1299, 0.421
2757, 0.2026, 0.419
2758, 0.1080, 0.416
2759, 0.1767, 0.416
2760, 0.1620, 0.422
2761, 0.1752, 0.428
2762, 0.1688, 0.430
2763, 0.1479, 0.431
2764, 0.1585, 0.425
2765, 0.1304, 0.420
2766, 0.1431, 0.418
2767, 0.1450, 0.423
2768, 0.1583, 0.423
2769, 0.1208, 0.420
2770, 0.1043, 0.418
2771, 0.1351, 0.431
2772, 0.1355, 0.415
2773, 0.0672, 0.397
2774, 0.1610, 0.396
2775, 0.2081, 0.395
2776, 0.1733, 0.413
2777, 0.2167, 0.396
2778, 0.1028, 0.403
2779, 0.1213, 0.420
2780, 0.1234, 0.854
2781, 0.1380, 0.398
2782, 0.1755, 0.426
2783, 0.1545, 0.421
2784, 0.2241, 0.424
2785, 0.1524, 0.411
2786, 0.1883, 0.399
2787, 0.2461, 0.423
2788, 0.1242, 0.422
2789, 0.1157, 0.419
2790, 0.1892, 0.416
2791, 0.1852, 0.508
2792, 0.0955, 0.499
2793, 0.1856, 0.420
2794, 0.1289, 0.416
2795, 0.1734, 0.413
2796, 0.1248, 0.417
2797, 0.2176, 0.419
2798, 0.1253, 0.418
2799, 0.2211, 0.417
2800, 0.1249, 0.412
2801, 0.1594, 0.406
2802, 0.1206, 0.418
2803, 0.0576, 0.416
2804, 0.2143, 0.420
2805, 0.1615, 0.471
2806, 0.1488, 0.425
2807, 0.1375, 0.434
2808, 0.1056, 0.417
2809, 0.1247, 0.418
2810, 0.1107, 0.417
2811, 0.1848, 0.422
2812, 0.1904, 0.420
2813, 0.1305, 0.417
2814, 0.1883, 0.417
2815, 0.1981, 0.417
2816, 0.1518, 0.413
2817, 0.1831, 0.414
2818, 0.1802, 0.418
2819, 0.1478, 0.426
2820, 0.1103, 0.424
2821, 0.2131, 0.417
2822, 0.1412, 0.422
2823, 0.1105, 0.418
2824, 0.1592, 0.421
2825, 0.1903, 0.431
2826, 0.0667, 0.424
2827, 0.1632, 0.476
2828, 0.1938, 0.418
2829, 0.1422, 0.415
2830, 0.1273, 0.416
2831, 0.0909, 0.419
2832, 0.0810, 0.419
2833, 0.1188, 0.431
2834, 0.1073, 0.418
2835, 0.1208, 0.416
2836, 0.1339, 0.427
2837, 0.1023, 0.429
2838, 0.1140, 0.423
2839, 0.1861, 0.414
2840, 0.0678, 0.413
2841, 0.1230, 0.410
2842, 0.1700, 0.410
2843, 0.1457, 0.417
2844, 0.1991, 0.416
2845, 0.0826, 0.422
2846, 0.1197, 0.411
2847, 0.2390, 0.412
2848, 0.1218, 0.414
2849, 0.1424, 0.416
2850, 0.1351, 0.409
2851, 0.1480, 0.414
2852, 0.1737, 0.413
2853, 0.1185, 0.406
2854, 0.0997, 0.427
2855, 0.1150, 0.418
2856, 0.1483, 0.413
2857, 0.2632, 0.423
2858, 0.2126, 0.426
2859, 0.1522, 0.418
2860, 0.1992, 0.414
2861, 0.2186, 0.416
2862, 0.1600, 0.420
2863, 0.1244, 0.420
2864, 0.0970, 0.416
2865, 0.1752, 0.417
2866, 0.1647, 0.417
2867, 0.0952, 0.416
2868, 0.1641, 0.415
2869, 0.1559, 0.413
2870, 0.1189, 0.452
2871, 0.0601, 0.451
2872, 0.1536, 0.409
2873, 0.1646, 0.413
2874, 0.1383, 0.414
2875, 0.0813, 0.415
2876, 0.0756, 0.414
2877, 0.1571, 0.412
2878, 0.1906, 0.421
2879, 0.1680, 0.406
2880, 0.1651, 0.418
2881, 0.1593, 0.436
2882, 0.1448, 0.414
2883, 0.1212, 0.415
2884, 0.1176, 0.418
2885, 0.0647, 0.415
2886, 0.2547, 0.416
2887, 0.1669, 0.417
2888, 0.1120, 0.421
2889, 0.1501, 0.418
2890, 0.1656, 0.415
2891, 0.1614, 0.411
2892, 0.1583, 0.417
2893, 0.1158, 0.413
2894, 0.1548, 0.446
2895, 0.2298, 0.431
2896, 0.1919, 0.416
2897, 0.2741, 0.413
2898, 0.1576, 0.417
2899, 0.1512, 0.426
2900, 0.1418, 0.414
2901, 0.1821, 0.417
2902, 0.1625, 0.423
2903, 0.2209, 0.412
2904, 0.1210, 0.462
2905, 0.0949, 0.453
2906, 0.2430, 0.447
2907, 0.1739, 0.449
2908, 0.1886, 0.453
2909, 0.1130, 0.453
2910, 0.1915, 0.423
2911, 0.1482, 0.412
2912, 0.1822, 0.417
2913, 0.1582, 0.432
2914, 0.1546, 0.429
2915, 0.1394, 0.450
2916, 0.1144, 0.416
2917, 0.1008, 0.418
2918, 0.1544, 0.412
2919, 0.1836, 0.419
2920, 0.1459, 0.407
2921, 0.0887, 0.408
2922, 0.1526, 0.420
2923, 0.0967, 0.418
2924, 0.0757, 0.411
2925, 0.0760, 0.413
2926, 0.0983, 0.415
2927, 0.0470, 0.411
2928, 0.1471, 0.428
2929, 0.1181, 0.423
2930, 0.1013, 0.462
2931, 0.1171, 0.421
2932, 0.0642, 0.422
2933, 0.0452, 0.429
2934, 0.1497, 0.424
2935, 0.1181, 0.435
2936, 0.2061, 0.415
2937, 0.2032, 0.418
2938, 0.0692, 0.415
2939, 0.0489, 0.415
2940, 0.0909, 0.421
2941, 0.0575, 0.419
2942, 0.0960, 0.420
2943, 0.1272, 0.421
2944, 0.1577, 0.420
2945, 0.1580, 0.416
2946, 0.1459, 0.421
2947, 0.1758, 0.429
2948, 0.1212, 0.426
2949, 0.1514, 0.427
2950, 0.2256, 0.462
2951, 0.1468, 0.456
2952, 0.1733, 0.476
2953, 0.1616, 0.481
2954, 0.0941, 0.481
2955, 0.1970, 0.481
2956, 0.1834, 0.480
2957, 0.1500, 0.481
2958, 0.1752, 0.445
2959, 0.1256, 0.444
2960, 0.1907, 0.481
2961, 0.1948, 0.480
2962, 0.1164, 0.453
2963, 0.1640, 0.446
2964, 0.1122, 0.477
2965, 0.2199, 0.483
2966, 0.1222, 0.454
2967, 0.1087, 0.460
2968, 0.1904, 0.472
2969, 0.1452, 0.479
2970, 0.1443, 0.468
2971, 0.1397, 0.474
2972, 0.1420, 0.422
2973, 0.1286, 0.428
2974, 0.1941, 0.437
2975, 0.0930, 0.427
2976, 0.1704, 0.426
2977, 0.1606, 0.422
2978, 0.2346, 0.412
2979, 0.2154, 0.410
2980, 0.1879, 0.442
2981, 0.1101, 0.426
2982, 0.0856, 0.442
2983, 0.0730, 0.431
2984, 0.2333, 0.436
2985, 0.1747, 0.431
2986, 0.1018, 0.431
2987, 0.0697, 0.429
2988, 0.1502, 0.421
2989, 0.1613, 0.407
2990, 0.1307, 0.409
2991, 0.1062, 0.407
2992, 0.1730, 0.407
2993, 0.1073, 0.406
2994, 0.1438, 0.405
2995, 0.1384, 0.412
2996, 0.1807, 0.413
2997, 0.1951, 0.406
2998, 0.1885, 0.407
2999, 0.1380, 0.407
3000, 0.1195, 0.416
3001, 0.1152, 0.395
3002, 0.1240, 0.408
3003, 0.1218, 0.423
3004, 0.2247, 0.425
3005, 0.1595, 0.417
3006, 0.1050, 0.419
3007, 0.1461, 0.422
3008, 0.0929, 0.422
3009, 0.1745, 0.418
3010, 0.1313, 0.418
3011, 0.2112, 0.418
3012, 0.1316, 0.417
3013, 0.1049, 0.418
3014, 0.1187, 0.416
3015, 0.2408, 0.417
3016, 0.1534, 0.416
3017, 0.1405, 0.411
3018, 0.1588, 0.417
3019, 0.1736, 0.416
3020, 0.1815, 0.441
3021, 0.1625, 0.495
3022, 0.1243, 0.419
3023, 0.1438, 0.415
3024, 0.1637, 0.413
3025, 0.1608, 0.418
3026, 0.1658, 0.417
3027, 0.1463, 0.424
3028, 0.1899, 0.426
3029, 0.0724, 0.415
3030, 0.0931, 0.416
3031, 0.1789, 0.425
3032, 0.1300, 0.434
3033, 0.1952, 0.420
3034, 0.1588, 0.419
3035, 0.1179, 0.415
3036, 0.1781, 0.415
3037, 0.1711, 0.429
3038, 0.1820, 0.414
3039, 0.1860, 0.409
3040, 0.1202, 0.414
3041, 0.1139, 0.421
3042, 0.0675, 0.413
3043, 0.1760, 0.413
3044, 0.0644, 0.418
3045, 0.1144, 0.417
3046, 0.1950, 0.415
3047, 0.1260, 0.419
3048, 0.1710, 0.420
3049, 0.0914, 0.429
3050, 0.1119, 0.421
3051, 0.2556, 0.423
3052, 0.1268, 0.419
3053, 0.1031, 0.417
3054, 0.1056, 0.429
3055, 0.1443, 0.423
3056, 0.1928, 0.413
3057, 0.1983, 0.416
3058, 0.1725, 0.421
3059, 0.1177, 0.418
3060, 0.1963, 0.413
3061, 0.1591, 0.415
3062, 0.1906, 0.415
3063, 0.1499, 0.428
3064, 0.1938, 0.416
3065, 0.1808, 0.417
3066, 0.1302, 0.417
3067, 0.0774, 0.417
3068, 0.1450, 0.416
3069, 0.2088, 0.418
3070, 0.0676, 0.416
3071, 0.0898, 0.414
3072, 0.1026, 0.415
3073, 0.1344, 0.413
3074, 0.1170, 0.415
3075, 0.1589, 0.413
3076, 0.1696, 0.414
3077, 0.1743, 0.412
3078, 0.1574, 0.419
3079, 0.0831, 0.414
3080, 0.1445, 0.417
3081, 0.1466, 0.416
3082, 0.1579, 0.415
3083, 0.1320, 0.413
3084, 0.1495, 0.417
3085, 0.1179, 0.431
3086, 0.2071, 0.417
3087, 0.2024, 0.420
3088, 0.2052, 0.422
3089, 0.2275, 0.434
3090, 0.1651, 0.413
3091, 0.1100, 0.414
3092, 0.1692, 0.415
3093, 0.1667, 0.416
3094, 0.1771, 0.417
3095, 0.2245, 0.413
3096, 0.1101, 0.416
3097, 0.1118, 0.418
3098, 0.1344, 0.421
3099, 0.1712, 0.420
3100, 0.0771, 0.419
3101, 0.0592, 0.419
3102, 0.0649, 0.415
3103, 0.1456, 0.416
3104, 0.2426, 0.418
3105, 0.1761, 0.421
3106, 0.0715, 0.416
3107, 0.2188, 0.421
3108, 0.1702, 0.416
3109, 0.1612, 0.417
3110, 0.1027, 0.418
3111, 0.1763, 0.413
3112, 0.2002, 0.411
3113, 0.1000, 0.414
3114, 0.2171, 0.415
3115, 0.1532, 0.420
3116, 0.1835, 0.418
3117, 0.2276, 0.417
3118, 0.1157, 0.417
3119, 0.1590, 0.417
3120, 0.1105, 0.416
3121, 0.1969, 0.417
3122, 0.1402, 0.417
3123, 0.1079, 0.420
3124, 0.1993, 0.418
3125, 0.1103, 0.418
3126, 0.1407, 0.415
3127, 0.1647, 0.412
3128, 0.0990, 0.414
3129, 0.1737, 0.415
3130, 0.1246, 0.416
3131, 0.0888, 0.413
3132, 0.1284, 0.415
3133, 0.1465, 0.415
3134, 0.0988, 0.416
3135, 0.2612, 0.416
3136, 0.1486, 0.417
3137, 0.2064, 0.417
3138, 0.1600, 0.419
3139, 0.1565, 0.419
3140, 0.2059, 0.417
3141, 0.0720, 0.416
3142, 0.0966, 0.429
3143, 0.1721, 0.492
3144, 0.1778, 0.476
3145, 0.1554, 0.477
3146, 0.1639, 0.475
3147, 0.0918, 0.471
3148, 0.1378, 0.472
3149, 0.1526, 0.462
3150, 0.1563, 0.466
3151, 0.1540, 0.467
3152, 0.1206, 0.465
3153, 0.2119, 0.466
3154, 0.0811, 0.464
3155, 0.1029, 0.467
3156, 0.0758, 0.445
3157, 0.1337, 0.425
3158, 0.1241, 0.425
3159, 0.1272, 0.432
3160, 0.1543, 0.436
3161, 0.2583, 0.428
3162, 0.1675, 0.430
3163, 0.1408, 0.443
3164, 0.0859, 0.438
3165, 0.0832, 0.442
3166, 0.0821, 0.437
3167, 0.0056, 0.437
3168, 0.0696, 0.444
3169, 0.0825, 0.440
3170, 0.0988, 0.442
3171, 0.1016, 0.436
3172, 0.1398, 0.425
3173, 0.1451, 0.424
3174, 0.1894, 0.426
3175, 0.1187, 0.433
3176, 0.1793, 0.434
3177, 0.1844, 0.426
3178, 0.1315, 0.426
3179, 0.1135, 0.427
3180, 0.1539, 0.424
3181, 0.2046, 0.422
3182, 0.1319, 0.417
3183, 0.1811, 0.417
3184, 0.2030, 0.424
3185, 0.1908, 0.424
3186, 0.1280, 0.425
3187, 0.0922, 0.425
3188, 0.1242, 0.422
3189, 0.0954, 0.423
3190, 0.0544, 0.427
3191, 0.1778, 0.423
3192, 0.2211, 0.423
3193, 0.1363, 0.424
3194, 0.1203, 0.425
3195, 0.1655, 0.423
3196, 0.0584, 0.421
3197, 0.1172, 0.430
3198, 0.1609, 0.431
3199, 0.2786, 0.422
3200, 0.1225, 0.423
3201, 0.2025, 0.411
3202, 0.2669, 0.424
3203, 0.0770, 0.426
3204, 0.0653, 0.418
3205, 0.1111, 0.419
3206, 0.1478, 0.471
3207, 0.2188, 0.478
3208, 0.2207, 0.455
3209, 0.2220, 0.496
3210, 0.1992, 0.477
3211, 0.0993, 0.456
3212, 0.2263, 0.478
3213, 0.1111, 0.419
3214, 0.1753, 0.417
3215, 0.1153, 0.418
3216, 0.1187, 0.417
3217, 0.1938, 0.430
3218, 0.0803, 0.415
3219, 0.1284, 0.414
3220, 0.1108, 0.417
3221, 0.1214, 0.419
3222, 0.2239, 0.510
3223, 0.1820, 0.428
3224, 0.1734, 0.428
3225, 0.1417, 0.428
3226, 0.1123, 0.424
3227, 0.1308, 0.421
3228, 0.0833, 0.430
3229, 0.0729, 0.428
3230, 0.1133, 0.418
3231, 0.1232, 0.417
3232, 0.0666, 0.416
3233, 0.0764, 0.422
3234, 0.1243, 0.423
3235, 0.1337, 0.421
3236, 0.0786, 0.419
3237, 0.1784, 0.417
3238, 0.1436, 0.418
3239, 0.1464, 0.425
3240, 0.2360, 0.424
3241, 0.1710, 0.419
3242, 0.1551, 0.415
3243, 0.1143, 0.419
3244, 0.1277, 0.415
3245, 0.0661, 0.414
3246, 0.1112, 0.418
3247, 0.1311, 0.422
3248, 0.1276, 0.418
3249, 0.0721, 0.413
3250, 0.1527, 0.412
3251, 0.1283, 0.428
3252, 0.1301, 0.411
3253, 0.1991, 0.413
3254, 0.1083, 0.416
3255, 0.1551, 0.417
3256, 0.2864, 0.415
3257, 0.2069, 0.416
3258, 0.1866, 0.417
3259, 0.1673, 0.418
3260, 0.1326, 0.412
3261, 0.1341, 0.414
3262, 0.1114, 0.417
3263, 0.1354, 0.417
3264, 0.1663, 0.417
3265, 0.2206, 0.417
3266, 0.0656, 0.414
3267, 0.1339, 0.415
3268, 0.2325, 0.414
3269, 0.1776, 0.412
3270, 0.1274, 0.416
3271, 0.1582, 0.436
3272, 0.1157, 0.418
3273, 0.1808, 0.417
3274, 0.1433, 0.419
3275, 0.2218, 0.421
3276, 0.1824, 0.417
3277, 0.1766, 0.416
3278, 0.1075, 0.417
3279, 0.1637, 0.415
3280, 0.1420, 0.416
3281, 0.1198, 0.414
3282, 0.1335, 0.414
3283, 0.1599, 0.413
3284, 0.1770, 0.420
3285, 0.2142, 0.415
3286, 0.1244, 0.416
3287, 0.1337, 0.416
3288, 0.1350, 0.418
3289, 0.0907, 0.416
3290, 0.2603, 0.427
3291, 0.1791, 0.415
3292, 0.2134, 0.419
3293, 0.0415, 0.419
3294, 0.1153, 0.419
3295, 0.0968, 0.420
3296, 0.1148, 0.420
3297, 0.0821, 0.419
3298, 0.0695, 0.418
3299, 0.1287, 0.417
3300, 0.1216, 0.412
3301, 0.1368, 0.413
3302, 0.1678, 0.418
3303, 0.1724, 0.422
3304, 0.1410, 0.429
3305, 0.1305, 0.419
3306, 0.1593, 0.423
3307, 0.1928, 0.413
3308, 0.1545, 0.418
3309, 0.1336, 0.431
3310, 0.1520, 0.417
3311, 0.1312, 0.429
3312, 0.1441, 0.418
3313, 0.1697, 0.419
3314, 0.1022, 0.417
3315, 0.1446, 0.414
3316, 0.1479, 0.432
3317, 0.1844, 0.456
3318, 0.1391, 0.415
3319, 0.0950, 0.419
3320, 0.2227, 0.417
3321, 0.1129, 0.417
3322, 0.1571, 0.418
3323, 0.1466, 0.417
3324, 0.1270, 0.427
3325, 0.2051, 0.416
3326, 0.1449, 0.417
3327, 0.1003, 0.435
3328, 0.1588, 0.416
3329, 0.0925, 0.416
3330, 0.1917, 0.421
3331, 0.2064, 0.417
3332, 0.2437, 0.428
3333, 0.1552, 0.420
3334, 0.2047, 0.420
3335, 0.2208, 0.425
3336, 0.1158, 0.421
3337, 0.1511, 0.421
3338, 0.1403, 0.419
3339, 0.1320, 0.419
3340, 0.0942, 0.415
3341, 0.1356, 0.421
3342, 0.1165, 0.508
3343, 0.1610, 0.452
3344, 0.1251, 0.456
3345, 0.0970, 0.424
3346, 0.1659, 0.421
3347, 0.2627, 0.420
3348, 0.1505, 0.421
3349, 0.1535, 0.420
3350, 0.1382, 0.417
3351, 0.1547, 0.417
3352, 0.1329, 0.423
3353, 0.1321, 0.425
3354, 0.1669, 0.421
3355, 0.1470, 0.422
3356, 0.1142, 0.421
3357, 0.2109, 0.419
3358, 0.1996, 0.419
3359, 0.1939, 0.429
3360, 0.1104, 0.431
3361, 0.1208, 0.424
3362, 0.1516, 0.423
3363, 0.1171, 0.422
3364, 0.1933, 0.421
3365, 0.1290, 0.421
3366, 0.1530, 0.414
3367, 0.0843, 0.444
3368, 0.0875, 0.422
3369, 0.1078, 0.420
3370, 0.1443, 0.418
3371, 0.2091, 0.421
3372, 0.0803, 0.415
3373, 0.1144, 0.417
3374, 0.0692, 0.418
3375, 0.1114, 0.417
3376, 0.0542, 0.417
3377, 0.1495, 0.417
3378, 0.1245, 0.415
3379, 0.1570, 0.415
3380, 0.0971, 0.416
3381, 0.1962, 0.417
3382, 0.2056, 0.417
3383, 0.0614, 0.418
3384, 0.0545, 0.422
3385, 0.1490, 0.422
3386, 0.0837, 0.415
3387, 0.0516, 0.417
3388, 0.1915, 0.416
3389, 0.1125, 0.417
3390, 0.1559, 0.418
3391, 0.1583, 0.417
3392, 0.1296, 0.416
3393, 0.0785, 0.416
3394, 0.0905, 0.417
3395, 0.1914, 0.417
3396, 0.1530, 0.417
3397, 0.1040, 0.417
3398, 0.0802, 0.417
3399, 0.1092, 0.417
3400, 0.0934, 0.416
3401, 0.2787, 0.407
3402, 0.1411, 0.426
3403, 0.1222, 0.421
3404, 0.0597, 0.417
3405, 0.1247, 0.417
3406, 0.0864, 0.417
3407, 0.1145, 0.424
3408, 0.2134, 0.425
3409, 0.1775, 0.417
3410, 0.1020, 0.417
3411, 0.1362, 0.418
3412, 0.1213, 0.419
3413, 0.1717, 0.430
3414, 0.0852, 0.418
3415, 0.0958, 0.416
3416, 0.2131, 0.414
3417, 0.1127, 0.425
3418, 0.0947, 0.498
3419, 0.0618, 0.422
3420, 0.1426, 0.420
3421, 0.0766, 0.416
3422, 0.1211, 0.418
3423, 0.1165, 0.417
3424, 0.1213, 0.416
3425, 0.1164, 0.427
3426, 0.1362, 0.423
3427, 0.1534, 0.424
3428, 0.1475, 0.424
3429, 0.2492, 0.435
3430, 0.1242, 0.432
3431, 0.1422, 0.426
3432, 0.1600, 0.416
3433, 0.2247, 0.429
3434, 0.0905, 0.458
3435, 0.2002, 0.422
3436, 0.0955, 0.420
3437, 0.1096, 0.426
3438, 0.1891, 0.416
3439, 0.1611, 0.415
3440, 0.1372, 0.418
3441, 0.1501, 0.421
3442, 0.1283, 0.423
3443, 0.0895, 0.460
3444, 0.1195, 0.457
3445, 0.1543, 0.420
3446, 0.2104, 0.417
3447, 0.1292, 0.417
3448, 0.1513, 0.426
3449, 0.0837, 0.438
3450, 0.1116, 0.418
3451, 0.1487, 0.422
3452, 0.1082, 0.427
3453, 0.1102, 0.422
3454, 0.1127, 0.420
3455, 0.1487, 0.427
3456, 0.1273, 0.418
3457, 0.1751, 0.434
3458, 0.1648, 0.421
3459, 0.0856, 0.416
3460, 0.1875, 0.419
3461, 0.1480, 0.416
3462, 0.1040, 0.414
3463, 0.1861, 0.415
3464, 0.1881, 0.427
3465, 0.2330, 0.416
3466, 0.0541, 0.425
3467, 0.1785, 0.431
3468, 0.0912, 0.421
3469, 0.1384, 0.434
3470, 0.1626, 0.419
3471, 0.1399, 0.423
3472, 0.1009, 0.417
3473, 0.0741, 0.427
3474, 0.1674, 0.417
3475, 0.0717, 0.434
3476, 0.1288, 0.418
3477, 0.1105, 0.434
3478, 0.1702, 0.416
3479, 0.1285, 0.414
3480, 0.1614, 0.431
3481, 0.0944, 0.424
3482, 0.1167, 0.419
3483, 0.1925, 0.416
3484, 0.0849, 0.419
3485, 0.1374, 0.418
3486, 0.1382, 0.430
3487, 0.1733, 0.415
3488, 0.1089, 0.416
3489, 0.1789, 0.417
3490, 0.1532, 0.415
3491, 0.0919, 0.424
3492, 0.0758, 0.420
3493, 0.0607, 0.429
3494, 0.1270, 0.418
3495, 0.1095, 0.418
3496, 0.1409, 0.417
3497, 0.1054, 0.421
3498, 0.2993, 0.419
3499, 0.1436, 0.422
3500, 0.1848, 0.423
3501, 0.1755, 0.433
3502, 0.1926, 0.421
3503, 0.1530, 0.417
3504, 0.1589, 0.415
3505, 0.1899, 0.416
3506, 0.1418, 0.415
3507, 0.1475, 0.416
3508, 0.1599, 0.426
3509, 0.1783, 0.416
3510, 0.0823, 0.415
3511, 0.1602, 0.414
3512, 0.1374, 0.420
3513, 0.0797, 0.416
3514, 0.1327, 0.419
3515, 0.2946, 0.428
3516, 0.1924, 0.425
3517, 0.1492, 0.435
3518, 0.1596, 0.416
3519, 0.0785, 0.419
3520, 0.1120, 0.421
3521, 0.1376, 0.422
3522, 0.0996, 0.419
3523, 0.1388, 0.418
3524, 0.1279, 0.417
3525, 0.0976, 0.418
3526, 0.1299, 0.422
3527, 0.0658, 0.419
3528, 0.1252, 0.426
3529, 0.1648, 0.415
3530, 0.1994, 0.418
3531, 0.0771, 0.416
3532, 0.1653, 0.416
3533, 0.1387, 0.420
3534, 0.1383, 0.419
3535, 0.2021, 0.427
3536, 0.1978, 0.422
3537, 0.0999, 0.417
3538, 0.0898, 0.424
3539, 0.2178, 0.417
3540, 0.1631, 0.425
3541, 0.1492, 0.428
3542, 0.1175, 0.418
3543, 0.1793, 0.418
3544, 0.0884, 0.414
3545, 0.1351, 0.417
3546, 0.0840, 0.428
3547, 0.1582, 0.420
3548, 0.1311, 0.417
3549, 0.1117, 0.415
3550, 0.1333, 0.415
3551, 0.1094, 0.417
3552, 0.2169, 0.416
3553, 0.1587, 0.414
3554, 0.1336, 0.417
3555, 0.1061, 0.417
3556, 0.1311, 0.417
3557, 0.1146, 0.417
3558, 0.1866, 0.416
3559, 0.1817, 0.406
3560, 0.1626, 0.404
3561, 0.1363, 0.403
3562, 0.1625, 0.405
3563, 0.1607, 0.405
3564, 0.1036, 0.405
3565, 0.1559, 0.406
3566, 0.1217, 0.404
3567, 0.1176, 0.409
3568, 0.2460, 0.404
3569, 0.0767, 0.404
3570, 0.1335, 0.405
3571, 0.1300, 0.403
3572, 0.1783, 0.406
3573, 0.1151, 0.405
3574, 0.0763, 0.403
3575, 0.1796, 0.405
3576, 0.1611, 0.403
3577, 0.1306, 0.402
3578, 0.1369, 0.406
3579, 0.1484, 0.406
3580, 0.1895, 0.409
3581, 0.1977, 0.405
3582, 0.1569, 0.405
3583, 0.1074, 0.406
3584, 0.1260, 0.404
3585, 0.1189, 0.403
3586, 0.1183, 0.404
3587, 0.1572, 0.406
3588, 0.0948, 0.407
3589, 0.0580, 0.405
3590, 0.1169, 0.404
3591, 0.1313, 0.405
3592, 0.1884, 0.406
3593, 0.1706, 0.404
3594, 0.1360, 0.402
3595, 0.0666, 0.403
3596, 0.1806, 0.407
3597, 0.2009, 0.405
3598, 0.1592, 0.409
3599, 0.2234, 0.406
3600, 0.0677, 0.406
3601, 0.1720, 0.396
3602, 0.0840, 0.406
3603, 0.1797, 0.406
3604, 0.1776, 0.409
3605, 0.1551, 0.417
3606, 0.1426, 0.407
3607, 0.1260, 0.405
3608, 0.1515, 0.405
3609, 0.1084, 0.406
3610, 0.1061, 0.414
3611, 0.0706, 0.421
3612, 0.1576, 0.407
3613, 0.1479, 0.408
3614, 0.1514, 0.404
3615, 0.1589, 0.411
3616, 0.1457, 0.471
3617, 0.1577, 0.412
3618, 0.0753, 0.417
3619, 0.1456, 0.417
3620, 0.0938, 0.418
3621, 0.1131, 0.408
3622, 0.0891, 0.408
3623, 0.0869, 0.412
3624, 0.0819, 0.408
3625, 0.1730, 0.409
3626, 0.2196, 0.409
3627, 0.1510, 0.411
3628, 0.0926, 0.409
3629, 0.1539, 0.412
3630, 0.2157, 0.418
3631, 0.2036, 0.434
3632, 0.0864, 0.412
3633, 0.1393, 0.409
3634, 0.1541, 0.417
3635, 0.1625, 0.415
3636, 0.1643, 0.429
3637, 0.1599, 0.418
3638, 0.0888, 0.419
3639, 0.1397, 0.421
3640, 0.1351, 0.418
3641, 0.1313, 0.412
3642, 0.1234, 0.417
3643, 0.0769, 0.425
3644, 0.0944, 0.458
3645, 0.1067, 0.458
3646, 0.2545, 0.472
3647, 0.1945, 0.459
3648, 0.2036, 0.443
3649, 0.1816, 0.417
3650, 0.1803, 0.413
3651, 0.0994, 0.414
3652, 0.1318, 0.430
3653, 0.1315, 0.423
3654, 0.1110, 0.432
3655, 0.0766, 0.413
3656, 0.1054, 0.419
3657, 0.0970, 0.419
3658, 0.1980, 0.417
3659, 0.1363, 0.422
3660, 0.1341, 0.420
3661, 0.1526, 0.430
3662, 0.1303, 0.455
3663, 0.1313, 0.459
3664, 0.0938, 0.434
3665, 0.1013, 0.431
3666, 0.2319, 0.423
3667, 0.1629, 0.424
3668, 0.0992, 0.420
3669, 0.1915, 0.418
3670, 0.1483, 0.418
3671, 0.1255, 0.421
3672, 0.0703, 0.418
3673, 0.1733, 0.415
3674, 0.1095, 0.417
3675, 0.1914, 0.419
3676, 0.1390, 0.423
3677, 0.1314, 0.412
3678, 0.1094, 0.409
3679, 0.1569, 0.410
3680, 0.1680, 0.408
3681, 0.0980, 0.410
3682, 0.1508, 0.413
3683, 0.0874, 0.414
3684, 0.1219, 0.422
3685, 0.1104, 0.418
3686, 0.1579, 0.417
3687, 0.2216, 0.414
3688, 0.1821, 0.425
3689, 0.1326, 0.413
3690, 0.1230, 0.419
3691, 0.2004, 0.420
3692, 0.1021, 0.419
3693, 0.1597, 0.413
3694, 0.2222, 0.411
3695, 0.1150, 0.409
3696, 0.1048, 0.408
3697, 0.0862, 0.411
3698, 0.1855, 0.415
3699, 0.1191, 0.415
3700, 0.1138, 0.416
3701, 0.1965, 0.419
3702, 0.1986, 0.423
3703, 0.0921, 0.416
3704, 0.1179, 0.425
3705, 0.1482, 0.422
3706, 0.1166, 0.421
3707, 0.1740, 0.424
3708, 0.1307, 0.422
3709, 0.0596, 0.430
3710, 0.1339, 0.414
3711, 0.1839, 0.417
3712, 0.1665, 0.416
3713, 0.1017, 0.421
3714, 0.1937, 0.425
3715, 0.1096, 0.413
3716, 0.1585, 0.417
3717, 0.1367, 0.420
3718, 0.1613, 0.433
3719, 0.1199, 0.418
3720, 0.1132, 0.418
3721, 0.2559, 0.415
3722, 0.1740, 0.414
3723, 0.1208, 0.417
3724, 0.1287, 0.420
3725, 0.0995, 0.414
3726, 0.1153, 0.410
3727, 0.1787, 0.417
3728, 0.1819, 0.415
3729, 0.0935, 0.413
3730, 0.0961, 0.413
3731, 0.1621, 0.413
3732, 0.1495, 0.422
3733, 0.0878, 0.419
3734, 0.1067, 0.414
3735, 0.1676, 0.418
3736, 0.1648, 0.426
3737, 0.1184, 0.459
3738, 0.1088, 0.418
3739, 0.1810, 0.415
3740, 0.1771, 0.421
3741, 0.0641, 0.423
3742, 0.2226, 0.418
3743, 0.2046, 0.417
3744, 0.3080, 0.412
3745, 0.1594, 0.410
3746, 0.2163, 0.418
3747, 0.1794, 0.415
3748, 0.1768, 0.414
3749, 0.1183, 0.419
3750, 0.1023, 0.415
3751, 0.1478, 0.416
3752, 0.1762, 0.415
3753, 0.1527, 0.417
3754, 0.1427, 0.416
3755, 0.1230, 0.416
3756, 0.1055, 0.414
3757, 0.1124, 0.417
3758, 0.1005, 0.416
3759, 0.1059, 0.417
3760, 0.0898, 0.415
3761, 0.1496, 0.417
3762, 0.1665, 0.416
3763, 0.1545, 0.418
3764, 0.1282, 0.418
3765, 0.1343, 0.417
3766, 0.0829, 0.415
3767, 0.1399, 0.417
3768, 0.1959, 0.416
3769, 0.0865, 0.433
3770, 0.1860, 0.415
3771, 0.1761, 0.417
3772, 0.1078, 0.416
3773, 0.1592, 0.417
3774, 0.0619, 0.414
3775, 0.0890, 0.417
3776, 0.1475, 0.415
3777, 0.2024, 0.416
3778, 0.1170, 0.416
3779, 0.1019, 0.416
3780, 0.1620, 0.417
3781, 0.2038, 0.417
3782, 0.2228, 0.416
3783, 0.2232, 0.417
3784, 0.2173, 0.415
3785, 0.2323, 0.416
3786, 0.1427, 0.417
3787, 0.2099, 0.417
3788, 0.2073, 0.416
3789, 0.0459, 0.418
3790, 0.1140, 0.415
3791, 0.1463, 0.414
3792, 0.1497, 0.415
3793, 0.2004, 0.417
3794, 0.1811, 0.415
3795, 0.1634, 0.417
3796, 0.1820, 0.417
3797, 0.1641, 0.417
3798, 0.1624, 0.416
3799, 0.1591, 0.416
3800, 0.1480, 0.415
3801, 0.1335, 0.394
3802, 0.1197, 0.407
3803, 0.1897, 0.408
3804, 0.1935, 0.408
3805, 0.1775, 0.414
3806, 0.1824, 0.419
3807, 0.1468, 0.416
3808, 0.0803, 0.415
3809, 0.2397, 0.406
3810, 0.2137, 0.413
3811, 0.1252, 0.407
3812, 0.1019, 0.410
3813, 0.0792, 0.409
3814, 0.1377, 0.412
3815, 0.1396, 0.416
3816, 0.1360, 0.440
3817, 0.1202, 0.415
3818, 0.1816, 0.416
3819, 0.1454, 0.415
3820, 0.1943, 0.417
3821, 0.1834, 0.416
3822, 0.2159, 0.419
3823, 0.1115, 0.417
3824, 0.1052, 0.414
3825, 0.2091, 0.425
3826, 0.1642, 0.416
3827, 0.1500, 0.417
3828, 0.0840, 0.418
3829, 0.1059, 0.417
3830, 0.0988, 0.417
3831, 0.0857, 0.426
3832, 0.1447, 0.417
3833, 0.1428, 0.417
3834, 0.1545, 0.415
3835, 0.1109, 0.424
3836, 0.1941, 0.420
3837, 0.1430, 0.418
3838, 0.1167, 0.418
3839, 0.1415, 0.424
3840, 0.0709, 0.416
3841, 0.1247, 0.419
3842, 0.0971, 0.415
3843, 0.1039, 0.416
3844, 0.0788, 0.418
3845, 0.1116, 0.417
3846, 0.1369, 0.418
3847, 0.1555, 0.417
3848, 0.1065, 0.419
3849, 0.1395, 0.419
3850, 0.1149, 0.416
3851, 0.1568, 0.413
3852, 0.1166, 0.415
3853, 0.0538, 0.418
3854, 0.1442, 0.423
3855, 0.1815, 0.418
3856, 0.1272, 0.418
3857, 0.1208, 0.415
3858, 0.1368, 0.424
3859, 0.1660, 0.417
3860, 0.1365, 0.424
3861, 0.1729, 0.415
3862, 0.1132, 0.432
3863, 0.2208, 0.418
3864, 0.1416, 0.418
3865, 0.1613, 0.424
3866, 0.2169, 0.423
3867, 0.1008, 0.415
3868, 0.1545, 0.415
3869, 0.1676, 0.414
3870, 0.1453, 0.417
3871, 0.1123, 0.417
3872, 0.0921, 0.419
3873, 0.1550, 0.424
3874, 0.1462, 0.428
3875, 0.1325, 0.420
3876, 0.1952, 0.433
3877, 0.2170, 0.428
3878, 0.1490, 0.422
3879, 0.1806, 0.416
3880, 0.1728, 0.419
3881, 0.1588, 0.432
3882, 0.1755, 0.417
3883, 0.1881, 0.420
3884, 0.3348, 0.419
3885, 0.1726, 0.415
3886, 0.1430, 0.415
3887, 0.2124, 0.417
3888, 0.2392, 0.417
3889, 0.2306, 0.420
3890, 0.1829, 0.417
3891, 0.1082, 0.423
3892, 0.2072, 0.421
3893, 0.1981, 0.420
3894, 0.1205, 0.428
3895, 0.1080, 0.422
3896, 0.1796, 0.419
3897, 0.1455, 0.430
3898, 0.1280, 0.426
3899, 0.1367, 0.420
3900, 0.1141, 0.424
3901, 0.1320, 0.417
3902, 0.0762, 0.426
3903, 0.0792, 0.416
3904, 0.1212, 0.421
3905, 0.1068, 0.423
3906, 0.0880, 0.425
3907, 0.1572, 0.418
3908, 0.1256, 0.420
3909, 0.1174, 0.427
3910, 0.1760, 0.422
3911, 0.1473, 0.416
3912, 0.0777, 0.418
3913, 0.2087, 0.423
3914, 0.1294, 0.416
3915, 0.1222, 0.415
3916, 0.1204, 0.422
3917, 0.1274, 0.414
3918, 0.2573, 0.415
3919, 0.1062, 0.414
3920, 0.1743, 0.413
3921, 0.0809, 0.417
3922, 0.1020, 0.419
3923, 0.1543, 0.418
3924, 0.1424, 0.419
3925, 0.1190, 0.419
3926, 0.2240, 0.419
3927, 0.1673, 0.425
3928, 0.0869, 0.417
3929, 0.1855, 0.418
3930, 0.1476, 0.419
3931, 0.1614, 0.417
3932, 0.1345, 0.418
3933, 0.1416, 0.422
3934, 0.1280, 0.425
3935, 0.0435, 0.427
3936, 0.1350, 0.416
3937, 0.1081, 0.414
3938, 0.1741, 0.437
3939, 0.1338, 0.417
3940, 0.1963, 0.457
3941, 0.0950, 0.475
3942, 0.1181, 0.488
3943, 0.1134, 0.476
3944, 0.1318, 0.460
3945, 0.1353, 0.438
3946, 0.1234, 0.419
3947, 0.1841, 0.428
3948, 0.0819, 0.417
3949, 0.0984, 0.418
3950, 0.2259, 0.419
3951, 0.1493, 0.417
3952, 0.1850, 0.417
3953, 0.1863, 0.417
3954, 0.0879, 0.415
3955, 0.1103, 0.416
3956, 0.1460, 0.416
3957, 0.1243, 0.423
3958, 0.1377, 0.426
3959, 0.2796, 0.422
3960, 0.1053, 0.420
3961, 0.1985, 0.427
3962, 0.1115, 0.418
3963, 0.0884, 0.417
3964, 0.1107, 0.417
3965, 0.1638, 0.418
3966, 0.1347, 0.416
3967, 0.1396, 0.417
3968, 0.1656, 0.418
3969, 0.2057, 0.417
3970, 0.1152, 0.416
3971, 0.1502, 0.418
3972, 0.0913, 0.416
3973, 0.1482, 0.415
3974, 0.1988, 0.415
3975, 0.1888, 0.419
3976, 0.0900, 0.416
3977, 0.0697, 0.417
3978, 0.0998, 0.416
3979, 0.1365, 0.417
3980, 0.1389, 0.415
3981, 0.1253, 0.416
3982, 0.1349, 0.414
3983, 0.1039, 0.412
3984, 0.2192, 0.412
3985, 0.2068, 0.413
3986, 0.1180, 0.413
3987, 0.1378, 0.416
3988, 0.0879, 0.411
3989, 0.0674, 0.410
3990, 0.1668, 0.400
3991, 0.1444, 0.398
3992, 0.1997, 0.400
3993, 0.1431, 0.399
3994, 0.1246, 0.398
3995, 0.1013, 0.399
3996, 0.1324, 0.401
3997, 0.1008, 0.399
3998, 0.1024, 0.400
3999, 0.2158, 0.398
4000, 0.1393, 0.397
4001, 0.1557, 0.399
4002, 0.2721, 0.411
4003, 0.0912, 0.412
4004, 0.2676, 0.415
4005, 0.2020, 0.416
4006, 0.1338, 0.415
4007, 0.1664, 0.410
4008, 0.1070, 0.411
4009, 0.1416, 0.412
4010, 0.1218, 0.411
4011, 0.1144, 0.411
4012, 0.1530, 0.415
4013, 0.1555, 0.411
4014, 0.1513, 0.413
4015, 0.1463, 0.408
4016, 0.1555, 0.407
4017, 0.0550, 0.409
4018, 0.0911, 0.423
4019, 0.1462, 0.422
4020, 0.0850, 0.421
4021, 0.1440, 0.416
4022, 0.0849, 0.410
4023, 0.1068, 0.411
4024, 0.1747, 0.415
4025, 0.1527, 0.424
4026, 0.1367, 0.410
4027, 0.0896, 0.410
4028, 0.1653, 0.408
4029, 0.1635, 0.410
4030, 0.1077, 0.412
4031, 0.1125, 0.411
4032, 0.1784, 0.408
4033, 0.1337, 0.417
4034, 0.1826, 0.408
4035, 0.1903, 0.411
4036, 0.1230, 0.421
4037, 0.1380, 0.448
4038, 0.1827, 0.412
4039, 0.1967, 0.411
4040, 0.1731, 0.411
4041, 0.1638, 0.427
4042, 0.1206, 0.420
4043, 0.1152, 0.413
4044, 0.1413, 0.411
4045, 0.1169, 0.416
4046, 0.1739, 0.429
4047, 0.1437, 0.410
4048, 0.1260, 0.413
4049, 0.1897, 0.409
4050, 0.1825, 0.407
4051, 0.1188, 0.411
4052, 0.1847, 0.422
4053, 0.1184, 0.417
4054, 0.1740, 0.429
4055, 0.1145, 0.416
4056, 0.1389, 0.411
4057, 0.1604, 0.413
4058, 0.1809, 0.415
4059, 0.1777, 0.423
4060, 0.1413, 0.414
4061, 0.1278, 0.413
4062, 0.1819, 0.411
4063, 0.2374, 0.409
4064, 0.1163, 0.420
4065, 0.1358, 0.435
4066, 0.0748, 0.411
4067, 0.1889, 0.410
4068, 0.1386, 0.408
4069, 0.1173, 0.408
4070, 0.1172, 0.413
4071, 0.1295, 0.410
4072, 0.0637, 0.412
4073, 0.0850, 0.417
4074, 0.0996, 0.406
4075, 0.1344, 0.411
4076, 0.0654, 0.417
4077, 0.1746, 0.425
4078, 0.0684, 0.420
4079, 0.1780, 0.419
4080, 0.1425, 0.417
4081, 0.0590, 0.416
4082, 0.1607, 0.420
4083, 0.1702, 0.421
4084, 0.1395, 0.416
4085, 0.0814, 0.419
4086, 0.1693, 0.431
4087, 0.1294, 0.433
4088, 0.0849, 0.418
4089, 0.1491, 0.417
4090, 0.2094, 0.415
4091, 0.1542, 0.415
4092, 0.0814, 0.428
4093, 0.1457, 0.417
4094, 0.1044, 0.416
4095, 0.1497, 0.426
4096, 0.1678, 0.418
4097, 0.1387, 0.433
4098, 0.0982, 0.416
4099, 0.0869, 0.432
4100, 0.1172, 0.418
4101, 0.1781, 0.417
4102, 0.1573, 0.417
4103, 0.0874, 0.420
4104, 0.0668, 0.429
4105, 0.1299, 0.429
4106, 0.1671, 0.418
4107, 0.1393, 0.417
4108, 0.1092, 0.431
4109, 0.1306, 0.437
4110, 0.1307, 0.416
4111, 0.1593, 0.416
4112, 0.1393, 0.417
4113, 0.1439, 0.432
4114, 0.1983, 0.432
4115, 0.1706, 0.418
4116, 0.0782, 0.418
4117, 0.0993, 0.424
4118, 0.1139, 0.417
4119, 0.1311, 0.424
4120, 0.1651, 0.414
4121, 0.1348, 0.417
4122, 0.2416, 0.418
4123, 0.1891, 0.415
4124, 0.2123, 0.416
4125, 0.1095, 0.416
4126, 0.1677, 0.427
4127, 0.2090, 0.461
4128, 0.1576, 0.464
4129, 0.1301, 0.477
4130, 0.1532, 0.477
4131, 0.1307, 0.478
4132, 0.1836, 0.476
4133, 0.1590, 0.477
4134, 0.1214, 0.474
4135, 0.1344, 0.486
4136, 0.1368, 0.455
4137, 0.1855, 0.468
4138, 0.1108, 0.484
4139, 0.1306, 0.479
4140, 0.1316, 0.480
4141, 0.1342, 0.484
4142, 0.0989, 0.482
4143, 0.0805, 0.480
4144, 0.0445, 0.467
4145, 0.1632, 0.463
4146, 0.0791, 0.468
4147, 0.1767, 0.468
4148, 0.2141, 0.468
4149, 0.1398, 0.469
4150, 0.1191, 0.461
4151, 0.1321, 0.448
4152, 0.0938, 0.476
4153, 0.1997, 0.468
4154, 0.1132, 0.465
4155, 0.0876, 0.466
4156, 0.1318, 0.466
4157, 0.1048, 0.467
4158, 0.1115, 0.468
4159, 0.1618, 0.466
4160, 0.2285, 0.468
4161, 0.0801, 0.467
4162, 0.0999, 0.467
4163, 0.2132, 0.467
4164, 0.1814, 0.468
4165, 0.0621, 0.469
4166, 0.1126, 0.469
4167, 0.1095, 0.473
4168, 0.1457, 0.467
4169, 0.1308, 0.469
4170, 0.1970, 0.465
4171, 0.1765, 0.466
4172, 0.2124, 0.466
4173, 0.1441, 0.466
4174, 0.1896, 0.465
4175, 0.2030, 0.471
4176, 0.2389, 0.467
4177, 0.1520, 0.465
4178, 0.0546, 0.449
4179, 0.1207, 0.438
4180, 0.1356, 0.437
4181, 0.1318, 0.438
4182, 0.1092, 0.435
4183, 0.1686, 0.453
4184, 0.1803, 0.428
4185, 0.1278, 0.432
4186, 0.1145, 0.440
4187, 0.2335, 0.426
4188, 0.1752, 0.425
4189, 0.1733, 0.426
4190, 0.1405, 0.414
4191, 0.1626, 0.462
4192, 0.1690, 0.462
4193, 0.2046, 0.465
4194, 0.0812, 0.456
4195, 0.1035, 0.420
4196, 0.1044, 0.421
4197, 0.1765, 0.429
4198, 0.2129, 0.424
4199, 0.1022, 0.427
4200, 0.0943, 0.422
4201, 0.1374, 0.409
4202, 0.1365, 0.418
4203, 0.1322, 0.418
4204, 0.2004, 0.419
4205, 0.1499, 0.416
4206, 0.1833, 0.422
4207, 0.1029, 0.427
4208, 0.1819, 0.422
4209, 0.1129, 0.417
4210, 0.1316, 0.416
4211, 0.1581, 0.418
4212, 0.2205, 0.419
4213, 0.1277, 0.433
4214, 0.0462, 0.433
4215, 0.0943, 0.418
4216, 0.1091, 0.410
4217, 0.1025, 0.414
4218, 0.1909, 0.419
4219, 0.1270, 0.426
4220, 0.1199, 0.426
4221, 0.1223, 0.418
4222, 0.0728, 0.420
4223, 0.1106, 0.421
4224, 0.1647, 0.415
4225, 0.1561, 0.413
4226, 0.2106, 0.426
4227, 0.1180, 0.419
4228, 0.2582, 0.426
4229, 0.1035, 0.430
4230, 0.0937, 0.427
4231, 0.1077, 0.424
4232, 0.1168, 0.411
4233, 0.1523, 0.418
4234, 0.1706, 0.429
4235, 0.1332, 0.419
4236, 0.1753, 0.414
4237, 0.1556, 0.430
4238, 0.0812, 0.426
4239, 0.0846, 0.424
4240, 0.0881, 0.416
4241, 0.1106, 0.414
4242, 0.1011, 0.416
4243, 0.2190, 0.415
4244, 0.1649, 0.412
4245, 0.1412, 0.416
4246, 0.1573, 0.426
4247, 0.1334, 0.413
4248, 0.1744, 0.413
4249, 0.1475, 0.413
4250, 0.0526, 0.421
4251, 0.0998, 0.416
4252, 0.1021, 0.420
4253, 0.1831, 0.413
4254, 0.1346, 0.421
4255, 0.2103, 0.430
4256, 0.1650, 0.421
4257, 0.1661, 0.417
4258, 0.0698, 0.415
4259, 0.1824, 0.417
4260, 0.1649, 0.415
4261, 0.1368, 0.424
4262, 0.1279, 0.416
4263, 0.0859, 0.414
4264, 0.1144, 0.424
4265, 0.1309, 0.429
4266, 0.1888, 0.424
4267, 0.1793, 0.416
4268, 0.1395, 0.430
4269, 0.0851, 0.418
4270, 0.1448, 0.430
4271, 0.0950, 0.420
4272, 0.1852, 0.411
4273, 0.2133, 0.420
4274, 0.1426, 0.420
4275, 0.1837, 0.431
4276, 0.1465, 0.427
4277, 0.0684, 0.431
4278, 0.1424, 0.428
4279, 0.1918, 0.419
4280, 0.1191, 0.467
4281, 0.1349, 0.466
4282, 0.1303, 0.448
4283, 0.1641, 0.456
4284, 0.1370, 0.427
4285, 0.2192, 0.421
4286, 0.1754, 0.417
4287, 0.1573, 0.414
4288, 0.0911, 0.415
4289, 0.1178, 0.423
4290, 0.1875, 0.416
4291, 0.1140, 0.424
4292, 0.1921, 0.417
4293, 0.1041, 0.415
4294, 0.1110, 0.414
4295, 0.1721, 0.412
4296, 0.1292, 0.416
4297, 0.1056, 0.438
4298, 0.0931, 0.428
4299, 0.1543, 0.433
4300, 0.1113, 0.428
4301, 0.1041, 0.418
4302, 0.1232, 0.426
4303, 0.1407, 0.413
4304, 0.1770, 0.414
4305, 0.1777, 0.417
4306, 0.1273, 0.419
4307, 0.1566, 0.418
4308, 0.2119, 0.414
4309, 0.1177, 0.418
4310, 0.2465, 0.425
4311, 0.1142, 0.415
4312, 0.2051, 0.413
4313, 0.1353, 0.412
4314, 0.1368, 0.410
4315, 0.1613, 0.409
4316, 0.0993, 0.412
4317, 0.1871, 0.434
4318, 0.1210, 0.412
4319, 0.1817, 0.412
4320, 0.1315, 0.416
4321, 0.1443, 0.417
4322, 0.2320, 0.419
4323, 0.1591, 0.415
4324, 0.1447, 0.411
4325, 0.1291, 0.416
4326, 0.1520, 0.416
4327, 0.1949, 0.418
4328, 0.1865, 0.415
4329, 0.1489, 0.417
4330, 0.2379, 0.414
4331, 0.1464, 0.411
4332, 0.1649, 0.422
4333, 0.1214, 0.422
4334, 0.1075, 0.421
4335, 0.1351, 0.419
4336, 0.1998, 0.422
4337, 0.2175, 0.423
4338, 0.1293, 0.427
4339, 0.1826, 0.418
4340, 0.1059, 0.417
4341, 0.1433, 0.420
4342, 0.0752, 0.420
4343, 0.1337, 0.417
4344, 0.1511, 0.423
4345, 0.1799, 0.431
4346, 0.1182, 0.428
4347, 0.0784, 0.412
4348, 0.1666, 0.412
4349, 0.1519, 0.413
4350, 0.1970, 0.414
4351, 0.1401, 0.411
4352, 0.2574, 0.411
4353, 0.2089, 0.413
4354, 0.1191, 0.410
4355, 0.1922, 0.409
4356, 0.1969, 0.410
4357, 0.1340, 0.411
4358, 0.1346, 0.406
4359, 0.2260, 0.407
4360, 0.1172, 0.409
4361, 0.1882, 0.411
4362, 0.1449, 0.408
4363, 0.2009, 0.409
4364, 0.1213, 0.411
4365, 0.1547, 0.414
4366, 0.1902, 0.412
4367, 0.0749, 0.409
4368, 0.1295, 0.410
4369, 0.1514, 0.410
4370, 0.1600, 0.410
4371, 0.2815, 0.409
4372, 0.1321, 0.411
4373, 0.0920, 0.414
4374, 0.1565, 0.409
4375, 0.1026, 0.410
4376, 0.0929, 0.410
4377, 0.1622, 0.409
4378, 0.0713, 0.408
4379, 0.1182, 0.411
4380, 0.0887, 0.411
4381, 0.1183, 0.410
4382, 0.1348, 0.410
4383, 0.1639, 0.408
4384, 0.1226, 0.410
4385, 0.1803, 0.410
4386, 0.1419, 0.409
4387, 0.2237, 0.409
4388, 0.1292, 0.413
4389, 0.1483, 0.411
4390, 0.0775, 0.413
4391, 0.1259, 0.410
4392, 0.0954, 0.409
4393, 0.2619, 0.410
4394, 0.2446, 0.407
4395, 0.1485, 0.408
4396, 0.1526, 0.413
4397, 0.1026, 0.411
4398, 0.1449, 0.413
4399, 0.1607, 0.410
4400, 0.1447, 0.406
4401, 0.1195, 0.400
4402, 0.1026, 0.408
4403, 0.1379, 0.408
4404, 0.1824, 0.410
4405, 0.0844, 0.406
4406, 0.1120, 0.410
4407, 0.1526, 0.422
4408, 0.1171, 0.405
4409, 0.2061, 0.404
4410, 0.1209, 0.403
4411, 0.1098, 0.404
4412, 0.1317, 0.425
4413, 0.1260, 0.409
4414, 0.2040, 0.405
4415, 0.1582, 0.404
4416, 0.1776, 0.411
4417, 0.2015, 0.405
4418, 0.1076, 0.406
4419, 0.1075, 0.401
4420, 0.1387, 0.405
4421, 0.0927, 0.405
4422, 0.1733, 0.434
4423, 0.0688, 0.473
4424, 0.1245, 0.405
4425, 0.1610, 0.404
4426, 0.1634, 0.402
4427, 0.1632, 0.402
4428, 0.1472, 0.405
4429, 0.1076, 0.407
4430, 0.1104, 0.407
4431, 0.1052, 0.410
4432, 0.0984, 0.428
4433, 0.1804, 0.422
4434, 0.1270, 0.413
4435, 0.1580, 0.412
4436, 0.1615, 0.422
4437, 0.1166, 0.422
4438, 0.2501, 0.425
4439, 0.1137, 0.420
4440, 0.1039, 0.427
4441, 0.1076, 0.422
4442, 0.1647, 0.417
4443, 0.1905, 0.419
4444, 0.1960, 0.416
4445, 0.1339, 0.416
4446, 0.1412, 0.413
4447, 0.1300, 0.414
4448, 0.1269, 0.420
4449, 0.1326, 0.421
4450, 0.0938, 0.417
4451, 0.0508, 0.413
4452, 0.1067, 0.410
4453, 0.1252, 0.414
4454, 0.1714, 0.414
4455, 0.1756, 0.415
4456, 0.2025, 0.419
4457, 0.1512, 0.421
4458, 0.1707, 0.418
4459, 0.1697, 0.420
4460, 0.1920, 0.417
4461, 0.1831, 0.417
4462, 0.1299, 0.413
4463, 0.1473, 0.412
4464, 0.1850, 0.418
4465, 0.0681, 0.414
4466, 0.1825, 0.415
4467, 0.1512, 0.425
4468, 0.1233, 0.414
4469, 0.1155, 0.413
4470, 0.1635, 0.422
4471, 0.1772, 0.418
4472, 0.0989, 0.417
4473, 0.1758, 0.421
4474, 0.0663, 0.416
4475, 0.1250, 0.417
4476, 0.1822, 0.417
4477, 0.1174, 0.425
4478, 0.1892, 0.413
4479, 0.1987, 0.413
4480, 0.1489, 0.414
4481, 0.1798, 0.431
4482, 0.1442, 0.413
4483, 0.2019, 0.415
4484, 0.1352, 0.417
4485, 0.1682, 0.417
4486, 0.1293, 0.428
4487, 0.0743, 0.414
4488, 0.1462, 0.419
4489, 0.1454, 0.419
4490, 0.0963, 0.414
4491, 0.1960, 0.412
4492, 0.0598, 0.417
4493, 0.1504, 0.418
4494, 0.1036, 0.423
4495, 0.1518, 0.421
4496, 0.1106, 0.425
4497, 0.1068, 0.420
4498, 0.1876, 0.415
4499, 0.1222, 0.415
4500, 0.1123, 0.417
4501, 0.1624, 0.417
4502, 0.1118, 0.414
4503, 0.1536, 0.413
4504, 0.1253, 0.420
4505, 0.0902, 0.438
4506, 0.1356, 0.426
4507, 0.2253, 0.416
4508, 0.1284, 0.413
4509, 0.1778, 0.417
4510, 0.0500, 0.428
4511, 0.0956, 0.420
4512, 0.1071, 0.429
4513, 0.1642, 0.418
4514, 0.1215, 0.422
4515, 0.0983, 0.415
4516, 0.1746, 0.415
4517, 0.1793, 0.430
4518, 0.1338, 0.448
4519, 0.0527, 0.415
4520, 0.1413, 0.415
4521, 0.1067, 0.417
4522, 0.1766, 0.416
4523, 0.2316, 0.420
4524, 0.1585, 0.423
4525, 0.1052, 0.422
4526, 0.1480, 0.456
4527, 0.1573, 0.416
4528, 0.1073, 0.417
4529, 0.1333, 0.418
4530, 0.0791, 0.418
4531, 0.1268, 0.421
4532, 0.1271, 0.418
4533, 0.0802, 0.418
4534, 0.1225, 0.414
4535, 0.1155, 0.418
4536, 0.1527, 0.417
4537, 0.1315, 0.418
4538, 0.1027, 0.411
4539, 0.1240, 0.409
4540, 0.2049, 0.427
4541, 0.0736, 0.428
4542, 0.1509, 0.426
4543, 0.1233, 0.422
4544, 0.2512, 0.418
4545, 0.1126, 0.424
4546, 0.1792, 0.431
4547, 0.1200, 0.420
4548, 0.1333, 0.420
4549, 0.1760, 0.423
4550, 0.1897, 0.422
4551, 0.1413, 0.421
4552, 0.0896, 0.420
4553, 0.1170, 0.418
4554, 0.1620, 0.414
4555, 0.1657, 0.416
4556, 0.1318, 0.419
4557, 0.1217, 0.423
4558, 0.1064, 0.430
4559, 0.1735, 0.430
4560, 0.1610, 0.424
4561, 0.1697, 0.424
4562, 0.1466, 0.423
4563, 0.1565, 0.423
4564, 0.1033, 0.421
4565, 0.1360, 0.412
4566, 0.1664, 0.412
4567, 0.1660, 0.411
4568, 0.1763, 0.413
4569, 0.1179, 0.409
4570, 0.1114, 0.408
4571, 0.1520, 0.403
4572, 0.1001, 0.408
4573, 0.1304, 0.413
4574, 0.1388, 0.407
4575, 0.1552, 0.408
4576, 0.1208, 0.412
4577, 0.1013, 0.410
4578, 0.1772, 0.412
4579, 0.1214, 0.410
4580, 0.2027, 0.412
4581, 0.1390, 0.411
4582, 0.2170, 0.410
4583, 0.1674, 0.412
4584, 0.1937, 0.411
4585, 0.1093, 0.408
4586, 0.1625, 0.408
4587, 0.2331, 0.405
4588, 0.1354, 0.407
4589, 0.0896, 0.409
4590, 0.0841, 0.409
4591, 0.1405, 0.409
4592, 0.0649, 0.410
4593, 0.0803, 0.408
4594, 0.1050, 0.411
4595, 0.1103, 0.412
4596, 0.0856, 0.409
4597, 0.1704, 0.412
4598, 0.1261, 0.411
4599, 0.1955, 0.411
4600, 0.1372, 0.411
4601, 0.1209, 0.398
4602, 0.1018, 0.408
4603, 0.1551, 0.406
4604, 0.1222, 0.406
4605, 0.1191, 0.404
4606, 0.1093, 0.411
4607, 0.1664, 0.416
4608, 0.1725, 0.404
4609, 0.1745, 0.403
4610, 0.1414, 0.405
4611, 0.1278, 0.404
4612, 0.1625, 0.428
4613, 0.1106, 0.409
4614, 0.1770, 0.405
4615, 0.1084, 0.406
4616, 0.1198, 0.404
4617, 0.1846, 0.402
4618, 0.2253, 0.404
4619, 0.0647, 0.423
4620, 0.1374, 0.402
4621, 0.1456, 0.402
4622, 0.1296, 0.402
4623, 0.1317, 0.401
4624, 0.0975, 0.444
4625, 0.1098, 0.423
4626, 0.1694, 0.406
4627, 0.1613, 0.404
4628, 0.1946, 0.405
4629, 0.1342, 0.415
4630, 0.1074, 0.411
4631, 0.1154, 0.407
4632, 0.0904, 0.403
4633, 0.2076, 0.401
4634, 0.0760, 0.411
4635, 0.1349, 0.419
4636, 0.2116, 0.403
4637, 0.1227, 0.406
4638, 0.0882, 0.402
4639, 0.1045, 0.407
4640, 0.2442, 0.477
4641, 0.1402, 0.402
4642, 0.1549, 0.408
4643, 0.1574, 0.406
4644, 0.1800, 0.416
4645, 0.0945, 0.424
4646, 0.1376, 0.424
4647, 0.0992, 0.479
4648, 0.1971, 0.421
4649, 0.1360, 0.428
4650, 0.1390, 0.415
4651, 0.0969, 0.415
4652, 0.1273, 0.412
4653, 0.1305, 0.412
4654, 0.1298, 0.415
4655, 0.1385, 0.413
4656, 0.1131, 0.417
4657, 0.1227, 0.415
4658, 0.1466, 0.425
4659, 0.1076, 0.420
4660, 0.1461, 0.417
4661, 0.1868, 0.417
4662, 0.1185, 0.419
4663, 0.1343, 0.434
4664, 0.2465, 0.421
4665, 0.1768, 0.413
4666, 0.1193, 0.415
4667, 0.1540, 0.415
4668, 0.1275, 0.415
4669, 0.1028, 0.414
4670, 0.1482, 0.415
4671, 0.1752, 0.421
4672, 0.0916, 0.415
4673, 0.1089, 0.418
4674, 0.2005, 0.424
4675, 0.1454, 0.415
4676, 0.1002, 0.426
4677, 0.1269, 0.427
4678, 0.1156, 0.419
4679, 0.1881, 0.417
4680, 0.2089, 0.415
4681, 0.1178, 0.413
4682, 0.1822, 0.418
4683, 0.2079, 0.413
4684, 0.1441, 0.427
4685, 0.2903, 0.419
4686, 0.2965, 0.433
4687, 0.1644, 0.417
4688, 0.1608, 0.420
4689, 0.2150, 0.415
4690, 0.1309, 0.411
4691, 0.1245, 0.412
4692, 0.1154, 0.428
4693, 0.1911, 0.417
4694, 0.1324, 0.417
4695, 0.1410, 0.416
4696, 0.1175, 0.417
4697, 0.0757, 0.424
4698, 0.1046, 0.418
4699, 0.1869, 0.416
4700, 0.1384, 0.417
4701, 0.1950, 0.415
4702, 0.2023, 0.413
4703, 0.1494, 0.413
4704, 0.1540, 0.418
4705, 0.1311, 0.420
4706, 0.1528, 0.426
4707, 0.1179, 0.414
4708, 0.1194, 0.416
4709, 0.1447, 0.420
4710, 0.0841, 0.417
4711, 0.1069, 0.489
4712, 0.1426, 0.419
4713, 0.1948, 0.419
4714, 0.2224, 0.415
4715, 0.2157, 0.415
4716, 0.1459, 0.419
4717, 0.1610, 0.418
4718, 0.1292, 0.426
4719, 0.1717, 0.414
4720, 0.0506, 0.418
4721, 0.1463, 0.426
4722, 0.1003, 0.415
4723, 0.1313, 0.429
4724, 0.1152, 0.421
4725, 0.2352, 0.421
4726, 0.0962, 0.419
4727, 0.1103, 0.415
4728, 0.1048, 0.413
4729, 0.1122, 0.415
4730, 0.1321, 0.416
4731, 0.1426, 0.415
4732, 0.1538, 0.431
4733, 0.1176, 0.416
4734, 0.1478, 0.413
4735, 0.1242, 0.415
4736, 0.1020, 0.411
4737, 0.1037, 0.428
4738, 0.1598, 0.427
4739, 0.1449, 0.412
4740, 0.1600, 0.417
4741, 0.1037, 0.419
4742, 0.1787, 0.418
4743, 0.2041, 0.415
4744, 0.1530, 0.427
4745, 0.1183, 0.421
4746, 0.2290, 0.416
4747, 0.2200, 0.413
4748, 0.2330, 0.419
4749, 0.1705, 0.417
4750, 0.2253, 0.415
4751, 0.0850, 0.413
4752, 0.1260, 0.412
4753, 0.1323, 0.416
4754, 0.1597, 0.431
4755, 0.1522, 0.433
4756, 0.1175, 0.419
4757, 0.2020, 0.426
4758, 0.1581, 0.421
4759, 0.1147, 0.414
4760, 0.0875, 0.414
4761, 0.1101, 0.413
4762, 0.1123, 0.420
4763, 0.1768, 0.423
4764, 0.1254, 0.416
4765, 0.2098, 0.416
4766, 0.0979, 0.407
4767, 0.1358, 0.415
4768, 0.1954, 0.418
4769, 0.1557, 0.406
4770, 0.1397, 0.405
4771, 0.1566, 0.405
4772, 0.1715, 0.406
4773, 0.1765, 0.442
4774, 0.1728, 0.410
4775, 0.1989, 0.410
4776, 0.1239, 0.412
4777, 0.1278, 0.412
4778, 0.1562, 0.412
4779, 0.1435, 0.409
4780, 0.2014, 0.414
4781, 0.1682, 0.410
4782, 0.1486, 0.454
4783, 0.2322, 0.426
4784, 0.1411, 0.425
4785, 0.3101, 0.424
4786, 0.1869, 0.421
4787, 0.1849, 0.422
4788, 0.1417, 0.422
4789, 0.1650, 0.422
4790, 0.1494, 0.420
4791, 0.1152, 0.419
4792, 0.1734, 0.417
4793, 0.2165, 0.415
4794, 0.1166, 0.418
4795, 0.1439, 0.418
4796, 0.2437, 0.421
4797, 0.2422, 0.422
4798, 0.1744, 0.423
4799, 0.1186, 0.423
4800, 0.1413, 0.424
4801, 0.1440, 0.411
4802, 0.1086, 0.425
4803, 0.0858, 0.423
4804, 0.1824, 0.418
4805, 0.2518, 0.417
4806, 0.1695, 0.418
4807, 0.1223, 0.425
4808, 0.2111, 0.416
4809, 0.1150, 0.414
4810, 0.2155, 0.413
4811, 0.1527, 0.413
4812, 0.1806, 0.418
4813, 0.1346, 0.416
4814, 0.1371, 0.417
4815, 0.1319, 0.417
4816, 0.1352, 0.417
4817, 0.1083, 0.426
4818, 0.0856, 0.416
4819, 0.1739, 0.414
4820, 0.1210, 0.412
4821, 0.0891, 0.437
4822, 0.1538, 0.474
4823, 0.2947, 0.414
4824, 0.0938, 0.418
4825, 0.1404, 0.416
4826, 0.1002, 0.415
4827, 0.1501, 0.413
4828, 0.1418, 0.419
4829, 0.1546, 0.421
4830, 0.1707, 0.416
4831, 0.1394, 0.413
4832, 0.1441, 0.417
4833, 0.1611, 0.418
4834, 0.1525, 0.417
4835, 0.1992, 0.417
4836, 0.1912, 0.420
4837, 0.1022, 0.420
4838, 0.1595, 0.414
4839, 0.1813, 0.417
4840, 0.1424, 0.426
4841, 0.1208, 0.434
4842, 0.1428, 0.415
4843, 0.1391, 0.417
4844, 0.2744, 0.423
4845, 0.1200, 0.414
4846, 0.1147, 0.418
4847, 0.1575, 0.425
4848, 0.1521, 0.415
4849, 0.1444, 0.415
4850, 0.1576, 0.433
4851, 0.1739, 0.416
4852, 0.1034, 0.416
4853, 0.1150, 0.430
4854, 0.1558, 0.423
4855, 0.1227, 0.416
4856, 0.2020, 0.417
4857, 0.1541, 0.418
4858, 0.1203, 0.416
4859, 0.1965, 0.414
4860, 0.0882, 0.414
4861, 0.1545, 0.420
4862, 0.1452, 0.416
4863, 0.0997, 0.421
4864, 0.1553, 0.429
4865, 0.1211, 0.418
4866, 0.1352, 0.425
4867, 0.1636, 0.413
4868, 0.1917, 0.419
4869, 0.1589, 0.417
4870, 0.1402, 0.433
4871, 0.1489, 0.416
4872, 0.1595, 0.417
4873, 0.1109, 0.433
4874, 0.1748, 0.445
4875, 0.1771, 0.414
4876, 0.1379, 0.416
4877, 0.1816, 0.429
4878, 0.1452, 0.413
4879, 0.1738, 0.412
4880, 0.1223, 0.419
4881, 0.1808, 0.417
4882, 0.2003, 0.421
4883, 0.2055, 0.427
4884, 0.2438, 0.426
4885, 0.1627, 0.442
4886, 0.1567, 0.418
4887, 0.1284, 0.415
4888, 0.1459, 0.426
4889, 0.0805, 0.420
4890, 0.2709, 0.420
4891, 0.1692, 0.415
4892, 0.1198, 0.413
4893, 0.2225, 0.417
4894, 0.0772, 0.413
4895, 0.1822, 0.415
4896, 0.0777, 0.419
4897, 0.1047, 0.418
4898, 0.1426, 0.418
4899, 0.1933, 0.413
4900, 0.1664, 0.416
4901, 0.1567, 0.428
4902, 0.1214, 0.420
4903, 0.1990, 0.422
4904, 0.0671, 0.423
4905, 0.0846, 0.417
4906, 0.1969, 0.419
4907, 0.1361, 0.418
4908, 0.2050, 0.414
4909, 0.1756, 0.414
4910, 0.1412, 0.416
4911, 0.1807, 0.414
4912, 0.0533, 0.419
4913, 0.0299, 0.414
4914, 0.1350, 0.411
4915, 0.1183, 0.414
4916, 0.1753, 0.416
4917, 0.1512, 0.433
4918, 0.2538, 0.418
4919, 0.1315, 0.419
4920, 0.1560, 0.418
4921, 0.1814, 0.418
4922, 0.1506, 0.419
4923, 0.1914, 0.417
4924, 0.2060, 0.415
4925, 0.1569, 0.433
4926, 0.1087, 0.417
4927, 0.1454, 0.416
4928, 0.1301, 0.422
4929, 0.0671, 0.422
4930, 0.1397, 0.420
4931, 0.0946, 0.412
4932, 0.1822, 0.415
4933, 0.2478, 0.415
4934, 0.1455, 0.423
4935, 0.1908, 0.422
4936, 0.1470, 0.417
4937, 0.2257, 0.422
4938, 0.0916, 0.415
4939, 0.1715, 0.414
4940, 0.1661, 0.419
4941, 0.2141, 0.419
4942, 0.2407, 0.433
4943, 0.0753, 0.472
4944, 0.1310, 0.416
4945, 0.1403, 0.412
4946, 0.0709, 0.412
4947, 0.1731, 0.414
4948, 0.1584, 0.415
4949, 0.1055, 0.423
4950, 0.1221, 0.423
4951, 0.1478, 0.417
4952, 0.1485, 0.415
4953, 0.1706, 0.416
4954, 0.1297, 0.419
4955, 0.0695, 0.433
4956, 0.1386, 0.415
4957, 0.1201, 0.417
4958, 0.1640, 0.416
4959, 0.1486, 0.429
4960, 0.1027, 0.432
4961, 0.1903, 0.434
4962, 0.0754, 0.431
4963, 0.1442, 0.422
4964, 0.1319, 0.420
4965, 0.2103, 0.412
4966, 0.1406, 0.408
4967, 0.1418, 0.408
4968, 0.1281, 0.412
4969, 0.1955, 0.406
4970, 0.0948, 0.404
4971, 0.0975, 0.418
4972, 0.1178, 0.405
4973, 0.1560, 0.405
4974, 0.1618, 0.403
4975, 0.1250, 0.405
4976, 0.0783, 0.416
4977, 0.1501, 0.412
4978, 0.0771, 0.400
4979, 0.1337, 0.407
4980, 0.0783, 0.405
4981, 0.1252, 0.410
4982, 0.1012, 0.416
4983, 0.0935, 0.406
4984, 0.1188, 0.405
4985, 0.1604, 0.404
4986, 0.1280, 0.409
4987, 0.1436, 0.448
4988, 0.1351, 0.421
4989, 0.1474, 0.418
4990, 0.1963, 0.415
4991, 0.1651, 0.413
4992, 0.1628, 0.416
4993, 0.1131, 0.415
4994, 0.0986, 0.410
4995, 0.0562, 0.409
4996, 0.1544, 0.416
4997, 0.1659, 0.422
4998, 0.2182, 0.492
4999, 0.0996, 0.423
5000, 0.1264, 0.423
