0, 0.5067, 1.727
1, 0.5000, 0.399
2, 0.5000, 0.417
3, 0.5000, 0.405
4, 0.5000, 0.405
5, 0.5000, 0.438
6, 0.5000, 0.406
7, 0.5000, 0.414
8, 0.5000, 0.427
9, 0.5000, 0.406
10, 0.5000, 0.398
11, 0.5000, 0.399
12, 0.5000, 0.403
13, 0.5000, 0.399
14, 0.5000, 0.398
15, 0.5000, 0.409
16, 0.5000, 0.402
17, 0.5000, 0.401
18, 0.5000, 0.406
19, 0.5000, 0.409
20, 0.5000, 0.393
21, 0.5000, 0.423
22, 0.5000, 0.409
23, 0.5000, 0.398
24, 0.5000, 0.395
25, 0.5000, 0.399
26, 0.5000, 0.407
27, 0.5000, 0.406
28, 0.5000, 0.417
29, 0.5000, 0.412
30, 0.5000, 0.389
31, 0.5000, 0.391
32, 0.5000, 0.394
33, 0.5000, 0.393
34, 0.5000, 0.391
35, 0.5000, 0.411
36, 0.5000, 0.403
37, 0.5000, 0.386
38, 0.5000, 0.392
39, 0.5000, 0.397
40, 0.5000, 0.398
41, 0.5000, 0.401
42, 0.5000, 0.386
43, 0.5000, 0.396
44, 0.5000, 0.390
45, 0.5000, 0.389
46, 0.5000, 0.390
47, 0.5000, 0.400
48, 0.5000, 0.410
49, 0.5000, 0.392
50, 0.5000, 0.388
51, 0.5000, 0.396
52, 0.5000, 0.425
53, 0.5000, 0.403
54, 0.5000, 0.392
55, 0.5000, 0.397
56, 0.5000, 0.402
57, 0.5000, 0.392
58, 0.5000, 0.410
59, 0.5000, 0.406
60, 0.5000, 0.400
61, 0.5000, 0.399
62, 0.5000, 0.397
63, 0.5000, 0.391
64, 0.5000, 0.401
65, 0.5000, 0.415
66, 0.5000, 0.396
67, 0.5000, 0.396
68, 0.5000, 0.393
69, 0.5000, 0.391
70, 0.5000, 0.401
71, 0.5000, 0.400
72, 0.5000, 0.411
73, 0.5000, 0.393
74, 0.5000, 0.407
75, 0.5000, 0.405
76, 0.5000, 0.398
77, 0.5000, 0.408
78, 0.5000, 0.398
79, 0.5000, 0.396
80, 0.5000, 0.405
81, 0.5000, 0.395
82, 0.5000, 0.412
83, 0.5000, 0.397
84, 0.5000, 0.391
85, 0.5000, 0.396
86, 0.5000, 0.392
87, 0.5000, 0.388
88, 0.5000, 0.390
89, 0.5000, 0.394
90, 0.5000, 0.399
91, 0.5000, 0.408
92, 0.5000, 0.392
93, 0.5000, 0.404
94, 0.5000, 0.393
95, 0.5000, 0.393
96, 0.5000, 0.389
97, 0.5000, 0.391
98, 0.5000, 0.399
99, 0.5000, 0.390
100, 0.5000, 0.387
101, 0.5000, 0.390
102, 0.5000, 0.396
103, 0.5000, 0.390
104, 0.5000, 0.400
105, 0.5000, 0.390
106, 0.5000, 0.391
107, 0.5000, 0.389
108, 0.5000, 0.387
109, 0.5000, 0.390
110, 0.5000, 0.390
111, 0.5000, 0.391
112, 0.5000, 0.387
113, 0.5000, 0.390
114, 0.5000, 0.389
115, 0.5000, 0.394
116, 0.5000, 0.386
117, 0.5000, 0.389
118, 0.5000, 0.391
119, 0.5000, 0.391
120, 0.5000, 0.387
121, 0.5000, 0.391
122, 0.5000, 0.392
123, 0.5000, 0.423
124, 0.5000, 0.390
125, 0.5000, 0.392
126, 0.5000, 0.394
127, 0.5000, 0.391
128, 0.5000, 0.394
129, 0.5000, 0.395
130, 0.5000, 0.391
131, 0.5000, 0.392
132, 0.5000, 0.390
133, 0.5000, 0.390
134, 0.5000, 0.390
135, 0.5000, 0.392
136, 0.5000, 0.394
137, 0.5000, 0.395
138, 0.5000, 0.398
139, 0.5000, 0.401
140, 0.5000, 0.394
141, 0.5000, 0.406
142, 0.5000, 0.407
143, 0.5000, 0.395
144, 0.5000, 0.394
145, 0.5000, 0.394
146, 0.5000, 0.392
147, 0.5000, 0.398
148, 0.5000, 0.392
149, 0.5000, 0.392
150, 0.5000, 0.390
151, 0.5000, 0.391
152, 0.5000, 0.393
153, 0.5000, 0.395
154, 0.5000, 0.402
155, 0.5000, 0.404
156, 0.5000, 0.395
157, 0.5000, 0.392
158, 0.5000, 0.391
159, 0.5000, 0.393
160, 0.5000, 0.395
161, 0.5000, 0.394
162, 0.5000, 0.405
163, 0.5000, 0.406
164, 0.5000, 0.392
165, 0.5000, 0.392
166, 0.5000, 0.393
167, 0.5000, 0.393
168, 0.5000, 0.394
169, 0.5000, 0.396
170, 0.5000, 0.399
171, 0.5000, 0.401
172, 0.5000, 0.396
173, 0.5000, 0.392
174, 0.5000, 0.390
175, 0.5000, 0.392
176, 0.5000, 0.395
177, 0.5000, 0.400
178, 0.5000, 0.396
179, 0.5000, 0.395
180, 0.5000, 0.396
181, 0.5000, 0.395
182, 0.5000, 0.386
183, 0.5000, 0.391
184, 0.5000, 0.394
185, 0.5000, 0.396
186, 0.5000, 0.399
187, 0.5000, 0.402
188, 0.5000, 0.396
189, 0.5000, 0.392
190, 0.5000, 0.392
191, 0.5000, 0.391
192, 0.5000, 0.395
193, 0.5000, 0.397
194, 0.5000, 0.393
195, 0.5000, 0.391
196, 0.5000, 0.392
197, 0.5000, 0.406
198, 0.5000, 0.406
199, 0.5000, 0.393
200, 0.5000, 0.393
201, 0.5000, 0.385
202, 0.5000, 0.401
203, 0.5000, 0.403
204, 0.5000, 0.396
205, 0.5000, 0.395
206, 0.5000, 0.395
207, 0.5000, 0.401
208, 0.5000, 0.399
209, 0.5000, 0.446
210, 0.5000, 0.390
211, 0.5000, 0.387
212, 0.5000, 0.388
213, 0.5000, 0.387
214, 0.5000, 0.387
215, 0.5000, 0.389
216, 0.5000, 0.391
217, 0.5000, 0.390
218, 0.5000, 0.394
219, 0.5000, 0.397
220, 0.5000, 0.389
221, 0.5000, 0.389
222, 0.5000, 0.389
223, 0.5000, 0.390
224, 0.5000, 0.392
225, 0.5000, 0.392
226, 0.5000, 0.391
227, 0.5000, 0.390
228, 0.5000, 0.391
229, 0.5000, 0.405
230, 0.5000, 0.388
231, 0.5000, 0.396
232, 0.5000, 0.390
233, 0.5000, 0.389
234, 0.5000, 0.393
235, 0.5000, 0.396
236, 0.5000, 0.393
237, 0.5000, 0.389
238, 0.5000, 0.391
239, 0.5000, 0.386
240, 0.5000, 0.391
241, 0.5000, 0.394
242, 0.5000, 0.391
243, 0.5000, 0.390
244, 0.5000, 0.388
245, 0.5000, 0.391
246, 0.5000, 0.390
247, 0.5000, 0.390
248, 0.5000, 0.390
249, 0.5000, 0.389
250, 0.5000, 0.392
251, 0.5000, 0.397
252, 0.5000, 0.392
253, 0.5000, 0.387
254, 0.5000, 0.389
255, 0.5000, 0.389
256, 0.5000, 0.391
257, 0.5000, 0.393
258, 0.5000, 0.387
259, 0.5000, 0.390
260, 0.5000, 0.389
261, 0.5000, 0.390
262, 0.5000, 0.391
263, 0.5000, 0.390
264, 0.5000, 0.391
265, 0.5000, 0.391
266, 0.5000, 0.392
267, 0.5000, 0.391
268, 0.5000, 0.392
269, 0.5000, 0.390
270, 0.5000, 0.390
271, 0.5000, 0.387
272, 0.5000, 0.392
273, 0.5000, 0.396
274, 0.5000, 0.391
275, 0.5000, 0.388
276, 0.5000, 0.389
277, 0.5000, 0.389
278, 0.5000, 0.390
279, 0.5000, 0.387
280, 0.5000, 0.392
281, 0.5000, 0.393
282, 0.5000, 0.392
283, 0.5000, 0.408
284, 0.5000, 0.393
285, 0.5000, 0.400
286, 0.5000, 0.393
287, 0.5000, 0.392
288, 0.5000, 0.390
289, 0.5000, 0.407
290, 0.5000, 0.396
291, 0.5000, 0.390
292, 0.5000, 0.390
293, 0.5000, 0.390
294, 0.5000, 0.391
295, 0.5000, 0.391
296, 0.5000, 0.390
297, 0.5000, 0.392
298, 0.5000, 0.393
299, 0.5000, 0.405
300, 0.5000, 0.390
301, 0.5000, 0.390
302, 0.5000, 0.390
303, 0.5000, 0.401
304, 0.5000, 0.392
305, 0.5000, 0.394
306, 0.5000, 0.392
307, 0.5000, 0.389
308, 0.5000, 0.390
309, 0.5000, 0.389
310, 0.5000, 0.391
311, 0.5000, 0.390
312, 0.5000, 0.394
313, 0.5000, 0.392
314, 0.5000, 0.392
315, 0.5000, 0.395
316, 0.5000, 0.392
317, 0.5000, 0.389
318, 0.5000, 0.390
319, 0.5000, 0.386
320, 0.5000, 0.392
321, 0.5000, 0.393
322, 0.5000, 0.392
323, 0.5000, 0.388
324, 0.5000, 0.390
325, 0.5000, 0.386
326, 0.5000, 0.400
327, 0.5000, 0.397
328, 0.5000, 0.390
329, 0.5000, 0.395
330, 0.5000, 0.394
331, 0.5000, 0.397
332, 0.5000, 0.390
333, 0.5000, 0.391
334, 0.5000, 0.394
335, 0.5000, 0.393
336, 0.5000, 0.393
337, 0.5000, 0.396
338, 0.5000, 0.393
339, 0.5000, 0.394
340, 0.5000, 0.393
341, 0.5000, 0.394
342, 0.5000, 0.403
343, 0.5000, 0.406
344, 0.5000, 0.394
345, 0.5000, 0.395
346, 0.5000, 0.394
347, 0.5000, 0.409
348, 0.5000, 0.438
349, 0.5000, 0.449
350, 0.5000, 0.445
351, 0.5000, 0.441
352, 0.5000, 0.452
353, 0.5000, 0.451
354, 0.5000, 0.446
355, 0.5000, 0.450
356, 0.5000, 0.448
357, 0.5000, 0.446
358, 0.5000, 0.453
359, 0.5000, 0.451
360, 0.5000, 0.453
361, 0.5000, 0.451
362, 0.5000, 0.449
363, 0.5000, 0.453
364, 0.5000, 0.444
365, 0.5000, 0.448
366, 0.5000, 0.448
367, 0.5000, 0.445
368, 0.5000, 0.447
369, 0.5000, 0.445
370, 0.5000, 0.442
371, 0.5000, 0.441
372, 0.5000, 0.441
373, 0.5000, 0.443
374, 0.5000, 0.443
375, 0.5000, 0.443
376, 0.5000, 0.440
377, 0.5000, 0.441
378, 0.5000, 0.440
379, 0.5000, 0.438
380, 0.5000, 0.443
381, 0.5000, 0.448
382, 0.5000, 0.447
383, 0.5000, 0.448
384, 0.5000, 0.447
385, 0.5000, 0.446
386, 0.5000, 0.444
387, 0.5000, 0.441
388, 0.5000, 0.441
389, 0.5000, 0.440
390, 0.5000, 0.442
391, 0.5000, 0.442
392, 0.5000, 0.440
393, 0.5000, 0.441
394, 0.5000, 0.439
395, 0.5000, 0.438
396, 0.5000, 0.440
397, 0.5000, 0.444
398, 0.5000, 0.447
399, 0.5000, 0.447
400, 0.5000, 0.447
401, 0.5000, 0.427
402, 0.5000, 0.420
403, 0.5000, 0.419
404, 0.5000, 0.418
405, 0.5000, 0.424
406, 0.5000, 0.432
407, 0.5000, 0.433
408, 0.5000, 0.466
409, 0.5000, 0.398
410, 0.5000, 0.400
411, 0.5000, 0.397
412, 0.5000, 0.395
413, 0.5000, 0.395
414, 0.5000, 0.409
415, 0.5000, 0.413
416, 0.5000, 0.410
417, 0.5000, 0.395
418, 0.5000, 0.403
419, 0.5000, 0.406
420, 0.5000, 0.399
421, 0.5000, 0.410
422, 0.5000, 0.397
423, 0.5000, 0.398
424, 0.5000, 0.393
425, 0.5000, 0.409
426, 0.5000, 0.390
427, 0.5000, 0.392
428, 0.5000, 0.398
429, 0.5000, 0.404
430, 0.5000, 0.404
431, 0.5000, 0.391
432, 0.5000, 0.392
433, 0.5000, 0.393
434, 0.5000, 0.391
435, 0.5000, 0.395
436, 0.5000, 0.393
437, 0.5000, 0.394
438, 0.5000, 0.392
439, 0.5000, 0.392
440, 0.5000, 0.393
441, 0.5000, 0.401
442, 0.5000, 0.387
443, 0.5000, 0.407
444, 0.5000, 0.391
445, 0.5000, 0.390
446, 0.5000, 0.389
447, 0.5000, 0.391
448, 0.5000, 0.399
449, 0.5000, 0.391
450, 0.5000, 0.398
451, 0.5000, 0.393
452, 0.5000, 0.392
453, 0.5000, 0.392
454, 0.5000, 0.386
455, 0.5000, 0.390
456, 0.5000, 0.392
457, 0.5000, 0.391
458, 0.5000, 0.390
459, 0.5000, 0.393
460, 0.5000, 0.398
461, 0.5000, 0.396
462, 0.5000, 0.386
463, 0.5000, 0.397
464, 0.5000, 0.398
465, 0.5000, 0.398
466, 0.5000, 0.389
467, 0.5000, 0.395
468, 0.5000, 0.392
469, 0.5000, 0.393
470, 0.5000, 0.389
471, 0.5000, 0.393
472, 0.5000, 0.394
473, 0.5000, 0.393
474, 0.5000, 0.389
475, 0.5000, 0.394
476, 0.5000, 0.389
477, 0.5000, 0.391
478, 0.5000, 0.386
479, 0.5000, 0.389
480, 0.5000, 0.390
481, 0.5000, 0.390
482, 0.5000, 0.415
483, 0.5000, 0.392
484, 0.5000, 0.392
485, 0.5000, 0.390
486, 0.5000, 0.390
487, 0.5000, 0.390
488, 0.5000, 0.392
489, 0.5000, 0.394
490, 0.5000, 0.392
491, 0.5000, 0.393
492, 0.5000, 0.400
493, 0.5000, 0.390
494, 0.5000, 0.390
495, 0.5000, 0.395
496, 0.5000, 0.389
497, 0.5000, 0.390
498, 0.5000, 0.395
499, 0.5000, 0.404
500, 0.5000, 0.390
501, 0.5000, 0.386
502, 0.5000, 0.390
503, 0.5000, 0.391
504, 0.5000, 0.393
505, 0.5000, 0.392
506, 0.5000, 0.392
507, 0.5000, 0.393
508, 0.5000, 0.390
509, 0.5000, 0.389
510, 0.5000, 0.386
511, 0.5000, 0.390
512, 0.5000, 0.395
513, 0.5000, 0.390
514, 0.5000, 0.388
515, 0.5000, 0.393
516, 0.5000, 0.395
517, 0.5000, 0.400
518, 0.5000, 0.386
519, 0.5000, 0.389
520, 0.5000, 0.398
521, 0.5000, 0.475
522, 0.5000, 0.394
523, 0.5000, 0.394
524, 0.5000, 0.389
525, 0.5000, 0.386
526, 0.5000, 0.386
527, 0.5000, 0.387
528, 0.5000, 0.393
529, 0.5000, 0.395
530, 0.5000, 0.394
531, 0.5000, 0.396
532, 0.5000, 0.392
533, 0.5000, 0.393
534, 0.5000, 0.393
535, 0.5000, 0.394
536, 0.5000, 0.399
537, 0.5000, 0.394
538, 0.5000, 0.395
539, 0.5000, 0.396
540, 0.5000, 0.391
541, 0.5000, 0.405
542, 0.5000, 0.400
543, 0.5000, 0.389
544, 0.5000, 0.393
545, 0.5000, 0.393
546, 0.5000, 0.394
547, 0.5000, 0.398
548, 0.5000, 0.392
549, 0.5000, 0.392
550, 0.5000, 0.393
551, 0.5000, 0.392
552, 0.5000, 0.452
553, 0.5000, 0.424
554, 0.5000, 0.450
555, 0.5000, 0.449
556, 0.5000, 0.441
557, 0.5000, 0.446
558, 0.5000, 0.449
559, 0.5000, 0.443
560, 0.5000, 0.447
561, 0.5000, 0.451
562, 0.5000, 0.449
563, 0.5000, 0.451
564, 0.5000, 0.447
565, 0.5000, 0.447
566, 0.5000, 0.447
567, 0.5000, 0.448
568, 0.5000, 0.452
569, 0.5000, 0.451
570, 0.5000, 0.449
571, 0.5000, 0.446
572, 0.5000, 0.448
573, 0.5000, 0.450
574, 0.5000, 0.448
575, 0.5000, 0.444
576, 0.5000, 0.441
577, 0.5000, 0.440
578, 0.5000, 0.440
579, 0.5000, 0.440
580, 0.5000, 0.441
581, 0.5000, 0.440
582, 0.5000, 0.440
583, 0.5000, 0.440
584, 0.5000, 0.437
585, 0.5000, 0.441
586, 0.5000, 0.448
587, 0.5000, 0.447
588, 0.5000, 0.445
589, 0.5000, 0.443
590, 0.5000, 0.445
591, 0.5000, 0.445
592, 0.5000, 0.441
593, 0.5000, 0.439
594, 0.5000, 0.441
595, 0.5000, 0.441
596, 0.5000, 0.440
597, 0.5000, 0.420
598, 0.5000, 0.403
599, 0.5000, 0.412
600, 0.5000, 0.402
601, 0.5000, 0.389
602, 0.5000, 0.409
603, 0.5000, 0.411
604, 0.5000, 0.403
605, 0.5000, 0.411
606, 0.5000, 0.431
607, 0.5000, 0.430
608, 0.5000, 0.438
609, 0.5000, 0.399
610, 0.5000, 0.403
611, 0.5000, 0.403
612, 0.5000, 0.401
613, 0.5000, 0.396
614, 0.5000, 0.396
615, 0.5000, 0.395
616, 0.5000, 0.393
617, 0.5000, 0.402
618, 0.5000, 0.400
619, 0.5000, 0.386
620, 0.5000, 0.389
621, 0.5000, 0.397
622, 0.5000, 0.390
623, 0.5000, 0.390
624, 0.5000, 0.385
625, 0.5000, 0.393
626, 0.5000, 0.389
627, 0.5000, 0.389
628, 0.5000, 0.388
629, 0.5000, 0.387
630, 0.5000, 0.393
631, 0.5000, 0.397
632, 0.5000, 0.395
633, 0.5000, 0.391
634, 0.5000, 0.389
635, 0.5000, 0.391
636, 0.5000, 0.390
637, 0.5000, 0.389
638, 0.5000, 0.385
639, 0.5000, 0.388
640, 0.5000, 0.389
641, 0.5000, 0.388
642, 0.5000, 0.389
643, 0.5000, 0.390
644, 0.5000, 0.394
645, 0.5000, 0.389
646, 0.5000, 0.391
647, 0.5000, 0.393
648, 0.5000, 0.405
649, 0.5000, 0.391
650, 0.5000, 0.401
651, 0.5000, 0.391
652, 0.5000, 0.386
653, 0.5000, 0.388
654, 0.5000, 0.389
655, 0.5000, 0.388
656, 0.5000, 0.387
657, 0.5000, 0.389
658, 0.5000, 0.389
659, 0.5000, 0.389
660, 0.5000, 0.389
661, 0.5000, 0.386
662, 0.5000, 0.391
663, 0.5000, 0.394
664, 0.5000, 0.395
665, 0.5000, 0.401
666, 0.5000, 0.390
667, 0.5000, 0.391
668, 0.5000, 0.390
669, 0.5000, 0.393
670, 0.5000, 0.386
671, 0.5000, 0.388
672, 0.5000, 0.389
673, 0.5000, 0.389
674, 0.5000, 0.389
675, 0.5000, 0.399
676, 0.5000, 0.391
677, 0.5000, 0.389
678, 0.5000, 0.391
679, 0.5000, 0.395
680, 0.5000, 0.396
681, 0.5000, 0.393
682, 0.5000, 0.391
683, 0.5000, 0.391
684, 0.5000, 0.385
685, 0.5000, 0.388
686, 0.5000, 0.391
687, 0.5000, 0.388
688, 0.5000, 0.389
689, 0.5000, 0.388
690, 0.5000, 0.389
691, 0.5000, 0.388
692, 0.5000, 0.388
693, 0.5000, 0.386
694, 0.5000, 0.390
695, 0.5000, 0.395
696, 0.5000, 0.398
697, 0.5000, 0.392
698, 0.5000, 0.392
699, 0.5000, 0.391
700, 0.5000, 0.389
701, 0.5000, 0.389
702, 0.5000, 0.390
703, 0.5000, 0.392
704, 0.5000, 0.388
705, 0.5000, 0.388
706, 0.5000, 0.389
707, 0.5000, 0.389
708, 0.5000, 0.386
709, 0.5000, 0.389
710, 0.5000, 0.389
711, 0.5000, 0.393
712, 0.5000, 0.394
713, 0.5000, 0.392
714, 0.5000, 0.391
715, 0.5000, 0.391
716, 0.5000, 0.388
717, 0.5000, 0.390
718, 0.5000, 0.390
719, 0.5000, 0.391
720, 0.5000, 0.386
721, 0.5000, 0.390
722, 0.5000, 0.389
723, 0.5000, 0.389
724, 0.5000, 0.386
725, 0.5000, 0.388
726, 0.5000, 0.389
727, 0.5000, 0.470
728, 0.5000, 0.398
729, 0.5000, 0.394
730, 0.5000, 0.392
731, 0.5000, 0.392
732, 0.5000, 0.391
733, 0.5000, 0.393
734, 0.5000, 0.392
735, 0.5000, 0.393
736, 0.5000, 0.392
737, 0.5000, 0.391
738, 0.5000, 0.390
739, 0.5000, 0.388
740, 0.5000, 0.384
741, 0.5000, 0.396
742, 0.5000, 0.408
743, 0.5000, 0.397
744, 0.5000, 0.400
745, 0.5000, 0.395
746, 0.5000, 0.395
747, 0.5000, 0.395
748, 0.5000, 0.393
749, 0.5000, 0.392
750, 0.5000, 0.393
751, 0.5000, 0.393
752, 0.5000, 0.393
753, 0.5000, 0.392
754, 0.5000, 0.393
755, 0.5000, 0.407
756, 0.5000, 0.404
757, 0.5000, 0.389
758, 0.5000, 0.393
759, 0.5000, 0.398
760, 0.5000, 0.399
761, 0.5000, 0.394
762, 0.5000, 0.394
763, 0.5000, 0.392
764, 0.5000, 0.392
765, 0.5000, 0.392
766, 0.5000, 0.392
767, 0.5000, 0.394
768, 0.5000, 0.393
769, 0.5000, 0.392
770, 0.5000, 0.393
771, 0.5000, 0.394
772, 0.5000, 0.392
773, 0.5000, 0.390
774, 0.5000, 0.392
775, 0.5000, 0.396
776, 0.5000, 0.400
777, 0.5000, 0.395
778, 0.5000, 0.396
779, 0.5000, 0.424
780, 0.5000, 0.447
781, 0.5000, 0.438
782, 0.5000, 0.444
783, 0.5000, 0.444
784, 0.5000, 0.446
785, 0.5000, 0.444
786, 0.5000, 0.446
787, 0.5000, 0.453
788, 0.5000, 0.444
789, 0.5000, 0.440
790, 0.5000, 0.444
791, 0.5000, 0.454
792, 0.5000, 0.459
793, 0.5000, 0.451
794, 0.5000, 0.450
795, 0.5000, 0.449
796, 0.5000, 0.447
797, 0.5000, 0.447
798, 0.5000, 0.446
799, 0.5000, 0.447
800, 0.5000, 0.446
801, 0.5000, 0.423
802, 0.5000, 0.421
803, 0.5000, 0.409
804, 0.5000, 0.404
805, 0.5000, 0.408
806, 0.5000, 0.407
807, 0.5000, 0.398
808, 0.5000, 0.433
809, 0.5000, 0.410
810, 0.5000, 0.405
811, 0.5000, 0.410
812, 0.5000, 0.422
813, 0.5000, 0.409
814, 0.5000, 0.430
815, 0.5000, 0.415
816, 0.5000, 0.405
817, 0.5000, 0.397
818, 0.5000, 0.405
819, 0.5000, 0.407
820, 0.5000, 0.402
821, 0.5000, 0.404
822, 0.5000, 0.404
823, 0.5000, 0.393
824, 0.5000, 0.397
825, 0.5000, 0.400
826, 0.5000, 0.394
827, 0.5000, 0.390
828, 0.5000, 0.390
829, 0.5000, 0.393
830, 0.5000, 0.404
831, 0.5000, 0.400
832, 0.5000, 0.389
833, 0.5000, 0.388
834, 0.5000, 0.390
835, 0.5000, 0.390
836, 0.5000, 0.410
837, 0.5000, 0.391
838, 0.5000, 0.393
839, 0.5000, 0.399
840, 0.5000, 0.399
841, 0.5000, 0.388
842, 0.5000, 0.396
843, 0.5000, 0.391
844, 0.5000, 0.406
845, 0.5000, 0.401
846, 0.5000, 0.391
847, 0.5000, 0.396
848, 0.5000, 0.397
849, 0.5000, 0.394
850, 0.5000, 0.391
851, 0.5000, 0.395
852, 0.5000, 0.392
853, 0.5000, 0.388
854, 0.5000, 0.388
855, 0.5000, 0.392
856, 0.5000, 0.392
857, 0.5000, 0.390
858, 0.5000, 0.390
859, 0.5000, 0.405
860, 0.5000, 0.389
861, 0.5000, 0.390
862, 0.5000, 0.390
863, 0.5000, 0.387
864, 0.5000, 0.392
865, 0.5000, 0.398
866, 0.5000, 0.390
867, 0.5000, 0.392
868, 0.5000, 0.387
869, 0.5000, 0.400
870, 0.5000, 0.390
871, 0.5000, 0.393
872, 0.5000, 0.391
873, 0.5000, 0.393
874, 0.5000, 0.389
875, 0.5000, 0.392
876, 0.5000, 0.390
877, 0.5000, 0.389
878, 0.5000, 0.392
879, 0.5000, 0.389
880, 0.5000, 0.390
881, 0.5000, 0.388
882, 0.5000, 0.390
883, 0.5000, 0.393
884, 0.5000, 0.391
885, 0.5000, 0.387
886, 0.5000, 0.393
887, 0.5000, 0.391
888, 0.5000, 0.392
889, 0.5000, 0.389
890, 0.5000, 0.390
891, 0.5000, 0.390
892, 0.5000, 0.390
893, 0.5000, 0.389
894, 0.5000, 0.393
895, 0.5000, 0.391
896, 0.5000, 0.389
897, 0.5000, 0.389
898, 0.5000, 0.391
899, 0.5000, 0.394
900, 0.5000, 0.390
901, 0.5000, 0.388
902, 0.5000, 0.390
903, 0.5000, 0.395
904, 0.5000, 0.392
905, 0.5000, 0.389
906, 0.5000, 0.420
907, 0.5000, 0.395
908, 0.5000, 0.390
909, 0.5000, 0.390
910, 0.5000, 0.388
911, 0.5000, 0.390
912, 0.5000, 0.389
913, 0.5000, 0.389
914, 0.5000, 0.386
915, 0.5000, 0.392
916, 0.5000, 0.389
917, 0.5000, 0.389
918, 0.5000, 0.388
919, 0.5000, 0.390
920, 0.5000, 0.392
921, 0.5000, 0.395
922, 0.5000, 0.390
923, 0.5000, 0.405
924, 0.5000, 0.386
925, 0.5000, 0.417
926, 0.5000, 0.421
927, 0.5000, 0.413
928, 0.5000, 0.436
929, 0.5000, 0.436
930, 0.5000, 0.443
931, 0.5000, 0.446
932, 0.5000, 0.444
933, 0.5000, 0.441
934, 0.5000, 0.443
935, 0.5000, 0.446
936, 0.5000, 0.449
937, 0.5000, 0.454
938, 0.5000, 0.451
939, 0.5000, 0.448
940, 0.5000, 0.455
941, 0.5000, 0.457
942, 0.5000, 0.449
943, 0.5000, 0.447
944, 0.5000, 0.447
945, 0.5000, 0.447
946, 0.5000, 0.446
947, 0.5000, 0.445
948, 0.5000, 0.446
949, 0.5000, 0.443
950, 0.5000, 0.439
951, 0.5000, 0.431
952, 0.5000, 0.440
953, 0.5000, 0.440
954, 0.5000, 0.440
955, 0.5000, 0.441
956, 0.5000, 0.439
957, 0.5000, 0.439
958, 0.5000, 0.436
959, 0.5000, 0.439
960, 0.5000, 0.445
961, 0.5000, 0.446
962, 0.5000, 0.446
963, 0.5000, 0.447
964, 0.5000, 0.447
965, 0.5000, 0.446
966, 0.5000, 0.441
967, 0.5000, 0.440
968, 0.5000, 0.440
969, 0.5000, 0.441
970, 0.5000, 0.440
971, 0.5000, 0.440
972, 0.5000, 0.439
973, 0.5000, 0.440
974, 0.5000, 0.401
975, 0.5000, 0.413
976, 0.5000, 0.413
977, 0.5000, 0.411
978, 0.5000, 0.409
979, 0.5000, 0.419
980, 0.5000, 0.417
981, 0.5000, 0.416
982, 0.5000, 0.420
983, 0.5000, 0.407
984, 0.5000, 0.407
985, 0.5000, 0.405
986, 0.5000, 0.406
987, 0.5000, 0.407
988, 0.5000, 0.405
989, 0.5000, 0.405
990, 0.5000, 0.401
991, 0.5000, 0.400
992, 0.5000, 0.397
993, 0.5000, 0.395
994, 0.5000, 0.397
995, 0.5000, 0.396
996, 0.5000, 0.392
997, 0.5000, 0.393
998, 0.5000, 0.393
999, 0.5000, 0.393
1000, 0.5000, 0.392
1001, 0.5000, 0.383
1002, 0.5000, 0.397
1003, 0.5000, 0.396
1004, 0.5000, 0.392
1005, 0.5000, 0.400
1006, 0.5000, 0.395
1007, 0.5000, 0.406
1008, 0.5000, 0.404
1009, 0.5000, 0.472
1010, 0.5000, 0.399
1011, 0.5000, 0.396
1012, 0.5000, 0.394
1013, 0.5000, 0.394
1014, 0.5000, 0.394
1015, 0.5000, 0.396
1016, 0.5000, 0.392
1017, 0.5000, 0.391
1018, 0.5000, 0.393
1019, 0.5000, 0.397
1020, 0.5000, 0.394
1021, 0.5000, 0.390
1022, 0.5000, 0.396
1023, 0.5000, 0.413
1024, 0.5000, 0.398
1025, 0.5000, 0.395
1026, 0.5000, 0.391
1027, 0.5000, 0.392
1028, 0.5000, 0.390
1029, 0.5000, 0.395
1030, 0.5000, 0.393
1031, 0.5000, 0.391
1032, 0.5000, 0.391
1033, 0.5000, 0.391
1034, 0.5000, 0.392
1035, 0.5000, 0.392
1036, 0.5000, 0.389
1037, 0.5000, 0.389
1038, 0.5000, 0.385
1039, 0.5000, 0.393
1040, 0.5000, 0.396
1041, 0.5000, 0.407
1042, 0.5000, 0.393
1043, 0.5000, 0.394
1044, 0.5000, 0.390
1045, 0.5000, 0.390
1046, 0.5000, 0.393
1047, 0.5000, 0.394
1048, 0.5000, 0.391
1049, 0.5000, 0.396
1050, 0.5000, 0.393
1051, 0.5000, 0.392
1052, 0.5000, 0.398
1053, 0.5000, 0.401
1054, 0.5000, 0.408
1055, 0.5000, 0.409
1056, 0.5000, 0.398
1057, 0.5000, 0.392
1058, 0.5000, 0.403
1059, 0.5000, 0.393
1060, 0.5000, 0.389
1061, 0.5000, 0.417
1062, 0.5000, 0.402
1063, 0.5000, 0.400
1064, 0.5000, 0.392
1065, 0.5000, 0.392
1066, 0.5000, 0.402
1067, 0.5000, 0.408
1068, 0.5000, 0.390
1069, 0.5000, 0.395
1070, 0.5000, 0.398
1071, 0.5000, 0.396
1072, 0.5000, 0.393
1073, 0.5000, 0.398
1074, 0.5000, 0.404
1075, 0.5000, 0.391
1076, 0.5000, 0.390
1077, 0.5000, 0.396
1078, 0.5000, 0.405
1079, 0.5000, 0.401
1080, 0.5000, 0.392
1081, 0.5000, 0.405
1082, 0.5000, 0.394
1083, 0.5000, 0.403
1084, 0.5000, 0.406
1085, 0.5000, 0.401
1086, 0.5000, 0.397
1087, 0.5000, 0.409
1088, 0.5000, 0.408
1089, 0.5000, 0.413
1090, 0.5000, 0.403
1091, 0.5000, 0.393
1092, 0.5000, 0.397
1093, 0.5000, 0.392
1094, 0.5000, 0.391
1095, 0.5000, 0.416
1096, 0.5000, 0.426
1097, 0.5000, 0.399
1098, 0.5000, 0.399
1099, 0.5000, 0.397
1100, 0.5000, 0.409
1101, 0.5000, 0.407
1102, 0.5000, 0.403
1103, 0.5000, 0.407
1104, 0.5000, 0.409
1105, 0.5000, 0.386
1106, 0.5000, 0.396
1107, 0.5000, 0.399
1108, 0.5000, 0.397
1109, 0.5000, 0.392
1110, 0.5000, 0.398
1111, 0.5000, 0.395
1112, 0.5000, 0.397
1113, 0.5000, 0.394
1114, 0.5000, 0.389
1115, 0.5000, 0.407
1116, 0.5000, 0.406
1117, 0.5000, 0.402
1118, 0.5000, 0.389
1119, 0.5000, 0.404
1120, 0.5000, 0.406
1121, 0.5000, 0.395
1122, 0.5000, 0.406
1123, 0.5000, 0.421
1124, 0.5000, 0.402
1125, 0.5000, 0.395
1126, 0.5000, 0.412
1127, 0.5000, 0.410
1128, 0.5000, 0.406
1129, 0.5000, 0.398
1130, 0.5000, 0.399
1131, 0.5000, 0.411
1132, 0.5000, 0.406
1133, 0.5000, 0.396
1134, 0.5000, 0.396
1135, 0.5000, 0.407
1136, 0.5000, 0.405
1137, 0.5000, 0.392
1138, 0.5000, 0.397
1139, 0.5000, 0.410
1140, 0.5000, 0.410
1141, 0.5000, 0.411
1142, 0.5000, 0.409
1143, 0.5000, 0.396
1144, 0.5000, 0.395
1145, 0.5000, 0.395
1146, 0.5000, 0.395
1147, 0.5000, 0.394
1148, 0.5000, 0.393
1149, 0.5000, 0.389
1150, 0.5000, 0.392
1151, 0.5000, 0.396
1152, 0.5000, 0.394
1153, 0.5000, 0.392
1154, 0.5000, 0.393
1155, 0.5000, 0.392
1156, 0.5000, 0.394
1157, 0.5000, 0.395
1158, 0.5000, 0.395
1159, 0.5000, 0.396
1160, 0.5000, 0.397
1161, 0.5000, 0.395
1162, 0.5000, 0.395
1163, 0.5000, 0.393
1164, 0.5000, 0.393
1165, 0.5000, 0.395
1166, 0.5000, 0.396
1167, 0.5000, 0.396
1168, 0.5000, 0.395
1169, 0.5000, 0.392
1170, 0.5000, 0.391
1171, 0.5000, 0.392
1172, 0.5000, 0.393
1173, 0.5000, 0.394
1174, 0.5000, 0.393
1175, 0.5000, 0.395
1176, 0.5000, 0.397
1177, 0.5000, 0.396
1178, 0.5000, 0.395
1179, 0.5000, 0.395
1180, 0.5000, 0.394
1181, 0.5000, 0.395
1182, 0.5000, 0.424
1183, 0.5000, 0.423
1184, 0.5000, 0.449
1185, 0.5000, 0.441
1186, 0.5000, 0.444
1187, 0.5000, 0.445
1188, 0.5000, 0.444
1189, 0.5000, 0.444
1190, 0.5000, 0.448
1191, 0.5000, 0.455
1192, 0.5000, 0.455
1193, 0.5000, 0.451
1194, 0.5000, 0.452
1195, 0.5000, 0.452
1196, 0.5000, 0.451
1197, 0.5000, 0.450
1198, 0.5000, 0.446
1199, 0.5000, 0.446
1200, 0.5000, 0.449
1201, 0.5000, 0.427
1202, 0.5000, 0.418
1203, 0.5000, 0.417
1204, 0.5000, 0.426
1205, 0.5000, 0.421
1206, 0.5000, 0.404
1207, 0.5000, 0.411
1208, 0.5000, 0.457
1209, 0.5000, 0.411
1210, 0.5000, 0.411
1211, 0.5000, 0.408
1212, 0.5000, 0.408
1213, 0.5000, 0.406
1214, 0.5000, 0.407
1215, 0.5000, 0.414
1216, 0.5000, 0.416
1217, 0.5000, 0.402
1218, 0.5000, 0.409
1219, 0.5000, 0.409
1220, 0.5000, 0.398
1221, 0.5000, 0.399
1222, 0.5000, 0.398
1223, 0.5000, 0.394
1224, 0.5000, 0.395
1225, 0.5000, 0.398
1226, 0.5000, 0.399
1227, 0.5000, 0.391
1228, 0.5000, 0.390
1229, 0.5000, 0.400
1230, 0.5000, 0.396
1231, 0.5000, 0.398
1232, 0.5000, 0.399
1233, 0.5000, 0.397
1234, 0.5000, 0.391
1235, 0.5000, 0.390
1236, 0.5000, 0.391
1237, 0.5000, 0.397
1238, 0.5000, 0.392
1239, 0.5000, 0.392
1240, 0.5000, 0.393
1241, 0.5000, 0.403
1242, 0.5000, 0.396
1243, 0.5000, 0.399
1244, 0.5000, 0.390
1245, 0.5000, 0.393
1246, 0.5000, 0.394
1247, 0.5000, 0.393
1248, 0.5000, 0.394
1249, 0.5000, 0.395
1250, 0.5000, 0.406
1251, 0.5000, 0.405
1252, 0.5000, 0.391
1253, 0.5000, 0.394
1254, 0.5000, 0.394
1255, 0.5000, 0.393
1256, 0.5000, 0.407
1257, 0.5000, 0.394
1258, 0.5000, 0.390
1259, 0.5000, 0.392
1260, 0.5000, 0.390
1261, 0.5000, 0.404
1262, 0.5000, 0.398
1263, 0.5000, 0.394
1264, 0.5000, 0.400
1265, 0.5000, 0.411
1266, 0.5000, 0.409
1267, 0.5000, 0.410
1268, 0.5000, 0.404
1269, 0.5000, 0.394
1270, 0.5000, 0.401
1271, 0.5000, 0.396
1272, 0.5000, 0.404
1273, 0.5000, 0.430
1274, 0.5000, 0.404
1275, 0.5000, 0.396
1276, 0.5000, 0.400
1277, 0.5000, 0.396
1278, 0.5000, 0.396
1279, 0.5000, 0.419
1280, 0.5000, 0.420
1281, 0.5000, 0.398
1282, 0.5000, 0.414
1283, 0.5000, 0.403
1284, 0.5000, 0.402
1285, 0.5000, 0.425
1286, 0.5000, 0.425
1287, 0.5000, 0.389
1288, 0.5000, 0.400
1289, 0.5000, 0.402
1290, 0.5000, 0.405
1291, 0.5000, 0.409
1292, 0.5000, 0.395
1293, 0.5000, 0.417
1294, 0.5000, 0.404
1295, 0.5000, 0.404
1296, 0.5000, 0.404
1297, 0.5000, 0.397
1298, 0.5000, 0.403
1299, 0.5000, 0.404
1300, 0.5000, 0.396
1301, 0.5000, 0.408
1302, 0.5000, 0.403
1303, 0.5000, 0.405
1304, 0.5000, 0.419
1305, 0.5000, 0.408
1306, 0.5000, 0.406
1307, 0.5000, 0.417
1308, 0.5000, 0.403
1309, 0.5000, 0.405
1310, 0.5000, 0.401
1311, 0.5000, 0.394
1312, 0.5000, 0.398
1313, 0.5000, 0.395
1314, 0.5000, 0.417
1315, 0.5000, 0.414
1316, 0.5000, 0.401
1317, 0.5000, 0.393
1318, 0.5000, 0.398
1319, 0.5000, 0.398
1320, 0.5000, 0.390
1321, 0.5000, 0.392
1322, 0.5000, 0.390
1323, 0.5000, 0.394
1324, 0.5000, 0.416
1325, 0.5000, 0.394
1326, 0.5000, 0.392
1327, 0.5000, 0.405
1328, 0.5000, 0.408
1329, 0.5000, 0.390
1330, 0.5000, 0.393
1331, 0.5000, 0.394
1332, 0.5000, 0.390
1333, 0.5000, 0.392
1334, 0.5000, 0.394
1335, 0.5000, 0.392
1336, 0.5000, 0.392
1337, 0.5000, 0.392
1338, 0.5000, 0.394
1339, 0.5000, 0.401
1340, 0.5000, 0.397
1341, 0.5000, 0.396
1342, 0.5000, 0.394
1343, 0.5000, 0.393
1344, 0.5000, 0.391
1345, 0.5000, 0.393
1346, 0.5000, 0.394
1347, 0.5000, 0.396
1348, 0.5000, 0.394
1349, 0.5000, 0.393
1350, 0.5000, 0.394
1351, 0.5000, 0.395
1352, 0.5000, 0.394
1353, 0.5000, 0.392
1354, 0.5000, 0.393
1355, 0.5000, 0.400
1356, 0.5000, 0.425
1357, 0.5000, 0.424
1358, 0.5000, 0.444
1359, 0.5000, 0.442
1360, 0.5000, 0.445
1361, 0.5000, 0.445
1362, 0.5000, 0.447
1363, 0.5000, 0.449
1364, 0.5000, 0.446
1365, 0.5000, 0.448
1366, 0.5000, 0.449
1367, 0.5000, 0.447
1368, 0.5000, 0.448
1369, 0.5000, 0.443
1370, 0.5000, 0.450
1371, 0.5000, 0.458
1372, 0.5000, 0.456
1373, 0.5000, 0.447
1374, 0.5000, 0.448
1375, 0.5000, 0.448
1376, 0.5000, 0.448
1377, 0.5000, 0.450
1378, 0.5000, 0.448
1379, 0.5000, 0.445
1380, 0.5000, 0.440
1381, 0.5000, 0.440
1382, 0.5000, 0.440
1383, 0.5000, 0.440
1384, 0.5000, 0.440
1385, 0.5000, 0.440
1386, 0.5000, 0.440
1387, 0.5000, 0.440
1388, 0.5000, 0.439
1389, 0.5000, 0.442
1390, 0.5000, 0.445
1391, 0.5000, 0.445
1392, 0.5000, 0.448
1393, 0.5000, 0.449
1394, 0.5000, 0.447
1395, 0.5000, 0.446
1396, 0.5000, 0.443
1397, 0.5000, 0.441
1398, 0.5000, 0.441
1399, 0.5000, 0.439
1400, 0.5000, 0.439
1401, 0.5000, 0.417
1402, 0.5000, 0.406
1403, 0.5000, 0.406
1404, 0.5000, 0.398
1405, 0.5000, 0.411
1406, 0.5000, 0.419
1407, 0.5000, 0.418
1408, 0.5000, 0.429
1409, 0.5000, 0.481
1410, 0.5000, 0.433
1411, 0.5000, 0.412
1412, 0.5000, 0.402
1413, 0.5000, 0.397
1414, 0.5000, 0.398
1415, 0.5000, 0.398
1416, 0.5000, 0.413
1417, 0.5000, 0.401
1418, 0.5000, 0.427
1419, 0.5000, 0.394
1420, 0.5000, 0.396
1421, 0.5000, 0.403
1422, 0.5000, 0.398
1423, 0.5000, 0.407
1424, 0.5000, 0.391
1425, 0.5000, 0.391
1426, 0.5000, 0.426
1427, 0.5000, 0.401
1428, 0.5000, 0.390
1429, 0.5000, 0.394
1430, 0.5000, 0.407
1431, 0.5000, 0.400
1432, 0.5000, 0.391
1433, 0.5000, 0.397
1434, 0.5000, 0.408
1435, 0.5000, 0.404
1436, 0.5000, 0.392
1437, 0.5000, 0.406
1438, 0.5000, 0.402
1439, 0.5000, 0.394
1440, 0.5000, 0.400
1441, 0.5000, 0.398
1442, 0.5000, 0.404
1443, 0.5000, 0.404
1444, 0.5000, 0.395
1445, 0.5000, 0.398
1446, 0.5000, 0.409
1447, 0.5000, 0.413
1448, 0.5000, 0.398
1449, 0.5000, 0.405
1450, 0.5000, 0.406
1451, 0.5000, 0.427
1452, 0.5000, 0.392
1453, 0.5000, 0.391
1454, 0.5000, 0.391
1455, 0.5000, 0.399
1456, 0.5000, 0.396
1457, 0.5000, 0.396
1458, 0.5000, 0.401
1459, 0.5000, 0.403
1460, 0.5000, 0.397
1461, 0.5000, 0.397
1462, 0.5000, 0.395
1463, 0.5000, 0.398
1464, 0.5000, 0.398
1465, 0.5000, 0.393
1466, 0.5000, 0.404
1467, 0.5000, 0.404
1468, 0.5000, 0.393
1469, 0.5000, 0.400
1470, 0.5000, 0.401
1471, 0.5000, 0.410
1472, 0.5000, 0.395
1473, 0.5000, 0.399
1474, 0.5000, 0.399
1475, 0.5000, 0.407
1476, 0.5000, 0.395
1477, 0.5000, 0.394
1478, 0.5000, 0.399
1479, 0.5000, 0.422
1480, 0.5000, 0.400
1481, 0.5000, 0.399
1482, 0.5000, 0.401
1483, 0.5000, 0.403
1484, 0.5000, 0.394
1485, 0.5000, 0.395
1486, 0.5000, 0.392
1487, 0.5000, 0.392
1488, 0.5000, 0.397
1489, 0.5000, 0.394
1490, 0.5000, 0.397
1491, 0.5000, 0.398
1492, 0.5000, 0.399
1493, 0.5000, 0.391
1494, 0.5000, 0.392
1495, 0.5000, 0.398
1496, 0.5000, 0.395
1497, 0.5000, 0.395
1498, 0.5000, 0.406
1499, 0.5000, 0.407
1500, 0.5000, 0.393
1501, 0.5000, 0.390
1502, 0.5000, 0.404
1503, 0.5000, 0.410
1504, 0.5000, 0.393
1505, 0.5000, 0.390
1506, 0.5000, 0.392
1507, 0.5000, 0.411
1508, 0.5000, 0.395
1509, 0.5000, 0.404
1510, 0.5000, 0.398
1511, 0.5000, 0.396
1512, 0.5000, 0.410
1513, 0.5000, 0.402
1514, 0.5000, 0.398
1515, 0.5000, 0.406
1516, 0.5000, 0.412
1517, 0.5000, 0.402
1518, 0.5000, 0.395
1519, 0.5000, 0.407
1520, 0.5000, 0.407
1521, 0.5000, 0.397
1522, 0.5000, 0.397
1523, 0.5000, 0.392
1524, 0.5000, 0.390
1525, 0.5000, 0.420
1526, 0.5000, 0.393
1527, 0.5000, 0.392
1528, 0.5000, 0.394
1529, 0.5000, 0.403
1530, 0.5000, 0.396
1531, 0.5000, 0.396
1532, 0.5000, 0.394
1533, 0.5000, 0.409
1534, 0.5000, 0.392
1535, 0.5000, 0.391
1536, 0.5000, 0.391
1537, 0.5000, 0.394
1538, 0.5000, 0.401
1539, 0.5000, 0.404
1540, 0.5000, 0.392
1541, 0.5000, 0.392
1542, 0.5000, 0.393
1543, 0.5000, 0.395
1544, 0.5000, 0.394
1545, 0.5000, 0.392
1546, 0.5000, 0.386
1547, 0.5000, 0.403
1548, 0.5000, 0.405
1549, 0.5000, 0.396
1550, 0.5000, 0.388
1551, 0.5000, 0.392
1552, 0.5000, 0.392
1553, 0.5000, 0.395
1554, 0.5000, 0.392
1555, 0.5000, 0.392
1556, 0.5000, 0.392
1557, 0.5000, 0.391
1558, 0.5000, 0.391
1559, 0.5000, 0.395
1560, 0.5000, 0.432
1561, 0.5000, 0.446
1562, 0.5000, 0.447
1563, 0.5000, 0.442
1564, 0.5000, 0.452
1565, 0.5000, 0.452
1566, 0.5000, 0.431
1567, 0.5000, 0.424
1568, 0.5000, 0.399
1569, 0.5000, 0.403
1570, 0.5000, 0.394
1571, 0.5000, 0.395
1572, 0.5000, 0.395
1573, 0.5000, 0.388
1574, 0.5000, 0.387
1575, 0.5000, 0.394
1576, 0.5000, 0.412
1577, 0.5000, 0.418
1578, 0.5000, 0.418
1579, 0.5000, 0.420
1580, 0.5000, 0.421
1581, 0.5000, 0.416
1582, 0.5000, 0.420
1583, 0.5000, 0.412
1584, 0.5000, 0.403
1585, 0.5000, 0.396
1586, 0.5000, 0.395
1587, 0.5000, 0.395
1588, 0.5000, 0.394
1589, 0.5000, 0.400
1590, 0.5000, 0.399
1591, 0.5000, 0.394
1592, 0.5000, 0.395
1593, 0.5000, 0.394
1594, 0.5000, 0.392
1595, 0.5000, 0.394
1596, 0.5000, 0.392
1597, 0.5000, 0.394
1598, 0.5000, 0.395
1599, 0.5000, 0.430
1600, 0.5000, 0.424
1601, 0.5000, 0.405
1602, 0.5000, 0.404
1603, 0.5000, 0.408
1604, 0.5000, 0.426
1605, 0.5000, 0.423
1606, 0.5000, 0.388
1607, 0.5000, 0.395
1608, 0.5000, 0.406
1609, 0.5000, 0.459
1610, 0.5000, 0.397
1611, 0.5000, 0.395
1612, 0.5000, 0.392
1613, 0.5000, 0.397
1614, 0.5000, 0.412
1615, 0.5000, 0.419
1616, 0.5000, 0.402
1617, 0.5000, 0.402
1618, 0.5000, 0.393
1619, 0.5000, 0.401
1620, 0.5000, 0.397
1621, 0.5000, 0.413
1622, 0.5000, 0.399
1623, 0.5000, 0.392
1624, 0.5000, 0.393
1625, 0.5000, 0.388
1626, 0.5000, 0.390
1627, 0.5000, 0.406
1628, 0.5000, 0.397
1629, 0.5000, 0.396
1630, 0.5000, 0.395
1631, 0.5000, 0.391
1632, 0.5000, 0.390
1633, 0.5000, 0.401
1634, 0.5000, 0.392
1635, 0.5000, 0.390
1636, 0.5000, 0.390
1637, 0.5000, 0.388
1638, 0.5000, 0.398
1639, 0.5000, 0.390
1640, 0.5000, 0.402
1641, 0.5000, 0.401
1642, 0.5000, 0.389
1643, 0.5000, 0.388
1644, 0.5000, 0.385
1645, 0.5000, 0.391
1646, 0.5000, 0.390
1647, 0.5000, 0.392
1648, 0.5000, 0.403
1649, 0.5000, 0.392
1650, 0.5000, 0.394
1651, 0.5000, 0.391
1652, 0.5000, 0.390
1653, 0.5000, 0.383
1654, 0.5000, 0.390
1655, 0.5000, 0.391
1656, 0.5000, 0.393
1657, 0.5000, 0.388
1658, 0.5000, 0.390
1659, 0.5000, 0.389
1660, 0.5000, 0.389
1661, 0.5000, 0.386
1662, 0.5000, 0.391
1663, 0.5000, 0.392
1664, 0.5000, 0.392
1665, 0.5000, 0.388
1666, 0.5000, 0.394
1667, 0.5000, 0.392
1668, 0.5000, 0.391
1669, 0.5000, 0.384
1670, 0.5000, 0.389
1671, 0.5000, 0.391
1672, 0.5000, 0.394
1673, 0.5000, 0.387
1674, 0.5000, 0.389
1675, 0.5000, 0.402
1676, 0.5000, 0.397
1677, 0.5000, 0.390
1678, 0.5000, 0.390
1679, 0.5000, 0.408
1680, 0.5000, 0.399
1681, 0.5000, 0.403
1682, 0.5000, 0.394
1683, 0.5000, 0.407
1684, 0.5000, 0.395
1685, 0.5000, 0.386
1686, 0.5000, 0.396
1687, 0.5000, 0.402
1688, 0.5000, 0.392
1689, 0.5000, 0.391
1690, 0.5000, 0.390
1691, 0.5000, 0.390
1692, 0.5000, 0.396
1693, 0.5000, 0.399
1694, 0.5000, 0.387
1695, 0.5000, 0.391
1696, 0.5000, 0.393
1697, 0.5000, 0.391
1698, 0.5000, 0.390
1699, 0.5000, 0.392
1700, 0.5000, 0.389
1701, 0.5000, 0.390
1702, 0.5000, 0.389
1703, 0.5000, 0.391
1704, 0.5000, 0.390
1705, 0.5000, 0.389
1706, 0.5000, 0.387
1707, 0.5000, 0.389
1708, 0.5000, 0.388
1709, 0.5000, 0.403
1710, 0.5000, 0.385
1711, 0.5000, 0.403
1712, 0.5000, 0.399
1713, 0.5000, 0.405
1714, 0.5000, 0.388
1715, 0.5000, 0.391
1716, 0.5000, 0.389
1717, 0.5000, 0.388
1718, 0.5000, 0.387
1719, 0.5000, 0.391
1720, 0.5000, 0.400
1721, 0.5000, 0.390
1722, 0.5000, 0.386
1723, 0.5000, 0.389
1724, 0.5000, 0.386
1725, 0.5000, 0.445
1726, 0.5000, 0.390
1727, 0.5000, 0.395
1728, 0.5000, 0.398
1729, 0.5000, 0.393
1730, 0.5000, 0.426
1731, 0.5000, 0.442
1732, 0.5000, 0.438
1733, 0.5000, 0.405
1734, 0.5000, 0.395
1735, 0.5000, 0.403
1736, 0.5000, 0.395
1737, 0.5000, 0.392
1738, 0.5000, 0.391
1739, 0.5000, 0.395
1740, 0.5000, 0.399
1741, 0.5000, 0.396
1742, 0.5000, 0.394
1743, 0.5000, 0.389
1744, 0.5000, 0.392
1745, 0.5000, 0.395
1746, 0.5000, 0.407
1747, 0.5000, 0.418
1748, 0.5000, 0.419
1749, 0.5000, 0.418
1750, 0.5000, 0.411
1751, 0.5000, 0.401
1752, 0.5000, 0.395
1753, 0.5000, 0.393
1754, 0.5000, 0.392
1755, 0.5000, 0.393
1756, 0.5000, 0.396
1757, 0.5000, 0.394
1758, 0.5000, 0.408
1759, 0.5000, 0.412
1760, 0.5000, 0.398
1761, 0.5000, 0.393
1762, 0.5000, 0.394
1763, 0.5000, 0.393
1764, 0.5000, 0.393
1765, 0.5000, 0.394
1766, 0.5000, 0.394
1767, 0.5000, 0.393
1768, 0.5000, 0.396
1769, 0.5000, 0.386
1770, 0.5000, 0.391
1771, 0.5000, 0.394
1772, 0.5000, 0.394
1773, 0.5000, 0.393
1774, 0.5000, 0.392
1775, 0.5000, 0.395
1776, 0.5000, 0.400
1777, 0.5000, 0.395
1778, 0.5000, 0.393
1779, 0.5000, 0.393
1780, 0.5000, 0.393
1781, 0.5000, 0.424
1782, 0.5000, 0.451
1783, 0.5000, 0.446
1784, 0.5000, 0.447
1785, 0.5000, 0.450
1786, 0.5000, 0.447
1787, 0.5000, 0.450
1788, 0.5000, 0.451
1789, 0.5000, 0.450
1790, 0.5000, 0.448
1791, 0.5000, 0.453
1792, 0.5000, 0.460
1793, 0.5000, 0.452
1794, 0.5000, 0.450
1795, 0.5000, 0.447
1796, 0.5000, 0.447
1797, 0.5000, 0.446
1798, 0.5000, 0.449
1799, 0.5000, 0.449
1800, 0.5000, 0.448
1801, 0.5000, 0.431
1802, 0.5000, 0.423
1803, 0.5000, 0.423
1804, 0.5000, 0.428
1805, 0.5000, 0.444
1806, 0.5000, 0.420
1807, 0.5000, 0.420
1808, 0.5000, 0.438
1809, 0.5000, 0.416
1810, 0.5000, 0.418
1811, 0.5000, 0.408
1812, 0.5000, 0.405
1813, 0.5000, 0.408
1814, 0.5000, 0.416
1815, 0.5000, 0.422
1816, 0.5000, 0.408
1817, 0.5000, 0.406
1818, 0.5000, 0.411
1819, 0.5000, 0.414
1820, 0.5000, 0.409
1821, 0.5000, 0.417
1822, 0.5000, 0.409
1823, 0.5000, 0.405
1824, 0.5000, 0.397
1825, 0.5000, 0.401
1826, 0.5000, 0.398
1827, 0.5000, 0.400
1828, 0.5000, 0.390
1829, 0.5000, 0.401
1830, 0.5000, 0.398
1831, 0.5000, 0.397
1832, 0.5000, 0.391
1833, 0.5000, 0.397
1834, 0.5000, 0.395
1835, 0.5000, 0.401
1836, 0.5000, 0.399
1837, 0.5000, 0.396
1838, 0.5000, 0.396
1839, 0.5000, 0.399
1840, 0.5000, 0.396
1841, 0.5000, 0.397
1842, 0.5000, 0.404
1843, 0.5000, 0.399
1844, 0.5000, 0.398
1845, 0.5000, 0.393
1846, 0.5000, 0.399
1847, 0.5000, 0.399
1848, 0.5000, 0.396
1849, 0.5000, 0.393
1850, 0.5000, 0.396
1851, 0.5000, 0.395
1852, 0.5000, 0.395
1853, 0.5000, 0.393
1854, 0.5000, 0.407
1855, 0.5000, 0.411
1856, 0.5000, 0.408
1857, 0.5000, 0.396
1858, 0.5000, 0.403
1859, 0.5000, 0.412
1860, 0.5000, 0.390
1861, 0.5000, 0.395
1862, 0.5000, 0.393
1863, 0.5000, 0.391
1864, 0.5000, 0.393
1865, 0.5000, 0.397
1866, 0.5000, 0.391
1867, 0.5000, 0.395
1868, 0.5000, 0.397
1869, 0.5000, 0.405
1870, 0.5000, 0.396
1871, 0.5000, 0.393
1872, 0.5000, 0.393
1873, 0.5000, 0.395
1874, 0.5000, 0.399
1875, 0.5000, 0.393
1876, 0.5000, 0.392
1877, 0.5000, 0.399
1878, 0.5000, 0.405
1879, 0.5000, 0.391
1880, 0.5000, 0.390
1881, 0.5000, 0.391
1882, 0.5000, 0.398
1883, 0.5000, 0.407
1884, 0.5000, 0.411
1885, 0.5000, 0.400
1886, 0.5000, 0.389
1887, 0.5000, 0.399
1888, 0.5000, 0.398
1889, 0.5000, 0.396
1890, 0.5000, 0.399
1891, 0.5000, 0.396
1892, 0.5000, 0.400
1893, 0.5000, 0.408
1894, 0.5000, 0.426
1895, 0.5000, 0.409
1896, 0.5000, 0.413
1897, 0.5000, 0.400
1898, 0.5000, 0.400
1899, 0.5000, 0.398
1900, 0.5000, 0.400
1901, 0.5000, 0.410
1902, 0.5000, 0.412
1903, 0.5000, 0.398
1904, 0.5000, 0.397
1905, 0.5000, 0.396
1906, 0.5000, 0.409
1907, 0.5000, 0.396
1908, 0.5000, 0.397
1909, 0.5000, 0.392
1910, 0.5000, 0.391
1911, 0.5000, 0.391
1912, 0.5000, 0.394
1913, 0.5000, 0.394
1914, 0.5000, 0.395
1915, 0.5000, 0.391
1916, 0.5000, 0.392
1917, 0.5000, 0.391
1918, 0.5000, 0.392
1919, 0.5000, 0.395
1920, 0.5000, 0.398
1921, 0.5000, 0.406
1922, 0.5000, 0.394
1923, 0.5000, 0.437
1924, 0.5000, 0.391
1925, 0.5000, 0.391
1926, 0.5000, 0.390
1927, 0.5000, 0.391
1928, 0.5000, 0.390
1929, 0.5000, 0.392
1930, 0.5000, 0.393
1931, 0.5000, 0.390
1932, 0.5000, 0.390
1933, 0.5000, 0.386
1934, 0.5000, 0.392
1935, 0.5000, 0.392
1936, 0.5000, 0.389
1937, 0.5000, 0.397
1938, 0.5000, 0.396
1939, 0.5000, 0.397
1940, 0.5000, 0.395
1941, 0.5000, 0.395
1942, 0.5000, 0.397
1943, 0.5000, 0.398
1944, 0.5000, 0.393
1945, 0.5000, 0.409
1946, 0.5000, 0.400
1947, 0.5000, 0.389
1948, 0.5000, 0.407
1949, 0.5000, 0.407
1950, 0.5000, 0.396
1951, 0.5000, 0.409
1952, 0.5000, 0.404
1953, 0.5000, 0.390
1954, 0.5000, 0.399
1955, 0.5000, 0.392
1956, 0.5000, 0.388
1957, 0.5000, 0.394
1958, 0.5000, 0.392
1959, 0.5000, 0.404
1960, 0.5000, 0.405
1961, 0.5000, 0.393
1962, 0.5000, 0.403
1963, 0.5000, 0.408
1964, 0.5000, 0.396
1965, 0.5000, 0.392
1966, 0.5000, 0.393
1967, 0.5000, 0.393
1968, 0.5000, 0.407
1969, 0.5000, 0.406
1970, 0.5000, 0.408
1971, 0.5000, 0.412
1972, 0.5000, 0.411
1973, 0.5000, 0.396
1974, 0.5000, 0.397
1975, 0.5000, 0.393
1976, 0.5000, 0.392
1977, 0.5000, 0.394
1978, 0.5000, 0.392
1979, 0.5000, 0.394
1980, 0.5000, 0.407
1981, 0.5000, 0.406
1982, 0.5000, 0.393
1983, 0.5000, 0.393
1984, 0.5000, 0.392
1985, 0.5000, 0.395
1986, 0.5000, 0.457
1987, 0.5000, 0.450
1988, 0.5000, 0.442
1989, 0.5000, 0.451
1990, 0.5000, 0.451
1991, 0.5000, 0.452
1992, 0.5000, 0.447
1993, 0.5000, 0.446
1994, 0.5000, 0.444
1995, 0.5000, 0.448
1996, 0.5000, 0.449
1997, 0.5000, 0.446
1998, 0.5000, 0.445
1999, 0.5000, 0.445
2000, 0.5000, 0.442
2001, 0.5000, 0.400
2002, 0.5000, 0.427
2003, 0.5000, 0.423
2004, 0.5000, 0.421
2005, 0.5000, 0.414
2006, 0.5000, 0.416
2007, 0.5000, 0.422
2008, 0.5000, 0.426
2009, 0.5000, 0.439
2010, 0.5000, 0.409
2011, 0.5000, 0.407
2012, 0.5000, 0.407
2013, 0.5000, 0.407
2014, 0.5000, 0.412
2015, 0.5000, 0.404
2016, 0.5000, 0.396
2017, 0.5000, 0.413
2018, 0.5000, 0.400
2019, 0.5000, 0.395
2020, 0.5000, 0.394
2021, 0.5000, 0.399
2022, 0.5000, 0.394
2023, 0.5000, 0.397
2024, 0.5000, 0.389
2025, 0.5000, 0.395
2026, 0.5000, 0.394
2027, 0.5000, 0.395
2028, 0.5000, 0.390
2029, 0.5000, 0.391
2030, 0.5000, 0.388
2031, 0.5000, 0.389
2032, 0.5000, 0.391
2033, 0.5000, 0.389
2034, 0.5000, 0.390
2035, 0.5000, 0.397
2036, 0.5000, 0.396
2037, 0.5000, 0.393
2038, 0.5000, 0.403
2039, 0.5000, 0.401
2040, 0.5000, 0.396
2041, 0.5000, 0.391
2042, 0.5000, 0.393
2043, 0.5000, 0.391
2044, 0.5000, 0.389
2045, 0.5000, 0.403
2046, 0.5000, 0.389
2047, 0.5000, 0.395
2048, 0.5000, 0.400
2049, 0.5000, 0.399
2050, 0.5000, 0.395
2051, 0.5000, 0.394
2052, 0.5000, 0.396
2053, 0.5000, 0.397
2054, 0.5000, 0.392
2055, 0.5000, 0.403
2056, 0.5000, 0.408
2057, 0.5000, 0.399
2058, 0.5000, 0.396
2059, 0.5000, 0.395
2060, 0.5000, 0.397
2061, 0.5000, 0.397
2062, 0.5000, 0.396
2063, 0.5000, 0.398
2064, 0.5000, 0.406
2065, 0.5000, 0.408
2066, 0.5000, 0.395
2067, 0.5000, 0.396
2068, 0.5000, 0.393
2069, 0.5000, 0.399
2070, 0.5000, 0.398
2071, 0.5000, 0.408
2072, 0.5000, 0.403
2073, 0.5000, 0.395
2074, 0.5000, 0.400
2075, 0.5000, 0.423
2076, 0.5000, 0.416
2077, 0.5000, 0.418
2078, 0.5000, 0.427
2079, 0.5000, 0.414
2080, 0.5000, 0.398
2081, 0.5000, 0.411
2082, 0.5000, 0.402
2083, 0.5000, 0.398
2084, 0.5000, 0.395
2085, 0.5000, 0.401
2086, 0.5000, 0.410
2087, 0.5000, 0.407
2088, 0.5000, 0.417
2089, 0.5000, 0.397
2090, 0.5000, 0.401
2091, 0.5000, 0.393
2092, 0.5000, 0.396
2093, 0.5000, 0.407
2094, 0.5000, 0.408
2095, 0.5000, 0.437
2096, 0.5000, 0.406
2097, 0.5000, 0.395
2098, 0.5000, 0.393
2099, 0.5000, 0.393
2100, 0.5000, 0.393
2101, 0.5000, 0.392
2102, 0.5000, 0.390
2103, 0.5000, 0.390
2104, 0.5000, 0.391
2105, 0.5000, 0.394
2106, 0.5000, 0.400
2107, 0.5000, 0.404
2108, 0.5000, 0.390
2109, 0.5000, 0.390
2110, 0.5000, 0.389
2111, 0.5000, 0.390
2112, 0.5000, 0.394
2113, 0.5000, 0.394
2114, 0.5000, 0.394
2115, 0.5000, 0.392
2116, 0.5000, 0.390
2117, 0.5000, 0.403
2118, 0.5000, 0.392
2119, 0.5000, 0.404
2120, 0.5000, 0.391
2121, 0.5000, 0.406
2122, 0.5000, 0.396
2123, 0.5000, 0.392
2124, 0.5000, 0.389
2125, 0.5000, 0.392
2126, 0.5000, 0.418
2127, 0.5000, 0.391
2128, 0.5000, 0.391
2129, 0.5000, 0.392
2130, 0.5000, 0.391
2131, 0.5000, 0.394
2132, 0.5000, 0.391
2133, 0.5000, 0.391
2134, 0.5000, 0.390
2135, 0.5000, 0.391
2136, 0.5000, 0.393
2137, 0.5000, 0.385
2138, 0.5000, 0.390
2139, 0.5000, 0.396
2140, 0.5000, 0.400
2141, 0.5000, 0.398
2142, 0.5000, 0.397
2143, 0.5000, 0.389
2144, 0.5000, 0.393
2145, 0.5000, 0.395
2146, 0.5000, 0.392
2147, 0.5000, 0.387
2148, 0.5000, 0.384
2149, 0.5000, 0.391
2150, 0.5000, 0.394
2151, 0.5000, 0.393
2152, 0.5000, 0.440
2153, 0.5000, 0.455
2154, 0.5000, 0.440
2155, 0.5000, 0.447
2156, 0.5000, 0.459
2157, 0.5000, 0.452
2158, 0.5000, 0.455
2159, 0.5000, 0.450
2160, 0.5000, 0.456
2161, 0.5000, 0.454
2162, 0.5000, 0.451
2163, 0.5000, 0.448
2164, 0.5000, 0.449
2165, 0.5000, 0.397
2166, 0.5000, 0.400
2167, 0.5000, 0.390
2168, 0.5000, 0.404
2169, 0.5000, 0.415
2170, 0.5000, 0.415
2171, 0.5000, 0.415
2172, 0.5000, 0.410
2173, 0.5000, 0.404
2174, 0.5000, 0.408
2175, 0.5000, 0.420
2176, 0.5000, 0.406
2177, 0.5000, 0.406
2178, 0.5000, 0.405
2179, 0.5000, 0.413
2180, 0.5000, 0.413
2181, 0.5000, 0.402
2182, 0.5000, 0.409
2183, 0.5000, 0.404
2184, 0.5000, 0.395
2185, 0.5000, 0.395
2186, 0.5000, 0.395
2187, 0.5000, 0.394
2188, 0.5000, 0.393
2189, 0.5000, 0.394
2190, 0.5000, 0.396
2191, 0.5000, 0.391
2192, 0.5000, 0.392
2193, 0.5000, 0.392
2194, 0.5000, 0.392
2195, 0.5000, 0.392
2196, 0.5000, 0.390
2197, 0.5000, 0.393
2198, 0.5000, 0.395
2199, 0.5000, 0.392
2200, 0.5000, 0.395
2201, 0.5000, 0.385
2202, 0.5000, 0.399
2203, 0.5000, 0.396
2204, 0.5000, 0.395
2205, 0.5000, 0.413
2206, 0.5000, 0.404
2207, 0.5000, 0.398
2208, 0.5000, 0.402
2209, 0.5000, 0.457
2210, 0.5000, 0.397
2211, 0.5000, 0.393
2212, 0.5000, 0.393
2213, 0.5000, 0.394
2214, 0.5000, 0.397
2215, 0.5000, 0.397
2216, 0.5000, 0.399
2217, 0.5000, 0.395
2218, 0.5000, 0.392
2219, 0.5000, 0.395
2220, 0.5000, 0.395
2221, 0.5000, 0.392
2222, 0.5000, 0.402
2223, 0.5000, 0.397
2224, 0.5000, 0.392
2225, 0.5000, 0.387
2226, 0.5000, 0.389
2227, 0.5000, 0.399
2228, 0.5000, 0.390
2229, 0.5000, 0.392
2230, 0.5000, 0.399
2231, 0.5000, 0.400
2232, 0.5000, 0.399
2233, 0.5000, 0.396
2234, 0.5000, 0.395
2235, 0.5000, 0.396
2236, 0.5000, 0.391
2237, 0.5000, 0.393
2238, 0.5000, 0.399
2239, 0.5000, 0.394
2240, 0.5000, 0.393
2241, 0.5000, 0.393
2242, 0.5000, 0.391
2243, 0.5000, 0.393
2244, 0.5000, 0.390
2245, 0.5000, 0.391
2246, 0.5000, 0.392
2247, 0.5000, 0.398
2248, 0.5000, 0.392
2249, 0.5000, 0.390
2250, 0.5000, 0.406
2251, 0.5000, 0.395
2252, 0.5000, 0.392
2253, 0.5000, 0.394
2254, 0.5000, 0.395
2255, 0.5000, 0.400
2256, 0.5000, 0.393
2257, 0.5000, 0.391
2258, 0.5000, 0.400
2259, 0.5000, 0.393
2260, 0.5000, 0.390
2261, 0.5000, 0.393
2262, 0.5000, 0.393
2263, 0.5000, 0.395
2264, 0.5000, 0.395
2265, 0.5000, 0.393
2266, 0.5000, 0.393
2267, 0.5000, 0.395
2268, 0.5000, 0.407
2269, 0.5000, 0.392
2270, 0.5000, 0.395
2271, 0.5000, 0.398
2272, 0.5000, 0.399
2273, 0.5000, 0.395
2274, 0.5000, 0.391
2275, 0.5000, 0.390
2276, 0.5000, 0.392
2277, 0.5000, 0.407
2278, 0.5000, 0.396
2279, 0.5000, 0.407
2280, 0.5000, 0.393
2281, 0.5000, 0.392
2282, 0.5000, 0.391
2283, 0.5000, 0.397
2284, 0.5000, 0.393
2285, 0.5000, 0.391
2286, 0.5000, 0.397
2287, 0.5000, 0.396
2288, 0.5000, 0.396
2289, 0.5000, 0.392
2290, 0.5000, 0.406
2291, 0.5000, 0.390
2292, 0.5000, 0.392
2293, 0.5000, 0.392
2294, 0.5000, 0.407
2295, 0.5000, 0.393
2296, 0.5000, 0.393
2297, 0.5000, 0.394
2298, 0.5000, 0.393
2299, 0.5000, 0.391
2300, 0.5000, 0.392
2301, 0.5000, 0.393
2302, 0.5000, 0.400
2303, 0.5000, 0.395
2304, 0.5000, 0.393
2305, 0.5000, 0.391
2306, 0.5000, 0.394
2307, 0.5000, 0.391
2308, 0.5000, 0.390
2309, 0.5000, 0.389
2310, 0.5000, 0.392
2311, 0.5000, 0.394
2312, 0.5000, 0.392
2313, 0.5000, 0.391
2314, 0.5000, 0.395
2315, 0.5000, 0.394
2316, 0.5000, 0.391
2317, 0.5000, 0.391
2318, 0.5000, 0.397
2319, 0.5000, 0.395
2320, 0.5000, 0.395
2321, 0.5000, 0.392
2322, 0.5000, 0.389
2323, 0.5000, 0.389
2324, 0.5000, 0.389
2325, 0.5000, 0.392
2326, 0.5000, 0.394
2327, 0.5000, 0.393
2328, 0.5000, 0.397
2329, 0.5000, 0.393
2330, 0.5000, 0.391
2331, 0.5000, 0.394
2332, 0.5000, 0.394
2333, 0.5000, 0.391
2334, 0.5000, 0.390
2335, 0.5000, 0.388
2336, 0.5000, 0.393
2337, 0.5000, 0.388
2338, 0.5000, 0.392
2339, 0.5000, 0.394
2340, 0.5000, 0.391
2341, 0.5000, 0.398
2342, 0.5000, 0.421
2343, 0.5000, 0.450
2344, 0.5000, 0.451
2345, 0.5000, 0.450
2346, 0.5000, 0.452
2347, 0.5000, 0.452
2348, 0.5000, 0.451
2349, 0.5000, 0.449
2350, 0.5000, 0.446
2351, 0.5000, 0.451
2352, 0.5000, 0.452
2353, 0.5000, 0.448
2354, 0.5000, 0.443
2355, 0.5000, 0.449
2356, 0.5000, 0.423
2357, 0.5000, 0.447
2358, 0.5000, 0.408
2359, 0.5000, 0.425
2360, 0.5000, 0.408
2361, 0.5000, 0.404
2362, 0.5000, 0.414
2363, 0.5000, 0.408
2364, 0.5000, 0.403
2365, 0.5000, 0.403
2366, 0.5000, 0.410
2367, 0.5000, 0.414
2368, 0.5000, 0.402
2369, 0.5000, 0.406
2370, 0.5000, 0.409
2371, 0.5000, 0.411
2372, 0.5000, 0.405
2373, 0.5000, 0.405
2374, 0.5000, 0.399
2375, 0.5000, 0.396
2376, 0.5000, 0.407
2377, 0.5000, 0.407
2378, 0.5000, 0.396
2379, 0.5000, 0.396
2380, 0.5000, 0.395
2381, 0.5000, 0.392
2382, 0.5000, 0.393
2383, 0.5000, 0.393
2384, 0.5000, 0.386
2385, 0.5000, 0.388
2386, 0.5000, 0.392
2387, 0.5000, 0.396
2388, 0.5000, 0.399
2389, 0.5000, 0.390
2390, 0.5000, 0.406
2391, 0.5000, 0.408
2392, 0.5000, 0.395
2393, 0.5000, 0.396
2394, 0.5000, 0.395
2395, 0.5000, 0.395
2396, 0.5000, 0.394
2397, 0.5000, 0.392
2398, 0.5000, 0.392
2399, 0.5000, 0.400
2400, 0.5000, 0.406
2401, 0.5000, 0.382
2402, 0.5000, 0.390
2403, 0.5000, 0.396
2404, 0.5000, 0.401
2405, 0.5000, 0.400
2406, 0.5000, 0.391
2407, 0.5000, 0.401
2408, 0.5000, 0.395
2409, 0.5000, 0.441
2410, 0.5000, 0.392
2411, 0.5000, 0.397
2412, 0.5000, 0.396
2413, 0.5000, 0.394
2414, 0.5000, 0.407
2415, 0.5000, 0.410
2416, 0.5000, 0.393
2417, 0.5000, 0.403
2418, 0.5000, 0.413
2419, 0.5000, 0.397
2420, 0.5000, 0.401
2421, 0.5000, 0.404
2422, 0.5000, 0.392
2423, 0.5000, 0.414
2424, 0.5000, 0.419
2425, 0.5000, 0.406
2426, 0.5000, 0.392
2427, 0.5000, 0.390
2428, 0.5000, 0.390
2429, 0.5000, 0.405
2430, 0.5000, 0.390
2431, 0.5000, 0.403
2432, 0.5000, 0.391
2433, 0.5000, 0.391
2434, 0.5000, 0.390
2435, 0.5000, 0.395
2436, 0.5000, 0.398
2437, 0.5000, 0.396
2438, 0.5000, 0.393
2439, 0.5000, 0.389
2440, 0.5000, 0.388
2441, 0.5000, 0.391
2442, 0.5000, 0.392
2443, 0.5000, 0.389
2444, 0.5000, 0.388
2445, 0.5000, 0.393
2446, 0.5000, 0.391
2447, 0.5000, 0.391
2448, 0.5000, 0.405
2449, 0.5000, 0.387
2450, 0.5000, 0.396
2451, 0.5000, 0.398
2452, 0.5000, 0.392
2453, 0.5000, 0.393
2454, 0.5000, 0.404
2455, 0.5000, 0.418
2456, 0.5000, 0.399
2457, 0.5000, 0.395
2458, 0.5000, 0.403
2459, 0.5000, 0.408
2460, 0.5000, 0.391
2461, 0.5000, 0.392
2462, 0.5000, 0.395
2463, 0.5000, 0.420
2464, 0.5000, 0.415
2465, 0.5000, 0.406
2466, 0.5000, 0.406
2467, 0.5000, 0.409
2468, 0.5000, 0.395
2469, 0.5000, 0.395
2470, 0.5000, 0.397
2471, 0.5000, 0.396
2472, 0.5000, 0.405
2473, 0.5000, 0.398
2474, 0.5000, 0.401
2475, 0.5000, 0.412
2476, 0.5000, 0.397
2477, 0.5000, 0.399
2478, 0.5000, 0.399
2479, 0.5000, 0.399
2480, 0.5000, 0.393
2481, 0.5000, 0.396
2482, 0.5000, 0.398
2483, 0.5000, 0.406
2484, 0.5000, 0.406
2485, 0.5000, 0.399
2486, 0.5000, 0.402
2487, 0.5000, 0.401
2488, 0.5000, 0.396
2489, 0.5000, 0.397
2490, 0.5000, 0.399
2491, 0.5000, 0.405
2492, 0.5000, 0.392
2493, 0.5000, 0.391
2494, 0.5000, 0.392
2495, 0.5000, 0.390
2496, 0.5000, 0.403
2497, 0.5000, 0.394
2498, 0.5000, 0.399
2499, 0.5000, 0.414
2500, 0.5000, 0.396
2501, 0.5000, 0.395
2502, 0.5000, 0.396
2503, 0.5000, 0.403
2504, 0.5000, 0.392
2505, 0.5000, 0.390
2506, 0.5000, 0.403
2507, 0.5000, 0.416
2508, 0.5000, 0.406
2509, 0.5000, 0.391
2510, 0.5000, 0.409
2511, 0.5000, 0.405
2512, 0.5000, 0.399
2513, 0.5000, 0.406
2514, 0.5000, 0.404
2515, 0.5000, 0.410
2516, 0.5000, 0.396
2517, 0.5000, 0.393
2518, 0.5000, 0.394
2519, 0.5000, 0.393
2520, 0.5000, 0.392
2521, 0.5000, 0.390
2522, 0.5000, 0.389
2523, 0.5000, 0.390
2524, 0.5000, 0.391
2525, 0.5000, 0.396
2526, 0.5000, 0.408
2527, 0.5000, 0.393
2528, 0.5000, 0.391
2529, 0.5000, 0.382
2530, 0.5000, 0.385
2531, 0.5000, 0.394
2532, 0.5000, 0.397
2533, 0.5000, 0.393
2534, 0.5000, 0.394
2535, 0.5000, 0.392
2536, 0.5000, 0.393
2537, 0.5000, 0.391
2538, 0.5000, 0.389
2539, 0.5000, 0.399
2540, 0.5000, 0.402
2541, 0.5000, 0.395
2542, 0.5000, 0.395
2543, 0.5000, 0.396
2544, 0.5000, 0.455
2545, 0.5000, 0.454
2546, 0.5000, 0.445
2547, 0.5000, 0.456
2548, 0.5000, 0.455
2549, 0.5000, 0.443
2550, 0.5000, 0.452
2551, 0.5000, 0.448
2552, 0.5000, 0.448
2553, 0.5000, 0.446
2554, 0.5000, 0.445
2555, 0.5000, 0.446
2556, 0.5000, 0.445
2557, 0.5000, 0.451
2558, 0.5000, 0.452
2559, 0.5000, 0.454
2560, 0.5000, 0.452
2561, 0.5000, 0.447
2562, 0.5000, 0.449
2563, 0.5000, 0.412
2564, 0.5000, 0.423
2565, 0.5000, 0.409
2566, 0.5000, 0.406
2567, 0.5000, 0.405
2568, 0.5000, 0.405
2569, 0.5000, 0.405
2570, 0.5000, 0.406
2571, 0.5000, 0.415
2572, 0.5000, 0.408
2573, 0.5000, 0.410
2574, 0.5000, 0.406
2575, 0.5000, 0.405
2576, 0.5000, 0.407
2577, 0.5000, 0.416
2578, 0.5000, 0.415
2579, 0.5000, 0.410
2580, 0.5000, 0.401
2581, 0.5000, 0.397
2582, 0.5000, 0.395
2583, 0.5000, 0.397
2584, 0.5000, 0.397
2585, 0.5000, 0.394
2586, 0.5000, 0.393
2587, 0.5000, 0.393
2588, 0.5000, 0.392
2589, 0.5000, 0.393
2590, 0.5000, 0.394
2591, 0.5000, 0.391
2592, 0.5000, 0.394
2593, 0.5000, 0.392
2594, 0.5000, 0.391
2595, 0.5000, 0.395
2596, 0.5000, 0.399
2597, 0.5000, 0.407
2598, 0.5000, 0.406
2599, 0.5000, 0.389
2600, 0.5000, 0.399
2601, 0.5000, 0.392
2602, 0.5000, 0.400
2603, 0.5000, 0.398
2604, 0.5000, 0.396
2605, 0.5000, 0.390
2606, 0.5000, 0.396
2607, 0.5000, 0.398
2608, 0.5000, 0.397
2609, 0.5000, 0.452
2610, 0.5000, 0.395
2611, 0.5000, 0.401
2612, 0.5000, 0.395
2613, 0.5000, 0.388
2614, 0.5000, 0.397
2615, 0.5000, 0.402
2616, 0.5000, 0.392
2617, 0.5000, 0.391
2618, 0.5000, 0.414
2619, 0.5000, 0.391
2620, 0.5000, 0.401
2621, 0.5000, 0.408
2622, 0.5000, 0.393
2623, 0.5000, 0.396
2624, 0.5000, 0.409
2625, 0.5000, 0.391
2626, 0.5000, 0.388
2627, 0.5000, 0.395
2628, 0.5000, 0.397
2629, 0.5000, 0.391
2630, 0.5000, 0.389
2631, 0.5000, 0.392
2632, 0.5000, 0.392
2633, 0.5000, 0.391
2634, 0.5000, 0.396
2635, 0.5000, 0.394
2636, 0.5000, 0.390
2637, 0.5000, 0.391
2638, 0.5000, 0.392
2639, 0.5000, 0.390
2640, 0.5000, 0.388
2641, 0.5000, 0.396
2642, 0.5000, 0.391
2643, 0.5000, 0.396
2644, 0.5000, 0.392
2645, 0.5000, 0.391
2646, 0.5000, 0.392
2647, 0.5000, 0.392
2648, 0.5000, 0.399
2649, 0.5000, 0.401
2650, 0.5000, 0.390
2651, 0.5000, 0.394
2652, 0.5000, 0.389
2653, 0.5000, 0.385
2654, 0.5000, 0.393
2655, 0.5000, 0.391
2656, 0.5000, 0.391
2657, 0.5000, 0.388
2658, 0.5000, 0.392
2659, 0.5000, 0.396
2660, 0.5000, 0.395
2661, 0.5000, 0.389
2662, 0.5000, 0.391
2663, 0.5000, 0.390
2664, 0.5000, 0.392
2665, 0.5000, 0.390
2666, 0.5000, 0.399
2667, 0.5000, 0.390
2668, 0.5000, 0.389
2669, 0.5000, 0.390
2670, 0.5000, 0.392
2671, 0.5000, 0.391
2672, 0.5000, 0.389
2673, 0.5000, 0.391
2674, 0.5000, 0.407
2675, 0.5000, 0.400
2676, 0.5000, 0.394
2677, 0.5000, 0.391
2678, 0.5000, 0.392
2679, 0.5000, 0.392
2680, 0.5000, 0.389
2681, 0.5000, 0.391
2682, 0.5000, 0.390
2683, 0.5000, 0.390
2684, 0.5000, 0.387
2685, 0.5000, 0.388
2686, 0.5000, 0.390
2687, 0.5000, 0.391
2688, 0.5000, 0.386
2689, 0.5000, 0.391
2690, 0.5000, 0.394
2691, 0.5000, 0.400
2692, 0.5000, 0.393
2693, 0.5000, 0.391
2694, 0.5000, 0.393
2695, 0.5000, 0.395
2696, 0.5000, 0.390
2697, 0.5000, 0.391
2698, 0.5000, 0.388
2699, 0.5000, 0.390
2700, 0.5000, 0.388
2701, 0.5000, 0.388
2702, 0.5000, 0.389
2703, 0.5000, 0.395
2704, 0.5000, 0.389
2705, 0.5000, 0.406
2706, 0.5000, 0.392
2707, 0.5000, 0.394
2708, 0.5000, 0.391
2709, 0.5000, 0.394
2710, 0.5000, 0.394
2711, 0.5000, 0.402
2712, 0.5000, 0.391
2713, 0.5000, 0.394
2714, 0.5000, 0.392
2715, 0.5000, 0.402
2716, 0.5000, 0.387
2717, 0.5000, 0.388
2718, 0.5000, 0.388
2719, 0.5000, 0.402
2720, 0.5000, 0.388
2721, 0.5000, 0.390
2722, 0.5000, 0.396
2723, 0.5000, 0.451
2724, 0.5000, 0.395
2725, 0.5000, 0.393
2726, 0.5000, 0.396
2727, 0.5000, 0.396
2728, 0.5000, 0.395
2729, 0.5000, 0.395
2730, 0.5000, 0.392
2731, 0.5000, 0.392
2732, 0.5000, 0.391
2733, 0.5000, 0.389
2734, 0.5000, 0.391
2735, 0.5000, 0.392
2736, 0.5000, 0.392
2737, 0.5000, 0.394
2738, 0.5000, 0.398
2739, 0.5000, 0.400
2740, 0.5000, 0.395
2741, 0.5000, 0.395
2742, 0.5000, 0.396
2743, 0.5000, 0.394
2744, 0.5000, 0.395
2745, 0.5000, 0.395
2746, 0.5000, 0.393
2747, 0.5000, 0.392
2748, 0.5000, 0.391
2749, 0.5000, 0.391
2750, 0.5000, 0.392
2751, 0.5000, 0.392
2752, 0.5000, 0.392
2753, 0.5000, 0.394
2754, 0.5000, 0.398
2755, 0.5000, 0.399
2756, 0.5000, 0.393
2757, 0.5000, 0.393
2758, 0.5000, 0.396
2759, 0.5000, 0.397
2760, 0.5000, 0.394
2761, 0.5000, 0.393
2762, 0.5000, 0.392
2763, 0.5000, 0.394
2764, 0.5000, 0.391
2765, 0.5000, 0.392
2766, 0.5000, 0.391
2767, 0.5000, 0.392
2768, 0.5000, 0.392
2769, 0.5000, 0.392
2770, 0.5000, 0.395
2771, 0.5000, 0.400
2772, 0.5000, 0.395
2773, 0.5000, 0.394
2774, 0.5000, 0.397
2775, 0.5000, 0.397
2776, 0.5000, 0.395
2777, 0.5000, 0.393
2778, 0.5000, 0.393
2779, 0.5000, 0.393
2780, 0.5000, 0.392
2781, 0.5000, 0.391
2782, 0.5000, 0.391
2783, 0.5000, 0.391
2784, 0.5000, 0.392
2785, 0.5000, 0.392
2786, 0.5000, 0.396
2787, 0.5000, 0.398
2788, 0.5000, 0.395
2789, 0.5000, 0.393
2790, 0.5000, 0.394
2791, 0.5000, 0.398
2792, 0.5000, 0.396
2793, 0.5000, 0.394
2794, 0.5000, 0.395
2795, 0.5000, 0.393
2796, 0.5000, 0.391
2797, 0.5000, 0.391
2798, 0.5000, 0.392
2799, 0.5000, 0.393
2800, 0.5000, 0.386
2801, 0.5000, 0.384
2802, 0.5000, 0.399
2803, 0.5000, 0.404
2804, 0.5000, 0.395
2805, 0.5000, 0.396
2806, 0.5000, 0.398
2807, 0.5000, 0.403
2808, 0.5000, 0.406
2809, 0.5000, 0.453
2810, 0.5000, 0.390
2811, 0.5000, 0.390
2812, 0.5000, 0.387
2813, 0.5000, 0.387
2814, 0.5000, 0.389
2815, 0.5000, 0.398
2816, 0.5000, 0.404
2817, 0.5000, 0.390
2818, 0.5000, 0.392
2819, 0.5000, 0.395
2820, 0.5000, 0.391
2821, 0.5000, 0.387
2822, 0.5000, 0.392
2823, 0.5000, 0.395
2824, 0.5000, 0.411
2825, 0.5000, 0.392
2826, 0.5000, 0.388
2827, 0.5000, 0.392
2828, 0.5000, 0.389
2829, 0.5000, 0.390
2830, 0.5000, 0.390
2831, 0.5000, 0.390
2832, 0.5000, 0.387
2833, 0.5000, 0.389
2834, 0.5000, 0.392
2835, 0.5000, 0.394
2836, 0.5000, 0.391
2837, 0.5000, 0.389
2838, 0.5000, 0.393
2839, 0.5000, 0.395
2840, 0.5000, 0.393
2841, 0.5000, 0.393
2842, 0.5000, 0.390
2843, 0.5000, 0.391
2844, 0.5000, 0.387
2845, 0.5000, 0.390
2846, 0.5000, 0.390
2847, 0.5000, 0.391
2848, 0.5000, 0.388
2849, 0.5000, 0.386
2850, 0.5000, 0.392
2851, 0.5000, 0.395
2852, 0.5000, 0.391
2853, 0.5000, 0.387
2854, 0.5000, 0.396
2855, 0.5000, 0.401
2856, 0.5000, 0.394
2857, 0.5000, 0.393
2858, 0.5000, 0.389
2859, 0.5000, 0.393
2860, 0.5000, 0.390
2861, 0.5000, 0.389
2862, 0.5000, 0.388
2863, 0.5000, 0.390
2864, 0.5000, 0.404
2865, 0.5000, 0.395
2866, 0.5000, 0.396
2867, 0.5000, 0.393
2868, 0.5000, 0.393
2869, 0.5000, 0.387
2870, 0.5000, 0.392
2871, 0.5000, 0.393
2872, 0.5000, 0.392
2873, 0.5000, 0.392
2874, 0.5000, 0.391
2875, 0.5000, 0.392
2876, 0.5000, 0.389
2877, 0.5000, 0.390
2878, 0.5000, 0.391
2879, 0.5000, 0.390
2880, 0.5000, 0.388
2881, 0.5000, 0.385
2882, 0.5000, 0.390
2883, 0.5000, 0.395
2884, 0.5000, 0.391
2885, 0.5000, 0.385
2886, 0.5000, 0.392
2887, 0.5000, 0.394
2888, 0.5000, 0.396
2889, 0.5000, 0.392
2890, 0.5000, 0.390
2891, 0.5000, 0.394
2892, 0.5000, 0.391
2893, 0.5000, 0.390
2894, 0.5000, 0.390
2895, 0.5000, 0.390
2896, 0.5000, 0.388
2897, 0.5000, 0.388
2898, 0.5000, 0.391
2899, 0.5000, 0.393
2900, 0.5000, 0.392
2901, 0.5000, 0.389
2902, 0.5000, 0.390
2903, 0.5000, 0.394
2904, 0.5000, 0.392
2905, 0.5000, 0.392
2906, 0.5000, 0.391
2907, 0.5000, 0.396
2908, 0.5000, 0.388
2909, 0.5000, 0.390
2910, 0.5000, 0.390
2911, 0.5000, 0.392
2912, 0.5000, 0.390
2913, 0.5000, 0.389
2914, 0.5000, 0.391
2915, 0.5000, 0.395
2916, 0.5000, 0.389
2917, 0.5000, 0.389
2918, 0.5000, 0.390
2919, 0.5000, 0.395
2920, 0.5000, 0.391
2921, 0.5000, 0.392
2922, 0.5000, 0.392
2923, 0.5000, 0.393
2924, 0.5000, 0.389
2925, 0.5000, 0.391
2926, 0.5000, 0.405
2927, 0.5000, 0.407
2928, 0.5000, 0.387
2929, 0.5000, 0.388
2930, 0.5000, 0.397
2931, 0.5000, 0.419
2932, 0.5000, 0.393
2933, 0.5000, 0.392
2934, 0.5000, 0.394
2935, 0.5000, 0.392
2936, 0.5000, 0.394
2937, 0.5000, 0.393
2938, 0.5000, 0.393
2939, 0.5000, 0.397
2940, 0.5000, 0.393
2941, 0.5000, 0.393
2942, 0.5000, 0.393
2943, 0.5000, 0.393
2944, 0.5000, 0.392
2945, 0.5000, 0.399
2946, 0.5000, 0.395
2947, 0.5000, 0.396
2948, 0.5000, 0.394
2949, 0.5000, 0.387
2950, 0.5000, 0.395
2951, 0.5000, 0.398
2952, 0.5000, 0.395
2953, 0.5000, 0.393
2954, 0.5000, 0.393
2955, 0.5000, 0.397
2956, 0.5000, 0.394
2957, 0.5000, 0.392
2958, 0.5000, 0.392
2959, 0.5000, 0.408
2960, 0.5000, 0.408
2961, 0.5000, 0.392
2962, 0.5000, 0.394
2963, 0.5000, 0.399
2964, 0.5000, 0.407
2965, 0.5000, 0.408
2966, 0.5000, 0.396
2967, 0.5000, 0.397
2968, 0.5000, 0.393
2969, 0.5000, 0.394
2970, 0.5000, 0.394
2971, 0.5000, 0.397
2972, 0.5000, 0.393
2973, 0.5000, 0.392
2974, 0.5000, 0.394
2975, 0.5000, 0.394
2976, 0.5000, 0.392
2977, 0.5000, 0.392
2978, 0.5000, 0.395
2979, 0.5000, 0.398
2980, 0.5000, 0.393
2981, 0.5000, 0.391
2982, 0.5000, 0.394
2983, 0.5000, 0.397
2984, 0.5000, 0.396
2985, 0.5000, 0.395
2986, 0.5000, 0.393
2987, 0.5000, 0.396
2988, 0.5000, 0.393
2989, 0.5000, 0.388
2990, 0.5000, 0.394
2991, 0.5000, 0.397
2992, 0.5000, 0.397
2993, 0.5000, 0.396
2994, 0.5000, 0.395
2995, 0.5000, 0.397
2996, 0.5000, 0.395
2997, 0.5000, 0.393
2998, 0.5000, 0.394
2999, 0.5000, 0.429
3000, 0.5000, 0.447
3001, 0.5000, 0.425
3002, 0.5000, 0.423
3003, 0.5000, 0.425
3004, 0.5000, 0.423
3005, 0.5000, 0.439
3006, 0.5000, 0.446
3007, 0.5000, 0.446
3008, 0.5000, 0.533
3009, 0.5000, 0.419
3010, 0.5000, 0.424
3011, 0.5000, 0.404
3012, 0.5000, 0.389
3013, 0.5000, 0.385
3014, 0.5000, 0.394
3015, 0.5000, 0.410
3016, 0.5000, 0.409
3017, 0.5000, 0.401
3018, 0.5000, 0.406
3019, 0.5000, 0.416
3020, 0.5000, 0.404
3021, 0.5000, 0.408
3022, 0.5000, 0.418
3023, 0.5000, 0.408
3024, 0.5000, 0.403
3025, 0.5000, 0.413
3026, 0.5000, 0.407
3027, 0.5000, 0.399
3028, 0.5000, 0.398
3029, 0.5000, 0.394
3030, 0.5000, 0.395
3031, 0.5000, 0.398
3032, 0.5000, 0.403
3033, 0.5000, 0.414
3034, 0.5000, 0.398
3035, 0.5000, 0.393
3036, 0.5000, 0.393
3037, 0.5000, 0.391
3038, 0.5000, 0.390
3039, 0.5000, 0.389
3040, 0.5000, 0.391
3041, 0.5000, 0.392
3042, 0.5000, 0.393
3043, 0.5000, 0.396
3044, 0.5000, 0.399
3045, 0.5000, 0.394
3046, 0.5000, 0.396
3047, 0.5000, 0.395
3048, 0.5000, 0.395
3049, 0.5000, 0.392
3050, 0.5000, 0.394
3051, 0.5000, 0.394
3052, 0.5000, 0.392
3053, 0.5000, 0.392
3054, 0.5000, 0.395
3055, 0.5000, 0.393
3056, 0.5000, 0.404
3057, 0.5000, 0.394
3058, 0.5000, 0.399
3059, 0.5000, 0.398
3060, 0.5000, 0.402
3061, 0.5000, 0.389
3062, 0.5000, 0.401
3063, 0.5000, 0.397
3064, 0.5000, 0.398
3065, 0.5000, 0.391
3066, 0.5000, 0.396
3067, 0.5000, 0.393
3068, 0.5000, 0.391
3069, 0.5000, 0.390
3070, 0.5000, 0.399
3071, 0.5000, 0.391
3072, 0.5000, 0.391
3073, 0.5000, 0.392
3074, 0.5000, 0.393
3075, 0.5000, 0.398
3076, 0.5000, 0.392
3077, 0.5000, 0.398
3078, 0.5000, 0.396
3079, 0.5000, 0.400
3080, 0.5000, 0.404
3081, 0.5000, 0.398
3082, 0.5000, 0.393
3083, 0.5000, 0.397
3084, 0.5000, 0.392
3085, 0.5000, 0.393
3086, 0.5000, 0.393
3087, 0.5000, 0.393
3088, 0.5000, 0.404
3089, 0.5000, 0.404
3090, 0.5000, 0.394
3091, 0.5000, 0.397
3092, 0.5000, 0.395
3093, 0.5000, 0.394
3094, 0.5000, 0.395
3095, 0.5000, 0.396
3096, 0.5000, 0.408
3097, 0.5000, 0.412
3098, 0.5000, 0.394
3099, 0.5000, 0.391
3100, 0.5000, 0.392
3101, 0.5000, 0.404
3102, 0.5000, 0.394
3103, 0.5000, 0.397
3104, 0.5000, 0.399
3105, 0.5000, 0.405
3106, 0.5000, 0.399
3107, 0.5000, 0.403
3108, 0.5000, 0.410
3109, 0.5000, 0.394
3110, 0.5000, 0.404
3111, 0.5000, 0.395
3112, 0.5000, 0.391
3113, 0.5000, 0.390
3114, 0.5000, 0.399
3115, 0.5000, 0.413
3116, 0.5000, 0.397
3117, 0.5000, 0.400
3118, 0.5000, 0.397
3119, 0.5000, 0.403
3120, 0.5000, 0.405
3121, 0.5000, 0.408
3122, 0.5000, 0.404
3123, 0.5000, 0.400
3124, 0.5000, 0.404
3125, 0.5000, 0.400
3126, 0.5000, 0.410
3127, 0.5000, 0.393
3128, 0.5000, 0.400
3129, 0.5000, 0.398
3130, 0.5000, 0.388
3131, 0.5000, 0.393
3132, 0.5000, 0.393
3133, 0.5000, 0.394
3134, 0.5000, 0.406
3135, 0.5000, 0.406
3136, 0.5000, 0.392
3137, 0.5000, 0.395
3138, 0.5000, 0.397
3139, 0.5000, 0.395
3140, 0.5000, 0.390
3141, 0.5000, 0.391
3142, 0.5000, 0.395
3143, 0.5000, 0.453
3144, 0.5000, 0.436
3145, 0.5000, 0.454
3146, 0.5000, 0.446
3147, 0.5000, 0.451
3148, 0.5000, 0.449
3149, 0.5000, 0.446
3150, 0.5000, 0.448
3151, 0.5000, 0.448
3152, 0.5000, 0.447
3153, 0.5000, 0.448
3154, 0.5000, 0.457
3155, 0.5000, 0.456
3156, 0.5000, 0.444
3157, 0.5000, 0.447
3158, 0.5000, 0.449
3159, 0.5000, 0.458
3160, 0.5000, 0.459
3161, 0.5000, 0.448
3162, 0.5000, 0.448
3163, 0.5000, 0.448
3164, 0.5000, 0.448
3165, 0.5000, 0.447
3166, 0.5000, 0.444
3167, 0.5000, 0.442
3168, 0.5000, 0.441
3169, 0.5000, 0.439
3170, 0.5000, 0.441
3171, 0.5000, 0.440
3172, 0.5000, 0.441
3173, 0.5000, 0.442
3174, 0.5000, 0.439
3175, 0.5000, 0.439
3176, 0.5000, 0.442
3177, 0.5000, 0.448
3178, 0.5000, 0.450
3179, 0.5000, 0.448
3180, 0.5000, 0.445
3181, 0.5000, 0.444
3182, 0.5000, 0.444
3183, 0.5000, 0.442
3184, 0.5000, 0.440
3185, 0.5000, 0.440
3186, 0.5000, 0.441
3187, 0.5000, 0.440
3188, 0.5000, 0.440
3189, 0.5000, 0.442
3190, 0.5000, 0.443
3191, 0.5000, 0.404
3192, 0.5000, 0.414
3193, 0.5000, 0.416
3194, 0.5000, 0.414
3195, 0.5000, 0.414
3196, 0.5000, 0.413
3197, 0.5000, 0.405
3198, 0.5000, 0.409
3199, 0.5000, 0.418
3200, 0.5000, 0.406
3201, 0.5000, 0.392
3202, 0.5000, 0.410
3203, 0.5000, 0.410
3204, 0.5000, 0.407
3205, 0.5000, 0.410
3206, 0.5000, 0.418
3207, 0.5000, 0.412
3208, 0.5000, 0.446
3209, 0.5000, 0.426
3210, 0.5000, 0.392
3211, 0.5000, 0.397
3212, 0.5000, 0.397
3213, 0.5000, 0.426
3214, 0.5000, 0.425
3215, 0.5000, 0.420
3216, 0.5000, 0.431
3217, 0.5000, 0.419
3218, 0.5000, 0.414
3219, 0.5000, 0.412
3220, 0.5000, 0.429
3221, 0.5000, 0.417
3222, 0.5000, 0.399
3223, 0.5000, 0.427
3224, 0.5000, 0.430
3225, 0.5000, 0.438
3226, 0.5000, 0.417
3227, 0.5000, 0.402
3228, 0.5000, 0.386
3229, 0.5000, 0.417
3230, 0.5000, 0.410
3231, 0.5000, 0.412
3232, 0.5000, 0.407
3233, 0.5000, 0.405
3234, 0.5000, 0.404
3235, 0.5000, 0.406
3236, 0.5000, 0.412
3237, 0.5000, 0.399
3238, 0.5000, 0.393
3239, 0.5000, 0.397
3240, 0.5000, 0.420
3241, 0.5000, 0.420
3242, 0.5000, 0.408
3243, 0.5000, 0.401
3244, 0.5000, 0.417
3245, 0.5000, 0.434
3246, 0.5000, 0.403
3247, 0.5000, 0.390
3248, 0.5000, 0.417
3249, 0.5000, 0.404
3250, 0.5000, 0.394
3251, 0.5000, 0.389
3252, 0.5000, 0.388
3253, 0.5000, 0.392
3254, 0.5000, 0.390
3255, 0.5000, 0.388
3256, 0.5000, 0.394
3257, 0.5000, 0.396
3258, 0.5000, 0.414
3259, 0.5000, 0.406
3260, 0.5000, 0.398
3261, 0.5000, 0.411
3262, 0.5000, 0.414
3263, 0.5000, 0.399
3264, 0.5000, 0.392
3265, 0.5000, 0.393
3266, 0.5000, 0.396
3267, 0.5000, 0.396
3268, 0.5000, 0.393
3269, 0.5000, 0.390
3270, 0.5000, 0.390
3271, 0.5000, 0.388
3272, 0.5000, 0.388
3273, 0.5000, 0.391
3274, 0.5000, 0.397
3275, 0.5000, 0.390
3276, 0.5000, 0.391
3277, 0.5000, 0.393
3278, 0.5000, 0.391
3279, 0.5000, 0.394
3280, 0.5000, 0.391
3281, 0.5000, 0.394
3282, 0.5000, 0.391
3283, 0.5000, 0.421
3284, 0.5000, 0.424
3285, 0.5000, 0.417
3286, 0.5000, 0.433
3287, 0.5000, 0.394
3288, 0.5000, 0.405
3289, 0.5000, 0.400
3290, 0.5000, 0.398
3291, 0.5000, 0.402
3292, 0.5000, 0.406
3293, 0.5000, 0.393
3294, 0.5000, 0.394
3295, 0.5000, 0.391
3296, 0.5000, 0.390
3297, 0.5000, 0.406
3298, 0.5000, 0.407
3299, 0.5000, 0.423
3300, 0.5000, 0.430
3301, 0.5000, 0.426
3302, 0.5000, 0.400
3303, 0.5000, 0.393
3304, 0.5000, 0.402
3305, 0.5000, 0.423
3306, 0.5000, 0.390
3307, 0.5000, 0.399
3308, 0.5000, 0.398
3309, 0.5000, 0.398
3310, 0.5000, 0.398
3311, 0.5000, 0.393
3312, 0.5000, 0.406
3313, 0.5000, 0.418
3314, 0.5000, 0.400
3315, 0.5000, 0.397
3316, 0.5000, 0.405
3317, 0.5000, 0.419
3318, 0.5000, 0.405
3319, 0.5000, 0.394
3320, 0.5000, 0.413
3321, 0.5000, 0.413
3322, 0.5000, 0.394
3323, 0.5000, 0.398
3324, 0.5000, 0.400
3325, 0.5000, 0.394
3326, 0.5000, 0.473
3327, 0.5000, 0.391
3328, 0.5000, 0.389
3329, 0.5000, 0.384
3330, 0.5000, 0.387
3331, 0.5000, 0.393
3332, 0.5000, 0.391
3333, 0.5000, 0.391
3334, 0.5000, 0.392
3335, 0.5000, 0.390
3336, 0.5000, 0.390
3337, 0.5000, 0.391
3338, 0.5000, 0.393
3339, 0.5000, 0.388
3340, 0.5000, 0.392
3341, 0.5000, 0.400
3342, 0.5000, 0.395
3343, 0.5000, 0.395
3344, 0.5000, 0.407
3345, 0.5000, 0.409
3346, 0.5000, 0.399
3347, 0.5000, 0.399
3348, 0.5000, 0.393
3349, 0.5000, 0.392
3350, 0.5000, 0.392
3351, 0.5000, 0.392
3352, 0.5000, 0.393
3353, 0.5000, 0.392
3354, 0.5000, 0.405
3355, 0.5000, 0.406
3356, 0.5000, 0.394
3357, 0.5000, 0.397
3358, 0.5000, 0.396
3359, 0.5000, 0.394
3360, 0.5000, 0.393
3361, 0.5000, 0.392
3362, 0.5000, 0.397
3363, 0.5000, 0.397
3364, 0.5000, 0.392
3365, 0.5000, 0.393
3366, 0.5000, 0.393
3367, 0.5000, 0.395
3368, 0.5000, 0.392
3369, 0.5000, 0.392
3370, 0.5000, 0.393
3371, 0.5000, 0.393
3372, 0.5000, 0.391
3373, 0.5000, 0.394
3374, 0.5000, 0.398
3375, 0.5000, 0.397
3376, 0.5000, 0.394
3377, 0.5000, 0.394
3378, 0.5000, 0.396
3379, 0.5000, 0.390
3380, 0.5000, 0.391
3381, 0.5000, 0.392
3382, 0.5000, 0.396
3383, 0.5000, 0.395
3384, 0.5000, 0.392
3385, 0.5000, 0.392
3386, 0.5000, 0.394
3387, 0.5000, 0.395
3388, 0.5000, 0.391
3389, 0.5000, 0.392
3390, 0.5000, 0.396
3391, 0.5000, 0.397
3392, 0.5000, 0.395
3393, 0.5000, 0.396
3394, 0.5000, 0.406
3395, 0.5000, 0.410
3396, 0.5000, 0.395
3397, 0.5000, 0.395
3398, 0.5000, 0.396
3399, 0.5000, 0.394
3400, 0.5000, 0.392
3401, 0.5000, 0.383
3402, 0.5000, 0.398
3403, 0.5000, 0.399
3404, 0.5000, 0.407
3405, 0.5000, 0.412
3406, 0.5000, 0.402
3407, 0.5000, 0.406
3408, 0.5000, 0.394
3409, 0.5000, 0.462
3410, 0.5000, 0.392
3411, 0.5000, 0.390
3412, 0.5000, 0.390
3413, 0.5000, 0.389
3414, 0.5000, 0.401
3415, 0.5000, 0.407
3416, 0.5000, 0.397
3417, 0.5000, 0.391
3418, 0.5000, 0.411
3419, 0.5000, 0.412
3420, 0.5000, 0.395
3421, 0.5000, 0.393
3422, 0.5000, 0.395
3423, 0.5000, 0.405
3424, 0.5000, 0.403
3425, 0.5000, 0.398
3426, 0.5000, 0.396
3427, 0.5000, 0.397
3428, 0.5000, 0.399
3429, 0.5000, 0.392
3430, 0.5000, 0.399
3431, 0.5000, 0.403
3432, 0.5000, 0.392
3433, 0.5000, 0.392
3434, 0.5000, 0.389
3435, 0.5000, 0.398
3436, 0.5000, 0.398
3437, 0.5000, 0.391
3438, 0.5000, 0.390
3439, 0.5000, 0.393
3440, 0.5000, 0.398
3441, 0.5000, 0.392
3442, 0.5000, 0.399
3443, 0.5000, 0.407
3444, 0.5000, 0.393
3445, 0.5000, 0.391
3446, 0.5000, 0.392
3447, 0.5000, 0.394
3448, 0.5000, 0.391
3449, 0.5000, 0.392
3450, 0.5000, 0.394
3451, 0.5000, 0.401
3452, 0.5000, 0.392
3453, 0.5000, 0.405
3454, 0.5000, 0.394
3455, 0.5000, 0.393
3456, 0.5000, 0.390
3457, 0.5000, 0.391
3458, 0.5000, 0.391
3459, 0.5000, 0.389
3460, 0.5000, 0.392
3461, 0.5000, 0.390
3462, 0.5000, 0.394
3463, 0.5000, 0.396
3464, 0.5000, 0.387
3465, 0.5000, 0.392
3466, 0.5000, 0.393
3467, 0.5000, 0.391
3468, 0.5000, 0.389
3469, 0.5000, 0.388
3470, 0.5000, 0.392
3471, 0.5000, 0.395
3472, 0.5000, 0.391
3473, 0.5000, 0.389
3474, 0.5000, 0.393
3475, 0.5000, 0.392
3476, 0.5000, 0.392
3477, 0.5000, 0.387
3478, 0.5000, 0.393
3479, 0.5000, 0.395
3480, 0.5000, 0.390
3481, 0.5000, 0.390
3482, 0.5000, 0.389
3483, 0.5000, 0.392
3484, 0.5000, 0.390
3485, 0.5000, 0.388
3486, 0.5000, 0.389
3487, 0.5000, 0.395
3488, 0.5000, 0.392
3489, 0.5000, 0.391
3490, 0.5000, 0.392
3491, 0.5000, 0.391
3492, 0.5000, 0.392
3493, 0.5000, 0.389
3494, 0.5000, 0.392
3495, 0.5000, 0.396
3496, 0.5000, 0.390
3497, 0.5000, 0.389
3498, 0.5000, 0.390
3499, 0.5000, 0.392
3500, 0.5000, 0.388
3501, 0.5000, 0.388
3502, 0.5000, 0.391
3503, 0.5000, 0.395
3504, 0.5000, 0.391
3505, 0.5000, 0.392
3506, 0.5000, 0.395
3507, 0.5000, 0.395
3508, 0.5000, 0.390
3509, 0.5000, 0.392
3510, 0.5000, 0.393
3511, 0.5000, 0.397
3512, 0.5000, 0.389
3513, 0.5000, 0.389
3514, 0.5000, 0.391
3515, 0.5000, 0.392
3516, 0.5000, 0.390
3517, 0.5000, 0.388
3518, 0.5000, 0.406
3519, 0.5000, 0.395
3520, 0.5000, 0.389
3521, 0.5000, 0.391
3522, 0.5000, 0.394
3523, 0.5000, 0.396
3524, 0.5000, 0.389
3525, 0.5000, 0.392
3526, 0.5000, 0.390
3527, 0.5000, 0.402
3528, 0.5000, 0.418
3529, 0.5000, 0.391
3530, 0.5000, 0.385
3531, 0.5000, 0.394
3532, 0.5000, 0.392
3533, 0.5000, 0.389
3534, 0.5000, 0.391
3535, 0.5000, 0.396
3536, 0.5000, 0.396
3537, 0.5000, 0.395
3538, 0.5000, 0.397
3539, 0.5000, 0.395
3540, 0.5000, 0.394
3541, 0.5000, 0.392
3542, 0.5000, 0.396
3543, 0.5000, 0.399
3544, 0.5000, 0.395
3545, 0.5000, 0.404
3546, 0.5000, 0.407
3547, 0.5000, 0.393
3548, 0.5000, 0.393
3549, 0.5000, 0.391
3550, 0.5000, 0.394
3551, 0.5000, 0.396
3552, 0.5000, 0.395
3553, 0.5000, 0.392
3554, 0.5000, 0.395
3555, 0.5000, 0.395
3556, 0.5000, 0.394
3557, 0.5000, 0.392
3558, 0.5000, 0.396
3559, 0.5000, 0.398
3560, 0.5000, 0.394
3561, 0.5000, 0.391
3562, 0.5000, 0.392
3563, 0.5000, 0.394
3564, 0.5000, 0.392
3565, 0.5000, 0.392
3566, 0.5000, 0.394
3567, 0.5000, 0.397
3568, 0.5000, 0.395
3569, 0.5000, 0.394
3570, 0.5000, 0.396
3571, 0.5000, 0.396
3572, 0.5000, 0.394
3573, 0.5000, 0.392
3574, 0.5000, 0.396
3575, 0.5000, 0.400
3576, 0.5000, 0.395
3577, 0.5000, 0.389
3578, 0.5000, 0.393
3579, 0.5000, 0.392
3580, 0.5000, 0.387
3581, 0.5000, 0.388
3582, 0.5000, 0.394
3583, 0.5000, 0.396
3584, 0.5000, 0.394
3585, 0.5000, 0.393
3586, 0.5000, 0.395
3587, 0.5000, 0.397
3588, 0.5000, 0.395
3589, 0.5000, 0.390
3590, 0.5000, 0.394
3591, 0.5000, 0.394
3592, 0.5000, 0.407
3593, 0.5000, 0.406
3594, 0.5000, 0.395
3595, 0.5000, 0.409
3596, 0.5000, 0.406
3597, 0.5000, 0.393
3598, 0.5000, 0.396
3599, 0.5000, 0.399
3600, 0.5000, 0.394
3601, 0.5000, 0.383
3602, 0.5000, 0.397
3603, 0.5000, 0.398
3604, 0.5000, 0.391
3605, 0.5000, 0.403
3606, 0.5000, 0.407
3607, 0.5000, 0.413
3608, 0.5000, 0.412
3609, 0.5000, 0.434
3610, 0.5000, 0.390
3611, 0.5000, 0.390
3612, 0.5000, 0.387
3613, 0.5000, 0.387
3614, 0.5000, 0.394
3615, 0.5000, 0.395
3616, 0.5000, 0.392
3617, 0.5000, 0.390
3618, 0.5000, 0.392
3619, 0.5000, 0.391
3620, 0.5000, 0.389
3621, 0.5000, 0.391
3622, 0.5000, 0.390
3623, 0.5000, 0.393
3624, 0.5000, 0.397
3625, 0.5000, 0.396
3626, 0.5000, 0.392
3627, 0.5000, 0.394
3628, 0.5000, 0.391
3629, 0.5000, 0.388
3630, 0.5000, 0.394
3631, 0.5000, 0.393
3632, 0.5000, 0.390
3633, 0.5000, 0.389
3634, 0.5000, 0.388
3635, 0.5000, 0.394
3636, 0.5000, 0.391
3637, 0.5000, 0.390
3638, 0.5000, 0.388
3639, 0.5000, 0.394
3640, 0.5000, 0.396
3641, 0.5000, 0.390
3642, 0.5000, 0.392
3643, 0.5000, 0.389
3644, 0.5000, 0.389
3645, 0.5000, 0.389
3646, 0.5000, 0.393
3647, 0.5000, 0.394
3648, 0.5000, 0.391
3649, 0.5000, 0.390
3650, 0.5000, 0.392
3651, 0.5000, 0.394
3652, 0.5000, 0.388
3653, 0.5000, 0.389
3654, 0.5000, 0.390
3655, 0.5000, 0.394
3656, 0.5000, 0.396
3657, 0.5000, 0.390
3658, 0.5000, 0.392
3659, 0.5000, 0.395
3660, 0.5000, 0.388
3661, 0.5000, 0.390
3662, 0.5000, 0.393
3663, 0.5000, 0.394
3664, 0.5000, 0.391
3665, 0.5000, 0.386
3666, 0.5000, 0.392
3667, 0.5000, 0.394
3668, 0.5000, 0.392
3669, 0.5000, 0.390
3670, 0.5000, 0.389
3671, 0.5000, 0.395
3672, 0.5000, 0.394
3673, 0.5000, 0.390
3674, 0.5000, 0.389
3675, 0.5000, 0.392
3676, 0.5000, 0.390
3677, 0.5000, 0.390
3678, 0.5000, 0.393
3679, 0.5000, 0.392
3680, 0.5000, 0.392
3681, 0.5000, 0.390
3682, 0.5000, 0.392
3683, 0.5000, 0.392
3684, 0.5000, 0.392
3685, 0.5000, 0.390
3686, 0.5000, 0.391
3687, 0.5000, 0.395
3688, 0.5000, 0.395
3689, 0.5000, 0.389
3690, 0.5000, 0.392
3691, 0.5000, 0.393
3692, 0.5000, 0.387
3693, 0.5000, 0.392
3694, 0.5000, 0.393
3695, 0.5000, 0.393
3696, 0.5000, 0.391
3697, 0.5000, 0.387
3698, 0.5000, 0.393
3699, 0.5000, 0.395
3700, 0.5000, 0.395
3701, 0.5000, 0.387
3702, 0.5000, 0.391
3703, 0.5000, 0.396
3704, 0.5000, 0.395
3705, 0.5000, 0.391
3706, 0.5000, 0.390
3707, 0.5000, 0.393
3708, 0.5000, 0.390
3709, 0.5000, 0.390
3710, 0.5000, 0.390
3711, 0.5000, 0.394
3712, 0.5000, 0.392
3713, 0.5000, 0.390
3714, 0.5000, 0.392
3715, 0.5000, 0.394
3716, 0.5000, 0.392
3717, 0.5000, 0.390
3718, 0.5000, 0.393
3719, 0.5000, 0.393
3720, 0.5000, 0.394
3721, 0.5000, 0.391
3722, 0.5000, 0.392
3723, 0.5000, 0.393
3724, 0.5000, 0.390
3725, 0.5000, 0.388
3726, 0.5000, 0.391
3727, 0.5000, 0.394
3728, 0.5000, 0.387
3729, 0.5000, 0.390
3730, 0.5000, 0.390
3731, 0.5000, 0.402
3732, 0.5000, 0.396
3733, 0.5000, 0.394
3734, 0.5000, 0.394
3735, 0.5000, 0.397
3736, 0.5000, 0.396
3737, 0.5000, 0.390
3738, 0.5000, 0.393
3739, 0.5000, 0.394
3740, 0.5000, 0.392
3741, 0.5000, 0.391
3742, 0.5000, 0.392
3743, 0.5000, 0.397
3744, 0.5000, 0.394
3745, 0.5000, 0.392
3746, 0.5000, 0.390
3747, 0.5000, 0.396
3748, 0.5000, 0.396
3749, 0.5000, 0.392
3750, 0.5000, 0.396
3751, 0.5000, 0.399
3752, 0.5000, 0.391
3753, 0.5000, 0.393
3754, 0.5000, 0.395
3755, 0.5000, 0.395
3756, 0.5000, 0.406
3757, 0.5000, 0.409
3758, 0.5000, 0.406
3759, 0.5000, 0.412
3760, 0.5000, 0.396
3761, 0.5000, 0.403
3762, 0.5000, 0.408
3763, 0.5000, 0.397
3764, 0.5000, 0.394
3765, 0.5000, 0.393
3766, 0.5000, 0.393
3767, 0.5000, 0.408
3768, 0.5000, 0.410
3769, 0.5000, 0.395
3770, 0.5000, 0.396
3771, 0.5000, 0.396
3772, 0.5000, 0.395
3773, 0.5000, 0.393
3774, 0.5000, 0.393
3775, 0.5000, 0.395
3776, 0.5000, 0.408
3777, 0.5000, 0.407
3778, 0.5000, 0.396
3779, 0.5000, 0.399
3780, 0.5000, 0.394
3781, 0.5000, 0.393
3782, 0.5000, 0.389
3783, 0.5000, 0.391
3784, 0.5000, 0.391
3785, 0.5000, 0.392
3786, 0.5000, 0.396
3787, 0.5000, 0.397
3788, 0.5000, 0.393
3789, 0.5000, 0.393
3790, 0.5000, 0.393
3791, 0.5000, 0.395
3792, 0.5000, 0.394
3793, 0.5000, 0.391
3794, 0.5000, 0.397
3795, 0.5000, 0.400
3796, 0.5000, 0.394
3797, 0.5000, 0.406
3798, 0.5000, 0.406
3799, 0.5000, 0.395
3800, 0.5000, 0.392
3801, 0.5000, 0.383
3802, 0.5000, 0.399
3803, 0.5000, 0.399
3804, 0.5000, 0.394
3805, 0.5000, 0.399
3806, 0.5000, 0.394
3807, 0.5000, 0.400
3808, 0.5000, 0.409
3809, 0.5000, 0.458
3810, 0.5000, 0.394
3811, 0.5000, 0.394
3812, 0.5000, 0.390
3813, 0.5000, 0.394
3814, 0.5000, 0.394
3815, 0.5000, 0.396
3816, 0.5000, 0.395
3817, 0.5000, 0.391
3818, 0.5000, 0.396
3819, 0.5000, 0.401
3820, 0.5000, 0.395
3821, 0.5000, 0.392
3822, 0.5000, 0.394
3823, 0.5000, 0.395
3824, 0.5000, 0.408
3825, 0.5000, 0.399
3826, 0.5000, 0.400
3827, 0.5000, 0.415
3828, 0.5000, 0.411
3829, 0.5000, 0.386
3830, 0.5000, 0.393
3831, 0.5000, 0.391
3832, 0.5000, 0.391
3833, 0.5000, 0.391
3834, 0.5000, 0.391
3835, 0.5000, 0.396
3836, 0.5000, 0.391
3837, 0.5000, 0.405
3838, 0.5000, 0.390
3839, 0.5000, 0.405
3840, 0.5000, 0.399
3841, 0.5000, 0.398
3842, 0.5000, 0.392
3843, 0.5000, 0.398
3844, 0.5000, 0.391
3845, 0.5000, 0.390
3846, 0.5000, 0.399
3847, 0.5000, 0.407
3848, 0.5000, 0.403
3849, 0.5000, 0.410
3850, 0.5000, 0.393
3851, 0.5000, 0.402
3852, 0.5000, 0.394
3853, 0.5000, 0.392
3854, 0.5000, 0.388
3855, 0.5000, 0.394
3856, 0.5000, 0.392
3857, 0.5000, 0.390
3858, 0.5000, 0.390
3859, 0.5000, 0.394
3860, 0.5000, 0.398
3861, 0.5000, 0.389
3862, 0.5000, 0.388
3863, 0.5000, 0.397
3864, 0.5000, 0.391
3865, 0.5000, 0.389
3866, 0.5000, 0.392
3867, 0.5000, 0.395
3868, 0.5000, 0.401
3869, 0.5000, 0.390
3870, 0.5000, 0.389
3871, 0.5000, 0.393
3872, 0.5000, 0.394
3873, 0.5000, 0.391
3874, 0.5000, 0.392
3875, 0.5000, 0.395
3876, 0.5000, 0.390
3877, 0.5000, 0.407
3878, 0.5000, 0.389
3879, 0.5000, 0.389
3880, 0.5000, 0.404
3881, 0.5000, 0.390
3882, 0.5000, 0.396
3883, 0.5000, 0.391
3884, 0.5000, 0.392
3885, 0.5000, 0.390
3886, 0.5000, 0.404
3887, 0.5000, 0.401
3888, 0.5000, 0.394
3889, 0.5000, 0.390
3890, 0.5000, 0.391
3891, 0.5000, 0.395
3892, 0.5000, 0.389
3893, 0.5000, 0.388
3894, 0.5000, 0.388
3895, 0.5000, 0.390
3896, 0.5000, 0.391
3897, 0.5000, 0.390
3898, 0.5000, 0.394
3899, 0.5000, 0.391
3900, 0.5000, 0.390
3901, 0.5000, 0.390
3902, 0.5000, 0.388
3903, 0.5000, 0.392
3904, 0.5000, 0.392
3905, 0.5000, 0.391
3906, 0.5000, 0.391
3907, 0.5000, 0.396
3908, 0.5000, 0.390
3909, 0.5000, 0.388
3910, 0.5000, 0.389
3911, 0.5000, 0.388
3912, 0.5000, 0.390
3913, 0.5000, 0.390
3914, 0.5000, 0.393
3915, 0.5000, 0.393
3916, 0.5000, 0.388
3917, 0.5000, 0.388
3918, 0.5000, 0.391
3919, 0.5000, 0.393
3920, 0.5000, 0.389
3921, 0.5000, 0.392
3922, 0.5000, 0.394
3923, 0.5000, 0.396
3924, 0.5000, 0.390
3925, 0.5000, 0.385
3926, 0.5000, 0.387
3927, 0.5000, 0.391
3928, 0.5000, 0.400
3929, 0.5000, 0.394
3930, 0.5000, 0.396
3931, 0.5000, 0.393
3932, 0.5000, 0.392
3933, 0.5000, 0.390
3934, 0.5000, 0.391
3935, 0.5000, 0.394
3936, 0.5000, 0.395
3937, 0.5000, 0.394
3938, 0.5000, 0.398
3939, 0.5000, 0.399
3940, 0.5000, 0.391
3941, 0.5000, 0.390
3942, 0.5000, 0.392
3943, 0.5000, 0.389
3944, 0.5000, 0.396
3945, 0.5000, 0.396
3946, 0.5000, 0.400
3947, 0.5000, 0.402
3948, 0.5000, 0.393
3949, 0.5000, 0.392
3950, 0.5000, 0.393
3951, 0.5000, 0.394
3952, 0.5000, 0.394
3953, 0.5000, 0.392
3954, 0.5000, 0.395
3955, 0.5000, 0.397
3956, 0.5000, 0.393
3957, 0.5000, 0.392
3958, 0.5000, 0.406
3959, 0.5000, 0.411
3960, 0.5000, 0.398
3961, 0.5000, 0.396
3962, 0.5000, 0.389
3963, 0.5000, 0.396
3964, 0.5000, 0.395
3965, 0.5000, 0.390
3966, 0.5000, 0.387
3967, 0.5000, 0.387
3968, 0.5000, 0.394
3969, 0.5000, 0.394
3970, 0.5000, 0.395
3971, 0.5000, 0.397
3972, 0.5000, 0.394
3973, 0.5000, 0.385
3974, 0.5000, 0.392
3975, 0.5000, 0.395
3976, 0.5000, 0.399
3977, 0.5000, 0.399
3978, 0.5000, 0.407
3979, 0.5000, 0.397
3980, 0.5000, 0.396
3981, 0.5000, 0.394
3982, 0.5000, 0.406
3983, 0.5000, 0.408
3984, 0.5000, 0.395
3985, 0.5000, 0.394
3986, 0.5000, 0.395
3987, 0.5000, 0.444
3988, 0.5000, 0.397
3989, 0.5000, 0.402
3990, 0.5000, 0.393
3991, 0.5000, 0.396
3992, 0.5000, 0.411
3993, 0.5000, 0.411
3994, 0.5000, 0.399
3995, 0.5000, 0.398
3996, 0.5000, 0.391
3997, 0.5000, 0.393
3998, 0.5000, 0.396
3999, 0.5000, 0.393
4000, 0.5000, 0.395
4001, 0.5000, 0.384
4002, 0.5000, 0.409
4003, 0.5000, 0.423
4004, 0.5000, 0.409
4005, 0.5000, 0.402
4006, 0.5000, 0.395
4007, 0.5000, 0.399
4008, 0.5000, 0.409
4009, 0.5000, 0.465
4010, 0.5000, 0.399
4011, 0.5000, 0.402
4012, 0.5000, 0.398
4013, 0.5000, 0.398
4014, 0.5000, 0.399
4015, 0.5000, 0.417
4016, 0.5000, 0.395
4017, 0.5000, 0.395
4018, 0.5000, 0.391
4019, 0.5000, 0.392
4020, 0.5000, 0.397
4021, 0.5000, 0.398
4022, 0.5000, 0.396
4023, 0.5000, 0.406
4024, 0.5000, 0.402
4025, 0.5000, 0.395
4026, 0.5000, 0.406
4027, 0.5000, 0.391
4028, 0.5000, 0.406
4029, 0.5000, 0.396
4030, 0.5000, 0.397
4031, 0.5000, 0.392
4032, 0.5000, 0.393
4033, 0.5000, 0.390
4034, 0.5000, 0.405
4035, 0.5000, 0.388
4036, 0.5000, 0.389
4037, 0.5000, 0.391
4038, 0.5000, 0.392
4039, 0.5000, 0.390
4040, 0.5000, 0.393
4041, 0.5000, 0.391
4042, 0.5000, 0.394
4043, 0.5000, 0.392
4044, 0.5000, 0.389
4045, 0.5000, 0.391
4046, 0.5000, 0.391
4047, 0.5000, 0.392
4048, 0.5000, 0.389
4049, 0.5000, 0.389
4050, 0.5000, 0.392
4051, 0.5000, 0.390
4052, 0.5000, 0.386
4053, 0.5000, 0.390
4054, 0.5000, 0.394
4055, 0.5000, 0.396
4056, 0.5000, 0.392
4057, 0.5000, 0.392
4058, 0.5000, 0.389
4059, 0.5000, 0.390
4060, 0.5000, 0.387
4061, 0.5000, 0.388
4062, 0.5000, 0.388
4063, 0.5000, 0.393
4064, 0.5000, 0.389
4065, 0.5000, 0.390
4066, 0.5000, 0.393
4067, 0.5000, 0.394
4068, 0.5000, 0.388
4069, 0.5000, 0.392
4070, 0.5000, 0.394
4071, 0.5000, 0.394
4072, 0.5000, 0.392
4073, 0.5000, 0.391
4074, 0.5000, 0.390
4075, 0.5000, 0.391
4076, 0.5000, 0.389
4077, 0.5000, 0.401
4078, 0.5000, 0.387
4079, 0.5000, 0.391
4080, 0.5000, 0.392
4081, 0.5000, 0.388
4082, 0.5000, 0.394
4083, 0.5000, 0.407
4084, 0.5000, 0.390
4085, 0.5000, 0.387
4086, 0.5000, 0.392
4087, 0.5000, 0.396
4088, 0.5000, 0.394
4089, 0.5000, 0.389
4090, 0.5000, 0.391
4091, 0.5000, 0.391
4092, 0.5000, 0.389
4093, 0.5000, 0.385
4094, 0.5000, 0.389
4095, 0.5000, 0.398
4096, 0.5000, 0.392
4097, 0.5000, 0.387
4098, 0.5000, 0.393
4099, 0.5000, 0.394
4100, 0.5000, 0.391
4101, 0.5000, 0.385
4102, 0.5000, 0.388
4103, 0.5000, 0.408
4104, 0.5000, 0.394
4105, 0.5000, 0.387
4106, 0.5000, 0.391
4107, 0.5000, 0.391
4108, 0.5000, 0.389
4109, 0.5000, 0.385
4110, 0.5000, 0.391
4111, 0.5000, 0.392
4112, 0.5000, 0.392
4113, 0.5000, 0.387
4114, 0.5000, 0.408
4115, 0.5000, 0.395
4116, 0.5000, 0.390
4117, 0.5000, 0.388
4118, 0.5000, 0.391
4119, 0.5000, 0.393
4120, 0.5000, 0.395
4121, 0.5000, 0.387
4122, 0.5000, 0.389
4123, 0.5000, 0.392
4124, 0.5000, 0.462
4125, 0.5000, 0.390
4126, 0.5000, 0.390
4127, 0.5000, 0.392
4128, 0.5000, 0.393
4129, 0.5000, 0.392
4130, 0.5000, 0.395
4131, 0.5000, 0.397
4132, 0.5000, 0.393
4133, 0.5000, 0.390
4134, 0.5000, 0.394
4135, 0.5000, 0.399
4136, 0.5000, 0.398
4137, 0.5000, 0.388
4138, 0.5000, 0.394
4139, 0.5000, 0.401
4140, 0.5000, 0.396
4141, 0.5000, 0.395
4142, 0.5000, 0.398
4143, 0.5000, 0.425
4144, 0.5000, 0.449
4145, 0.5000, 0.443
4146, 0.5000, 0.451
4147, 0.5000, 0.452
4148, 0.5000, 0.449
4149, 0.5000, 0.448
4150, 0.5000, 0.450
4151, 0.5000, 0.458
4152, 0.5000, 0.453
4153, 0.5000, 0.446
4154, 0.5000, 0.456
4155, 0.5000, 0.461
4156, 0.5000, 0.454
4157, 0.5000, 0.450
4158, 0.5000, 0.452
4159, 0.5000, 0.449
4160, 0.5000, 0.414
4161, 0.5000, 0.426
4162, 0.5000, 0.415
4163, 0.5000, 0.416
4164, 0.5000, 0.416
4165, 0.5000, 0.410
4166, 0.5000, 0.407
4167, 0.5000, 0.405
4168, 0.5000, 0.408
4169, 0.5000, 0.406
4170, 0.5000, 0.407
4171, 0.5000, 0.407
4172, 0.5000, 0.406
4173, 0.5000, 0.407
4174, 0.5000, 0.406
4175, 0.5000, 0.411
4176, 0.5000, 0.410
4177, 0.5000, 0.400
4178, 0.5000, 0.395
4179, 0.5000, 0.394
4180, 0.5000, 0.396
4181, 0.5000, 0.395
4182, 0.5000, 0.392
4183, 0.5000, 0.392
4184, 0.5000, 0.392
4185, 0.5000, 0.393
4186, 0.5000, 0.397
4187, 0.5000, 0.393
4188, 0.5000, 0.393
4189, 0.5000, 0.394
4190, 0.5000, 0.394
4191, 0.5000, 0.392
4192, 0.5000, 0.393
4193, 0.5000, 0.398
4194, 0.5000, 0.392
4195, 0.5000, 0.395
4196, 0.5000, 0.395
4197, 0.5000, 0.393
4198, 0.5000, 0.404
4199, 0.5000, 0.405
4200, 0.5000, 0.395
4201, 0.5000, 0.383
4202, 0.5000, 0.399
4203, 0.5000, 0.399
4204, 0.5000, 0.395
4205, 0.5000, 0.397
4206, 0.5000, 0.397
4207, 0.5000, 0.397
4208, 0.5000, 0.410
4209, 0.5000, 0.468
4210, 0.5000, 0.417
4211, 0.5000, 0.402
4212, 0.5000, 0.396
4213, 0.5000, 0.397
4214, 0.5000, 0.397
4215, 0.5000, 0.397
4216, 0.5000, 0.394
4217, 0.5000, 0.392
4218, 0.5000, 0.395
4219, 0.5000, 0.396
4220, 0.5000, 0.393
4221, 0.5000, 0.391
4222, 0.5000, 0.394
4223, 0.5000, 0.393
4224, 0.5000, 0.395
4225, 0.5000, 0.391
4226, 0.5000, 0.391
4227, 0.5000, 0.391
4228, 0.5000, 0.393
4229, 0.5000, 0.393
4230, 0.5000, 0.403
4231, 0.5000, 0.396
4232, 0.5000, 0.393
4233, 0.5000, 0.395
4234, 0.5000, 0.400
4235, 0.5000, 0.397
4236, 0.5000, 0.391
4237, 0.5000, 0.390
4238, 0.5000, 0.394
4239, 0.5000, 0.396
4240, 0.5000, 0.409
4241, 0.5000, 0.395
4242, 0.5000, 0.402
4243, 0.5000, 0.392
4244, 0.5000, 0.391
4245, 0.5000, 0.392
4246, 0.5000, 0.394
4247, 0.5000, 0.395
4248, 0.5000, 0.394
4249, 0.5000, 0.396
4250, 0.5000, 0.397
4251, 0.5000, 0.392
4252, 0.5000, 0.408
4253, 0.5000, 0.396
4254, 0.5000, 0.393
4255, 0.5000, 0.408
4256, 0.5000, 0.391
4257, 0.5000, 0.391
4258, 0.5000, 0.395
4259, 0.5000, 0.397
4260, 0.5000, 0.397
4261, 0.5000, 0.397
4262, 0.5000, 0.393
4263, 0.5000, 0.411
4264, 0.5000, 0.404
4265, 0.5000, 0.410
4266, 0.5000, 0.398
4267, 0.5000, 0.401
4268, 0.5000, 0.401
4269, 0.5000, 0.391
4270, 0.5000, 0.392
4271, 0.5000, 0.402
4272, 0.5000, 0.401
4273, 0.5000, 0.392
4274, 0.5000, 0.390
4275, 0.5000, 0.402
4276, 0.5000, 0.396
4277, 0.5000, 0.398
4278, 0.5000, 0.398
4279, 0.5000, 0.392
4280, 0.5000, 0.404
4281, 0.5000, 0.408
4282, 0.5000, 0.402
4283, 0.5000, 0.396
4284, 0.5000, 0.400
4285, 0.5000, 0.394
4286, 0.5000, 0.397
4287, 0.5000, 0.406
4288, 0.5000, 0.392
4289, 0.5000, 0.404
4290, 0.5000, 0.390
4291, 0.5000, 0.392
4292, 0.5000, 0.390
4293, 0.5000, 0.391
4294, 0.5000, 0.393
4295, 0.5000, 0.394
4296, 0.5000, 0.393
4297, 0.5000, 0.397
4298, 0.5000, 0.392
4299, 0.5000, 0.398
4300, 0.5000, 0.390
4301, 0.5000, 0.391
4302, 0.5000, 0.392
4303, 0.5000, 0.393
4304, 0.5000, 0.393
4305, 0.5000, 0.393
4306, 0.5000, 0.394
4307, 0.5000, 0.389
4308, 0.5000, 0.392
4309, 0.5000, 0.408
4310, 0.5000, 0.408
4311, 0.5000, 0.400
4312, 0.5000, 0.394
4313, 0.5000, 0.395
4314, 0.5000, 0.400
4315, 0.5000, 0.428
4316, 0.5000, 0.408
4317, 0.5000, 0.414
4318, 0.5000, 0.411
4319, 0.5000, 0.394
4320, 0.5000, 0.394
4321, 0.5000, 0.417
4322, 0.5000, 0.406
4323, 0.5000, 0.397
4324, 0.5000, 0.402
4325, 0.5000, 0.419
4326, 0.5000, 0.465
4327, 0.5000, 0.396
4328, 0.5000, 0.393
4329, 0.5000, 0.392
4330, 0.5000, 0.395
4331, 0.5000, 0.391
4332, 0.5000, 0.390
4333, 0.5000, 0.390
4334, 0.5000, 0.393
4335, 0.5000, 0.394
4336, 0.5000, 0.393
4337, 0.5000, 0.393
4338, 0.5000, 0.392
4339, 0.5000, 0.392
4340, 0.5000, 0.396
4341, 0.5000, 0.400
4342, 0.5000, 0.396
4343, 0.5000, 0.397
4344, 0.5000, 0.396
4345, 0.5000, 0.396
4346, 0.5000, 0.397
4347, 0.5000, 0.393
4348, 0.5000, 0.392
4349, 0.5000, 0.393
4350, 0.5000, 0.395
4351, 0.5000, 0.394
4352, 0.5000, 0.388
4353, 0.5000, 0.392
4354, 0.5000, 0.393
4355, 0.5000, 0.392
4356, 0.5000, 0.395
4357, 0.5000, 0.400
4358, 0.5000, 0.396
4359, 0.5000, 0.395
4360, 0.5000, 0.397
4361, 0.5000, 0.395
4362, 0.5000, 0.395
4363, 0.5000, 0.392
4364, 0.5000, 0.392
4365, 0.5000, 0.393
4366, 0.5000, 0.396
4367, 0.5000, 0.411
4368, 0.5000, 0.407
4369, 0.5000, 0.394
4370, 0.5000, 0.394
4371, 0.5000, 0.393
4372, 0.5000, 0.394
4373, 0.5000, 0.394
4374, 0.5000, 0.407
4375, 0.5000, 0.407
4376, 0.5000, 0.396
4377, 0.5000, 0.395
4378, 0.5000, 0.395
4379, 0.5000, 0.395
4380, 0.5000, 0.392
4381, 0.5000, 0.393
4382, 0.5000, 0.397
4383, 0.5000, 0.398
4384, 0.5000, 0.392
4385, 0.5000, 0.393
4386, 0.5000, 0.396
4387, 0.5000, 0.399
4388, 0.5000, 0.392
4389, 0.5000, 0.395
4390, 0.5000, 0.390
4391, 0.5000, 0.393
4392, 0.5000, 0.395
4393, 0.5000, 0.394
4394, 0.5000, 0.408
4395, 0.5000, 0.409
4396, 0.5000, 0.394
4397, 0.5000, 0.392
4398, 0.5000, 0.396
4399, 0.5000, 0.398
4400, 0.5000, 0.393
4401, 0.5000, 0.385
4402, 0.5000, 0.398
4403, 0.5000, 0.397
4404, 0.5000, 0.390
4405, 0.5000, 0.401
4406, 0.5000, 0.416
4407, 0.5000, 0.398
4408, 0.5000, 0.410
4409, 0.5000, 0.470
4410, 0.5000, 0.396
4411, 0.5000, 0.395
4412, 0.5000, 0.396
4413, 0.5000, 0.396
4414, 0.5000, 0.399
4415, 0.5000, 0.404
4416, 0.5000, 0.400
4417, 0.5000, 0.400
4418, 0.5000, 0.410
4419, 0.5000, 0.405
4420, 0.5000, 0.398
4421, 0.5000, 0.407
4422, 0.5000, 0.400
4423, 0.5000, 0.400
4424, 0.5000, 0.403
4425, 0.5000, 0.414
4426, 0.5000, 0.404
4427, 0.5000, 0.394
4428, 0.5000, 0.389
4429, 0.5000, 0.387
4430, 0.5000, 0.396
4431, 0.5000, 0.398
4432, 0.5000, 0.408
4433, 0.5000, 0.395
4434, 0.5000, 0.394
4435, 0.5000, 0.390
4436, 0.5000, 0.389
4437, 0.5000, 0.388
4438, 0.5000, 0.389
4439, 0.5000, 0.394
4440, 0.5000, 0.394
4441, 0.5000, 0.391
4442, 0.5000, 0.387
4443, 0.5000, 0.389
4444, 0.5000, 0.389
4445, 0.5000, 0.404
4446, 0.5000, 0.394
4447, 0.5000, 0.400
4448, 0.5000, 0.393
4449, 0.5000, 0.408
4450, 0.5000, 0.389
4451, 0.5000, 0.397
4452, 0.5000, 0.395
4453, 0.5000, 0.390
4454, 0.5000, 0.387
4455, 0.5000, 0.393
4456, 0.5000, 0.393
4457, 0.5000, 0.405
4458, 0.5000, 0.389
4459, 0.5000, 0.390
4460, 0.5000, 0.389
4461, 0.5000, 0.392
4462, 0.5000, 0.394
4463, 0.5000, 0.397
4464, 0.5000, 0.391
4465, 0.5000, 0.391
4466, 0.5000, 0.391
4467, 0.5000, 0.391
4468, 0.5000, 0.390
4469, 0.5000, 0.389
4470, 0.5000, 0.390
4471, 0.5000, 0.394
4472, 0.5000, 0.392
4473, 0.5000, 0.390
4474, 0.5000, 0.388
4475, 0.5000, 0.389
4476, 0.5000, 0.392
4477, 0.5000, 0.391
4478, 0.5000, 0.390
4479, 0.5000, 0.396
4480, 0.5000, 0.391
4481, 0.5000, 0.391
4482, 0.5000, 0.392
4483, 0.5000, 0.394
4484, 0.5000, 0.390
4485, 0.5000, 0.390
4486, 0.5000, 0.387
4487, 0.5000, 0.393
4488, 0.5000, 0.393
4489, 0.5000, 0.391
4490, 0.5000, 0.392
4491, 0.5000, 0.391
4492, 0.5000, 0.390
4493, 0.5000, 0.390
4494, 0.5000, 0.395
4495, 0.5000, 0.395
4496, 0.5000, 0.390
4497, 0.5000, 0.391
4498, 0.5000, 0.393
4499, 0.5000, 0.392
4500, 0.5000, 0.389
4501, 0.5000, 0.388
4502, 0.5000, 0.390
4503, 0.5000, 0.390
4504, 0.5000, 0.407
4505, 0.5000, 0.396
4506, 0.5000, 0.393
4507, 0.5000, 0.389
4508, 0.5000, 0.389
4509, 0.5000, 0.391
4510, 0.5000, 0.396
4511, 0.5000, 0.394
4512, 0.5000, 0.396
4513, 0.5000, 0.391
4514, 0.5000, 0.393
4515, 0.5000, 0.387
4516, 0.5000, 0.389
4517, 0.5000, 0.388
4518, 0.5000, 0.390
4519, 0.5000, 0.392
4520, 0.5000, 0.392
4521, 0.5000, 0.397
4522, 0.5000, 0.411
4523, 0.5000, 0.395
4524, 0.5000, 0.391
4525, 0.5000, 0.393
4526, 0.5000, 0.397
4527, 0.5000, 0.395
4528, 0.5000, 0.392
4529, 0.5000, 0.391
4530, 0.5000, 0.393
4531, 0.5000, 0.394
4532, 0.5000, 0.392
4533, 0.5000, 0.389
4534, 0.5000, 0.393
4535, 0.5000, 0.396
4536, 0.5000, 0.396
4537, 0.5000, 0.398
4538, 0.5000, 0.397
4539, 0.5000, 0.397
4540, 0.5000, 0.393
4541, 0.5000, 0.394
4542, 0.5000, 0.399
4543, 0.5000, 0.397
4544, 0.5000, 0.393
4545, 0.5000, 0.392
4546, 0.5000, 0.395
4547, 0.5000, 0.396
4548, 0.5000, 0.392
4549, 0.5000, 0.391
4550, 0.5000, 0.405
4551, 0.5000, 0.409
4552, 0.5000, 0.398
4553, 0.5000, 0.397
4554, 0.5000, 0.407
4555, 0.5000, 0.409
4556, 0.5000, 0.397
4557, 0.5000, 0.396
4558, 0.5000, 0.398
4559, 0.5000, 0.394
4560, 0.5000, 0.387
4561, 0.5000, 0.390
4562, 0.5000, 0.394
4563, 0.5000, 0.394
4564, 0.5000, 0.392
4565, 0.5000, 0.391
4566, 0.5000, 0.392
4567, 0.5000, 0.425
4568, 0.5000, 0.449
4569, 0.5000, 0.449
4570, 0.5000, 0.449
4571, 0.5000, 0.450
4572, 0.5000, 0.452
4573, 0.5000, 0.448
4574, 0.5000, 0.452
4575, 0.5000, 0.455
4576, 0.5000, 0.449
4577, 0.5000, 0.450
4578, 0.5000, 0.448
4579, 0.5000, 0.450
4580, 0.5000, 0.447
4581, 0.5000, 0.446
4582, 0.5000, 0.449
4583, 0.5000, 0.456
4584, 0.5000, 0.447
4585, 0.5000, 0.447
4586, 0.5000, 0.446
4587, 0.5000, 0.447
4588, 0.5000, 0.444
4589, 0.5000, 0.439
4590, 0.5000, 0.440
4591, 0.5000, 0.444
4592, 0.5000, 0.441
4593, 0.5000, 0.440
4594, 0.5000, 0.439
4595, 0.5000, 0.441
4596, 0.5000, 0.440
4597, 0.5000, 0.439
4598, 0.5000, 0.437
4599, 0.5000, 0.441
4600, 0.5000, 0.445
4601, 0.5000, 0.428
4602, 0.5000, 0.425
4603, 0.5000, 0.423
4604, 0.5000, 0.424
4605, 0.5000, 0.430
4606, 0.5000, 0.425
4607, 0.5000, 0.425
4608, 0.5000, 0.448
4609, 0.5000, 0.407
4610, 0.5000, 0.405
4611, 0.5000, 0.404
4612, 0.5000, 0.397
4613, 0.5000, 0.397
4614, 0.5000, 0.398
4615, 0.5000, 0.402
4616, 0.5000, 0.403
4617, 0.5000, 0.400
4618, 0.5000, 0.420
4619, 0.5000, 0.423
4620, 0.5000, 0.409
4621, 0.5000, 0.399
4622, 0.5000, 0.398
4623, 0.5000, 0.406
4624, 0.5000, 0.408
4625, 0.5000, 0.396
4626, 0.5000, 0.399
4627, 0.5000, 0.397
4628, 0.5000, 0.397
4629, 0.5000, 0.396
4630, 0.5000, 0.410
4631, 0.5000, 0.393
4632, 0.5000, 0.391
4633, 0.5000, 0.394
4634, 0.5000, 0.410
4635, 0.5000, 0.394
4636, 0.5000, 0.393
4637, 0.5000, 0.393
4638, 0.5000, 0.391
4639, 0.5000, 0.392
4640, 0.5000, 0.391
4641, 0.5000, 0.396
4642, 0.5000, 0.400
4643, 0.5000, 0.398
4644, 0.5000, 0.396
4645, 0.5000, 0.392
4646, 0.5000, 0.395
4647, 0.5000, 0.394
4648, 0.5000, 0.393
4649, 0.5000, 0.392
4650, 0.5000, 0.393
4651, 0.5000, 0.404
4652, 0.5000, 0.393
4653, 0.5000, 0.391
4654, 0.5000, 0.403
4655, 0.5000, 0.393
4656, 0.5000, 0.397
4657, 0.5000, 0.400
4658, 0.5000, 0.399
4659, 0.5000, 0.398
4660, 0.5000, 0.396
4661, 0.5000, 0.396
4662, 0.5000, 0.396
4663, 0.5000, 0.395
4664, 0.5000, 0.399
4665, 0.5000, 0.391
4666, 0.5000, 0.393
4667, 0.5000, 0.406
4668, 0.5000, 0.417
4669, 0.5000, 0.426
4670, 0.5000, 0.427
4671, 0.5000, 0.416
4672, 0.5000, 0.398
4673, 0.5000, 0.392
4674, 0.5000, 0.397
4675, 0.5000, 0.397
4676, 0.5000, 0.391
4677, 0.5000, 0.412
4678, 0.5000, 0.398
4679, 0.5000, 0.398
4680, 0.5000, 0.397
4681, 0.5000, 0.394
4682, 0.5000, 0.395
4683, 0.5000, 0.403
4684, 0.5000, 0.398
4685, 0.5000, 0.392
4686, 0.5000, 0.402
4687, 0.5000, 0.408
4688, 0.5000, 0.399
4689, 0.5000, 0.395
4690, 0.5000, 0.398
4691, 0.5000, 0.409
4692, 0.5000, 0.417
4693, 0.5000, 0.397
4694, 0.5000, 0.403
4695, 0.5000, 0.400
4696, 0.5000, 0.392
4697, 0.5000, 0.397
4698, 0.5000, 0.398
4699, 0.5000, 0.399
4700, 0.5000, 0.399
4701, 0.5000, 0.406
4702, 0.5000, 0.391
4703, 0.5000, 0.395
4704, 0.5000, 0.392
4705, 0.5000, 0.408
4706, 0.5000, 0.404
4707, 0.5000, 0.397
4708, 0.5000, 0.395
4709, 0.5000, 0.405
4710, 0.5000, 0.422
4711, 0.5000, 0.403
4712, 0.5000, 0.442
4713, 0.5000, 0.430
4714, 0.5000, 0.418
4715, 0.5000, 0.422
4716, 0.5000, 0.435
4717, 0.5000, 0.420
4718, 0.5000, 0.439
4719, 0.5000, 0.429
4720, 0.5000, 0.429
4721, 0.5000, 0.444
4722, 0.5000, 0.416
4723, 0.5000, 0.397
4724, 0.5000, 0.397
4725, 0.5000, 0.462
4726, 0.5000, 0.400
4727, 0.5000, 0.404
4728, 0.5000, 0.419
4729, 0.5000, 0.410
4730, 0.5000, 0.405
4731, 0.5000, 0.407
4732, 0.5000, 0.405
4733, 0.5000, 0.402
4734, 0.5000, 0.405
4735, 0.5000, 0.417
4736, 0.5000, 0.397
4737, 0.5000, 0.398
4738, 0.5000, 0.397
4739, 0.5000, 0.401
4740, 0.5000, 0.402
4741, 0.5000, 0.397
4742, 0.5000, 0.408
4743, 0.5000, 0.406
4744, 0.5000, 0.395
4745, 0.5000, 0.396
4746, 0.5000, 0.394
4747, 0.5000, 0.393
4748, 0.5000, 0.389
4749, 0.5000, 0.392
4750, 0.5000, 0.392
4751, 0.5000, 0.392
4752, 0.5000, 0.395
4753, 0.5000, 0.392
4754, 0.5000, 0.392
4755, 0.5000, 0.397
4756, 0.5000, 0.402
4757, 0.5000, 0.393
4758, 0.5000, 0.397
4759, 0.5000, 0.397
4760, 0.5000, 0.397
4761, 0.5000, 0.396
4762, 0.5000, 0.394
4763, 0.5000, 0.403
4764, 0.5000, 0.406
4765, 0.5000, 0.392
4766, 0.5000, 0.393
4767, 0.5000, 0.393
4768, 0.5000, 0.393
4769, 0.5000, 0.394
4770, 0.5000, 0.393
4771, 0.5000, 0.398
4772, 0.5000, 0.401
4773, 0.5000, 0.392
4774, 0.5000, 0.402
4775, 0.5000, 0.416
4776, 0.5000, 0.413
4777, 0.5000, 0.396
4778, 0.5000, 0.406
4779, 0.5000, 0.417
4780, 0.5000, 0.405
4781, 0.5000, 0.395
4782, 0.5000, 0.393
4783, 0.5000, 0.393
4784, 0.5000, 0.392
4785, 0.5000, 0.393
4786, 0.5000, 0.392
4787, 0.5000, 0.396
4788, 0.5000, 0.411
4789, 0.5000, 0.409
4790, 0.5000, 0.394
4791, 0.5000, 0.394
4792, 0.5000, 0.391
4793, 0.5000, 0.394
4794, 0.5000, 0.385
4795, 0.5000, 0.385
4796, 0.5000, 0.392
4797, 0.5000, 0.394
4798, 0.5000, 0.395
4799, 0.5000, 0.394
4800, 0.5000, 0.391
4801, 0.5000, 0.385
4802, 0.5000, 0.398
4803, 0.5000, 0.402
4804, 0.5000, 0.402
4805, 0.5000, 0.396
4806, 0.5000, 0.399
4807, 0.5000, 0.400
4808, 0.5000, 0.392
4809, 0.5000, 0.490
4810, 0.5000, 0.402
4811, 0.5000, 0.390
4812, 0.5000, 0.387
4813, 0.5000, 0.387
4814, 0.5000, 0.396
4815, 0.5000, 0.397
4816, 0.5000, 0.420
4817, 0.5000, 0.395
4818, 0.5000, 0.396
4819, 0.5000, 0.400
4820, 0.5000, 0.409
4821, 0.5000, 0.399
4822, 0.5000, 0.396
4823, 0.5000, 0.399
4824, 0.5000, 0.400
4825, 0.5000, 0.400
4826, 0.5000, 0.400
4827, 0.5000, 0.398
4828, 0.5000, 0.407
4829, 0.5000, 0.413
4830, 0.5000, 0.400
4831, 0.5000, 0.393
4832, 0.5000, 0.395
4833, 0.5000, 0.390
4834, 0.5000, 0.409
4835, 0.5000, 0.393
4836, 0.5000, 0.401
4837, 0.5000, 0.413
4838, 0.5000, 0.392
4839, 0.5000, 0.393
4840, 0.5000, 0.389
4841, 0.5000, 0.389
4842, 0.5000, 0.398
4843, 0.5000, 0.397
4844, 0.5000, 0.400
4845, 0.5000, 0.391
4846, 0.5000, 0.392
4847, 0.5000, 0.397
4848, 0.5000, 0.390
4849, 0.5000, 0.388
4850, 0.5000, 0.396
4851, 0.5000, 0.399
4852, 0.5000, 0.392
4853, 0.5000, 0.387
4854, 0.5000, 0.399
4855, 0.5000, 0.393
4856, 0.5000, 0.390
4857, 0.5000, 0.388
4858, 0.5000, 0.389
4859, 0.5000, 0.394
4860, 0.5000, 0.391
4861, 0.5000, 0.390
4862, 0.5000, 0.391
4863, 0.5000, 0.392
4864, 0.5000, 0.390
4865, 0.5000, 0.390
4866, 0.5000, 0.396
4867, 0.5000, 0.396
4868, 0.5000, 0.393
4869, 0.5000, 0.397
4870, 0.5000, 0.391
4871, 0.5000, 0.390
4872, 0.5000, 0.391
4873, 0.5000, 0.390
4874, 0.5000, 0.391
4875, 0.5000, 0.392
4876, 0.5000, 0.389
4877, 0.5000, 0.390
4878, 0.5000, 0.391
4879, 0.5000, 0.404
4880, 0.5000, 0.390
4881, 0.5000, 0.390
4882, 0.5000, 0.395
4883, 0.5000, 0.406
4884, 0.5000, 0.392
4885, 0.5000, 0.386
4886, 0.5000, 0.390
4887, 0.5000, 0.394
4888, 0.5000, 0.390
4889, 0.5000, 0.389
4890, 0.5000, 0.395
4891, 0.5000, 0.392
4892, 0.5000, 0.392
4893, 0.5000, 0.390
4894, 0.5000, 0.389
4895, 0.5000, 0.402
4896, 0.5000, 0.391
4897, 0.5000, 0.389
4898, 0.5000, 0.394
4899, 0.5000, 0.400
4900, 0.5000, 0.392
4901, 0.5000, 0.389
4902, 0.5000, 0.392
4903, 0.5000, 0.389
4904, 0.5000, 0.391
4905, 0.5000, 0.388
4906, 0.5000, 0.391
4907, 0.5000, 0.393
4908, 0.5000, 0.392
4909, 0.5000, 0.391
4910, 0.5000, 0.391
4911, 0.5000, 0.391
4912, 0.5000, 0.386
4913, 0.5000, 0.388
4914, 0.5000, 0.393
4915, 0.5000, 0.398
4916, 0.5000, 0.392
4917, 0.5000, 0.389
4918, 0.5000, 0.391
4919, 0.5000, 0.391
4920, 0.5000, 0.390
4921, 0.5000, 0.385
4922, 0.5000, 0.390
4923, 0.5000, 0.393
4924, 0.5000, 0.391
4925, 0.5000, 0.392
4926, 0.5000, 0.388
4927, 0.5000, 0.394
4928, 0.5000, 0.391
4929, 0.5000, 0.389
4930, 0.5000, 0.390
4931, 0.5000, 0.397
4932, 0.5000, 0.391
4933, 0.5000, 0.389
4934, 0.5000, 0.411
4935, 0.5000, 0.440
4936, 0.5000, 0.413
4937, 0.5000, 0.438
4938, 0.5000, 0.442
4939, 0.5000, 0.451
4940, 0.5000, 0.447
4941, 0.5000, 0.444
4942, 0.5000, 0.450
4943, 0.5000, 0.452
4944, 0.5000, 0.450
4945, 0.5000, 0.443
4946, 0.5000, 0.447
4947, 0.5000, 0.458
4948, 0.5000, 0.457
4949, 0.5000, 0.456
4950, 0.5000, 0.446
4951, 0.5000, 0.452
4952, 0.5000, 0.450
4953, 0.5000, 0.449
4954, 0.5000, 0.449
4955, 0.5000, 0.448
4956, 0.5000, 0.447
4957, 0.5000, 0.443
4958, 0.5000, 0.441
4959, 0.5000, 0.441
4960, 0.5000, 0.441
4961, 0.5000, 0.442
4962, 0.5000, 0.441
4963, 0.5000, 0.439
4964, 0.5000, 0.441
4965, 0.5000, 0.441
4966, 0.5000, 0.443
4967, 0.5000, 0.442
4968, 0.5000, 0.441
4969, 0.5000, 0.449
4970, 0.5000, 0.448
4971, 0.5000, 0.448
4972, 0.5000, 0.448
4973, 0.5000, 0.445
4974, 0.5000, 0.441
4975, 0.5000, 0.440
4976, 0.5000, 0.438
4977, 0.5000, 0.440
4978, 0.5000, 0.440
4979, 0.5000, 0.440
4980, 0.5000, 0.441
4981, 0.5000, 0.440
4982, 0.5000, 0.443
4983, 0.5000, 0.443
4984, 0.5000, 0.440
4985, 0.5000, 0.446
4986, 0.5000, 0.449
4987, 0.5000, 0.446
4988, 0.5000, 0.414
4989, 0.5000, 0.427
4990, 0.5000, 0.411
4991, 0.5000, 0.398
4992, 0.5000, 0.396
4993, 0.5000, 0.403
4994, 0.5000, 0.406
4995, 0.5000, 0.406
4996, 0.5000, 0.408
4997, 0.5000, 0.406
4998, 0.5000, 0.409
4999, 0.5000, 0.411
5000, 0.5000, 0.403
