0, 0.4951, 2.620
1, 0.5015, 0.412
2, 0.5056, 0.377
3, 0.4875, 0.392
4, 0.4951, 0.393
5, 0.4979, 0.385
6, 0.4806, 0.408
7, 0.4931, 0.417
8, 0.4976, 0.417
9, 0.4891, 0.415
10, 0.5011, 0.410
11, 0.4941, 0.404
12, 0.4949, 0.396
13, 0.5008, 0.403
14, 0.4775, 0.391
15, 0.5034, 0.400
16, 0.4899, 0.399
17, 0.4884, 0.480
18, 0.4873, 0.405
19, 0.4836, 0.406
20, 0.4949, 0.395
21, 0.5174, 0.391
22, 0.5010, 0.396
23, 0.4731, 0.394
24, 0.4858, 0.392
25, 0.5019, 0.593
26, 0.5012, 0.399
27, 0.4978, 0.392
28, 0.4959, 0.392
29, 0.5189, 0.400
30, 0.4880, 0.411
31, 0.4967, 0.402
32, 0.4934, 0.408
33, 0.4869, 0.402
34, 0.5045, 0.411
35, 0.4887, 0.400
36, 0.4915, 0.399
37, 0.4845, 0.404
38, 0.4910, 0.402
39, 0.4895, 0.397
40, 0.4922, 0.409
41, 0.4930, 0.402
42, 0.4989, 0.388
43, 0.4897, 0.399
44, 0.4962, 0.399
45, 0.4884, 0.400
46, 0.4925, 0.395
47, 0.4870, 0.396
48, 0.5003, 0.401
49, 0.4973, 0.399
50, 0.4986, 0.396
51, 0.4794, 0.395
52, 0.4876, 0.390
53, 0.4876, 0.391
54, 0.4993, 0.388
55, 0.4922, 0.399
56, 0.4886, 0.411
57, 0.4768, 0.392
58, 0.4902, 0.394
59, 0.4876, 0.398
60, 0.4995, 0.391
61, 0.4802, 0.398
62, 0.4948, 0.395
63, 0.4914, 0.394
64, 0.4976, 0.392
65, 0.4991, 0.395
66, 0.5026, 0.391
67, 0.4938, 0.395
68, 0.4704, 0.391
69, 0.4895, 0.397
70, 0.4959, 0.398
71, 0.4980, 0.391
72, 0.5060, 0.393
73, 0.5038, 0.411
74, 0.4957, 0.400
75, 0.5031, 0.396
76, 0.4885, 0.415
77, 0.4821, 0.425
78, 0.4961, 0.392
79, 0.4948, 0.400
80, 0.4858, 0.393
81, 0.4890, 0.391
82, 0.4778, 0.395
83, 0.5016, 0.400
84, 0.5001, 0.392
85, 0.4895, 0.402
86, 0.4846, 0.391
87, 0.4891, 0.392
88, 0.4923, 0.393
89, 0.4884, 0.391
90, 0.5077, 0.390
91, 0.4941, 0.396
92, 0.4996, 0.381
93, 0.4935, 0.386
94, 0.4841, 0.387
95, 0.4839, 0.387
96, 0.5009, 0.387
97, 0.4912, 0.390
98, 0.5086, 0.366
99, 0.4938, 0.371
100, 0.5022, 0.375
101, 0.4878, 0.372
102, 0.4882, 0.369
103, 0.4940, 0.372
104, 0.4920, 0.377
105, 0.4983, 0.373
106, 0.4915, 1.981
107, 0.4870, 0.399
108, 0.4831, 0.372
109, 0.5031, 0.376
110, 0.4931, 0.391
111, 0.4939, 0.390
112, 0.4949, 0.396
113, 0.4905, 0.397
114, 0.4964, 0.445
115, 0.4796, 0.395
116, 0.4742, 0.388
117, 0.4854, 0.385
118, 0.4865, 0.388
119, 0.5021, 0.393
120, 0.4735, 0.390
121, 0.4963, 0.390
122, 0.5043, 0.393
123, 0.4851, 0.391
124, 0.4905, 0.389
125, 0.4982, 0.387
126, 0.4960, 0.386
127, 0.5087, 0.392
128, 0.4890, 0.389
129, 0.4944, 0.392
130, 0.4730, 0.392
131, 0.4772, 0.390
132, 0.4846, 0.388
133, 0.4851, 0.389
134, 0.4955, 0.543
135, 0.4770, 0.387
136, 0.4981, 0.390
137, 0.5103, 0.390
138, 0.4980, 0.399
139, 0.4943, 0.395
140, 0.4875, 0.390
141, 0.4761, 0.396
142, 0.5021, 0.389
143, 0.4903, 0.391
144, 0.5027, 0.389
145, 0.5061, 0.391
146, 0.4967, 0.388
147, 0.5029, 0.394
148, 0.5031, 0.391
149, 0.5103, 0.395
150, 0.5070, 0.388
151, 0.5035, 0.390
152, 0.4887, 0.391
153, 0.5065, 0.389
154, 0.5004, 0.393
155, 0.5046, 0.392
156, 0.4978, 0.404
157, 0.4931, 0.389
158, 0.4938, 0.409
159, 0.5058, 0.395
160, 0.4895, 0.416
161, 0.5031, 0.421
162, 0.5008, 0.426
163, 0.4872, 0.442
164, 0.4919, 0.445
165, 0.4879, 0.446
166, 0.5037, 0.452
167, 0.5053, 0.447
168, 0.4961, 0.466
169, 0.4848, 0.473
170, 0.4899, 0.463
171, 0.4995, 0.467
172, 0.4953, 0.459
173, 0.5005, 0.455
174, 0.4788, 0.463
175, 0.5009, 0.451
176, 0.4884, 0.426
177, 0.4966, 0.431
178, 0.4906, 0.445
179, 0.4913, 0.437
180, 0.4809, 0.441
181, 0.4939, 0.450
182, 0.4935, 0.462
183, 0.5036, 0.457
184, 0.5092, 0.457
185, 0.5006, 0.459
186, 0.5031, 0.457
187, 0.4799, 0.433
188, 0.4979, 0.407
189, 0.4996, 0.422
190, 0.4903, 0.418
191, 0.4891, 0.425
192, 0.5029, 0.454
193, 0.4867, 0.441
194, 0.4955, 0.428
195, 0.4935, 0.448
196, 0.4914, 0.456
197, 0.4856, 0.449
198, 0.5037, 0.405
199, 0.5040, 0.458
200, 0.5033, 0.434
201, 0.5036, 0.430
202, 0.5082, 0.437
203, 0.5140, 0.426
204, 0.5132, 0.448
205, 0.4849, 0.439
206, 0.4971, 0.420
207, 0.5122, 0.407
208, 0.5047, 0.409
209, 0.4917, 0.408
210, 0.5072, 0.405
211, 0.4844, 0.411
212, 0.5039, 0.408
213, 0.4871, 0.403
214, 0.4778, 0.446
215, 0.4974, 0.392
216, 0.5035, 0.390
217, 0.4943, 0.429
218, 0.4968, 0.523
219, 0.4918, 0.426
220, 0.4881, 0.439
221, 0.4935, 0.443
222, 0.4960, 0.443
223, 0.4936, 0.444
224, 0.4847, 0.428
225, 0.4994, 0.398
226, 0.4939, 0.396
227, 0.4970, 0.424
228, 0.5014, 0.555
229, 0.4848, 0.454
230, 0.5042, 0.591
231, 0.4917, 0.393
232, 0.4868, 0.428
233, 0.4990, 0.430
234, 0.4870, 0.419
235, 0.5015, 0.444
236, 0.4989, 0.449
237, 0.4931, 0.436
238, 0.4883, 0.438
239, 0.4874, 0.424
240, 0.4855, 0.419
241, 0.4851, 0.426
242, 0.4828, 0.425
243, 0.4924, 0.422
244, 0.4938, 0.414
245, 0.4920, 0.422
246, 0.5036, 0.395
247, 0.4893, 0.431
248, 0.4911, 0.443
249, 0.5038, 0.445
250, 0.4969, 0.436
251, 0.4808, 0.410
252, 0.4973, 0.438
253, 0.4978, 0.441
254, 0.5057, 0.413
255, 0.5112, 0.427
256, 0.5017, 0.408
257, 0.4945, 0.396
258, 0.4830, 0.399
259, 0.4970, 0.378
260, 0.4820, 2.350
261, 0.4985, 0.532
262, 0.5029, 0.383
263, 0.4823, 0.376
264, 0.5092, 0.379
265, 0.4953, 0.405
266, 0.4857, 0.919
267, 0.5101, 0.406
268, 0.4938, 0.403
269, 0.5019, 0.400
270, 0.5043, 0.401
271, 0.4924, 0.400
272, 0.4908, 0.417
273, 0.4775, 0.427
274, 0.4894, 0.420
275, 0.4895, 0.519
276, 0.4951, 0.424
277, 0.5021, 0.425
278, 0.5074, 0.418
279, 0.5033, 0.546
280, 0.4802, 0.423
281, 0.4846, 0.442
282, 0.4892, 0.421
283, 0.5101, 0.400
284, 0.5046, 0.593
285, 0.5038, 0.423
286, 0.5051, 0.427
287, 0.5030, 0.433
288, 0.4751, 0.436
289, 0.4973, 0.440
290, 0.5090, 0.417
291, 0.5022, 0.394
292, 0.5012, 0.394
293, 0.4926, 0.432
294, 0.4898, 0.425
295, 0.4966, 0.428
296, 0.5045, 0.450
297, 0.4815, 0.422
298, 0.4935, 0.435
299, 0.5058, 0.436
300, 0.4818, 0.426
301, 0.4973, 0.442
302, 0.5011, 0.436
303, 0.4974, 0.420
304, 0.4962, 0.419
305, 0.4985, 0.435
306, 0.4885, 0.419
307, 0.4919, 0.392
308, 0.4796, 0.424
309, 0.5054, 0.422
310, 0.4879, 0.430
311, 0.4851, 0.418
312, 0.4846, 0.423
313, 0.4923, 0.432
314, 0.4837, 0.424
315, 0.4919, 0.424
316, 0.4925, 0.423
317, 0.4954, 0.432
318, 0.5034, 0.435
319, 0.4885, 0.424
320, 0.5019, 0.424
321, 0.4862, 0.425
322, 0.4920, 0.429
323, 0.5014, 0.445
324, 0.4895, 0.434
325, 0.4947, 0.424
326, 0.4972, 0.427
327, 0.4933, 0.418
328, 0.4812, 0.435
329, 0.4951, 0.434
330, 0.5025, 0.433
331, 0.4889, 0.427
332, 0.5095, 0.417
333, 0.5092, 0.417
334, 0.4857, 0.421
335, 0.4906, 0.439
336, 0.4958, 0.429
337, 0.5121, 0.650
338, 0.5149, 0.432
339, 0.4940, 0.433
340, 0.4982, 0.421
341, 0.4965, 0.425
342, 0.4782, 0.418
343, 0.4907, 0.428
344, 0.5014, 0.430
345, 0.4997, 0.433
346, 0.4868, 0.451
347, 0.4965, 0.415
348, 0.4987, 0.418
349, 0.4724, 0.416
350, 0.4842, 0.482
351, 0.4966, 0.436
352, 0.4797, 0.439
353, 0.4932, 0.434
354, 0.4886, 0.432
355, 0.4956, 0.438
356, 0.4834, 0.439
357, 0.4873, 0.420
358, 0.4971, 0.430
359, 0.4941, 0.441
360, 0.5036, 0.434
361, 0.5046, 0.440
362, 0.4889, 0.446
363, 0.5087, 0.465
364, 0.4995, 0.450
365, 0.4859, 0.442
366, 0.5189, 0.439
367, 0.5082, 0.440
368, 0.5143, 0.443
369, 0.5048, 0.441
370, 0.4994, 0.437
371, 0.5020, 0.438
372, 0.4901, 0.414
373, 0.5020, 0.443
374, 0.5071, 0.425
375, 0.4875, 0.440
376, 0.4966, 0.448
377, 0.4910, 0.440
378, 0.5009, 0.450
379, 0.4909, 0.456
380, 0.4940, 0.464
381, 0.5117, 0.459
382, 0.5083, 0.419
383, 0.5079, 0.420
384, 0.4949, 0.418
385, 0.4983, 0.437
386, 0.4911, 0.442
387, 0.4868, 0.448
388, 0.4768, 0.454
389, 0.4895, 0.439
390, 0.4954, 0.438
391, 0.4861, 0.444
392, 0.4901, 0.453
393, 0.5004, 0.444
394, 0.5109, 0.440
395, 0.5030, 0.438
396, 0.4992, 0.438
397, 0.5080, 0.447
398, 0.5031, 0.429
399, 0.4972, 0.429
400, 0.5074, 0.431
401, 0.5035, 0.418
402, 0.5091, 0.419
403, 0.4957, 0.424
404, 0.4836, 0.415
405, 0.5000, 0.404
406, 0.4867, 0.399
407, 0.4983, 0.410
408, 0.5028, 0.399
409, 0.4921, 0.397
410, 0.4985, 0.395
411, 0.5122, 0.398
412, 0.5048, 1.551
413, 0.4880, 1.248
414, 0.4999, 1.314
415, 0.4894, 0.406
416, 0.5023, 0.429
417, 0.4966, 0.422
418, 0.4826, 0.431
419, 0.4934, 0.423
420, 0.5023, 0.418
421, 0.4875, 0.433
422, 0.4916, 0.449
423, 0.4872, 0.487
424, 0.4976, 0.421
425, 0.5039, 0.432
426, 0.4723, 0.632
427, 0.5009, 0.413
428, 0.5073, 0.419
429, 0.4937, 0.433
430, 0.4731, 0.424
431, 0.4917, 0.425
432, 0.4959, 0.448
433, 0.4790, 1.037
434, 0.4958, 0.414
435, 0.4959, 0.416
436, 0.4911, 0.421
437, 0.4829, 0.418
438, 0.4896, 0.416
439, 0.4978, 0.414
440, 0.4892, 0.421
441, 0.4755, 0.414
442, 0.4876, 0.428
443, 0.5039, 0.419
444, 0.5029, 0.418
445, 0.4952, 0.419
446, 0.4859, 0.418
447, 0.4977, 0.417
448, 0.4943, 0.415
449, 0.5011, 0.417
450, 0.5050, 0.413
451, 0.5006, 0.414
452, 0.4988, 0.411
453, 0.4861, 0.414
454, 0.5006, 0.422
455, 0.5062, 0.414
456, 0.4969, 0.428
457, 0.4888, 0.419
458, 0.4920, 0.420
459, 0.4875, 0.422
460, 0.5080, 0.431
461, 0.4984, 0.434
462, 0.4981, 0.417
463, 0.4983, 0.425
464, 0.5041, 0.602
465, 0.4938, 0.431
466, 0.5058, 0.424
467, 0.4963, 0.418
468, 0.4958, 0.696
469, 0.5057, 0.417
470, 0.4976, 0.415
471, 0.4881, 0.417
472, 0.4885, 0.423
473, 0.4982, 0.420
474, 0.5024, 0.427
475, 0.4826, 0.420
476, 0.4934, 0.423
477, 0.5048, 0.414
478, 0.5182, 0.416
479, 0.5243, 0.416
480, 0.5018, 0.421
481, 0.4954, 0.411
482, 0.4976, 0.413
483, 0.5012, 0.414
484, 0.5042, 0.415
485, 0.5021, 0.410
486, 0.4976, 0.413
487, 0.4857, 0.416
488, 0.4862, 0.416
489, 0.5000, 0.410
490, 0.5066, 0.412
491, 0.4946, 0.415
492, 0.4879, 0.416
493, 0.4808, 0.418
494, 0.4891, 0.417
495, 0.4808, 0.420
496, 0.4883, 0.435
497, 0.4918, 0.414
498, 0.4914, 0.411
499, 0.4945, 0.414
500, 0.4967, 0.431
501, 0.4910, 0.424
502, 0.4987, 0.430
503, 0.4838, 0.433
504, 0.4931, 0.430
505, 0.4668, 0.431
506, 0.4893, 0.429
507, 0.4910, 0.426
508, 0.4858, 0.416
509, 0.4842, 0.422
510, 0.5011, 0.423
511, 0.4951, 0.414
512, 0.4909, 0.415
513, 0.4931, 0.548
514, 0.5029, 0.430
515, 0.5056, 0.440
516, 0.4926, 0.424
517, 0.5004, 0.428
518, 0.5032, 0.423
519, 0.4773, 0.432
520, 0.4943, 0.421
521, 0.4794, 0.412
522, 0.4981, 0.420
523, 0.4986, 0.422
524, 0.4909, 0.412
525, 0.4933, 0.418
526, 0.4860, 0.415
527, 0.4802, 0.418
528, 0.4927, 0.415
529, 0.4878, 0.417
530, 0.5052, 0.412
531, 0.5012, 0.411
532, 0.4888, 0.415
533, 0.5101, 0.417
534, 0.5051, 0.420
535, 0.4973, 0.427
536, 0.4833, 0.461
537, 0.4887, 0.437
538, 0.4916, 0.436
539, 0.4823, 0.443
540, 0.4845, 0.426
541, 0.4955, 0.422
542, 0.4803, 0.429
543, 0.4863, 0.447
544, 0.4983, 0.449
545, 0.4989, 0.442
546, 0.4867, 0.459
547, 0.4885, 0.447
548, 0.5140, 0.441
549, 0.5025, 0.438
550, 0.4883, 0.437
551, 0.4823, 0.433
552, 0.4915, 0.420
553, 0.4796, 0.418
554, 0.4991, 0.422
555, 0.4962, 0.423
556, 0.4908, 0.421
557, 0.5022, 0.416
558, 0.5018, 0.417
559, 0.4742, 0.419
560, 0.4937, 1.358
561, 0.4885, 0.401
562, 0.4892, 0.474
563, 0.4870, 0.415
564, 0.5037, 0.399
565, 0.4943, 0.399
566, 0.5085, 0.420
567, 0.4979, 0.422
568, 0.4935, 0.432
569, 0.4820, 0.417
570, 0.4903, 0.429
571, 0.4876, 0.408
572, 0.4881, 0.414
573, 0.4858, 0.431
574, 0.4932, 0.435
575, 0.4890, 0.435
576, 0.4807, 0.432
577, 0.4757, 0.437
578, 0.4912, 0.441
579, 0.4775, 0.430
580, 0.4961, 0.424
581, 0.4835, 0.437
582, 0.4906, 0.437
583, 0.5014, 0.442
584, 0.4952, 0.434
585, 0.4921, 0.443
586, 0.4917, 0.445
587, 0.4865, 0.444
588, 0.4914, 0.439
589, 0.4984, 0.443
590, 0.5190, 0.447
591, 0.4836, 0.443
592, 0.4952, 0.441
593, 0.5047, 0.443
594, 0.4960, 0.443
595, 0.5076, 0.432
596, 0.5178, 0.442
597, 0.4913, 0.446
598, 0.4933, 0.440
599, 0.4754, 0.438
600, 0.4920, 0.422
601, 0.4909, 0.418
602, 0.4729, 0.417
603, 0.4843, 0.417
604, 0.4834, 0.418
605, 0.4957, 0.415
606, 0.4901, 0.414
607, 0.4945, 0.413
608, 0.4946, 0.415
609, 0.4925, 0.411
610, 0.4924, 0.414
611, 0.5007, 0.416
612, 0.5036, 0.410
613, 0.5008, 0.410
614, 0.5007, 0.418
615, 0.5103, 0.445
616, 0.4974, 0.413
617, 0.5166, 0.407
618, 0.4949, 0.417
619, 0.4874, 0.423
620, 0.4790, 0.422
621, 0.4861, 0.415
622, 0.5032, 0.418
623, 0.4940, 0.421
624, 0.5017, 0.415
625, 0.5019, 0.425
626, 0.5279, 0.456
627, 0.5147, 0.418
628, 0.5226, 0.419
629, 0.5132, 0.432
630, 0.4959, 0.414
631, 0.5110, 0.422
632, 0.4896, 0.415
633, 0.5064, 0.428
634, 0.4904, 0.424
635, 0.4943, 0.421
636, 0.4943, 0.417
637, 0.5017, 0.430
638, 0.4911, 0.418
639, 0.4901, 0.425
640, 0.4817, 0.415
641, 0.4911, 0.415
642, 0.5119, 0.414
643, 0.5044, 0.410
644, 0.4880, 0.409
645, 0.4988, 0.413
646, 0.4924, 0.416
647, 0.4927, 0.418
648, 0.4838, 0.414
649, 0.4902, 0.418
650, 0.4992, 0.420
651, 0.5049, 0.413
652, 0.5017, 0.420
653, 0.4851, 0.414
654, 0.4881, 0.416
655, 0.4778, 0.423
656, 0.4944, 0.421
657, 0.4934, 0.415
658, 0.4991, 0.415
659, 0.4928, 0.415
660, 0.5015, 0.413
661, 0.5135, 0.413
662, 0.5060, 0.430
663, 0.5014, 0.418
664, 0.4990, 0.417
665, 0.4861, 0.424
666, 0.5054, 0.424
667, 0.4883, 0.424
668, 0.4959, 0.408
669, 0.5063, 0.397
670, 0.5160, 0.423
671, 0.4823, 0.416
672, 0.5017, 0.421
673, 0.4979, 0.429
674, 0.5008, 0.428
675, 0.5043, 0.417
676, 0.4944, 0.419
677, 0.4849, 0.421
678, 0.4954, 0.425
679, 0.4777, 0.414
680, 0.4980, 0.418
681, 0.4822, 0.417
682, 0.4859, 0.421
683, 0.5092, 0.417
684, 0.5084, 0.416
685, 0.5009, 0.418
686, 0.4925, 0.426
687, 0.4998, 0.417
688, 0.5075, 0.414
689, 0.5034, 0.416
690, 0.5036, 0.414
691, 0.5071, 0.418
692, 0.4919, 0.418
693, 0.5003, 0.416
694, 0.4848, 0.427
695, 0.5009, 0.450
696, 0.4910, 0.444
697, 0.4943, 0.431
698, 0.4997, 0.420
699, 0.4976, 0.419
700, 0.4733, 0.420
701, 0.4911, 0.422
702, 0.4868, 0.409
703, 0.4960, 0.412
704, 0.4970, 0.417
705, 0.4910, 0.413
706, 0.4987, 0.409
707, 0.5074, 0.412
708, 0.4957, 0.410
709, 0.4880, 0.396
710, 0.4708, 0.395
711, 0.5045, 0.395
712, 0.4884, 0.395
713, 0.4921, 0.399
714, 0.4965, 0.400
715, 0.4923, 0.396
716, 0.5041, 1.586
717, 0.4924, 0.402
718, 0.4889, 1.356
719, 0.5101, 0.404
720, 0.4961, 0.825
721, 0.4942, 0.402
722, 0.5003, 0.426
723, 0.4794, 0.413
724, 0.4994, 0.429
725, 0.4864, 0.417
726, 0.5103, 0.434
727, 0.5134, 0.425
728, 0.4991, 0.422
729, 0.5020, 0.412
730, 0.4989, 0.413
731, 0.4874, 0.427
732, 0.4970, 0.415
733, 0.4815, 0.421
734, 0.5006, 0.419
735, 0.4921, 0.417
736, 0.4974, 0.415
737, 0.4950, 0.416
738, 0.4999, 0.412
739, 0.4934, 0.415
740, 0.4892, 0.412
741, 0.4883, 0.418
742, 0.5068, 0.417
743, 0.4940, 0.416
744, 0.5033, 0.423
745, 0.4954, 0.439
746, 0.5079, 0.430
747, 0.4987, 0.429
748, 0.4931, 0.432
749, 0.4904, 0.437
750, 0.4859, 0.445
751, 0.5077, 0.447
752, 0.4885, 0.442
753, 0.4872, 0.444
754, 0.4885, 0.454
755, 0.5015, 0.445
756, 0.4940, 0.427
757, 0.5022, 0.440
758, 0.4869, 0.425
759, 0.4914, 0.440
760, 0.4898, 0.430
761, 0.4948, 0.417
762, 0.5056, 0.419
763, 0.4996, 0.416
764, 0.5075, 0.439
765, 0.4923, 0.438
766, 0.4948, 0.439
767, 0.4868, 0.437
768, 0.4936, 0.442
769, 0.4932, 0.452
770, 0.4844, 0.457
771, 0.4967, 0.463
772, 0.4781, 0.432
773, 0.5177, 0.420
774, 0.4948, 0.432
775, 0.5048, 0.429
776, 0.4833, 0.429
777, 0.4872, 0.447
778, 0.4798, 0.440
779, 0.4800, 0.443
780, 0.5115, 0.444
781, 0.4986, 0.442
782, 0.5062, 0.436
783, 0.4981, 0.436
784, 0.4971, 0.446
785, 0.4957, 0.435
786, 0.5036, 0.402
787, 0.4845, 0.409
788, 0.4915, 0.409
789, 0.4897, 0.395
790, 0.4897, 0.425
791, 0.5074, 0.425
792, 0.5079, 0.424
793, 0.4999, 0.421
794, 0.5004, 0.416
795, 0.4995, 0.436
796, 0.4986, 0.413
797, 0.5002, 0.417
798, 0.4938, 0.440
799, 0.4940, 0.442
800, 0.4879, 0.445
801, 0.4983, 0.422
802, 0.5020, 0.418
803, 0.5020, 0.424
804, 0.5032, 0.416
805, 0.4948, 0.432
806, 0.5017, 0.436
807, 0.5102, 0.417
808, 0.5036, 0.421
809, 0.5141, 0.416
810, 0.5206, 0.419
811, 0.4960, 0.434
812, 0.5044, 0.426
813, 0.4988, 0.417
814, 0.5014, 0.422
815, 0.4972, 0.452
816, 0.4966, 0.430
817, 0.4944, 0.419
818, 0.4953, 0.440
819, 0.4997, 0.413
820, 0.4893, 0.463
821, 0.4834, 0.421
822, 0.5029, 0.420
823, 0.5051, 0.414
824, 0.4943, 0.420
825, 0.4891, 0.413
826, 0.5013, 0.419
827, 0.4899, 0.760
828, 0.4866, 0.408
829, 0.5044, 0.427
830, 0.5117, 0.430
831, 0.5067, 0.415
832, 0.4944, 0.415
833, 0.4929, 0.421
834, 0.4832, 0.422
835, 0.5059, 0.414
836, 0.4747, 0.419
837, 0.4853, 0.413
838, 0.4847, 0.417
839, 0.4848, 0.418
840, 0.4901, 0.421
841, 0.4989, 0.431
842, 0.4750, 0.414
843, 0.4875, 0.420
844, 0.4889, 0.427
845, 0.4950, 0.422
846, 0.4980, 0.429
847, 0.5035, 0.423
848, 0.4941, 0.416
849, 0.5029, 0.416
850, 0.4968, 0.440
851, 0.4809, 0.426
852, 0.4899, 0.428
853, 0.5054, 0.426
854, 0.5001, 0.413
855, 0.5053, 0.413
856, 0.4924, 0.411
857, 0.4825, 0.414
858, 0.4945, 0.399
859, 0.4881, 0.400
860, 0.5101, 0.421
861, 0.4971, 0.419
862, 0.4827, 0.409
863, 0.4947, 0.405
864, 0.5006, 0.406
865, 0.4986, 1.984
866, 0.4790, 0.416
867, 0.4873, 0.460
868, 0.5002, 0.711
869, 0.5000, 0.862
870, 0.5088, 0.398
871, 0.4951, 0.399
872, 0.4809, 0.414
873, 0.5012, 0.415
874, 0.4800, 0.416
875, 0.4821, 0.422
876, 0.4872, 0.750
877, 0.4856, 0.418
878, 0.4780, 0.419
879, 0.4903, 0.425
880, 0.4964, 0.426
881, 0.5007, 0.421
882, 0.4812, 0.423
883, 0.5064, 0.425
884, 0.4882, 0.424
885, 0.4877, 0.419
886, 0.5035, 0.428
887, 0.5012, 0.426
888, 0.4943, 0.414
889, 0.4928, 0.412
890, 0.4905, 0.413
891, 0.4875, 0.409
892, 0.4744, 0.414
893, 0.4945, 0.416
894, 0.4947, 0.418
895, 0.4867, 0.416
896, 0.4901, 0.417
897, 0.4938, 0.418
898, 0.4979, 0.415
899, 0.4933, 0.421
900, 0.4889, 0.413
901, 0.4889, 0.414
902, 0.4947, 0.411
903, 0.4934, 0.413
904, 0.4936, 0.413
905, 0.4947, 0.411
906, 0.4904, 0.417
907, 0.4881, 0.416
908, 0.4897, 0.440
909, 0.4964, 0.420
910, 0.4933, 0.428
911, 0.4937, 0.431
912, 0.5003, 0.423
913, 0.5038, 0.433
914, 0.4842, 0.447
915, 0.4814, 0.425
916, 0.4937, 0.440
917, 0.4851, 0.414
918, 0.4943, 0.421
919, 0.5143, 1.214
920, 0.5017, 0.421
921, 0.4925, 0.425
922, 0.4991, 0.414
923, 0.5010, 0.430
924, 0.5156, 0.434
925, 0.4953, 0.430
926, 0.4985, 0.428
927, 0.4953, 0.421
928, 0.4917, 0.414
929, 0.4993, 0.412
930, 0.5070, 0.418
931, 0.4715, 0.421
932, 0.4854, 0.418
933, 0.4860, 0.416
934, 0.4965, 0.415
935, 0.4899, 0.412
936, 0.4987, 0.419
937, 0.4885, 0.440
938, 0.4965, 0.435
939, 0.4948, 0.437
940, 0.4982, 0.439
941, 0.4997, 0.438
942, 0.4991, 0.418
943, 0.4812, 0.419
944, 0.4902, 0.435
945, 0.4807, 0.434
946, 0.4847, 0.440
947, 0.4831, 0.457
948, 0.5130, 0.439
949, 0.4881, 0.444
950, 0.4794, 0.425
951, 0.4905, 0.444
952, 0.4905, 0.448
953, 0.5038, 0.449
954, 0.4908, 0.437
955, 0.4944, 0.432
956, 0.4952, 0.442
957, 0.4948, 0.432
958, 0.5015, 0.442
959, 0.4910, 0.414
960, 0.4870, 0.442
961, 0.4902, 0.445
962, 0.4815, 0.441
963, 0.4876, 0.450
964, 0.4830, 0.443
965, 0.4804, 0.441
966, 0.5120, 0.445
967, 0.4994, 0.458
968, 0.5005, 0.459
969, 0.4878, 0.426
970, 0.4932, 0.427
971, 0.5102, 0.419
972, 0.4806, 0.440
973, 0.4861, 0.445
974, 0.4945, 0.461
975, 0.5043, 0.429
976, 0.4999, 0.432
977, 0.4937, 0.439
978, 0.4821, 0.447
979, 0.4930, 0.449
980, 0.5036, 0.450
981, 0.4806, 0.421
982, 0.5019, 0.478
983, 0.4928, 0.449
984, 0.5078, 0.437
985, 0.5021, 0.430
986, 0.4944, 0.418
987, 0.5064, 0.428
988, 0.4919, 0.418
989, 0.4890, 0.432
990, 0.4872, 0.425
991, 0.4964, 0.419
992, 0.4941, 0.415
993, 0.4961, 0.417
994, 0.5041, 0.422
995, 0.4961, 0.451
996, 0.4874, 0.434
997, 0.4847, 0.434
998, 0.5016, 0.441
999, 0.4921, 0.452
1000, 0.4646, 0.444
1001, 0.4836, 0.409
1002, 0.4877, 0.418
1003, 0.4979, 0.418
1004, 0.4822, 0.417
1005, 0.4888, 0.422
1006, 0.4811, 0.419
1007, 0.4804, 0.417
1008, 0.5060, 0.423
1009, 0.4995, 0.409
1010, 0.4760, 0.390
1011, 0.4879, 0.410
1012, 0.4892, 0.394
1013, 0.4802, 0.395
1014, 0.4859, 0.396
1015, 0.5022, 0.398
1016, 0.4858, 0.406
1017, 0.4859, 1.415
1018, 0.4855, 0.754
1019, 0.4934, 0.407
1020, 0.5021, 0.405
1021, 0.4995, 0.401
1022, 0.5046, 0.418
1023, 0.4997, 0.405
1024, 0.4930, 0.413
1025, 0.5080, 0.421
1026, 0.4891, 0.434
1027, 0.5034, 0.414
1028, 0.4886, 0.420
1029, 0.4873, 0.594
1030, 0.5066, 0.419
1031, 0.5007, 0.415
1032, 0.4860, 0.415
1033, 0.4928, 0.427
1034, 0.4816, 0.417
1035, 0.4822, 0.415
1036, 0.5005, 0.423
1037, 0.4963, 0.430
1038, 0.4966, 0.427
1039, 0.4940, 0.422
1040, 0.4838, 0.423
1041, 0.4831, 0.417
1042, 0.4927, 0.417
1043, 0.4987, 0.415
1044, 0.4862, 0.425
1045, 0.5027, 0.421
1046, 0.5005, 0.418
1047, 0.4992, 0.418
1048, 0.5036, 0.429
1049, 0.4883, 0.429
1050, 0.4983, 0.414
1051, 0.4961, 0.414
1052, 0.4932, 0.424
1053, 0.4940, 0.421
1054, 0.4894, 0.427
1055, 0.5049, 0.436
1056, 0.4589, 0.432
1057, 0.4806, 0.418
1058, 0.4956, 0.418
1059, 0.4842, 0.415
1060, 0.4997, 0.417
1061, 0.4998, 0.429
1062, 0.4846, 0.426
1063, 0.5024, 0.427
1064, 0.5055, 0.429
1065, 0.4912, 0.425
1066, 0.4871, 0.413
1067, 0.5044, 0.622
1068, 0.4845, 0.423
1069, 0.5004, 0.415
1070, 0.4904, 0.418
1071, 0.4974, 0.415
1072, 0.4918, 0.422
1073, 0.4958, 0.412
1074, 0.5083, 0.430
1075, 0.4817, 0.428
1076, 0.4696, 0.431
1077, 0.4781, 0.418
1078, 0.5007, 0.414
1079, 0.5008, 0.800
1080, 0.4981, 0.426
1081, 0.4869, 0.408
1082, 0.4983, 0.412
1083, 0.5039, 0.420
1084, 0.4896, 0.420
1085, 0.4976, 0.413
1086, 0.4907, 0.415
1087, 0.5055, 0.418
1088, 0.4884, 0.424
1089, 0.4943, 0.419
1090, 0.5042, 0.424
1091, 0.5021, 0.430
1092, 0.5010, 0.442
1093, 0.4794, 0.413
1094, 0.5030, 0.415
1095, 0.4987, 0.417
1096, 0.4906, 0.413
1097, 0.4807, 0.421
1098, 0.4862, 0.413
1099, 0.4840, 0.419
1100, 0.4891, 0.430
1101, 0.4970, 0.411
1102, 0.4989, 0.425
1103, 0.5102, 0.422
1104, 0.4914, 0.425
1105, 0.4985, 0.429
1106, 0.4991, 0.418
1107, 0.5009, 0.422
1108, 0.4991, 0.428
1109, 0.5024, 0.432
1110, 0.5052, 0.427
1111, 0.4995, 0.420
1112, 0.4985, 0.428
1113, 0.5004, 0.415
1114, 0.4907, 0.433
1115, 0.4992, 0.414
1116, 0.4824, 0.420
1117, 0.4901, 0.478
1118, 0.4865, 0.425
1119, 0.4969, 0.418
1120, 0.4931, 0.417
1121, 0.5036, 0.424
1122, 0.5126, 0.423
1123, 0.4955, 0.413
1124, 0.4936, 0.422
1125, 0.4890, 0.430
1126, 0.5207, 0.427
1127, 0.4983, 0.428
1128, 0.5042, 0.413
1129, 0.4782, 0.415
1130, 0.4888, 0.420
1131, 0.4946, 0.424
1132, 0.5014, 0.424
1133, 0.4888, 0.434
1134, 0.4563, 0.425
1135, 0.4897, 0.496
1136, 0.4797, 0.431
1137, 0.4958, 0.434
1138, 0.5085, 0.442
1139, 0.4865, 0.446
1140, 0.4884, 0.449
1141, 0.4946, 0.444
1142, 0.5221, 0.445
1143, 0.5092, 0.452
1144, 0.4845, 0.443
1145, 0.4953, 0.443
1146, 0.4893, 0.431
1147, 0.4919, 0.432
1148, 0.4928, 0.429
1149, 0.4766, 0.439
1150, 0.4918, 0.419
1151, 0.4847, 0.440
1152, 0.4994, 0.426
1153, 0.4983, 0.436
1154, 0.4935, 0.422
1155, 0.4908, 0.421
1156, 0.4902, 0.438
1157, 0.4868, 0.446
1158, 0.4982, 0.443
1159, 0.4762, 0.441
1160, 0.4835, 0.437
1161, 0.4893, 0.440
1162, 0.4923, 0.437
1163, 0.4934, 0.432
1164, 0.4983, 0.417
1165, 0.5039, 0.421
1166, 0.4855, 0.419
1167, 0.4932, 0.418
1168, 0.4830, 0.422
1169, 0.4956, 0.418
1170, 0.5107, 0.416
1171, 0.4812, 1.255
1172, 0.4957, 0.403
1173, 0.4794, 0.403
1174, 0.4966, 0.417
1175, 0.4932, 0.502
1176, 0.5059, 0.458
1177, 0.4910, 0.439
1178, 0.4941, 0.426
1179, 0.4945, 0.437
1180, 0.4801, 0.439
1181, 0.4986, 0.425
1182, 0.5126, 0.419
1183, 0.4849, 0.440
1184, 0.4862, 0.424
1185, 0.5035, 0.425
1186, 0.5038, 0.457
1187, 0.5084, 0.447
1188, 0.4966, 0.438
1189, 0.4931, 0.438
1190, 0.4864, 0.444
1191, 0.4943, 0.440
1192, 0.4980, 0.456
1193, 0.4954, 0.435
1194, 0.4833, 0.430
1195, 0.4980, 0.432
1196, 0.4977, 0.440
1197, 0.4875, 0.435
1198, 0.5010, 0.453
1199, 0.4958, 0.442
1200, 0.5039, 0.417
1201, 0.5004, 0.419
1202, 0.4897, 0.441
1203, 0.4937, 0.415
1204, 0.4822, 0.422
1205, 0.4956, 0.421
1206, 0.4887, 0.427
1207, 0.4911, 0.426
1208, 0.4897, 0.417
1209, 0.4941, 0.417
1210, 0.4945, 0.430
1211, 0.4985, 0.432
1212, 0.5089, 0.399
1213, 0.4940, 0.401
1214, 0.4890, 0.401
1215, 0.5070, 0.416
1216, 0.5043, 0.398
1217, 0.4998, 0.431
1218, 0.4986, 0.417
1219, 0.4932, 0.412
1220, 0.4897, 0.419
1221, 0.4942, 0.415
1222, 0.4898, 0.422
1223, 0.4881, 0.413
1224, 0.4903, 0.419
1225, 0.4914, 0.419
1226, 0.4753, 0.417
1227, 0.5036, 0.421
1228, 0.5000, 0.417
1229, 0.5052, 0.416
1230, 0.4872, 0.409
1231, 0.4859, 0.414
1232, 0.4996, 0.428
1233, 0.5054, 0.770
1234, 0.4939, 0.438
1235, 0.5087, 0.418
1236, 0.4837, 0.421
1237, 0.5090, 0.425
1238, 0.4872, 0.423
1239, 0.5084, 0.433
1240, 0.5066, 0.425
1241, 0.4949, 0.419
1242, 0.5001, 0.415
1243, 0.4893, 0.423
1244, 0.4885, 0.417
1245, 0.4914, 0.423
1246, 0.4820, 0.420
1247, 0.4862, 0.419
1248, 0.4876, 0.415
1249, 0.4927, 0.415
1250, 0.4980, 0.424
1251, 0.4883, 0.417
1252, 0.4856, 0.421
1253, 0.4916, 0.425
1254, 0.4810, 0.420
1255, 0.5027, 0.412
1256, 0.5088, 0.420
1257, 0.4933, 0.421
1258, 0.4914, 0.417
1259, 0.4872, 0.420
1260, 0.5041, 0.421
1261, 0.4969, 0.416
1262, 0.4922, 0.415
1263, 0.4882, 0.424
1264, 0.4971, 0.427
1265, 0.4986, 0.433
1266, 0.4991, 0.421
1267, 0.4960, 0.423
1268, 0.5001, 0.417
1269, 0.4957, 0.419
1270, 0.4993, 0.424
1271, 0.4903, 0.418
1272, 0.5044, 0.429
1273, 0.5041, 0.418
1274, 0.4857, 0.422
1275, 0.5010, 0.414
1276, 0.4927, 0.425
1277, 0.4864, 0.415
1278, 0.4975, 0.426
1279, 0.4981, 0.425
1280, 0.4994, 0.437
1281, 0.4998, 0.421
1282, 0.5081, 0.417
1283, 0.4767, 0.417
1284, 0.4985, 0.417
1285, 0.4701, 0.416
1286, 0.4751, 0.425
1287, 0.4874, 0.428
1288, 0.4948, 0.413
1289, 0.4888, 0.419
1290, 0.4958, 0.435
1291, 0.4858, 0.419
1292, 0.5013, 0.418
1293, 0.4947, 0.418
1294, 0.4892, 0.420
1295, 0.4973, 0.416
1296, 0.4804, 0.423
1297, 0.5004, 0.421
1298, 0.4986, 0.422
1299, 0.4988, 0.421
1300, 0.4898, 0.416
1301, 0.5023, 0.414
1302, 0.5078, 0.415
1303, 0.4829, 0.433
1304, 0.5010, 0.424
1305, 0.5028, 0.417
1306, 0.4988, 0.425
1307, 0.4895, 0.419
1308, 0.4920, 0.420
1309, 0.5053, 0.432
1310, 0.4907, 0.431
1311, 0.4976, 0.424
1312, 0.5033, 0.417
1313, 0.4947, 0.411
1314, 0.5105, 0.415
1315, 0.4921, 0.408
1316, 0.4949, 0.398
1317, 0.5013, 0.411
1318, 0.4870, 0.403
1319, 0.4949, 0.415
1320, 0.4847, 0.411
1321, 0.4809, 0.403
1322, 0.5145, 0.402
1323, 0.4982, 0.398
1324, 0.5088, 0.396
1325, 0.5046, 1.788
1326, 0.4938, 1.551
1327, 0.5039, 0.404
1328, 0.4997, 0.436
1329, 0.4924, 0.406
1330, 0.4992, 0.404
1331, 0.4887, 0.413
1332, 0.5115, 0.416
1333, 0.4968, 0.416
1334, 0.5011, 0.423
1335, 0.4989, 0.423
1336, 0.5034, 0.430
1337, 0.4934, 0.430
1338, 0.4998, 0.437
1339, 0.4966, 0.421
1340, 0.4892, 0.419
1341, 0.4870, 0.419
1342, 0.4984, 0.424
1343, 0.4954, 0.433
1344, 0.5068, 0.496
1345, 0.4944, 0.439
1346, 0.4988, 0.435
1347, 0.4947, 0.432
1348, 0.4942, 0.438
1349, 0.4863, 0.437
1350, 0.4931, 0.447
1351, 0.4802, 0.462
1352, 0.4975, 0.446
1353, 0.5007, 0.449
1354, 0.5173, 0.434
1355, 0.4994, 0.414
1356, 0.4948, 0.404
1357, 0.5029, 0.415
1358, 0.5021, 0.450
1359, 0.4886, 0.445
1360, 0.4686, 0.436
1361, 0.5001, 0.414
1362, 0.5021, 0.417
1363, 0.4997, 0.418
1364, 0.4842, 0.435
1365, 0.4872, 0.450
1366, 0.5017, 0.449
1367, 0.5013, 0.447
1368, 0.5026, 0.448
1369, 0.5105, 0.449
1370, 0.4978, 0.445
1371, 0.4858, 0.455
1372, 0.5033, 0.452
1373, 0.4966, 0.454
1374, 0.4973, 0.440
1375, 0.5080, 0.437
1376, 0.5053, 0.440
1377, 0.4948, 0.452
1378, 0.5045, 0.456
1379, 0.5020, 0.439
1380, 0.4992, 0.438
1381, 0.4892, 0.435
1382, 0.5088, 0.440
1383, 0.5054, 0.444
1384, 0.4994, 0.462
1385, 0.4921, 0.462
1386, 0.5044, 0.412
1387, 0.4958, 0.535
1388, 0.4920, 0.452
1389, 0.4913, 0.429
1390, 0.4973, 0.442
1391, 0.4947, 0.455
1392, 0.4912, 0.466
1393, 0.4986, 0.429
1394, 0.5016, 0.430
1395, 0.5098, 0.437
1396, 0.4867, 0.423
1397, 0.4955, 0.420
1398, 0.4839, 0.418
1399, 0.5093, 0.415
1400, 0.4866, 0.437
1401, 0.4942, 0.416
1402, 0.4965, 0.422
1403, 0.4903, 0.418
1404, 0.4986, 0.417
1405, 0.4980, 0.434
1406, 0.5116, 0.417
1407, 0.4992, 0.416
1408, 0.4916, 0.416
1409, 0.5082, 0.419
1410, 0.5059, 0.434
1411, 0.4991, 0.419
1412, 0.5025, 0.410
1413, 0.4943, 0.416
1414, 0.4901, 0.420
1415, 0.4946, 0.501
1416, 0.4964, 0.417
1417, 0.4985, 0.421
1418, 0.4979, 0.429
1419, 0.4964, 0.422
1420, 0.4819, 0.429
1421, 0.4953, 0.421
1422, 0.4996, 0.424
1423, 0.4939, 0.416
1424, 0.4856, 0.415
1425, 0.4922, 0.621
1426, 0.4959, 0.432
1427, 0.4957, 0.431
1428, 0.4926, 0.426
1429, 0.4818, 0.417
1430, 0.5002, 0.418
1431, 0.5053, 0.418
1432, 0.4925, 0.415
1433, 0.4992, 0.418
1434, 0.5032, 0.424
1435, 0.4969, 0.419
1436, 0.5030, 0.412
1437, 0.4886, 0.415
1438, 0.5048, 0.410
1439, 0.5114, 0.419
1440, 0.4940, 0.416
1441, 0.4831, 0.417
1442, 0.5028, 0.427
1443, 0.4826, 0.418
1444, 0.4847, 0.421
1445, 0.4991, 0.423
1446, 0.5038, 0.423
1447, 0.4972, 0.443
1448, 0.5001, 0.440
1449, 0.4910, 0.437
1450, 0.4877, 0.426
1451, 0.4849, 0.428
1452, 0.4909, 0.420
1453, 0.4853, 0.419
1454, 0.4917, 0.413
1455, 0.4966, 0.422
1456, 0.5013, 0.424
1457, 0.4993, 0.425
1458, 0.5066, 0.426
1459, 0.4950, 0.424
1460, 0.4919, 0.419
1461, 0.4923, 0.423
1462, 0.4992, 0.411
1463, 0.4986, 0.420
1464, 0.4959, 0.416
1465, 0.5126, 0.417
1466, 0.4925, 0.416
1467, 0.4979, 0.412
1468, 0.5022, 0.399
1469, 0.4969, 0.396
1470, 0.5013, 0.398
1471, 0.4950, 0.398
1472, 0.4889, 0.403
1473, 0.4810, 0.396
1474, 0.4859, 0.398
1475, 0.5069, 2.451
1476, 0.4976, 0.400
1477, 0.4957, 0.400
1478, 0.5094, 0.982
1479, 0.4940, 0.401
1480, 0.4887, 0.407
1481, 0.4943, 0.422
1482, 0.4980, 0.419
1483, 0.4930, 0.426
1484, 0.4974, 0.415
1485, 0.5008, 0.414
1486, 0.4849, 0.416
1487, 0.4900, 0.414
1488, 0.4745, 0.424
1489, 0.5076, 0.416
1490, 0.4995, 0.421
1491, 0.4995, 0.432
1492, 0.5036, 0.419
1493, 0.4887, 0.419
1494, 0.5062, 0.425
1495, 0.4882, 0.421
1496, 0.4930, 0.414
1497, 0.4895, 0.409
1498, 0.5002, 0.422
1499, 0.4946, 0.427
1500, 0.5063, 0.423
1501, 0.5109, 0.427
1502, 0.5006, 0.418
1503, 0.5095, 0.436
1504, 0.5069, 0.427
1505, 0.5040, 0.421
1506, 0.5170, 0.582
1507, 0.5036, 0.416
1508, 0.5145, 0.425
1509, 0.4901, 0.419
1510, 0.4926, 0.424
1511, 0.4841, 0.415
1512, 0.4970, 0.414
1513, 0.4874, 0.415
1514, 0.5029, 0.428
1515, 0.5041, 0.434
1516, 0.5157, 0.425
1517, 0.5127, 0.424
1518, 0.5275, 0.423
1519, 0.5074, 0.417
1520, 0.4926, 0.437
1521, 0.5023, 0.400
1522, 0.4925, 0.398
1523, 0.4790, 0.401
1524, 0.4936, 0.401
1525, 0.4941, 0.416
1526, 0.4979, 0.413
1527, 0.5077, 0.411
1528, 0.4981, 0.412
1529, 0.4998, 0.418
1530, 0.5053, 0.416
1531, 0.4909, 0.423
1532, 0.4954, 0.416
1533, 0.4993, 0.412
1534, 0.4980, 0.415
1535, 0.5018, 0.425
1536, 0.4968, 0.417
1537, 0.4960, 0.425
1538, 0.5071, 0.421
1539, 0.4923, 0.418
1540, 0.4949, 0.419
1541, 0.4843, 0.433
1542, 0.4949, 0.500
1543, 0.4884, 0.434
1544, 0.5025, 0.429
1545, 0.4934, 0.447
1546, 0.4986, 0.444
1547, 0.5038, 0.444
1548, 0.4930, 0.442
1549, 0.5000, 0.441
1550, 0.4968, 0.443
1551, 0.4973, 0.458
1552, 0.4831, 0.421
1553, 0.4988, 0.418
1554, 0.4985, 0.431
1555, 0.4875, 0.433
1556, 0.4982, 0.418
1557, 0.4954, 0.416
1558, 0.4798, 0.428
1559, 0.4810, 0.416
1560, 0.4688, 0.432
1561, 0.4928, 0.416
1562, 0.4854, 0.418
1563, 0.4821, 0.422
1564, 0.4833, 0.444
1565, 0.4846, 0.443
1566, 0.5051, 0.421
1567, 0.4904, 0.417
1568, 0.4984, 0.411
1569, 0.5119, 0.431
1570, 0.5010, 0.412
1571, 0.4909, 0.432
1572, 0.4797, 0.419
1573, 0.4825, 0.443
1574, 0.5024, 0.438
1575, 0.4828, 0.444
1576, 0.4770, 0.443
1577, 0.5013, 0.452
1578, 0.5071, 0.440
1579, 0.4962, 0.436
1580, 0.4978, 0.421
1581, 0.4749, 0.421
1582, 0.5034, 0.442
1583, 0.4874, 0.440
1584, 0.4782, 0.415
1585, 0.4828, 0.431
1586, 0.4926, 0.415
1587, 0.4951, 0.425
1588, 0.4920, 0.443
1589, 0.5049, 0.426
1590, 0.4983, 0.420
1591, 0.5005, 0.418
1592, 0.5127, 0.420
1593, 0.5110, 0.436
1594, 0.4963, 0.440
1595, 0.4744, 0.427
1596, 0.4752, 0.426
1597, 0.4862, 0.436
1598, 0.4973, 0.429
1599, 0.4861, 0.434
1600, 0.4786, 0.431
1601, 0.4807, 0.420
1602, 0.4719, 0.418
1603, 0.4720, 0.416
1604, 0.4798, 0.440
1605, 0.4833, 0.435
1606, 0.4945, 0.426
1607, 0.4848, 0.427
1608, 0.4833, 0.415
1609, 0.4919, 0.424
1610, 0.4861, 0.442
1611, 0.5000, 0.420
1612, 0.4852, 0.413
1613, 0.4970, 0.424
1614, 0.4999, 0.416
1615, 0.5118, 0.462
1616, 0.4909, 0.409
1617, 0.5015, 0.430
1618, 0.4939, 0.429
1619, 0.4860, 0.421
1620, 0.4903, 0.423
1621, 0.4972, 0.421
1622, 0.4896, 0.408
1623, 0.4935, 0.412
1624, 0.4784, 0.412
1625, 0.4845, 0.408
1626, 0.4958, 2.070
1627, 0.4891, 0.730
1628, 0.5016, 0.413
1629, 0.4927, 0.406
1630, 0.4921, 0.455
1631, 0.4998, 0.401
1632, 0.5134, 0.406
1633, 0.5048, 0.438
1634, 0.4820, 0.577
1635, 0.4969, 0.416
1636, 0.4888, 0.416
1637, 0.4839, 0.411
1638, 0.4859, 0.410
1639, 0.5010, 0.443
1640, 0.4926, 0.424
1641, 0.4958, 0.834
1642, 0.4793, 0.413
1643, 0.4950, 0.411
1644, 0.4990, 0.416
1645, 0.4922, 0.429
1646, 0.4928, 0.424
1647, 0.5031, 0.416
1648, 0.4856, 0.414
1649, 0.4783, 0.425
1650, 0.4886, 0.429
1651, 0.4897, 0.425
1652, 0.4982, 0.419
1653, 0.4774, 0.423
1654, 0.4774, 0.440
1655, 0.4858, 0.445
1656, 0.4979, 0.428
1657, 0.4657, 0.421
1658, 0.4848, 0.423
1659, 0.5008, 0.447
1660, 0.5029, 0.418
1661, 0.4879, 0.418
1662, 0.4821, 0.419
1663, 0.4819, 0.442
1664, 0.4787, 0.441
1665, 0.4874, 0.424
1666, 0.5014, 0.413
1667, 0.4865, 0.417
1668, 0.4787, 0.425
1669, 0.4580, 0.438
1670, 0.4824, 0.421
1671, 0.4785, 0.420
1672, 0.4768, 0.427
1673, 0.4815, 0.422
1674, 0.4793, 0.451
1675, 0.4831, 0.450
1676, 0.4826, 0.420
1677, 0.4821, 0.422
1678, 0.5102, 0.420
1679, 0.4973, 0.441
1680, 0.4937, 0.450
1681, 0.5161, 0.440
1682, 0.4913, 0.420
1683, 0.4768, 0.427
1684, 0.4904, 0.429
1685, 0.4886, 0.445
1686, 0.4913, 0.424
1687, 0.4914, 0.427
1688, 0.4946, 0.416
1689, 0.4987, 0.424
1690, 0.5070, 0.423
1691, 0.4815, 0.426
1692, 0.4818, 0.428
1693, 0.4908, 0.428
1694, 0.5062, 0.437
1695, 0.4847, 0.423
1696, 0.4941, 0.417
1697, 0.4821, 0.422
1698, 0.4786, 0.444
1699, 0.5107, 0.416
1700, 0.5113, 0.401
1701, 0.4888, 0.428
1702, 0.4917, 0.425
1703, 0.4855, 0.435
1704, 0.4863, 0.421
1705, 0.4866, 0.424
1706, 0.4766, 0.433
1707, 0.5012, 0.428
1708, 0.4784, 0.420
1709, 0.5006, 0.421
1710, 0.4848, 0.428
1711, 0.4958, 0.426
1712, 0.5002, 0.425
1713, 0.4862, 0.429
1714, 0.4829, 0.439
1715, 0.4953, 0.575
1716, 0.4706, 0.418
1717, 0.4775, 0.422
1718, 0.4924, 0.415
1719, 0.4960, 0.413
1720, 0.4866, 0.426
1721, 0.4860, 0.423
1722, 0.4797, 0.416
1723, 0.4938, 0.413
1724, 0.4771, 0.415
1725, 0.4725, 0.418
1726, 0.4836, 0.415
1727, 0.4683, 0.411
1728, 0.4823, 0.416
1729, 0.4712, 0.436
1730, 0.4701, 0.422
1731, 0.4741, 0.424
1732, 0.4720, 0.427
1733, 0.4818, 0.423
1734, 0.4861, 0.418
1735, 0.5015, 0.432
1736, 0.5044, 0.437
1737, 0.5094, 0.420
1738, 0.5035, 0.422
1739, 0.4976, 0.412
1740, 0.4903, 0.444
1741, 0.4910, 0.434
1742, 0.4915, 0.422
1743, 0.4842, 0.423
1744, 0.5060, 0.420
1745, 0.4882, 0.424
1746, 0.4737, 0.419
1747, 0.4783, 0.426
1748, 0.4895, 0.418
1749, 0.4740, 0.437
1750, 0.4892, 0.421
1751, 0.4818, 0.417
1752, 0.4844, 0.419
1753, 0.5032, 0.422
1754, 0.4877, 0.415
1755, 0.4918, 0.478
1756, 0.4945, 0.422
1757, 0.4842, 0.429
1758, 0.4804, 0.432
1759, 0.4927, 0.435
1760, 0.4978, 0.430
1761, 0.4827, 0.434
1762, 0.4830, 0.427
1763, 0.5004, 0.444
1764, 0.4899, 0.439
1765, 0.4984, 0.437
1766, 0.4892, 0.436
1767, 0.5034, 0.434
1768, 0.4913, 0.432
1769, 0.5006, 0.435
1770, 0.4785, 0.437
1771, 0.4969, 0.437
1772, 0.4828, 0.432
1773, 0.4905, 0.420
1774, 0.5009, 0.419
1775, 0.4846, 0.421
1776, 0.4946, 0.415
1777, 0.4784, 0.418
1778, 0.4846, 0.419
1779, 0.4961, 0.415
1780, 0.4997, 1.084
1781, 0.4932, 0.410
1782, 0.4949, 0.445
1783, 0.4863, 0.421
1784, 0.4925, 0.405
1785, 0.4869, 0.414
1786, 0.4916, 0.417
1787, 0.4861, 0.420
1788, 0.4826, 0.449
1789, 0.4859, 0.456
1790, 0.5009, 0.437
1791, 0.4966, 0.441
1792, 0.4869, 0.446
1793, 0.4751, 0.436
1794, 0.4880, 0.433
1795, 0.5104, 0.432
1796, 0.5018, 0.444
1797, 0.4948, 0.417
1798, 0.4940, 0.408
1799, 0.4946, 0.426
1800, 0.4928, 0.412
1801, 0.4905, 0.387
1802, 0.4899, 0.406
1803, 0.4919, 0.416
1804, 0.4732, 0.420
1805, 0.4886, 0.435
1806, 0.4938, 0.419
1807, 0.4912, 0.414
1808, 0.4828, 0.415
1809, 0.4791, 0.416
1810, 0.4845, 0.421
1811, 0.4960, 0.409
1812, 0.5076, 0.429
1813, 0.4848, 0.410
1814, 0.4819, 0.415
1815, 0.4919, 0.501
1816, 0.5045, 0.415
1817, 0.4805, 0.442
1818, 0.4937, 0.427
1819, 0.4948, 0.418
1820, 0.4842, 0.419
1821, 0.4863, 0.419
1822, 0.4780, 0.415
1823, 0.4830, 0.429
1824, 0.4772, 0.422
1825, 0.4837, 0.544
1826, 0.4885, 0.410
1827, 0.4949, 0.409
1828, 0.4836, 0.419
1829, 0.5067, 0.410
1830, 0.4971, 0.408
1831, 0.5005, 0.423
1832, 0.4870, 0.429
1833, 0.4909, 0.425
1834, 0.4884, 0.423
1835, 0.4968, 0.612
1836, 0.4989, 0.421
1837, 0.4978, 0.427
1838, 0.4840, 0.430
1839, 0.4835, 0.422
1840, 0.4805, 0.622
1841, 0.5039, 0.418
1842, 0.4881, 0.424
1843, 0.5111, 0.430
1844, 0.4845, 0.435
1845, 0.4994, 0.471
1846, 0.4896, 0.432
1847, 0.4969, 0.421
1848, 0.4815, 0.412
1849, 0.5034, 0.417
1850, 0.4867, 0.423
1851, 0.4917, 0.416
1852, 0.4723, 0.423
1853, 0.4762, 0.412
1854, 0.4836, 0.415
1855, 0.4742, 0.409
1856, 0.4855, 0.411
1857, 0.5101, 0.416
1858, 0.5085, 0.421
1859, 0.5138, 0.425
1860, 0.4812, 0.423
1861, 0.4848, 0.422
1862, 0.5017, 0.415
1863, 0.4939, 0.419
1864, 0.4931, 0.415
1865, 0.4843, 0.417
1866, 0.4972, 0.410
1867, 0.4994, 0.413
1868, 0.5050, 0.418
1869, 0.5094, 0.413
1870, 0.5020, 0.425
1871, 0.5069, 0.424
1872, 0.4891, 0.418
1873, 0.4865, 0.417
1874, 0.4870, 0.414
1875, 0.4897, 0.424
1876, 0.4810, 0.416
1877, 0.4843, 0.413
1878, 0.4978, 0.424
1879, 0.4880, 0.425
1880, 0.4907, 0.416
1881, 0.4884, 0.420
1882, 0.5010, 0.418
1883, 0.5072, 0.422
1884, 0.4863, 0.429
1885, 0.4862, 0.429
1886, 0.4880, 0.430
1887, 0.4758, 0.426
1888, 0.5036, 0.418
1889, 0.4935, 0.413
1890, 0.4843, 0.412
1891, 0.4870, 0.412
1892, 0.4859, 0.413
1893, 0.4822, 0.416
1894, 0.4920, 0.413
1895, 0.4860, 0.413
1896, 0.4982, 0.414
1897, 0.4994, 0.416
1898, 0.5023, 0.419
1899, 0.4893, 0.415
1900, 0.4994, 0.419
1901, 0.5021, 0.415
1902, 0.4950, 0.418
1903, 0.4906, 0.422
1904, 0.4815, 0.410
1905, 0.5145, 0.412
1906, 0.4921, 0.416
1907, 0.4995, 0.410
1908, 0.4949, 0.421
1909, 0.4958, 0.430
1910, 0.4803, 0.431
1911, 0.5101, 0.423
1912, 0.4809, 0.427
1913, 0.4908, 0.420
1914, 0.4976, 0.418
1915, 0.4884, 0.419
1916, 0.4954, 0.435
1917, 0.4924, 0.430
1918, 0.4824, 0.420
1919, 0.4994, 0.417
1920, 0.4894, 0.425
1921, 0.4964, 0.417
1922, 0.4911, 0.420
1923, 0.4852, 0.416
1924, 0.4822, 0.412
1925, 0.4613, 0.416
1926, 0.4904, 0.413
1927, 0.4706, 0.413
1928, 0.4882, 0.397
1929, 0.4813, 0.394
1930, 0.4895, 0.397
1931, 0.4997, 0.401
1932, 0.4712, 0.396
1933, 0.4978, 0.396
1934, 0.4697, 0.392
1935, 0.4815, 1.914
1936, 0.4985, 0.547
1937, 0.5110, 0.398
1938, 0.4950, 1.120
1939, 0.4940, 0.414
1940, 0.5029, 0.422
1941, 0.4860, 0.403
1942, 0.4892, 0.424
1943, 0.5009, 0.416
1944, 0.5008, 0.412
1945, 0.4969, 0.417
1946, 0.4876, 0.414
1947, 0.5034, 0.446
1948, 0.4914, 0.423
1949, 0.4825, 0.432
1950, 0.4851, 0.429
1951, 0.4972, 0.430
1952, 0.4902, 0.438
1953, 0.4823, 0.435
1954, 0.4925, 0.430
1955, 0.5027, 0.428
1956, 0.4931, 0.434
1957, 0.5118, 0.425
1958, 0.4828, 0.405
1959, 0.4844, 0.406
1960, 0.4938, 0.419
1961, 0.4897, 0.420
1962, 0.5006, 0.422
1963, 0.4910, 0.416
1964, 0.4907, 0.419
1965, 0.4957, 0.419
1966, 0.5040, 0.421
1967, 0.4859, 0.418
1968, 0.4919, 0.421
1969, 0.4951, 0.419
1970, 0.4999, 0.425
1971, 0.4789, 0.402
1972, 0.4886, 0.397
1973, 0.4927, 0.401
1974, 0.4956, 0.397
1975, 0.4871, 0.399
1976, 0.4968, 0.397
1977, 0.4795, 0.397
1978, 0.5039, 0.395
1979, 0.4933, 0.395
1980, 0.4857, 0.391
1981, 0.4896, 0.392
1982, 0.4981, 0.386
1983, 0.4990, 0.384
1984, 0.4912, 0.398
1985, 0.5036, 0.414
1986, 0.5040, 0.430
1987, 0.4998, 0.383
1988, 0.4937, 0.403
1989, 0.5017, 0.415
1990, 0.5004, 0.440
1991, 0.4927, 0.385
1992, 0.4825, 0.392
1993, 0.4983, 0.387
1994, 0.5091, 0.415
1995, 0.5093, 0.412
1996, 0.4983, 0.435
1997, 0.5079, 0.437
1998, 0.4746, 0.589
1999, 0.5043, 0.414
2000, 0.4909, 0.433
2001, 0.4898, 0.415
2002, 0.5010, 0.415
2003, 0.4879, 0.424
2004, 0.4883, 0.419
2005, 0.4829, 0.533
2006, 0.4949, 0.421
2007, 0.4685, 0.413
2008, 0.4848, 0.413
2009, 0.5073, 0.416
2010, 0.4949, 0.421
2011, 0.4735, 0.421
2012, 0.5029, 0.419
2013, 0.4901, 0.413
2014, 0.4972, 0.410
2015, 0.4838, 0.431
2016, 0.4980, 0.418
2017, 0.5023, 0.434
2018, 0.4872, 0.434
2019, 0.5064, 0.429
2020, 0.5021, 0.436
2021, 0.5114, 0.446
2022, 0.5049, 0.451
2023, 0.5019, 0.421
2024, 0.4792, 0.429
2025, 0.4820, 0.421
2026, 0.4823, 0.420
2027, 0.5044, 0.425
2028, 0.4983, 0.434
2029, 0.4980, 0.438
2030, 0.5075, 0.433
2031, 0.4943, 0.424
2032, 0.5016, 0.419
2033, 0.5022, 0.424
2034, 0.4857, 0.416
2035, 0.4882, 0.422
2036, 0.4986, 0.421
2037, 0.4883, 0.411
2038, 0.4958, 0.390
2039, 0.5006, 0.422
2040, 0.4891, 0.434
2041, 0.5016, 0.578
2042, 0.4809, 0.417
2043, 0.4910, 0.418
2044, 0.4964, 0.414
2045, 0.4910, 0.422
2046, 0.4825, 0.416
2047, 0.4929, 0.414
2048, 0.4766, 0.415
2049, 0.4897, 0.415
2050, 0.4964, 0.419
2051, 0.5048, 0.423
2052, 0.4991, 0.415
2053, 0.4968, 0.417
2054, 0.4850, 0.427
2055, 0.4879, 0.417
2056, 0.4853, 0.418
2057, 0.4755, 0.416
2058, 0.4929, 0.419
2059, 0.4754, 0.408
2060, 0.5004, 0.418
2061, 0.4883, 0.423
2062, 0.4893, 0.414
2063, 0.4947, 0.418
2064, 0.5013, 0.414
2065, 0.5110, 0.418
2066, 0.4962, 0.415
2067, 0.4889, 0.414
2068, 0.4977, 0.413
2069, 0.4993, 0.413
2070, 0.5149, 0.415
2071, 0.4949, 0.424
2072, 0.4986, 0.426
2073, 0.5083, 0.411
2074, 0.4900, 0.412
2075, 0.5034, 0.424
2076, 0.4921, 0.419
2077, 0.4941, 0.409
2078, 0.4723, 0.409
2079, 0.4955, 0.407
2080, 0.4973, 0.410
2081, 0.4826, 0.399
2082, 0.4882, 0.395
2083, 0.4955, 0.395
2084, 0.4978, 0.394
2085, 0.4819, 0.396
2086, 0.4796, 0.397
2087, 0.4946, 0.392
2088, 0.4817, 3.359
2089, 0.4851, 0.402
2090, 0.5010, 0.402
2091, 0.5069, 0.400
2092, 0.4975, 0.521
2093, 0.4980, 0.422
2094, 0.4921, 0.414
2095, 0.4850, 0.414
2096, 0.5014, 0.419
2097, 0.4994, 0.424
2098, 0.5007, 0.416
2099, 0.5153, 0.422
2100, 0.5016, 0.424
2101, 0.5051, 0.422
2102, 0.4934, 0.424
2103, 0.4968, 0.417
2104, 0.5127, 0.413
2105, 0.4996, 0.412
2106, 0.4993, 0.409
2107, 0.4960, 0.413
2108, 0.5095, 0.413
2109, 0.4842, 0.411
2110, 0.5036, 0.406
2111, 0.5058, 0.410
2112, 0.4946, 0.417
2113, 0.5044, 0.429
2114, 0.5028, 0.419
2115, 0.4909, 0.421
2116, 0.5001, 0.420
2117, 0.5031, 0.425
2118, 0.5065, 0.429
2119, 0.5104, 0.424
2120, 0.4979, 0.415
2121, 0.5008, 0.418
2122, 0.4997, 0.418
2123, 0.4830, 0.411
2124, 0.5034, 0.416
2125, 0.5039, 0.426
2126, 0.5179, 0.419
2127, 0.5113, 0.419
2128, 0.4862, 0.416
2129, 0.4921, 0.433
2130, 0.5061, 0.424
2131, 0.5154, 0.426
2132, 0.4933, 0.414
2133, 0.4773, 0.415
2134, 0.4972, 0.415
2135, 0.4823, 0.414
2136, 0.4861, 0.412
2137, 0.4863, 0.413
2138, 0.4981, 0.412
2139, 0.5097, 0.418
2140, 0.4865, 0.418
2141, 0.5108, 0.432
2142, 0.4888, 0.431
2143, 0.5035, 0.439
2144, 0.4968, 0.440
2145, 0.4969, 0.439
2146, 0.4985, 0.437
2147, 0.4959, 0.438
2148, 0.5001, 0.434
2149, 0.4988, 0.441
2150, 0.5000, 0.440
2151, 0.4950, 0.437
2152, 0.4958, 0.435
2153, 0.4877, 0.432
2154, 0.4968, 0.433
2155, 0.4914, 0.435
2156, 0.4889, 0.438
2157, 0.4936, 0.439
2158, 0.4903, 0.437
2159, 0.4967, 0.442
2160, 0.4912, 0.436
2161, 0.4889, 0.421
2162, 0.4914, 0.434
2163, 0.5075, 0.439
2164, 0.4951, 0.433
2165, 0.4851, 0.411
2166, 0.4969, 0.413
2167, 0.5079, 0.433
2168, 0.4949, 0.424
2169, 0.5091, 0.423
2170, 0.4886, 0.432
2171, 0.4952, 0.436
2172, 0.4886, 0.434
2173, 0.4974, 0.425
2174, 0.4960, 0.433
2175, 0.4865, 0.437
2176, 0.5035, 0.435
2177, 0.4939, 0.437
2178, 0.4868, 0.436
2179, 0.5124, 0.436
2180, 0.4956, 0.435
2181, 0.5024, 0.434
2182, 0.4770, 0.426
2183, 0.4930, 0.439
2184, 0.4844, 0.435
2185, 0.4871, 0.438
2186, 0.4850, 0.439
2187, 0.4905, 0.437
2188, 0.4986, 0.436
2189, 0.4876, 0.441
2190, 0.4855, 0.434
2191, 0.4767, 0.423
2192, 0.4936, 0.436
2193, 0.4991, 0.430
2194, 0.4973, 0.421
2195, 0.5165, 0.425
2196, 0.4843, 0.424
2197, 0.5042, 0.417
2198, 0.5127, 0.416
2199, 0.4980, 0.439
2200, 0.4998, 0.434
2201, 0.4946, 0.426
2202, 0.4997, 0.417
2203, 0.4930, 0.418
2204, 0.5036, 0.417
2205, 0.5022, 0.429
2206, 0.5047, 0.423
2207, 0.5210, 0.420
2208, 0.5020, 0.418
2209, 0.4933, 0.420
2210, 0.5006, 0.423
2211, 0.4904, 0.438
2212, 0.5051, 0.414
2213, 0.5009, 0.415
2214, 0.5025, 0.417
2215, 0.4918, 0.417
2216, 0.4896, 0.450
2217, 0.4772, 0.412
2218, 0.4960, 0.423
2219, 0.4996, 0.414
2220, 0.5051, 0.429
2221, 0.4905, 0.423
2222, 0.4889, 0.423
2223, 0.5066, 0.431
2224, 0.4871, 0.400
2225, 0.4753, 0.404
2226, 0.5082, 0.424
2227, 0.5035, 0.414
2228, 0.5024, 0.412
2229, 0.4974, 0.409
2230, 0.4973, 0.411
2231, 0.4935, 0.414
2232, 0.4751, 0.415
2233, 0.5039, 0.408
2234, 0.5023, 0.396
2235, 0.4832, 0.399
2236, 0.4989, 0.396
2237, 0.5032, 0.394
2238, 0.5018, 0.393
2239, 0.4857, 0.392
2240, 0.4826, 0.397
2241, 0.4888, 0.397
2242, 0.4865, 2.105
2243, 0.4959, 0.973
2244, 0.5035, 0.429
2245, 0.4999, 0.392
2246, 0.4925, 0.384
2247, 0.4982, 0.407
2248, 0.4963, 0.415
2249, 0.5136, 0.429
2250, 0.4958, 0.428
2251, 0.4902, 0.475
2252, 0.4761, 0.420
2253, 0.5004, 0.417
2254, 0.4966, 0.433
2255, 0.4839, 0.417
2256, 0.4985, 0.416
2257, 0.4951, 0.418
2258, 0.4873, 0.418
2259, 0.4814, 0.409
2260, 0.4861, 0.424
2261, 0.4963, 0.417
2262, 0.4958, 0.411
2263, 0.4963, 0.411
2264, 0.5096, 0.419
2265, 0.4914, 0.416
2266, 0.4913, 0.416
2267, 0.5021, 0.415
2268, 0.5043, 0.414
2269, 0.4900, 0.418
2270, 0.5024, 0.423
2271, 0.4908, 0.411
2272, 0.4699, 0.419
2273, 0.4932, 0.423
2274, 0.4818, 0.420
2275, 0.4825, 0.414
2276, 0.4728, 0.412
2277, 0.4972, 0.412
2278, 0.4929, 0.411
2279, 0.4902, 0.414
2280, 0.4892, 0.419
2281, 0.4988, 0.422
2282, 0.4913, 0.416
2283, 0.4876, 0.430
2284, 0.4810, 0.427
2285, 0.4977, 0.418
2286, 0.4985, 0.419
2287, 0.5121, 0.417
2288, 0.5083, 0.420
2289, 0.4858, 0.415
2290, 0.4917, 0.413
2291, 0.4811, 0.414
2292, 0.4772, 0.434
2293, 0.5037, 0.415
2294, 0.5000, 0.433
2295, 0.4918, 0.417
2296, 0.4984, 0.416
2297, 0.4854, 0.420
2298, 0.4845, 0.413
2299, 0.4919, 0.412
2300, 0.4977, 0.414
2301, 0.5238, 0.417
2302, 0.4989, 0.413
2303, 0.4878, 0.415
2304, 0.4918, 0.415
2305, 0.4885, 0.414
2306, 0.5024, 0.411
2307, 0.4980, 0.417
2308, 0.4796, 0.430
2309, 0.4953, 0.417
2310, 0.4953, 0.423
2311, 0.5046, 0.416
2312, 0.4899, 0.415
2313, 0.4987, 0.414
2314, 0.4955, 0.411
2315, 0.4890, 0.412
2316, 0.4817, 0.420
2317, 0.4907, 0.425
2318, 0.5123, 0.442
2319, 0.4890, 0.431
2320, 0.5005, 0.424
2321, 0.5019, 0.430
2322, 0.4954, 0.439
2323, 0.4713, 0.466
2324, 0.4796, 0.419
2325, 0.4743, 0.420
2326, 0.4820, 0.421
2327, 0.4905, 0.426
2328, 0.5094, 0.419
2329, 0.4998, 0.426
2330, 0.4954, 0.455
2331, 0.4808, 0.418
2332, 0.5023, 0.433
2333, 0.4892, 0.427
2334, 0.4960, 0.435
2335, 0.4937, 0.428
2336, 0.5105, 0.418
2337, 0.5054, 0.434
2338, 0.4863, 0.415
2339, 0.4936, 0.412
2340, 0.5048, 0.408
2341, 0.4921, 0.410
2342, 0.4831, 0.415
2343, 0.4868, 0.416
2344, 0.5056, 0.416
2345, 0.5036, 0.418
2346, 0.4967, 0.415
2347, 0.4883, 0.413
2348, 0.4927, 0.412
2349, 0.4752, 0.420
2350, 0.4860, 0.415
2351, 0.5014, 0.414
2352, 0.5022, 0.411
2353, 0.4934, 0.482
2354, 0.5000, 0.439
2355, 0.5046, 0.438
2356, 0.4945, 0.430
2357, 0.5000, 0.432
2358, 0.4913, 0.436
2359, 0.4661, 0.441
2360, 0.5053, 0.439
2361, 0.4958, 0.443
2362, 0.5029, 0.442
2363, 0.5065, 0.438
2364, 0.4910, 0.440
2365, 0.4993, 0.443
2366, 0.4948, 0.407
2367, 0.4941, 0.410
2368, 0.5026, 0.415
2369, 0.4933, 0.413
2370, 0.4951, 0.418
2371, 0.4996, 0.409
2372, 0.4998, 0.403
2373, 0.5127, 0.399
2374, 0.5066, 0.405
2375, 0.5030, 0.405
2376, 0.4827, 0.404
2377, 0.4993, 0.405
2378, 0.4922, 0.405
2379, 0.4912, 0.406
2380, 0.4933, 0.412
2381, 0.5023, 0.424
2382, 0.4933, 0.407
2383, 0.4921, 0.401
2384, 0.4981, 0.396
2385, 0.5105, 0.394
2386, 0.5126, 0.392
2387, 0.4896, 0.393
2388, 0.4709, 0.404
2389, 0.4841, 0.405
2390, 0.4991, 0.374
2391, 0.5015, 0.375
2392, 0.4990, 0.384
2393, 0.5107, 0.375
2394, 0.5018, 0.382
2395, 0.4736, 0.377
2396, 0.5083, 0.381
2397, 0.4886, 0.376
2398, 0.5044, 2.219
2399, 0.4887, 0.410
2400, 0.5046, 0.762
2401, 0.4899, 0.422
2402, 0.4977, 0.405
2403, 0.4973, 0.405
2404, 0.5004, 0.407
2405, 0.4848, 0.404
2406, 0.4982, 0.751
2407, 0.4991, 0.423
2408, 0.5054, 0.433
2409, 0.5106, 0.413
2410, 0.4985, 0.421
2411, 0.4952, 0.415
2412, 0.4827, 0.394
2413, 0.4839, 0.392
2414, 0.5014, 0.399
2415, 0.5118, 0.414
2416, 0.4933, 0.416
2417, 0.4897, 0.427
2418, 0.4990, 0.438
2419, 0.5024, 0.418
2420, 0.4817, 0.419
2421, 0.4895, 0.418
2422, 0.5011, 0.437
2423, 0.4879, 0.402
2424, 0.4995, 0.399
2425, 0.5001, 0.418
2426, 0.5133, 0.427
2427, 0.5004, 0.425
2428, 0.4968, 0.437
2429, 0.4891, 0.423
2430, 0.4894, 0.417
2431, 0.5038, 0.425
2432, 0.4978, 0.448
2433, 0.4982, 0.432
2434, 0.5138, 0.426
2435, 0.5070, 0.424
2436, 0.5029, 0.411
2437, 0.5125, 0.438
2438, 0.4920, 0.437
2439, 0.4873, 0.420
2440, 0.4869, 0.418
2441, 0.5003, 0.417
2442, 0.4952, 0.437
2443, 0.4940, 0.429
2444, 0.4921, 0.422
2445, 0.4787, 0.420
2446, 0.4937, 0.423
2447, 0.4972, 0.420
2448, 0.4948, 0.437
2449, 0.5019, 0.430
2450, 0.5085, 0.416
2451, 0.4791, 0.423
2452, 0.4893, 0.412
2453, 0.4868, 0.440
2454, 0.4900, 0.438
2455, 0.5006, 0.435
2456, 0.4933, 0.428
2457, 0.4952, 0.435
2458, 0.4942, 0.422
2459, 0.5089, 0.422
2460, 0.4995, 0.429
2461, 0.4934, 0.421
2462, 0.4895, 0.416
2463, 0.4716, 0.416
2464, 0.5112, 0.415
2465, 0.4917, 0.427
2466, 0.4927, 0.419
2467, 0.4991, 0.428
2468, 0.4970, 0.435
2469, 0.5070, 0.423
2470, 0.4849, 0.415
2471, 0.4983, 0.427
2472, 0.4946, 0.445
2473, 0.4840, 0.423
2474, 0.5024, 0.432
2475, 0.4806, 0.423
2476, 0.4988, 0.439
2477, 0.4970, 0.436
2478, 0.4998, 0.419
2479, 0.5049, 0.430
2480, 0.4984, 0.426
2481, 0.4867, 0.430
2482, 0.4941, 0.420
2483, 0.5025, 0.417
2484, 0.4931, 0.419
2485, 0.4922, 0.413
2486, 0.4864, 0.460
2487, 0.4955, 0.462
2488, 0.5092, 0.415
2489, 0.4915, 0.422
2490, 0.4884, 0.422
2491, 0.4911, 0.435
2492, 0.5018, 0.440
2493, 0.4890, 0.420
2494, 0.5060, 0.420
2495, 0.4987, 0.433
2496, 0.4849, 0.428
2497, 0.4813, 0.571
2498, 0.5122, 0.438
2499, 0.5070, 0.423
2500, 0.5010, 0.428
2501, 0.5003, 0.421
2502, 0.4941, 0.413
2503, 0.4945, 0.446
2504, 0.5053, 0.434
2505, 0.4970, 0.430
2506, 0.5035, 0.426
2507, 0.4953, 0.417
2508, 0.5045, 0.418
2509, 0.4920, 0.417
2510, 0.5145, 0.416
2511, 0.4969, 0.413
2512, 0.5005, 0.417
2513, 0.4763, 0.426
2514, 0.4862, 0.419
2515, 0.4865, 0.418
2516, 0.4972, 0.431
2517, 0.5051, 0.433
2518, 0.4873, 0.432
2519, 0.5110, 0.447
2520, 0.5006, 0.450
2521, 0.4864, 0.442
2522, 0.4954, 0.438
2523, 0.4761, 0.425
2524, 0.4802, 0.422
2525, 0.4870, 0.447
2526, 0.4847, 0.452
2527, 0.5186, 0.451
2528, 0.4858, 0.422
2529, 0.5007, 0.423
2530, 0.4918, 0.429
2531, 0.4847, 0.432
2532, 0.4991, 0.428
2533, 0.4870, 0.414
2534, 0.5035, 0.419
2535, 0.4954, 0.429
2536, 0.4925, 0.448
2537, 0.5122, 0.437
2538, 0.4950, 0.430
2539, 0.5021, 0.421
2540, 0.4967, 0.419
2541, 0.4940, 0.417
2542, 0.4872, 0.410
2543, 0.4902, 0.395
2544, 0.4923, 0.395
2545, 0.4961, 0.395
2546, 0.4960, 0.397
2547, 0.4901, 0.396
2548, 0.4964, 0.401
2549, 0.5010, 0.398
2550, 0.4962, 1.814
2551, 0.4966, 0.400
2552, 0.4793, 0.402
2553, 0.4790, 0.402
2554, 0.4943, 0.505
2555, 0.4857, 0.428
2556, 0.4884, 0.421
2557, 0.4962, 0.439
2558, 0.5034, 0.446
2559, 0.4986, 0.449
2560, 0.4922, 0.441
2561, 0.4951, 0.428
2562, 0.4873, 0.435
2563, 0.4947, 0.442
2564, 0.4998, 0.438
2565, 0.4903, 0.438
2566, 0.4927, 0.438
2567, 0.4928, 0.436
2568, 0.5013, 0.442
2569, 0.4953, 0.439
2570, 0.5027, 0.437
2571, 0.4921, 0.437
2572, 0.5028, 0.438
2573, 0.5067, 0.431
2574, 0.4831, 0.437
2575, 0.4901, 0.439
2576, 0.5107, 0.444
2577, 0.5012, 0.441
2578, 0.5033, 0.434
2579, 0.4941, 0.435
2580, 0.4998, 0.431
2581, 0.4904, 0.439
2582, 0.4957, 0.419
2583, 0.5129, 0.411
2584, 0.4985, 0.415
2585, 0.5046, 0.415
2586, 0.4884, 0.432
2587, 0.4988, 0.433
2588, 0.5002, 0.431
2589, 0.4958, 0.433
2590, 0.5000, 0.445
2591, 0.5007, 0.449
2592, 0.4809, 0.436
2593, 0.5178, 0.439
2594, 0.5001, 0.435
2595, 0.4891, 0.435
2596, 0.4989, 0.430
2597, 0.4939, 0.446
2598, 0.4963, 0.445
2599, 0.4981, 0.437
2600, 0.4977, 0.438
2601, 0.4928, 0.425
2602, 0.4745, 0.415
2603, 0.4824, 0.413
2604, 0.4962, 0.418
2605, 0.5074, 0.419
2606, 0.5018, 0.414
2607, 0.4865, 0.413
2608, 0.4967, 0.431
2609, 0.5071, 0.428
2610, 0.4954, 0.495
2611, 0.4946, 0.416
2612, 0.4993, 0.418
2613, 0.4991, 0.446
2614, 0.4975, 0.439
2615, 0.5094, 0.433
2616, 0.4936, 0.417
2617, 0.5106, 0.424
2618, 0.4984, 0.487
2619, 0.4938, 0.416
2620, 0.4968, 0.411
2621, 0.4930, 0.411
2622, 0.4913, 0.406
2623, 0.5059, 0.413
2624, 0.5018, 0.411
2625, 0.5168, 0.412
2626, 0.5063, 0.418
2627, 0.5086, 0.422
2628, 0.4936, 0.412
2629, 0.4940, 0.427
2630, 0.5040, 0.421
2631, 0.4942, 0.417
2632, 0.4922, 0.412
2633, 0.4985, 0.420
2634, 0.4931, 0.428
2635, 0.4954, 0.430
2636, 0.4981, 0.409
2637, 0.5167, 0.411
2638, 0.4997, 0.412
2639, 0.4939, 0.412
2640, 0.4976, 0.414
2641, 0.5054, 0.414
2642, 0.5017, 0.418
2643, 0.4963, 0.417
2644, 0.5031, 0.418
2645, 0.4906, 0.414
2646, 0.5132, 0.421
2647, 0.5009, 0.630
2648, 0.5072, 0.424
2649, 0.5081, 0.411
2650, 0.4912, 0.410
2651, 0.4903, 0.413
2652, 0.5102, 0.442
2653, 0.5013, 0.425
2654, 0.5004, 0.423
2655, 0.4856, 0.422
2656, 0.4999, 0.417
2657, 0.4958, 0.433
2658, 0.4821, 0.421
2659, 0.4996, 0.421
2660, 0.5075, 0.416
2661, 0.4941, 0.413
2662, 0.5096, 0.413
2663, 0.4957, 0.418
2664, 0.5087, 0.414
2665, 0.4773, 0.415
2666, 0.4922, 0.415
2667, 0.4996, 0.414
2668, 0.5030, 0.413
2669, 0.5082, 0.413
2670, 0.4948, 0.421
2671, 0.5104, 0.415
2672, 0.5018, 0.412
2673, 0.4978, 0.417
2674, 0.4944, 0.424
2675, 0.4905, 0.421
2676, 0.5086, 0.418
2677, 0.4960, 0.415
2678, 0.4970, 0.412
2679, 0.5035, 0.412
2680, 0.4991, 0.412
2681, 0.4987, 0.420
2682, 0.4874, 0.413
2683, 0.5021, 0.416
2684, 0.4987, 0.419
2685, 0.4789, 0.414
2686, 0.4881, 0.412
2687, 0.5135, 0.416
2688, 0.4994, 0.417
2689, 0.4993, 0.422
2690, 0.5029, 0.421
2691, 0.4926, 0.409
2692, 0.5041, 0.411
2693, 0.5193, 0.412
2694, 0.5024, 0.405
2695, 0.5041, 0.393
2696, 0.4963, 0.392
2697, 0.5086, 0.397
2698, 0.5010, 0.399
2699, 0.4872, 0.399
2700, 0.4934, 0.392
2701, 0.4744, 0.391
2702, 0.4997, 2.988
2703, 0.4911, 0.398
2704, 0.4921, 0.406
2705, 0.5023, 0.410
2706, 0.4897, 0.403
2707, 0.4976, 0.405
2708, 0.5001, 0.402
2709, 0.4996, 0.403
2710, 0.4811, 0.416
2711, 0.5035, 0.404
2712, 0.5030, 0.403
2713, 0.4896, 0.415
2714, 0.4921, 0.675
2715, 0.4930, 0.417
2716, 0.5024, 0.439
2717, 0.4962, 1.088
2718, 0.4935, 0.416
2719, 0.4977, 0.425
2720, 0.5048, 0.414
2721, 0.5175, 0.420
2722, 0.4934, 0.419
2723, 0.5069, 0.413
2724, 0.4930, 0.409
2725, 0.5071, 0.413
2726, 0.4939, 0.419
2727, 0.4977, 0.422
2728, 0.5085, 0.414
2729, 0.4875, 0.420
2730, 0.4962, 0.422
2731, 0.4896, 0.416
2732, 0.4998, 0.410
2733, 0.5017, 0.418
2734, 0.4948, 0.425
2735, 0.4961, 0.426
2736, 0.5086, 0.434
2737, 0.4894, 0.434
2738, 0.4965, 0.448
2739, 0.4988, 0.438
2740, 0.4967, 0.431
2741, 0.4993, 0.414
2742, 0.5025, 0.438
2743, 0.5151, 0.440
2744, 0.4946, 0.441
2745, 0.5012, 0.440
2746, 0.4947, 0.429
2747, 0.5030, 0.423
2748, 0.4968, 0.434
2749, 0.5027, 0.431
2750, 0.5071, 0.429
2751, 0.5084, 0.412
2752, 0.4993, 0.427
2753, 0.5043, 0.421
2754, 0.4894, 0.448
2755, 0.4976, 0.432
2756, 0.5093, 0.414
2757, 0.4901, 0.417
2758, 0.4968, 0.416
2759, 0.5095, 0.455
2760, 0.5048, 0.421
2761, 0.5003, 0.432
2762, 0.5000, 0.430
2763, 0.4966, 0.423
2764, 0.4973, 0.433
2765, 0.5094, 0.417
2766, 0.4855, 0.418
2767, 0.4906, 0.421
2768, 0.4985, 0.422
2769, 0.5012, 0.440
2770, 0.5142, 0.415
2771, 0.5059, 0.419
2772, 0.4988, 0.418
2773, 0.4953, 0.419
2774, 0.5167, 0.445
2775, 0.4939, 0.443
2776, 0.4984, 0.427
2777, 0.5063, 0.439
2778, 0.4874, 0.448
2779, 0.5039, 0.447
2780, 0.4937, 0.439
2781, 0.4897, 0.434
2782, 0.5060, 0.429
2783, 0.4998, 0.428
2784, 0.5014, 0.436
2785, 0.4923, 0.427
2786, 0.4718, 0.419
2787, 0.4988, 0.439
2788, 0.4856, 0.451
2789, 0.5079, 0.419
2790, 0.5054, 0.414
2791, 0.4983, 1.020
2792, 0.4893, 0.420
2793, 0.4923, 0.413
2794, 0.4910, 0.434
2795, 0.4972, 0.432
2796, 0.4960, 0.430
2797, 0.4995, 0.432
2798, 0.4788, 0.436
2799, 0.4951, 0.431
2800, 0.5027, 0.423
2801, 0.4987, 0.411
2802, 0.4851, 0.422
2803, 0.5029, 0.428
2804, 0.5048, 0.414
2805, 0.5067, 0.417
2806, 0.5038, 0.427
2807, 0.5001, 0.406
2808, 0.5234, 0.438
2809, 0.5073, 0.430
2810, 0.5051, 0.418
2811, 0.5070, 0.428
2812, 0.5123, 0.417
2813, 0.4920, 0.417
2814, 0.4855, 0.421
2815, 0.4934, 0.418
2816, 0.4997, 0.421
2817, 0.5089, 0.418
2818, 0.5028, 0.410
2819, 0.4826, 0.874
2820, 0.4937, 0.477
2821, 0.4973, 0.416
2822, 0.5049, 0.417
2823, 0.4992, 0.425
2824, 0.4991, 0.413
2825, 0.5162, 0.420
2826, 0.5002, 0.415
2827, 0.4992, 0.414
2828, 0.5004, 0.414
2829, 0.4959, 0.411
2830, 0.5027, 0.419
2831, 0.4809, 0.427
2832, 0.4880, 0.418
2833, 0.4876, 0.415
2834, 0.5022, 0.416
2835, 0.5031, 0.415
2836, 0.4983, 0.414
2837, 0.5058, 0.410
2838, 0.5053, 0.413
2839, 0.5030, 0.412
2840, 0.4911, 0.412
2841, 0.5048, 0.400
2842, 0.4834, 0.411
2843, 0.5032, 0.406
2844, 0.5030, 0.392
2845, 0.5115, 0.396
2846, 0.5036, 0.397
2847, 0.5103, 0.399
2848, 0.5057, 0.413
2849, 0.4904, 0.402
2850, 0.4774, 0.398
2851, 0.4776, 1.936
2852, 0.4978, 0.399
2853, 0.4991, 0.398
2854, 0.4906, 0.592
2855, 0.4831, 0.398
2856, 0.4832, 0.399
2857, 0.4985, 0.411
2858, 0.4907, 0.401
2859, 0.4974, 0.420
2860, 0.5115, 0.431
2861, 0.4982, 0.422
2862, 0.4894, 0.420
2863, 0.4858, 0.412
2864, 0.4725, 0.411
2865, 0.4858, 0.411
2866, 0.4869, 0.411
2867, 0.5054, 0.408
2868, 0.4972, 0.412
2869, 0.5089, 0.415
2870, 0.5062, 0.419
2871, 0.4945, 0.414
2872, 0.4935, 0.425
2873, 0.4945, 0.426
2874, 0.5027, 0.417
2875, 0.5114, 0.412
2876, 0.5003, 0.414
2877, 0.4968, 0.424
2878, 0.5146, 0.432
2879, 0.4990, 0.425
2880, 0.4968, 0.420
2881, 0.4952, 0.417
2882, 0.4951, 0.419
2883, 0.4913, 0.416
2884, 0.4954, 0.415
2885, 0.4969, 0.699
2886, 0.4901, 0.420
2887, 0.5038, 0.439
2888, 0.5206, 0.419
2889, 0.5195, 0.416
2890, 0.4909, 0.416
2891, 0.5013, 0.421
2892, 0.5003, 0.422
2893, 0.4815, 0.412
2894, 0.5073, 0.413
2895, 0.4848, 0.417
2896, 0.5079, 0.420
2897, 0.4884, 0.422
2898, 0.4822, 0.416
2899, 0.4851, 0.418
2900, 0.5062, 0.430
2901, 0.5040, 0.422
2902, 0.5018, 0.419
2903, 0.5003, 0.420
2904, 0.4898, 0.412
2905, 0.5022, 0.416
2906, 0.4897, 0.431
2907, 0.4803, 0.416
2908, 0.4868, 0.422
2909, 0.4987, 0.421
2910, 0.4965, 0.413
2911, 0.5056, 0.424
2912, 0.5047, 0.419
2913, 0.5048, 0.423
2914, 0.4906, 0.417
2915, 0.4955, 0.431
2916, 0.5004, 0.413
2917, 0.4926, 0.417
2918, 0.4896, 0.416
2919, 0.4900, 0.544
2920, 0.4906, 0.413
2921, 0.4906, 0.433
2922, 0.5092, 0.439
2923, 0.4817, 0.416
2924, 0.4933, 0.423
2925, 0.4776, 0.422
2926, 0.4931, 0.421
2927, 0.4921, 0.416
2928, 0.4896, 0.423
2929, 0.4917, 0.423
2930, 0.4947, 0.418
2931, 0.4878, 0.416
2932, 0.4758, 0.427
2933, 0.4607, 0.415
2934, 0.4846, 0.418
2935, 0.4789, 0.414
2936, 0.4702, 0.414
2937, 0.4833, 0.417
2938, 0.4899, 0.414
2939, 0.4898, 0.420
2940, 0.5032, 0.424
2941, 0.4925, 0.433
2942, 0.4892, 0.419
2943, 0.4907, 0.420
2944, 0.4824, 0.419
2945, 0.4914, 0.418
2946, 0.4830, 0.426
2947, 0.4818, 0.430
2948, 0.4732, 0.424
2949, 0.5053, 0.424
2950, 0.5056, 0.496
2951, 0.4942, 0.433
2952, 0.4915, 0.434
2953, 0.4945, 0.433
2954, 0.5027, 0.434
2955, 0.4966, 0.433
2956, 0.4883, 0.432
2957, 0.4869, 0.431
2958, 0.4966, 0.430
2959, 0.4941, 0.434
2960, 0.4637, 0.437
2961, 0.4918, 0.433
2962, 0.4677, 0.441
2963, 0.4846, 0.424
2964, 0.5015, 0.430
2965, 0.4809, 0.437
2966, 0.4827, 0.429
2967, 0.4951, 0.418
2968, 0.5045, 0.418
2969, 0.5087, 0.418
2970, 0.4783, 0.416
2971, 0.4656, 0.412
2972, 0.4862, 0.415
2973, 0.5008, 0.444
2974, 0.4891, 0.425
2975, 0.5067, 0.424
2976, 0.4991, 0.418
2977, 0.5050, 0.420
2978, 0.4895, 0.419
2979, 0.4842, 0.413
2980, 0.4958, 0.409
2981, 0.5010, 0.413
2982, 0.4931, 0.414
2983, 0.4827, 0.425
2984, 0.4893, 0.438
2985, 0.4836, 0.440
2986, 0.4725, 0.439
2987, 0.4720, 0.445
2988, 0.4853, 0.405
2989, 0.4782, 0.411
2990, 0.4880, 0.397
2991, 0.4881, 0.408
2992, 0.4900, 0.413
2993, 0.4860, 0.395
2994, 0.4876, 0.398
2995, 0.4834, 0.400
2996, 0.4837, 0.400
2997, 0.4875, 0.407
2998, 0.5108, 0.406
2999, 0.4693, 0.398
3000, 0.4894, 0.381
3001, 0.5070, 0.392
3002, 0.4959, 0.395
3003, 0.5022, 0.392
3004, 0.5064, 0.385
3005, 0.5108, 0.381
3006, 0.4905, 0.389
3007, 0.4936, 1.610
3008, 0.4768, 0.408
3009, 0.4994, 0.775
3010, 0.5082, 0.793
3011, 0.4950, 0.719
3012, 0.4899, 0.393
3013, 0.4866, 0.409
3014, 0.5005, 0.412
3015, 0.4863, 0.385
3016, 0.4734, 0.410
3017, 0.5003, 0.465
3018, 0.4863, 0.376
3019, 0.4829, 0.394
3020, 0.4580, 0.388
3021, 0.4884, 0.871
3022, 0.4964, 0.381
3023, 0.4893, 0.405
3024, 0.4930, 0.412
3025, 0.4926, 0.412
3026, 0.4794, 0.406
3027, 0.4849, 0.408
3028, 0.4785, 0.415
3029, 0.4752, 0.735
3030, 0.4740, 0.423
3031, 0.5083, 0.418
3032, 0.5087, 0.397
3033, 0.4792, 0.399
3034, 0.4855, 0.404
3035, 0.4830, 0.428
3036, 0.4796, 0.434
3037, 0.4773, 0.418
3038, 0.5024, 0.397
3039, 0.4960, 0.393
3040, 0.5107, 0.391
3041, 0.4643, 0.574
3042, 0.4760, 0.424
3043, 0.4839, 0.434
3044, 0.5214, 0.426
3045, 0.5074, 0.426
3046, 0.5064, 0.436
3047, 0.4717, 0.410
3048, 0.4657, 0.417
3049, 0.5014, 0.418
3050, 0.4871, 0.441
3051, 0.4971, 0.413
3052, 0.5076, 0.418
3053, 0.4954, 0.421
3054, 0.4828, 0.411
3055, 0.5044, 0.414
3056, 0.4886, 0.428
3057, 0.5089, 0.417
3058, 0.5111, 0.419
3059, 0.4880, 0.419
3060, 0.4997, 0.432
3061, 0.4784, 0.415
3062, 0.4949, 0.417
3063, 0.4967, 0.426
3064, 0.4820, 0.429
3065, 0.4953, 0.564
3066, 0.5042, 0.420
3067, 0.4971, 0.425
3068, 0.4888, 0.418
3069, 0.4960, 0.418
3070, 0.4911, 0.433
3071, 0.4801, 0.440
3072, 0.4851, 0.422
3073, 0.5026, 0.424
3074, 0.4952, 0.589
3075, 0.4914, 0.412
3076, 0.5188, 0.419
3077, 0.4901, 0.408
3078, 0.4923, 0.423
3079, 0.5045, 0.481
3080, 0.4897, 0.432
3081, 0.5005, 0.428
3082, 0.5017, 0.420
3083, 0.5007, 0.422
3084, 0.5016, 0.432
3085, 0.5061, 0.426
3086, 0.4975, 0.426
3087, 0.4963, 0.419
3088, 0.4889, 0.417
3089, 0.4773, 0.418
3090, 0.4998, 0.415
3091, 0.4993, 0.416
3092, 0.4910, 0.411
3093, 0.4663, 0.412
3094, 0.4611, 0.414
3095, 0.4953, 0.416
3096, 0.4711, 0.415
3097, 0.4715, 0.412
3098, 0.4926, 0.414
3099, 0.5001, 0.414
3100, 0.4973, 0.412
3101, 0.5054, 0.419
3102, 0.4952, 0.416
3103, 0.4908, 0.416
3104, 0.4973, 0.419
3105, 0.4902, 0.424
3106, 0.4953, 0.439
3107, 0.5048, 0.434
3108, 0.4891, 0.432
3109, 0.4929, 0.424
3110, 0.4876, 0.425
3111, 0.4793, 0.419
3112, 0.5061, 0.428
3113, 0.4944, 0.418
3114, 0.4860, 0.421
3115, 0.4882, 0.582
3116, 0.4932, 0.426
3117, 0.5006, 0.416
3118, 0.4931, 0.417
3119, 0.4886, 0.427
3120, 0.5005, 0.428
3121, 0.5011, 0.426
3122, 0.4861, 0.426
3123, 0.5013, 0.415
3124, 0.5030, 0.422
3125, 0.4653, 0.416
3126, 0.4973, 0.423
3127, 0.5025, 0.421
3128, 0.5057, 0.425
3129, 0.4967, 0.421
3130, 0.4849, 0.416
3131, 0.4838, 0.424
3132, 0.4845, 0.415
3133, 0.4960, 0.423
3134, 0.5074, 0.421
3135, 0.4975, 0.413
3136, 0.4940, 0.419
3137, 0.5049, 0.422
3138, 0.5033, 0.413
3139, 0.5010, 0.443
3140, 0.4819, 0.439
3141, 0.4937, 0.421
3142, 0.4802, 0.421
3143, 0.5013, 0.430
3144, 0.4955, 0.443
3145, 0.4863, 0.417
3146, 0.5032, 0.411
3147, 0.4911, 0.412
3148, 0.4888, 0.412
3149, 0.4840, 0.411
3150, 0.4967, 0.414
3151, 0.4984, 0.409
3152, 0.4998, 0.396
3153, 0.4939, 0.397
3154, 0.4943, 0.427
3155, 0.4910, 0.400
3156, 0.4861, 0.390
3157, 0.4776, 0.388
3158, 0.4914, 0.390
3159, 0.4944, 2.356
3160, 0.4780, 0.407
3161, 0.4974, 0.402
3162, 0.5038, 0.441
3163, 0.4662, 0.400
3164, 0.4869, 0.401
3165, 0.4797, 0.416
3166, 0.4948, 0.414
3167, 0.4691, 0.432
3168, 0.4638, 0.437
3169, 0.4722, 0.437
3170, 0.4726, 0.446
3171, 0.4667, 0.424
3172, 0.4472, 0.435
3173, 0.4995, 0.437
3174, 0.4937, 0.436
3175, 0.4862, 0.440
3176, 0.4990, 0.440
3177, 0.4851, 0.449
3178, 0.4883, 0.427
3179, 0.4827, 0.415
3180, 0.5027, 0.415
3181, 0.5110, 0.433
3182, 0.4942, 0.436
3183, 0.4593, 0.440
3184, 0.5041, 0.434
3185, 0.4963, 0.429
3186, 0.5007, 0.438
3187, 0.4789, 0.446
3188, 0.4954, 0.433
3189, 0.4904, 0.429
3190, 0.4828, 0.440
3191, 0.4883, 0.437
3192, 0.4943, 0.438
3193, 0.5002, 0.428
3194, 0.4924, 0.423
3195, 0.5040, 0.421
3196, 0.4991, 0.416
3197, 0.4881, 0.425
3198, 0.4845, 0.412
3199, 0.5131, 0.415
3200, 0.4986, 0.415
3201, 0.4911, 0.401
3202, 0.5024, 0.417
3203, 0.4957, 0.429
3204, 0.4896, 0.420
3205, 0.5085, 0.885
3206, 0.4936, 0.446
3207, 0.4948, 0.814
3208, 0.4818, 0.419
3209, 0.4763, 0.418
3210, 0.4968, 0.411
3211, 0.4834, 0.420
3212, 0.4906, 0.412
3213, 0.4826, 0.408
3214, 0.5007, 0.410
3215, 0.4936, 0.413
3216, 0.4965, 0.491
3217, 0.4972, 0.419
3218, 0.5078, 0.417
3219, 0.4848, 0.417
3220, 0.4709, 0.412
3221, 0.4918, 0.418
3222, 0.4909, 0.422
3223, 0.4891, 0.426
3224, 0.4869, 0.415
3225, 0.4986, 0.424
3226, 0.4883, 0.427
3227, 0.4894, 0.416
3228, 0.4926, 0.414
3229, 0.4949, 0.415
3230, 0.4971, 0.415
3231, 0.5010, 0.419
3232, 0.4789, 0.429
3233, 0.4825, 0.414
3234, 0.4958, 0.420
3235, 0.4947, 0.422
3236, 0.4999, 0.421
3237, 0.4969, 0.424
3238, 0.4966, 0.422
3239, 0.4955, 0.428
3240, 0.5044, 0.425
3241, 0.4887, 0.434
3242, 0.4926, 0.415
3243, 0.4877, 0.418
3244, 0.4828, 0.436
3245, 0.5019, 0.429
3246, 0.4945, 0.450
3247, 0.4961, 0.418
3248, 0.4910, 0.419
3249, 0.4924, 0.941
3250, 0.4997, 0.412
3251, 0.5003, 0.427
3252, 0.4887, 0.421
3253, 0.5106, 0.434
3254, 0.4802, 0.436
3255, 0.5007, 0.422
3256, 0.4990, 0.417
3257, 0.5044, 0.413
3258, 0.5058, 0.411
3259, 0.5054, 0.414
3260, 0.4742, 0.412
3261, 0.4855, 0.414
3262, 0.4920, 0.421
3263, 0.4676, 0.421
3264, 0.4825, 0.425
3265, 0.4961, 0.416
3266, 0.4777, 0.425
3267, 0.5015, 0.416
3268, 0.4915, 0.414
3269, 0.4862, 0.418
3270, 0.5027, 0.414
3271, 0.4956, 0.418
3272, 0.4958, 0.430
3273, 0.4936, 0.420
3274, 0.4946, 0.414
3275, 0.4958, 0.412
3276, 0.4926, 0.413
3277, 0.4817, 0.429
3278, 0.4954, 0.418
3279, 0.4884, 0.420
3280, 0.4944, 0.418
3281, 0.4972, 0.421
3282, 0.4916, 0.858
3283, 0.4820, 0.420
3284, 0.4912, 0.417
3285, 0.5043, 0.417
3286, 0.4723, 0.411
3287, 0.5024, 0.409
3288, 0.5043, 0.420
3289, 0.5035, 0.416
3290, 0.4769, 0.418
3291, 0.4949, 0.416
3292, 0.4935, 0.416
3293, 0.4872, 0.419
3294, 0.4811, 0.417
3295, 0.4926, 0.413
3296, 0.5182, 0.412
3297, 0.5054, 0.410
3298, 0.4869, 0.412
3299, 0.4931, 0.410
3300, 0.4949, 0.408
3301, 0.4806, 0.395
3302, 0.5006, 0.394
3303, 0.5000, 0.397
3304, 0.4941, 0.396
3305, 0.5002, 0.396
3306, 0.4943, 0.391
3307, 0.4993, 0.396
3308, 0.5055, 2.751
3309, 0.4863, 0.398
3310, 0.4706, 0.402
3311, 0.4766, 0.404
3312, 0.4948, 0.419
3313, 0.5017, 0.776
3314, 0.4826, 0.410
3315, 0.4830, 0.428
3316, 0.4978, 0.806
3317, 0.5005, 0.422
3318, 0.4993, 0.422
3319, 0.4850, 0.423
3320, 0.4906, 0.421
3321, 0.4782, 0.419
3322, 0.4907, 0.415
3323, 0.4978, 0.417
3324, 0.4881, 0.414
3325, 0.4927, 0.413
3326, 0.5133, 0.415
3327, 0.4769, 0.425
3328, 0.4901, 0.414
3329, 0.4839, 0.415
3330, 0.4927, 0.418
3331, 0.5080, 0.424
3332, 0.4940, 0.433
3333, 0.4976, 0.415
3334, 0.4927, 0.425
3335, 0.4875, 0.416
3336, 0.4876, 0.412
3337, 0.4934, 0.951
3338, 0.5045, 0.431
3339, 0.4979, 0.416
3340, 0.4932, 0.423
3341, 0.4988, 0.420
3342, 0.4982, 0.427
3343, 0.4960, 0.425
3344, 0.5002, 0.413
3345, 0.4818, 0.413
3346, 0.4895, 0.414
3347, 0.5051, 0.515
3348, 0.4993, 0.424
3349, 0.5088, 0.424
3350, 0.5012, 0.577
3351, 0.4860, 0.411
3352, 0.4926, 0.419
3353, 0.4760, 0.417
3354, 0.4762, 0.412
3355, 0.4977, 0.420
3356, 0.4933, 0.428
3357, 0.4892, 0.443
3358, 0.4941, 0.446
3359, 0.5065, 0.444
3360, 0.4980, 0.428
3361, 0.4986, 0.453
3362, 0.4903, 0.419
3363, 0.4889, 0.434
3364, 0.4898, 0.428
3365, 0.5111, 0.437
3366, 0.5058, 0.434
3367, 0.4918, 0.435
3368, 0.4993, 0.438
3369, 0.4863, 0.431
3370, 0.4861, 0.431
3371, 0.5061, 0.437
3372, 0.4755, 0.438
3373, 0.4876, 0.437
3374, 0.4761, 0.436
3375, 0.4903, 0.437
3376, 0.4793, 0.438
3377, 0.4815, 0.445
3378, 0.4989, 0.442
3379, 0.4795, 0.437
3380, 0.4930, 0.438
3381, 0.5083, 0.442
3382, 0.4935, 0.433
3383, 0.4780, 0.437
3384, 0.4695, 0.435
3385, 0.4780, 0.440
3386, 0.4917, 0.426
3387, 0.4802, 0.443
3388, 0.5053, 0.444
3389, 0.4960, 0.438
3390, 0.4947, 0.436
3391, 0.4923, 0.445
3392, 0.5103, 0.433
3393, 0.4916, 0.415
3394, 0.4884, 0.435
3395, 0.4946, 0.418
3396, 0.5029, 0.413
3397, 0.4895, 0.437
3398, 0.5024, 0.435
3399, 0.5093, 0.433
3400, 0.4973, 0.435
3401, 0.5019, 0.414
3402, 0.4809, 0.416
3403, 0.4921, 0.414
3404, 0.5069, 0.411
3405, 0.4862, 0.426
3406, 0.4878, 0.417
3407, 0.4752, 0.418
3408, 0.5040, 0.416
3409, 0.5031, 0.416
3410, 0.4873, 0.417
3411, 0.4915, 0.432
3412, 0.4963, 0.411
3413, 0.5060, 0.410
3414, 0.4978, 0.407
3415, 0.5064, 0.442
3416, 0.5138, 0.411
3417, 0.4962, 0.420
3418, 0.4897, 0.422
3419, 0.5033, 0.412
3420, 0.5051, 0.421
3421, 0.5091, 0.426
3422, 0.5089, 0.421
3423, 0.4967, 0.423
3424, 0.4855, 0.689
3425, 0.4978, 0.419
3426, 0.5013, 0.421
3427, 0.4884, 0.420
3428, 0.4842, 0.416
3429, 0.5024, 0.420
3430, 0.4991, 0.769
3431, 0.4852, 0.418
3432, 0.5075, 0.432
3433, 0.4970, 0.436
3434, 0.5099, 0.425
3435, 0.5038, 0.421
3436, 0.4854, 0.416
3437, 0.5069, 0.419
3438, 0.5075, 0.416
3439, 0.4857, 0.417
3440, 0.4963, 0.417
3441, 0.5026, 0.415
3442, 0.5013, 0.415
3443, 0.5020, 0.417
3444, 0.4892, 0.408
3445, 0.5059, 0.402
3446, 0.4919, 0.405
3447, 0.4995, 0.410
3448, 0.4900, 0.411
3449, 0.4999, 0.390
3450, 0.4865, 0.396
3451, 0.4710, 0.397
3452, 0.4932, 0.394
3453, 0.4810, 0.392
3454, 0.4780, 0.397
3455, 0.4830, 0.397
3456, 0.4978, 0.396
3457, 0.5085, 2.043
3458, 0.5074, 0.559
3459, 0.4994, 1.201
3460, 0.4835, 0.382
3461, 0.4816, 0.383
3462, 0.4951, 1.662
3463, 0.4795, 0.398
3464, 0.5012, 0.411
3465, 0.4941, 0.413
3466, 0.4945, 0.415
3467, 0.5028, 0.416
3468, 0.5048, 0.413
3469, 0.4859, 0.423
3470, 0.4971, 0.419
3471, 0.4999, 0.424
3472, 0.4874, 0.420
3473, 0.4982, 0.417
3474, 0.4916, 0.422
3475, 0.4795, 0.409
3476, 0.4933, 0.419
3477, 0.4774, 0.432
3478, 0.4881, 0.428
3479, 0.4795, 0.416
3480, 0.5063, 0.418
3481, 0.4935, 0.421
3482, 0.5021, 0.424
3483, 0.4953, 0.420
3484, 0.5077, 0.423
3485, 0.4898, 0.415
3486, 0.4965, 0.415
3487, 0.5005, 0.416
3488, 0.4820, 0.427
3489, 0.5047, 0.431
3490, 0.4919, 0.417
3491, 0.4801, 0.421
3492, 0.4797, 0.396
3493, 0.4839, 0.417
3494, 0.4774, 0.414
3495, 0.4983, 0.433
3496, 0.4922, 0.412
3497, 0.5076, 0.416
3498, 0.4745, 0.420
3499, 0.4833, 0.410
3500, 0.4894, 0.413
3501, 0.4998, 0.422
3502, 0.4946, 0.414
3503, 0.5025, 0.417
3504, 0.5093, 0.423
3505, 0.5038, 0.418
3506, 0.5093, 0.411
3507, 0.5009, 0.413
3508, 0.4895, 0.416
3509, 0.5006, 0.413
3510, 0.4886, 0.440
3511, 0.4933, 0.424
3512, 0.4949, 0.430
3513, 0.5066, 0.418
3514, 0.5131, 0.412
3515, 0.5003, 0.412
3516, 0.4999, 0.418
3517, 0.4531, 0.417
3518, 0.5087, 0.428
3519, 0.5028, 0.416
3520, 0.5003, 0.424
3521, 0.5009, 0.417
3522, 0.4939, 0.424
3523, 0.5129, 0.423
3524, 0.4957, 0.428
3525, 0.4961, 0.425
3526, 0.4868, 0.423
3527, 0.4968, 0.425
3528, 0.5052, 0.448
3529, 0.5024, 0.416
3530, 0.4891, 0.423
3531, 0.4959, 0.416
3532, 0.4848, 0.417
3533, 0.4862, 0.430
3534, 0.4929, 0.420
3535, 0.4918, 0.431
3536, 0.4921, 0.425
3537, 0.4863, 0.438
3538, 0.4871, 0.424
3539, 0.5163, 0.416
3540, 0.5112, 0.440
3541, 0.4967, 0.423
3542, 0.5040, 0.414
3543, 0.5000, 0.440
3544, 0.4833, 0.437
3545, 0.4984, 0.436
3546, 0.4984, 0.435
3547, 0.5030, 0.437
3548, 0.4877, 0.432
3549, 0.4957, 0.436
3550, 0.4911, 0.444
3551, 0.5120, 0.447
3552, 0.4854, 0.434
3553, 0.5036, 0.432
3554, 0.4963, 0.441
3555, 0.4850, 0.439
3556, 0.4973, 0.442
3557, 0.4965, 0.453
3558, 0.5018, 0.407
3559, 0.4960, 0.417
3560, 0.4981, 0.441
3561, 0.5037, 0.435
3562, 0.5047, 0.444
3563, 0.4888, 0.427
3564, 0.4748, 0.435
3565, 0.5130, 0.431
3566, 0.5049, 0.445
3567, 0.4922, 0.440
3568, 0.5062, 0.422
3569, 0.4928, 0.433
3570, 0.5025, 0.426
3571, 0.4996, 0.416
3572, 0.4906, 0.427
3573, 0.4917, 0.427
3574, 0.4942, 0.432
3575, 0.4872, 0.445
3576, 0.4877, 0.431
3577, 0.5036, 0.438
3578, 0.4996, 0.440
3579, 0.5130, 0.438
3580, 0.5024, 0.401
3581, 0.4851, 0.416
3582, 0.5081, 0.434
3583, 0.5123, 0.413
3584, 0.4997, 0.438
3585, 0.4770, 0.439
3586, 0.4915, 0.430
3587, 0.4947, 0.441
3588, 0.5006, 0.432
3589, 0.5089, 0.449
3590, 0.4919, 0.444
3591, 0.4799, 0.436
3592, 0.5027, 0.436
3593, 0.4944, 0.454
3594, 0.5011, 0.449
3595, 0.4810, 0.426
3596, 0.4999, 0.434
3597, 0.5117, 0.441
3598, 0.5068, 0.433
3599, 0.4914, 0.432
3600, 0.4963, 0.427
3601, 0.4976, 0.417
3602, 0.5057, 0.417
3603, 0.4941, 0.414
3604, 0.5144, 0.415
3605, 0.4976, 0.414
3606, 0.4750, 0.401
3607, 0.4822, 0.725
3608, 0.4800, 0.687
3609, 0.4859, 0.607
3610, 0.5066, 0.650
3611, 0.5062, 0.410
3612, 0.5171, 0.407
3613, 0.5045, 0.408
3614, 0.5105, 0.402
3615, 0.4928, 0.414
3616, 0.4882, 0.443
3617, 0.4909, 0.412
3618, 0.4802, 0.433
3619, 0.4857, 0.409
3620, 0.4872, 0.420
3621, 0.4863, 0.415
3622, 0.5041, 0.490
3623, 0.4934, 0.409
3624, 0.4946, 0.426
3625, 0.5018, 0.424
3626, 0.4898, 0.416
3627, 0.5048, 0.582
3628, 0.4991, 0.436
3629, 0.5133, 0.413
3630, 0.4994, 0.412
3631, 0.5100, 0.467
3632, 0.5010, 0.414
3633, 0.4716, 0.415
3634, 0.4980, 0.413
3635, 0.5101, 0.413
3636, 0.4932, 0.411
3637, 0.4979, 0.410
3638, 0.5122, 0.410
3639, 0.4797, 0.417
3640, 0.4743, 0.416
3641, 0.4739, 0.417
3642, 0.4977, 0.428
3643, 0.4879, 0.431
3644, 0.4984, 0.413
3645, 0.5053, 0.411
3646, 0.5112, 0.409
3647, 0.5038, 0.412
3648, 0.4946, 0.417
3649, 0.4951, 0.429
3650, 0.5080, 0.419
3651, 0.5116, 0.414
3652, 0.4759, 0.426
3653, 0.4825, 0.435
3654, 0.4865, 0.426
3655, 0.4970, 0.417
3656, 0.4913, 0.414
3657, 0.4950, 0.417
3658, 0.5003, 0.416
3659, 0.4818, 0.417
3660, 0.4975, 0.423
3661, 0.4912, 0.415
3662, 0.4978, 0.428
3663, 0.4962, 0.424
3664, 0.4859, 0.425
3665, 0.4940, 0.607
3666, 0.5161, 0.417
3667, 0.5084, 0.421
3668, 0.5074, 0.424
3669, 0.5041, 0.426
3670, 0.4912, 0.414
3671, 0.4973, 0.417
3672, 0.4812, 0.425
3673, 0.5002, 0.441
3674, 0.5200, 0.417
3675, 0.5266, 0.419
3676, 0.5108, 0.416
3677, 0.4885, 0.415
3678, 0.5145, 0.414
3679, 0.4916, 0.413
3680, 0.4999, 0.424
3681, 0.4944, 0.419
3682, 0.4897, 0.415
3683, 0.5007, 0.413
3684, 0.4979, 0.411
3685, 0.4935, 0.416
3686, 0.5033, 0.417
3687, 0.4833, 0.418
3688, 0.5046, 0.417
3689, 0.4860, 0.417
3690, 0.4800, 0.425
3691, 0.5058, 0.420
3692, 0.4992, 0.419
3693, 0.5015, 0.423
3694, 0.5098, 0.423
3695, 0.4993, 0.414
3696, 0.5017, 0.414
3697, 0.5043, 0.414
3698, 0.5120, 0.420
3699, 0.5115, 0.431
3700, 0.4921, 0.413
3701, 0.5018, 0.420
3702, 0.4966, 0.423
3703, 0.4957, 0.429
3704, 0.4996, 0.422
3705, 0.4896, 0.420
3706, 0.4963, 0.423
3707, 0.5103, 0.622
3708, 0.4954, 0.414
3709, 0.4835, 0.416
3710, 0.5043, 0.419
3711, 0.5007, 0.432
3712, 0.4870, 0.430
3713, 0.4833, 0.426
3714, 0.4872, 0.425
3715, 0.4906, 0.413
3716, 0.5181, 0.413
3717, 0.5046, 0.542
3718, 0.5006, 0.824
3719, 0.5052, 0.419
3720, 0.4830, 0.421
3721, 0.4965, 0.416
3722, 0.5138, 0.417
3723, 0.4790, 0.417
3724, 0.4889, 0.416
3725, 0.4962, 0.418
3726, 0.5069, 0.416
3727, 0.5079, 0.411
3728, 0.5052, 0.415
3729, 0.4964, 0.414
3730, 0.4956, 0.420
3731, 0.5021, 0.413
3732, 0.5016, 0.414
3733, 0.4861, 0.418
3734, 0.4981, 0.418
3735, 0.4908, 0.428
3736, 0.4950, 0.430
3737, 0.4851, 0.418
3738, 0.4737, 0.418
3739, 0.4783, 0.417
3740, 0.5032, 0.415
3741, 0.4865, 0.601
3742, 0.5029, 0.413
3743, 0.5010, 0.417
3744, 0.5089, 0.429
3745, 0.4911, 0.433
3746, 0.5006, 0.425
3747, 0.5107, 0.413
3748, 0.4959, 0.413
3749, 0.4951, 0.415
3750, 0.4927, 0.410
3751, 0.4948, 0.401
3752, 0.4989, 0.397
3753, 0.4875, 0.428
3754, 0.4845, 0.418
3755, 0.5068, 0.422
3756, 0.5020, 0.424
3757, 0.4967, 0.419
3758, 0.5074, 2.894
3759, 0.4928, 0.412
3760, 0.4958, 0.407
3761, 0.5036, 0.406
3762, 0.4943, 0.561
3763, 0.4988, 0.408
3764, 0.5112, 0.424
3765, 0.5043, 0.437
3766, 0.4964, 0.439
3767, 0.4910, 0.425
3768, 0.4991, 0.444
3769, 0.4933, 0.444
3770, 0.4964, 0.445
3771, 0.4904, 0.433
3772, 0.5003, 0.433
3773, 0.5030, 0.425
3774, 0.5030, 0.418
3775, 0.5104, 0.419
3776, 0.5001, 0.434
3777, 0.4962, 0.444
3778, 0.5017, 0.453
3779, 0.4829, 0.438
3780, 0.5012, 0.436
3781, 0.5115, 0.432
3782, 0.5055, 0.427
3783, 0.4971, 0.434
3784, 0.4971, 0.439
3785, 0.4871, 0.433
3786, 0.5055, 0.427
3787, 0.5189, 0.414
3788, 0.5188, 0.418
3789, 0.5128, 0.418
3790, 0.5012, 0.420
3791, 0.4927, 0.421
3792, 0.5110, 0.424
3793, 0.5096, 0.418
3794, 0.5136, 0.424
3795, 0.4984, 0.419
3796, 0.5044, 0.434
3797, 0.5028, 0.426
3798, 0.4835, 0.426
3799, 0.4968, 0.441
3800, 0.5007, 0.438
3801, 0.4841, 0.419
3802, 0.4982, 0.420
3803, 0.5122, 0.423
3804, 0.5115, 0.416
3805, 0.4984, 0.424
3806, 0.4999, 0.436
3807, 0.4951, 0.415
3808, 0.4954, 0.427
3809, 0.4993, 0.426
3810, 0.4926, 0.422
3811, 0.4776, 0.422
3812, 0.5018, 0.419
3813, 0.5052, 0.414
3814, 0.5001, 0.413
3815, 0.5042, 0.413
3816, 0.4864, 0.408
3817, 0.5129, 0.473
3818, 0.4877, 0.409
3819, 0.5053, 0.412
3820, 0.4969, 0.414
3821, 0.4967, 0.425
3822, 0.4871, 0.414
3823, 0.4860, 0.417
3824, 0.5092, 0.415
3825, 0.5092, 0.419
3826, 0.5114, 0.418
3827, 0.5009, 0.424
3828, 0.4842, 0.416
3829, 0.4787, 0.418
3830, 0.4993, 0.421
3831, 0.4888, 0.418
3832, 0.4843, 0.419
3833, 0.5045, 0.422
3834, 0.5027, 0.416
3835, 0.5084, 0.414
3836, 0.5222, 0.430
3837, 0.4894, 0.413
3838, 0.5030, 0.414
3839, 0.4962, 0.413
3840, 0.4928, 0.445
3841, 0.5050, 0.419
3842, 0.5021, 0.427
3843, 0.4964, 0.429
3844, 0.5121, 0.417
3845, 0.4976, 0.432
3846, 0.4952, 0.427
3847, 0.4991, 0.429
3848, 0.4973, 0.422
3849, 0.4915, 0.414
3850, 0.5024, 0.414
3851, 0.4998, 0.419
3852, 0.5016, 0.421
3853, 0.5020, 0.417
3854, 0.4929, 0.900
3855, 0.4871, 0.421
3856, 0.4912, 0.419
3857, 0.5009, 0.418
3858, 0.4936, 0.424
3859, 0.4920, 0.425
3860, 0.4907, 0.423
3861, 0.4968, 0.429
3862, 0.4972, 0.413
3863, 0.4913, 0.508
3864, 0.5069, 0.432
3865, 0.5081, 0.420
3866, 0.5017, 0.421
3867, 0.5078, 0.415
3868, 0.5078, 0.414
3869, 0.5173, 0.416
3870, 0.4956, 0.413
3871, 0.4899, 0.413
3872, 0.4861, 0.411
3873, 0.4931, 0.415
3874, 0.4897, 0.416
3875, 0.4952, 0.411
3876, 0.4904, 0.414
3877, 0.4957, 0.412
3878, 0.5034, 0.415
3879, 0.5083, 0.418
3880, 0.5004, 0.415
3881, 0.5053, 0.414
3882, 0.5006, 0.414
3883, 0.4927, 0.414
3884, 0.4998, 0.417
3885, 0.5077, 0.417
3886, 0.5058, 0.412
3887, 0.5013, 0.409
3888, 0.4904, 0.412
3889, 0.4977, 0.417
3890, 0.4889, 0.416
3891, 0.4940, 0.417
3892, 0.5029, 0.420
3893, 0.4929, 0.423
3894, 0.4925, 0.424
3895, 0.4824, 0.420
3896, 0.4824, 0.438
3897, 0.5036, 0.420
3898, 0.5099, 0.410
3899, 0.5059, 0.416
3900, 0.5088, 0.411
3901, 0.5050, 0.409
3902, 0.4643, 0.413
3903, 0.5026, 0.395
3904, 0.4856, 0.398
3905, 0.5039, 0.397
3906, 0.4937, 0.398
3907, 0.4856, 0.396
3908, 0.4969, 0.393
3909, 0.5007, 0.394
3910, 0.5044, 2.416
3911, 0.4962, 0.407
3912, 0.5025, 0.403
3913, 0.5225, 0.403
3914, 0.4946, 0.416
3915, 0.4982, 0.431
3916, 0.4993, 0.405
3917, 0.5011, 0.410
3918, 0.4966, 0.975
3919, 0.4787, 0.399
3920, 0.4817, 0.932
3921, 0.4985, 0.429
3922, 0.4880, 0.465
3923, 0.4998, 0.419
3924, 0.5051, 0.416
3925, 0.5076, 0.418
3926, 0.4989, 0.425
3927, 0.5029, 0.413
3928, 0.5006, 0.417
3929, 0.4869, 0.409
3930, 0.4998, 0.417
3931, 0.4895, 0.415
3932, 0.4857, 0.430
3933, 0.5124, 0.415
3934, 0.4906, 0.418
3935, 0.4836, 0.415
3936, 0.4922, 0.413
3937, 0.4862, 0.417
3938, 0.4902, 0.413
3939, 0.4862, 0.412
3940, 0.5115, 0.414
3941, 0.4837, 0.424
3942, 0.4941, 0.417
3943, 0.5021, 0.416
3944, 0.5050, 0.418
3945, 0.4922, 0.426
3946, 0.4788, 0.486
3947, 0.5031, 0.435
3948, 0.4857, 0.432
3949, 0.4945, 0.427
3950, 0.5054, 0.433
3951, 0.5010, 0.432
3952, 0.4890, 0.443
3953, 0.4970, 0.432
3954, 0.4893, 0.430
3955, 0.4978, 0.438
3956, 0.4842, 0.445
3957, 0.4962, 0.444
3958, 0.5008, 0.443
3959, 0.4956, 0.422
3960, 0.4974, 0.434
3961, 0.5013, 0.423
3962, 0.4975, 0.439
3963, 0.4902, 0.417
3964, 0.5002, 0.419
3965, 0.4925, 0.438
3966, 0.4970, 0.440
3967, 0.5018, 0.439
3968, 0.5021, 0.432
3969, 0.4942, 0.434
3970, 0.4835, 0.435
3971, 0.5029, 0.437
3972, 0.4932, 0.435
3973, 0.4997, 0.436
3974, 0.5065, 0.439
3975, 0.4897, 0.437
3976, 0.5050, 0.438
3977, 0.5152, 0.439
3978, 0.5043, 0.438
3979, 0.5024, 0.446
3980, 0.5076, 0.437
3981, 0.4929, 0.432
3982, 0.4860, 0.437
3983, 0.4831, 0.438
3984, 0.4806, 0.439
3985, 0.4770, 0.434
3986, 0.5011, 0.438
3987, 0.5099, 0.450
3988, 0.4960, 0.437
3989, 0.5020, 0.433
3990, 0.5010, 0.424
3991, 0.5045, 0.433
3992, 0.4996, 0.414
3993, 0.4897, 0.407
3994, 0.4948, 0.407
3995, 0.4965, 0.403
3996, 0.4841, 0.424
3997, 0.4880, 0.411
3998, 0.4904, 0.413
3999, 0.4979, 0.414
4000, 0.5103, 0.429
4001, 0.4847, 0.421
4002, 0.5001, 0.418
4003, 0.4994, 0.416
4004, 0.5016, 0.427
4005, 0.5023, 0.414
4006, 0.5068, 0.419
4007, 0.4931, 0.435
4008, 0.4900, 0.421
4009, 0.5065, 0.433
4010, 0.4926, 0.417
4011, 0.4977, 0.407
4012, 0.5134, 0.410
4013, 0.4887, 0.406
4014, 0.4799, 0.409
4015, 0.4925, 0.415
4016, 0.5018, 0.417
4017, 0.4954, 0.418
4018, 0.5010, 0.415
4019, 0.4978, 0.431
4020, 0.4820, 0.410
4021, 0.4933, 0.394
4022, 0.4923, 0.413
4023, 0.5055, 0.407
4024, 0.4908, 0.430
4025, 0.4921, 0.412
4026, 0.4873, 0.417
4027, 0.4896, 0.420
4028, 0.4961, 0.416
4029, 0.4958, 0.419
4030, 0.4842, 0.412
4031, 0.4817, 0.412
4032, 0.4967, 0.421
4033, 0.5081, 0.427
4034, 0.4976, 0.416
4035, 0.4886, 0.421
4036, 0.4877, 0.417
4037, 0.4949, 0.418
4038, 0.5003, 0.417
4039, 0.4865, 0.412
4040, 0.4985, 0.415
4041, 0.5070, 0.411
4042, 0.4907, 0.411
4043, 0.5050, 0.419
4044, 0.4975, 0.421
4045, 0.4862, 0.414
4046, 0.4994, 0.413
4047, 0.4904, 0.415
4048, 0.4827, 0.413
4049, 0.5028, 0.406
4050, 0.4944, 0.408
4051, 0.4931, 0.410
4052, 0.5121, 0.408
4053, 0.4990, 0.410
4054, 0.5116, 0.396
4055, 0.4959, 0.394
4056, 0.4909, 0.394
4057, 0.4930, 0.396
4058, 0.4847, 0.389
4059, 0.4877, 0.394
4060, 0.4957, 0.395
4061, 0.5010, 0.395
4062, 0.4910, 1.820
4063, 0.4884, 1.407
4064, 0.4937, 0.393
4065, 0.5023, 0.613
4066, 0.5085, 0.399
4067, 0.5014, 0.399
4068, 0.4943, 0.430
4069, 0.4974, 0.410
4070, 0.4973, 0.421
4071, 0.4912, 0.419
4072, 0.4878, 0.414
4073, 0.4854, 0.416
4074, 0.4990, 0.413
4075, 0.4994, 0.414
4076, 0.5003, 0.433
4077, 0.4927, 0.655
4078, 0.4861, 0.416
4079, 0.5028, 0.411
4080, 0.5015, 0.417
4081, 0.5007, 0.419
4082, 0.5011, 0.410
4083, 0.5150, 0.420
4084, 0.5004, 0.422
4085, 0.4950, 0.419
4086, 0.4894, 0.427
4087, 0.5065, 0.426
4088, 0.5056, 0.415
4089, 0.5049, 0.421
4090, 0.4901, 0.417
4091, 0.5026, 0.427
4092, 0.4942, 0.640
4093, 0.4911, 0.417
4094, 0.4981, 0.475
4095, 0.5135, 0.566
4096, 0.4912, 0.418
4097, 0.4991, 0.421
4098, 0.4982, 0.714
4099, 0.5037, 0.426
4100, 0.5051, 0.418
4101, 0.4846, 0.427
4102, 0.5024, 0.423
4103, 0.4891, 0.419
4104, 0.5041, 0.418
4105, 0.5032, 0.412
4106, 0.5141, 0.413
4107, 0.4942, 0.412
4108, 0.4925, 0.415
4109, 0.5038, 0.420
4110, 0.5065, 0.415
4111, 0.4837, 0.419
4112, 0.4938, 0.414
4113, 0.5092, 0.418
4114, 0.4832, 0.416
4115, 0.4974, 0.415
4116, 0.4985, 0.415
4117, 0.4968, 0.421
4118, 0.4968, 0.426
4119, 0.4995, 0.419
4120, 0.5001, 0.424
4121, 0.5074, 0.416
4122, 0.5056, 0.416
4123, 0.5009, 0.426
4124, 0.4862, 0.425
4125, 0.4835, 0.419
4126, 0.4965, 0.416
4127, 0.4988, 0.419
4128, 0.4959, 0.418
4129, 0.5050, 0.431
4130, 0.5156, 0.429
4131, 0.4999, 0.419
4132, 0.4987, 0.415
4133, 0.5017, 0.424
4134, 0.5056, 0.439
4135, 0.4913, 0.415
4136, 0.5032, 0.424
4137, 0.4877, 0.422
4138, 0.4899, 0.436
4139, 0.5050, 0.422
4140, 0.4993, 0.427
4141, 0.4902, 0.431
4142, 0.4985, 0.428
4143, 0.4886, 0.413
4144, 0.4912, 0.421
4145, 0.4880, 0.435
4146, 0.4912, 0.435
4147, 0.4999, 0.772
4148, 0.5106, 0.424
4149, 0.4925, 0.429
4150, 0.4915, 0.417
4151, 0.4957, 0.411
4152, 0.4898, 0.418
4153, 0.4926, 0.427
4154, 0.4873, 0.437
4155, 0.4934, 0.435
4156, 0.4975, 0.429
4157, 0.5059, 0.429
4158, 0.5057, 0.435
4159, 0.5068, 0.444
4160, 0.5018, 0.442
4161, 0.4937, 0.441
4162, 0.5006, 0.440
4163, 0.4818, 0.439
4164, 0.4975, 0.437
4165, 0.4794, 0.436
4166, 0.4960, 0.433
4167, 0.4964, 0.439
4168, 0.5041, 0.439
4169, 0.4920, 0.447
4170, 0.4757, 0.434
4171, 0.4937, 0.425
4172, 0.4924, 0.439
4173, 0.5000, 0.438
4174, 0.4915, 0.447
4175, 0.4886, 0.434
4176, 0.4944, 0.442
4177, 0.4916, 0.438
4178, 0.4847, 0.453
4179, 0.4995, 0.435
4180, 0.5090, 0.434
4181, 0.5028, 0.447
4182, 0.4961, 0.420
4183, 0.5094, 0.421
4184, 0.4839, 0.430
4185, 0.4809, 0.427
4186, 0.5040, 0.426
4187, 0.4960, 0.412
4188, 0.4920, 0.419
4189, 0.5013, 0.437
4190, 0.4890, 0.438
4191, 0.5016, 0.439
4192, 0.4998, 0.438
4193, 0.4940, 0.446
4194, 0.4845, 0.446
4195, 0.4950, 0.434
4196, 0.4983, 0.442
4197, 0.4959, 0.451
4198, 0.5015, 0.452
4199, 0.4914, 0.437
4200, 0.4995, 0.436
4201, 0.5031, 0.421
4202, 0.5042, 0.433
4203, 0.4962, 0.429
4204, 0.4920, 0.426
4205, 0.4996, 0.419
4206, 0.4967, 0.395
4207, 0.4997, 0.392
4208, 0.5043, 0.396
4209, 0.4924, 0.409
4210, 0.5058, 0.404
4211, 0.4985, 0.400
4212, 0.5091, 0.396
4213, 0.4945, 1.491
4214, 0.5000, 0.402
4215, 0.5033, 1.281
4216, 0.4885, 0.402
4217, 0.4899, 0.403
4218, 0.5050, 0.407
4219, 0.4865, 0.405
4220, 0.5055, 0.418
4221, 0.5069, 0.378
4222, 0.4970, 0.653
4223, 0.5003, 0.399
4224, 0.4940, 0.398
4225, 0.5067, 0.418
4226, 0.4998, 0.427
4227, 0.4868, 0.417
4228, 0.4930, 0.418
4229, 0.5049, 0.412
4230, 0.5107, 0.434
4231, 0.5026, 0.420
4232, 0.4902, 0.436
4233, 0.4954, 0.414
4234, 0.5066, 0.432
4235, 0.4915, 0.394
4236, 0.4946, 0.419
4237, 0.5005, 0.406
4238, 0.5028, 0.416
4239, 0.5088, 0.422
4240, 0.4952, 0.423
4241, 0.4998, 0.418
4242, 0.4921, 0.414
4243, 0.5052, 0.416
4244, 0.4981, 0.418
4245, 0.4892, 0.421
4246, 0.4841, 0.427
4247, 0.4978, 0.420
4248, 0.5116, 0.425
4249, 0.4995, 0.478
4250, 0.5088, 0.420
4251, 0.5046, 0.414
4252, 0.4985, 0.412
4253, 0.5081, 0.417
4254, 0.5010, 0.420
4255, 0.5051, 0.416
4256, 0.5042, 0.415
4257, 0.4987, 0.415
4258, 0.4898, 0.422
4259, 0.5076, 0.431
4260, 0.5087, 0.415
4261, 0.5146, 0.415
4262, 0.5055, 0.415
4263, 0.4849, 0.423
4264, 0.4944, 0.423
4265, 0.4859, 0.415
4266, 0.4975, 0.426
4267, 0.4941, 0.420
4268, 0.5084, 0.432
4269, 0.5000, 0.419
4270, 0.4964, 0.414
4271, 0.4998, 0.418
4272, 0.5018, 0.426
4273, 0.4983, 0.437
4274, 0.5049, 0.430
4275, 0.4940, 0.419
4276, 0.4989, 0.425
4277, 0.5110, 0.421
4278, 0.4996, 0.436
4279, 0.5071, 0.414
4280, 0.4871, 0.419
4281, 0.4999, 0.423
4282, 0.5003, 0.428
4283, 0.4873, 0.447
4284, 0.4866, 0.444
4285, 0.5112, 0.423
4286, 0.5141, 0.417
4287, 0.4977, 0.424
4288, 0.4976, 0.431
4289, 0.4929, 0.422
4290, 0.4947, 0.419
4291, 0.5017, 0.418
4292, 0.5122, 0.416
4293, 0.4896, 0.435
4294, 0.4875, 0.427
4295, 0.4889, 0.425
4296, 0.4913, 0.412
4297, 0.4946, 0.418
4298, 0.4942, 0.419
4299, 0.5081, 0.415
4300, 0.5105, 0.415
4301, 0.5023, 0.415
4302, 0.5005, 0.410
4303, 0.5045, 0.414
4304, 0.4933, 0.428
4305, 0.4934, 0.427
4306, 0.5062, 0.414
4307, 0.5038, 0.413
4308, 0.5116, 0.415
4309, 0.4920, 0.441
4310, 0.4897, 0.416
4311, 0.5116, 0.417
4312, 0.4930, 0.414
4313, 0.5012, 0.418
4314, 0.5036, 0.429
4315, 0.4977, 0.431
4316, 0.4871, 0.417
4317, 0.4994, 0.427
4318, 0.5053, 0.419
4319, 0.5127, 0.417
4320, 0.4898, 0.429
4321, 0.5133, 0.430
4322, 0.5024, 0.418
4323, 0.4829, 0.418
4324, 0.5027, 0.412
4325, 0.4855, 0.419
4326, 0.5024, 0.414
4327, 0.5057, 0.422
4328, 0.5028, 0.414
4329, 0.5052, 0.419
4330, 0.4760, 0.414
4331, 0.4939, 0.428
4332, 0.4926, 0.414
4333, 0.4867, 0.416
4334, 0.5039, 0.434
4335, 0.5111, 0.430
4336, 0.4908, 0.423
4337, 0.5095, 0.415
4338, 0.4905, 0.416
4339, 0.5046, 0.416
4340, 0.4977, 0.436
4341, 0.5096, 0.415
4342, 0.4992, 0.410
4343, 0.4951, 0.411
4344, 0.5042, 0.427
4345, 0.5030, 0.421
4346, 0.4990, 0.416
4347, 0.5011, 0.413
4348, 0.5125, 0.430
4349, 0.5054, 0.427
4350, 0.5188, 0.425
4351, 0.5057, 0.441
4352, 0.5065, 0.429
4353, 0.4877, 0.433
4354, 0.4939, 0.435
4355, 0.5055, 0.435
4356, 0.5086, 0.433
4357, 0.4962, 0.434
4358, 0.4984, 0.433
4359, 0.5006, 0.429
4360, 0.5006, 0.416
4361, 0.4922, 0.416
4362, 0.4987, 0.414
4363, 0.5054, 0.418
4364, 0.4871, 0.420
4365, 0.4949, 0.418
4366, 0.5086, 0.419
4367, 0.4997, 1.254
4368, 0.4867, 0.635
4369, 0.4957, 0.559
4370, 0.5113, 0.414
4371, 0.4938, 0.386
4372, 0.4932, 0.387
4373, 0.5072, 0.429
4374, 0.4823, 0.417
4375, 0.5020, 0.442
4376, 0.5056, 0.443
4377, 0.5093, 0.441
4378, 0.5016, 0.438
4379, 0.5065, 0.435
4380, 0.5055, 0.428
4381, 0.4991, 0.436
4382, 0.4853, 0.436
4383, 0.4895, 0.441
4384, 0.4976, 0.440
4385, 0.4995, 0.432
4386, 0.4993, 0.433
4387, 0.4926, 0.434
4388, 0.5076, 0.443
4389, 0.5086, 0.438
4390, 0.4919, 0.417
4391, 0.5026, 0.415
4392, 0.4972, 0.439
4393, 0.5096, 0.442
4394, 0.5024, 0.438
4395, 0.4902, 0.436
4396, 0.4951, 0.433
4397, 0.4992, 0.429
4398, 0.4955, 0.434
4399, 0.4867, 0.437
4400, 0.5027, 0.434
4401, 0.4954, 0.418
4402, 0.5073, 0.421
4403, 0.5158, 0.419
4404, 0.5016, 0.415
4405, 0.4998, 0.419
4406, 0.4827, 0.426
4407, 0.5003, 0.418
4408, 0.5026, 0.426
4409, 0.4978, 0.422
4410, 0.5066, 0.428
4411, 0.4841, 0.437
4412, 0.4962, 0.420
4413, 0.5068, 0.417
4414, 0.4956, 0.424
4415, 0.4914, 0.436
4416, 0.5035, 0.450
4417, 0.5003, 0.425
4418, 0.5019, 0.426
4419, 0.5001, 0.415
4420, 0.4977, 0.416
4421, 0.4870, 0.436
4422, 0.5020, 0.422
4423, 0.4992, 0.414
4424, 0.5006, 1.023
4425, 0.4924, 0.416
4426, 0.4915, 0.421
4427, 0.5021, 0.412
4428, 0.4984, 0.412
4429, 0.5199, 0.414
4430, 0.5100, 0.411
4431, 0.5019, 0.419
4432, 0.5009, 0.422
4433, 0.5096, 0.428
4434, 0.4983, 0.414
4435, 0.4815, 0.414
4436, 0.4946, 0.412
4437, 0.5062, 0.416
4438, 0.5066, 0.399
4439, 0.4896, 0.411
4440, 0.5075, 0.416
4441, 0.5109, 0.420
4442, 0.5070, 0.416
4443, 0.5077, 0.415
4444, 0.4897, 0.418
4445, 0.5073, 0.418
4446, 0.5072, 0.417
4447, 0.5118, 0.417
4448, 0.4977, 0.418
4449, 0.5015, 0.424
4450, 0.4913, 0.432
4451, 0.4867, 0.426
4452, 0.5045, 0.421
4453, 0.4945, 0.419
4454, 0.5007, 0.422
4455, 0.5033, 0.435
4456, 0.4892, 0.419
4457, 0.4998, 0.419
4458, 0.5028, 0.421
4459, 0.5053, 0.420
4460, 0.5009, 0.420
4461, 0.4981, 0.430
4462, 0.5031, 0.413
4463, 0.4924, 0.427
4464, 0.4956, 0.425
4465, 0.5068, 0.414
4466, 0.4964, 0.415
4467, 0.5108, 0.435
4468, 0.4827, 0.419
4469, 0.4912, 0.461
4470, 0.5111, 0.410
4471, 0.4970, 0.417
4472, 0.5021, 0.410
4473, 0.4941, 0.411
4474, 0.5060, 0.411
4475, 0.4899, 0.415
4476, 0.4888, 0.420
4477, 0.4925, 0.411
4478, 0.4824, 0.425
4479, 0.5021, 0.418
4480, 0.5039, 0.418
4481, 0.4989, 0.416
4482, 0.5146, 0.414
4483, 0.5301, 0.417
4484, 0.5110, 0.415
4485, 0.5050, 0.415
4486, 0.5019, 0.414
4487, 0.4972, 0.419
4488, 0.5077, 0.422
4489, 0.5007, 0.409
4490, 0.4942, 0.412
4491, 0.4946, 0.412
4492, 0.5010, 0.413
4493, 0.4945, 0.413
4494, 0.4969, 0.417
4495, 0.4943, 0.419
4496, 0.5040, 0.418
4497, 0.4944, 0.428
4498, 0.5098, 0.432
4499, 0.4976, 0.423
4500, 0.5048, 0.428
4501, 0.4950, 0.418
4502, 0.5046, 0.416
4503, 0.4916, 0.415
4504, 0.5059, 0.424
4505, 0.4986, 0.430
4506, 0.5026, 0.410
4507, 0.4864, 0.414
4508, 0.4868, 0.415
4509, 0.4975, 0.409
4510, 0.5077, 0.402
4511, 0.5094, 0.410
4512, 0.5062, 0.412
4513, 0.4996, 0.415
4514, 0.5012, 0.396
4515, 0.5085, 0.393
4516, 0.4999, 0.396
4517, 0.4962, 0.395
4518, 0.5052, 0.397
4519, 0.5016, 0.396
4520, 0.4991, 0.390
4521, 0.5051, 2.006
4522, 0.5160, 0.401
4523, 0.5155, 0.733
4524, 0.5010, 0.401
4525, 0.4858, 0.404
4526, 0.4987, 0.416
4527, 0.4973, 0.418
4528, 0.5137, 0.410
4529, 0.4869, 0.415
4530, 0.5080, 0.416
4531, 0.4952, 0.415
4532, 0.5058, 0.417
4533, 0.4958, 0.414
4534, 0.4983, 0.421
4535, 0.5014, 0.422
4536, 0.4904, 0.420
4537, 0.5059, 0.425
4538, 0.5182, 0.438
4539, 0.5089, 0.418
4540, 0.5069, 0.417
4541, 0.4948, 0.423
4542, 0.5046, 0.425
4543, 0.5160, 0.414
4544, 0.4976, 0.417
4545, 0.5084, 0.427
4546, 0.4971, 0.456
4547, 0.4900, 0.432
4548, 0.4880, 0.437
4549, 0.4965, 0.424
4550, 0.5070, 0.412
4551, 0.5032, 0.414
4552, 0.5203, 0.418
4553, 0.4929, 0.424
4554, 0.4990, 0.415
4555, 0.4958, 0.414
4556, 0.5014, 0.413
4557, 0.4991, 0.417
4558, 0.5111, 0.423
4559, 0.5027, 0.430
4560, 0.5127, 0.418
4561, 0.5050, 0.418
4562, 0.5022, 0.419
4563, 0.5167, 0.423
4564, 0.5037, 0.443
4565, 0.4965, 0.433
4566, 0.5034, 0.437
4567, 0.4945, 0.443
4568, 0.5149, 0.437
4569, 0.4944, 0.441
4570, 0.4901, 0.439
4571, 0.4985, 0.437
4572, 0.5000, 0.440
4573, 0.4944, 0.421
4574, 0.5049, 0.421
4575, 0.4968, 0.420
4576, 0.5033, 0.431
4577, 0.5059, 0.419
4578, 0.5023, 0.418
4579, 0.4870, 0.419
4580, 0.4930, 0.420
4581, 0.5037, 0.421
4582, 0.5009, 0.422
4583, 0.5110, 0.420
4584, 0.4858, 0.421
4585, 0.5014, 0.421
4586, 0.5029, 0.420
4587, 0.4897, 0.421
4588, 0.4838, 0.418
4589, 0.4991, 0.420
4590, 0.4935, 0.420
4591, 0.5021, 0.422
4592, 0.4938, 0.427
4593, 0.4956, 0.426
4594, 0.4883, 0.432
4595, 0.4819, 0.423
4596, 0.5060, 0.424
4597, 0.5097, 0.420
4598, 0.5030, 0.415
4599, 0.5031, 0.415
4600, 0.4952, 0.431
4601, 0.5046, 0.407
4602, 0.4951, 0.416
4603, 0.5001, 0.412
4604, 0.4740, 0.418
4605, 0.5149, 0.426
4606, 0.4939, 0.410
4607, 0.5120, 0.411
4608, 0.5027, 0.414
4609, 0.4988, 0.409
4610, 0.4957, 0.423
4611, 0.5068, 0.425
4612, 0.5065, 0.418
4613, 0.4985, 0.407
4614, 0.5054, 0.414
4615, 0.5023, 0.444
4616, 0.5169, 0.415
4617, 0.4949, 0.422
4618, 0.4906, 0.416
4619, 0.4918, 0.422
4620, 0.4998, 0.423
4621, 0.4993, 0.419
4622, 0.5022, 0.420
4623, 0.5058, 0.408
4624, 0.4837, 0.411
4625, 0.4960, 0.425
4626, 0.5067, 0.418
4627, 0.5049, 0.410
4628, 0.5037, 0.423
4629, 0.4884, 0.413
4630, 0.5121, 0.409
4631, 0.5134, 0.414
4632, 0.5058, 0.431
4633, 0.4953, 0.430
4634, 0.5056, 0.433
4635, 0.4799, 0.450
4636, 0.5051, 0.427
4637, 0.4963, 0.441
4638, 0.5002, 0.437
4639, 0.5082, 0.419
4640, 0.4877, 0.417
4641, 0.4940, 0.419
4642, 0.5073, 0.418
4643, 0.4983, 0.414
4644, 0.4955, 0.415
4645, 0.4910, 0.420
4646, 0.5004, 0.416
4647, 0.5021, 0.415
4648, 0.4953, 0.413
4649, 0.5060, 0.409
4650, 0.5013, 0.412
4651, 0.4937, 0.408
4652, 0.5007, 0.411
4653, 0.4943, 0.414
4654, 0.4979, 0.410
4655, 0.5083, 0.416
4656, 0.5017, 0.416
4657, 0.4982, 0.415
4658, 0.4987, 0.414
4659, 0.5017, 0.414
4660, 0.5002, 0.415
4661, 0.4979, 0.416
4662, 0.4961, 0.421
4663, 0.5095, 0.427
4664, 0.4935, 0.406
4665, 0.4993, 0.412
4666, 0.4999, 0.409
4667, 0.4991, 0.407
4668, 0.4942, 0.396
4669, 0.4934, 0.396
4670, 0.5114, 0.399
4671, 0.5052, 0.397
4672, 0.4972, 0.397
4673, 0.5056, 0.394
4674, 0.5004, 0.392
4675, 0.4912, 2.270
4676, 0.4825, 0.395
4677, 0.4959, 0.672
4678, 0.5025, 0.608
4679, 0.5025, 0.802
4680, 0.5150, 0.399
4681, 0.5016, 0.402
4682, 0.5200, 0.402
4683, 0.4992, 0.420
4684, 0.4983, 0.400
4685, 0.4983, 0.421
4686, 0.5109, 0.419
4687, 0.5009, 0.509
4688, 0.4975, 0.424
4689, 0.4871, 0.418
4690, 0.4977, 0.409
4691, 0.4981, 0.421
4692, 0.4894, 0.411
4693, 0.5052, 0.415
4694, 0.5046, 0.425
4695, 0.5026, 0.414
4696, 0.4927, 0.433
4697, 0.4972, 0.432
4698, 0.4988, 0.414
4699, 0.5010, 0.415
4700, 0.4967, 0.419
4701, 0.5011, 0.414
4702, 0.5005, 0.415
4703, 0.5047, 0.412
4704, 0.5011, 0.412
4705, 0.5169, 0.408
4706, 0.5055, 0.411
4707, 0.4988, 0.410
4708, 0.4994, 0.414
4709, 0.5021, 0.412
4710, 0.4995, 0.411
4711, 0.5110, 0.423
4712, 0.5099, 0.413
4713, 0.5017, 0.413
4714, 0.4970, 0.416
4715, 0.4845, 0.413
4716, 0.5088, 0.412
4717, 0.4995, 0.412
4718, 0.4970, 0.415
4719, 0.4997, 0.414
4720, 0.5126, 0.411
4721, 0.5123, 0.418
4722, 0.4878, 0.417
4723, 0.4919, 0.413
4724, 0.4989, 0.414
4725, 0.5055, 0.425
4726, 0.5075, 0.734
4727, 0.5048, 0.422
4728, 0.4942, 0.418
4729, 0.4908, 0.675
4730, 0.5061, 0.630
4731, 0.4997, 0.428
4732, 0.5082, 0.422
4733, 0.4813, 0.422
4734, 0.4921, 0.421
4735, 0.5073, 0.425
4736, 0.5031, 0.409
4737, 0.4996, 0.420
4738, 0.5052, 0.417
4739, 0.5013, 0.422
4740, 0.4995, 0.424
4741, 0.5020, 0.422
4742, 0.5095, 0.427
4743, 0.5012, 0.418
4744, 0.4990, 0.416
4745, 0.5061, 0.490
4746, 0.5053, 0.433
4747, 0.5084, 0.432
4748, 0.4946, 0.437
4749, 0.5147, 0.435
4750, 0.5080, 0.433
4751, 0.5010, 0.438
4752, 0.5030, 0.435
4753, 0.5066, 0.434
4754, 0.5154, 0.437
4755, 0.4950, 0.440
4756, 0.5132, 0.438
4757, 0.5127, 0.440
4758, 0.5100, 0.440
4759, 0.4909, 0.439
4760, 0.5140, 0.437
4761, 0.5023, 0.437
4762, 0.5095, 0.441
4763, 0.5105, 0.437
4764, 0.4876, 0.439
4765, 0.5027, 0.442
4766, 0.4986, 0.440
4767, 0.5072, 0.441
4768, 0.4909, 0.435
4769, 0.4940, 0.426
4770, 0.5028, 0.432
4771, 0.5034, 0.440
4772, 0.4987, 0.442
4773, 0.5028, 0.441
4774, 0.5096, 0.436
4775, 0.5117, 0.439
4776, 0.4880, 0.436
4777, 0.4994, 0.444
4778, 0.5119, 0.440
4779, 0.4948, 0.441
4780, 0.5044, 0.443
4781, 0.5113, 0.436
4782, 0.4963, 0.438
4783, 0.5055, 0.436
4784, 0.5137, 0.440
4785, 0.5052, 0.440
4786, 0.5090, 0.443
4787, 0.5068, 0.441
4788, 0.4925, 0.437
4789, 0.4930, 0.438
4790, 0.4995, 0.441
4791, 0.4919, 0.440
4792, 0.5043, 0.440
4793, 0.4907, 0.440
4794, 0.5124, 0.438
4795, 0.5144, 0.441
4796, 0.5081, 0.440
4797, 0.4939, 0.439
4798, 0.4988, 0.438
4799, 0.5002, 0.441
4800, 0.5097, 0.438
4801, 0.4917, 0.427
4802, 0.5020, 0.418
4803, 0.5073, 0.421
4804, 0.4985, 0.421
4805, 0.4962, 0.432
4806, 0.5052, 0.426
4807, 0.5059, 0.431
4808, 0.5047, 0.426
4809, 0.4921, 0.429
4810, 0.5046, 0.427
4811, 0.4996, 0.429
4812, 0.5131, 0.425
4813, 0.5071, 0.423
4814, 0.4892, 0.410
4815, 0.5179, 0.406
4816, 0.5080, 0.401
4817, 0.4946, 0.416
4818, 0.4918, 0.397
4819, 0.5036, 0.398
4820, 0.5022, 0.401
4821, 0.5009, 0.398
4822, 0.5064, 0.396
4823, 0.5071, 0.390
4824, 0.5054, 0.389
4825, 0.5120, 3.252
4826, 0.4974, 0.397
4827, 0.4946, 0.384
4828, 0.5054, 0.377
4829, 0.5048, 0.378
4830, 0.5062, 0.379
4831, 0.4957, 0.400
4832, 0.4988, 0.401
4833, 0.5156, 0.425
4834, 0.5053, 0.416
4835, 0.5087, 0.416
4836, 0.5004, 0.416
4837, 0.5016, 0.409
4838, 0.5072, 0.409
4839, 0.4963, 0.412
4840, 0.4947, 0.418
4841, 0.5023, 0.414
4842, 0.5104, 0.417
4843, 0.4987, 0.416
4844, 0.5048, 0.416
4845, 0.5021, 0.416
4846, 0.4996, 0.414
4847, 0.4980, 0.412
4848, 0.5065, 0.410
4849, 0.5148, 0.412
4850, 0.4825, 0.408
4851, 0.5020, 0.396
4852, 0.4974, 0.395
4853, 0.4836, 0.414
4854, 0.4889, 0.426
4855, 0.5209, 0.417
4856, 0.5089, 0.420
4857, 0.5039, 0.431
4858, 0.4960, 0.420
4859, 0.5149, 0.420
4860, 0.4979, 0.436
4861, 0.4917, 0.425
4862, 0.5079, 0.419
4863, 0.5021, 0.415
4864, 0.5071, 0.421
4865, 0.5058, 0.418
4866, 0.5091, 0.420
4867, 0.4964, 0.418
4868, 0.5066, 0.417
4869, 0.5158, 0.421
4870, 0.5076, 0.428
4871, 0.5066, 0.429
4872, 0.5015, 0.418
4873, 0.5083, 0.422
4874, 0.5065, 0.868
4875, 0.4936, 0.425
4876, 0.4955, 0.425
4877, 0.4947, 0.418
4878, 0.4966, 0.415
4879, 0.5097, 0.415
4880, 0.4991, 0.414
4881, 0.5036, 0.410
4882, 0.5106, 0.414
4883, 0.5023, 0.415
4884, 0.4947, 0.416
4885, 0.5062, 0.418
4886, 0.4903, 0.417
4887, 0.4836, 0.415
4888, 0.4939, 0.417
4889, 0.5014, 0.433
4890, 0.5002, 0.421
4891, 0.4845, 0.416
4892, 0.4888, 0.415
4893, 0.4997, 0.421
4894, 0.5132, 0.411
4895, 0.4887, 0.419
4896, 0.5097, 0.413
4897, 0.4891, 0.428
4898, 0.4898, 0.426
4899, 0.4966, 0.483
4900, 0.4843, 0.428
4901, 0.4829, 0.433
4902, 0.4887, 0.422
4903, 0.4915, 0.425
4904, 0.5028, 0.435
4905, 0.4998, 0.441
4906, 0.4945, 0.424
4907, 0.4782, 0.430
4908, 0.4864, 0.436
4909, 0.5018, 0.426
4910, 0.4978, 0.426
4911, 0.4868, 0.420
4912, 0.5156, 0.438
4913, 0.4878, 0.641
4914, 0.5135, 0.434
4915, 0.4888, 0.416
4916, 0.4978, 0.419
4917, 0.4912, 0.438
4918, 0.4775, 0.430
4919, 0.4865, 0.418
4920, 0.4919, 0.433
4921, 0.4954, 0.417
4922, 0.4964, 0.420
4923, 0.5008, 0.417
4924, 0.4862, 0.414
4925, 0.4922, 0.426
4926, 0.5008, 0.412
4927, 0.5030, 0.411
4928, 0.4822, 0.418
4929, 0.4968, 0.407
4930, 0.4969, 0.408
4931, 0.4826, 0.410
4932, 0.4882, 0.417
4933, 0.4955, 0.419
4934, 0.4802, 0.416
4935, 0.4820, 0.423
4936, 0.4866, 0.417
4937, 0.4885, 0.428
4938, 0.4929, 0.420
4939, 0.4961, 0.418
4940, 0.4891, 0.417
4941, 0.4972, 0.415
4942, 0.4815, 0.421
4943, 0.4979, 0.429
4944, 0.4687, 0.409
4945, 0.4833, 0.419
4946, 0.4911, 0.430
4947, 0.4865, 0.441
4948, 0.5030, 0.443
4949, 0.4924, 0.405
4950, 0.4824, 0.410
4951, 0.4950, 0.405
4952, 0.4883, 0.409
4953, 0.4922, 0.409
4954, 0.4918, 0.420
4955, 0.5036, 0.405
4956, 0.4964, 0.401
4957, 0.4966, 0.401
4958, 0.5039, 0.397
4959, 0.5016, 0.399
4960, 0.4878, 0.409
4961, 0.4825, 0.413
4962, 0.5019, 0.416
4963, 0.5051, 0.419
4964, 0.4918, 0.445
4965, 0.4935, 0.425
4966, 0.4988, 0.428
4967, 0.4945, 0.446
4968, 0.5031, 0.442
4969, 0.5026, 0.446
4970, 0.4892, 0.431
4971, 0.4971, 0.442
4972, 0.4854, 0.440
4973, 0.5009, 0.448
4974, 0.4946, 0.428
4975, 0.4944, 0.428
4976, 0.5047, 0.424
4977, 0.4868, 0.424
4978, 0.4893, 0.422
4979, 0.4901, 0.425
4980, 0.4964, 0.429
4981, 0.4955, 1.001
4982, 0.4929, 0.419
4983, 0.4998, 0.420
4984, 0.4907, 0.418
4985, 0.4799, 0.408
4986, 0.4913, 0.442
4987, 0.4961, 0.442
4988, 0.4964, 0.442
4989, 0.4995, 0.436
4990, 0.4918, 0.425
4991, 0.4782, 0.433
4992, 0.5003, 0.440
4993, 0.4888, 0.448
4994, 0.4927, 0.451
4995, 0.4952, 0.438
4996, 0.4995, 0.434
4997, 0.4885, 0.436
4998, 0.5027, 0.422
4999, 0.4673, 0.447
5000, 0.4857, 0.440
