0, 0.5006, 1.860
1, 0.4950, 0.384
2, 0.4990, 0.392
3, 0.4928, 0.397
4, 0.4994, 0.385
5, 0.4922, 0.389
6, 0.4748, 0.441
7, 0.4919, 0.385
8, 0.4984, 0.396
9, 0.4983, 0.392
10, 0.5043, 0.392
11, 0.4945, 0.395
12, 0.4858, 0.390
13, 0.5018, 0.396
14, 0.4730, 0.396
15, 0.5035, 0.410
16, 0.4760, 0.402
17, 0.4778, 0.395
18, 0.4826, 0.392
19, 0.4790, 0.399
20, 0.4917, 0.405
21, 0.5098, 0.396
22, 0.4999, 0.389
23, 0.4807, 0.398
24, 0.4906, 0.392
25, 0.5002, 0.394
26, 0.4975, 0.395
27, 0.4910, 0.396
28, 0.4942, 0.398
29, 0.5102, 0.409
30, 0.4954, 0.393
31, 0.5001, 0.392
32, 0.4947, 0.399
33, 0.4978, 0.399
34, 0.4984, 0.395
35, 0.4888, 0.393
36, 0.4971, 0.394
37, 0.4937, 0.392
38, 0.4894, 0.400
39, 0.4941, 0.394
40, 0.4947, 0.394
41, 0.4923, 0.394
42, 0.4898, 0.397
43, 0.4964, 0.403
44, 0.4908, 0.391
45, 0.4840, 0.394
46, 0.4994, 0.393
47, 0.4957, 0.394
48, 0.4836, 0.392
49, 0.4919, 0.399
50, 0.4900, 0.393
51, 0.4636, 0.400
52, 0.4825, 0.398
53, 0.4800, 0.391
54, 0.4956, 0.401
55, 0.4859, 0.403
56, 0.4876, 0.401
57, 0.4804, 0.398
58, 0.4863, 0.406
59, 0.4883, 0.398
60, 0.4894, 0.407
61, 0.4812, 0.403
62, 0.4926, 0.390
63, 0.4964, 0.398
64, 0.4907, 0.401
65, 0.4918, 0.391
66, 0.4929, 0.387
67, 0.4927, 0.393
68, 0.4813, 0.402
69, 0.4927, 0.393
70, 0.4913, 0.392
71, 0.4952, 0.390
72, 0.4994, 0.391
73, 0.5019, 0.394
74, 0.4906, 0.399
75, 0.4943, 0.399
76, 0.4843, 0.404
77, 0.4837, 0.393
78, 0.4952, 0.393
79, 0.4974, 0.391
80, 0.4810, 0.392
81, 0.4860, 0.389
82, 0.4684, 0.392
83, 0.5045, 0.398
84, 0.4969, 0.399
85, 0.4829, 0.396
86, 0.4878, 0.392
87, 0.4705, 0.393
88, 0.4942, 0.393
89, 0.4849, 0.393
90, 0.5070, 0.398
91, 0.5029, 0.398
92, 0.4992, 0.394
93, 0.4854, 0.395
94, 0.4830, 0.392
95, 0.4844, 0.392
96, 0.5045, 0.392
97, 0.4985, 0.390
98, 0.5049, 0.396
99, 0.4982, 0.397
100, 0.4901, 0.397
101, 0.4885, 0.394
102, 0.4732, 0.391
103, 0.4896, 0.392
104, 0.4915, 0.392
105, 0.5037, 0.391
106, 0.4960, 0.403
107, 0.4752, 0.407
108, 0.4806, 0.404
109, 0.5058, 0.394
110, 0.4881, 0.391
111, 0.5003, 0.395
112, 0.5031, 0.394
113, 0.4987, 0.392
114, 0.4894, 0.402
115, 0.4814, 0.391
116, 0.4743, 0.401
117, 0.4802, 0.397
118, 0.4683, 0.405
119, 0.4921, 0.390
120, 0.4590, 0.397
121, 0.4810, 0.397
122, 0.4841, 0.395
123, 0.4896, 0.394
124, 0.4895, 0.410
125, 0.4670, 0.392
126, 0.4875, 0.407
127, 0.4944, 0.391
128, 0.4739, 0.389
129, 0.4800, 0.391
130, 0.4590, 0.395
131, 0.4650, 0.394
132, 0.4687, 0.391
133, 0.4744, 0.392
134, 0.4932, 0.395
135, 0.4760, 0.400
136, 0.4823, 0.389
137, 0.4943, 0.390
138, 0.4968, 0.392
139, 0.4832, 0.400
140, 0.4720, 0.404
141, 0.4612, 0.402
142, 0.4846, 0.403
143, 0.4845, 0.404
144, 0.4925, 0.392
145, 0.4940, 0.401
146, 0.5007, 0.406
147, 0.4880, 0.394
148, 0.4934, 0.397
149, 0.5040, 0.390
150, 0.4983, 0.389
151, 0.5006, 0.392
152, 0.4830, 0.397
153, 0.4958, 0.398
154, 0.5057, 0.396
155, 0.4920, 0.390
156, 0.4869, 0.390
157, 0.4891, 0.394
158, 0.4803, 0.400
159, 0.5096, 0.392
160, 0.5003, 0.391
161, 0.4915, 0.396
162, 0.5034, 0.389
163, 0.4735, 0.389
164, 0.4802, 0.393
165, 0.4964, 0.397
166, 0.5129, 0.391
167, 0.5014, 0.388
168, 0.4740, 0.388
169, 0.4761, 0.388
170, 0.4757, 0.389
171, 0.4865, 0.389
172, 0.4959, 0.392
173, 0.4949, 0.394
174, 0.4650, 0.389
175, 0.5159, 0.390
176, 0.4905, 0.392
177, 0.4949, 0.392
178, 0.4704, 0.393
179, 0.4927, 0.393
180, 0.4791, 0.392
181, 0.4915, 0.394
182, 0.4771, 0.389
183, 0.4938, 0.388
184, 0.4974, 0.395
185, 0.5028, 0.395
186, 0.5092, 0.394
187, 0.4692, 0.395
188, 0.4915, 0.398
189, 0.4912, 0.394
190, 0.4849, 0.391
191, 0.4819, 0.399
192, 0.4895, 0.397
193, 0.4849, 0.390
194, 0.5003, 0.388
195, 0.4929, 0.388
196, 0.4915, 0.390
197, 0.4978, 0.389
198, 0.4925, 0.389
199, 0.4909, 0.389
200, 0.4822, 0.387
201, 0.5106, 0.384
202, 0.5068, 0.392
203, 0.5169, 0.391
204, 0.5188, 0.394
205, 0.4855, 0.405
206, 0.5041, 0.479
207, 0.4943, 0.391
208, 0.4959, 0.392
209, 0.4891, 0.394
210, 0.4783, 0.392
211, 0.4759, 0.390
212, 0.4905, 0.394
213, 0.4801, 0.394
214, 0.4672, 0.396
215, 0.4931, 0.399
216, 0.4809, 0.388
217, 0.4734, 0.390
218, 0.4938, 0.398
219, 0.4784, 0.393
220, 0.4883, 0.394
221, 0.4982, 0.402
222, 0.5032, 0.408
223, 0.4652, 0.415
224, 0.4691, 0.412
225, 0.5049, 0.401
226, 0.5025, 0.393
227, 0.4862, 0.396
228, 0.4795, 0.393
229, 0.4602, 0.394
230, 0.4991, 0.392
231, 0.4647, 0.394
232, 0.4816, 0.395
233, 0.4703, 0.393
234, 0.4762, 0.392
235, 0.4746, 0.396
236, 0.4893, 0.396
237, 0.4599, 0.399
238, 0.4400, 0.407
239, 0.4737, 0.400
240, 0.4831, 0.407
241, 0.4835, 0.397
242, 0.4875, 0.398
243, 0.4810, 0.397
244, 0.4640, 0.400
245, 0.4914, 0.397
246, 0.4814, 0.392
247, 0.4959, 0.390
248, 0.4843, 0.394
249, 0.4884, 0.397
250, 0.4789, 0.396
251, 0.4844, 0.392
252, 0.4811, 0.390
253, 0.4884, 0.399
254, 0.4935, 0.401
255, 0.4977, 0.403
256, 0.4990, 0.398
257, 0.4918, 0.398
258, 0.4654, 0.399
259, 0.4866, 0.397
260, 0.4750, 0.393
261, 0.4899, 0.393
262, 0.5083, 0.393
263, 0.4634, 0.400
264, 0.5053, 0.394
265, 0.4984, 0.402
266, 0.4638, 0.397
267, 0.4941, 0.391
268, 0.4906, 0.392
269, 0.4756, 0.393
270, 0.4875, 0.392
271, 0.4777, 0.399
272, 0.4613, 0.402
273, 0.4597, 0.396
274, 0.4857, 0.400
275, 0.4884, 0.410
276, 0.4843, 0.401
277, 0.4845, 0.391
278, 0.5078, 0.393
279, 0.4965, 0.396
280, 0.4664, 0.394
281, 0.4909, 0.395
282, 0.4728, 0.412
283, 0.4988, 0.399
284, 0.4892, 0.392
285, 0.5091, 0.400
286, 0.4901, 0.389
287, 0.5004, 0.401
288, 0.4679, 0.400
289, 0.4849, 0.402
290, 0.4865, 0.398
291, 0.4778, 0.399
292, 0.5020, 0.399
293, 0.4624, 0.397
294, 0.4809, 0.392
295, 0.4615, 0.404
296, 0.5123, 0.398
297, 0.4746, 0.403
298, 0.4780, 0.393
299, 0.5024, 0.391
300, 0.4697, 0.392
301, 0.4730, 0.392
302, 0.4844, 0.390
303, 0.4632, 0.393
304, 0.4903, 0.394
305, 0.4762, 0.397
306, 0.4375, 0.402
307, 0.4856, 0.396
308, 0.4589, 0.403
309, 0.4995, 0.402
310, 0.4707, 0.402
311, 0.4590, 0.396
312, 0.4805, 0.403
313, 0.4727, 0.404
314, 0.4898, 0.402
315, 0.4635, 0.403
316, 0.4776, 0.406
317, 0.4833, 0.399
318, 0.4936, 0.398
319, 0.4744, 0.397
320, 0.4826, 0.405
321, 0.4538, 0.402
322, 0.4853, 0.405
323, 0.4844, 0.418
324, 0.4579, 0.391
325, 0.4871, 0.394
326, 0.4865, 0.396
327, 0.4691, 0.394
328, 0.4713, 0.394
329, 0.4832, 0.392
330, 0.4982, 0.392
331, 0.4558, 0.394
332, 0.4971, 0.393
333, 0.5033, 0.391
334, 0.4940, 0.393
335, 0.4742, 0.389
336, 0.4809, 0.389
337, 0.5183, 0.394
338, 0.5258, 0.395
339, 0.4724, 0.392
340, 0.4784, 0.393
341, 0.4890, 0.392
342, 0.4707, 0.389
343, 0.4529, 0.390
344, 0.4869, 0.391
345, 0.4803, 0.392
346, 0.4799, 0.390
347, 0.4614, 0.409
348, 0.4756, 0.389
349, 0.4400, 0.389
350, 0.4617, 0.387
351, 0.4575, 0.389
352, 0.4428, 0.389
353, 0.4816, 0.391
354, 0.4757, 0.394
355, 0.4735, 0.392
356, 0.4753, 0.393
357, 0.4665, 0.391
358, 0.4921, 0.394
359, 0.4755, 0.392
360, 0.4746, 0.395
361, 0.4837, 0.397
362, 0.4695, 0.391
363, 0.4784, 0.391
364, 0.4831, 0.391
365, 0.4922, 0.389
366, 0.5177, 0.391
367, 0.5154, 0.389
368, 0.5182, 0.390
369, 0.4726, 0.391
370, 0.4728, 0.389
371, 0.4791, 0.391
372, 0.4764, 0.393
373, 0.4855, 0.393
374, 0.4843, 0.407
375, 0.4324, 0.393
376, 0.4756, 0.392
377, 0.4698, 0.394
378, 0.4818, 0.389
379, 0.4937, 0.389
380, 0.4678, 0.391
381, 0.4924, 0.394
382, 0.4933, 0.390
383, 0.4872, 0.393
384, 0.4666, 0.391
385, 0.4781, 0.389
386, 0.4669, 0.392
387, 0.4679, 0.391
388, 0.4673, 0.392
389, 0.4868, 0.392
390, 0.4835, 0.389
391, 0.4403, 0.390
392, 0.4631, 0.393
393, 0.4835, 0.394
394, 0.4840, 0.396
395, 0.4691, 0.390
396, 0.4693, 0.389
397, 0.4873, 0.394
398, 0.4884, 0.390
399, 0.5171, 0.389
400, 0.4937, 0.391
401, 0.5069, 0.384
402, 0.4956, 0.393
403, 0.4292, 0.394
404, 0.4226, 0.396
405, 0.5001, 0.408
406, 0.4126, 0.456
407, 0.4652, 0.391
408, 0.4782, 0.393
409, 0.4864, 0.394
410, 0.4556, 0.391
411, 0.5099, 0.393
412, 0.5059, 0.403
413, 0.4443, 0.424
414, 0.5010, 0.423
415, 0.4718, 0.443
416, 0.5024, 0.389
417, 0.4565, 0.390
418, 0.4503, 0.393
419, 0.4956, 0.396
420, 0.4802, 0.401
421, 0.4519, 0.396
422, 0.4506, 0.394
423, 0.4781, 0.401
424, 0.4458, 0.401
425, 0.4949, 0.407
426, 0.4172, 0.400
427, 0.4832, 0.397
428, 0.4707, 0.398
429, 0.4733, 0.402
430, 0.4155, 0.398
431, 0.4596, 0.403
432, 0.4799, 0.399
433, 0.4650, 0.394
434, 0.4500, 0.390
435, 0.4667, 0.410
436, 0.4636, 0.396
437, 0.4309, 0.399
438, 0.4723, 0.391
439, 0.5018, 0.398
440, 0.4525, 0.399
441, 0.4405, 0.403
442, 0.4429, 0.397
443, 0.4709, 0.402
444, 0.4663, 0.401
445, 0.4459, 0.399
446, 0.4839, 0.400
447, 0.4407, 0.404
448, 0.4654, 0.403
449, 0.4974, 0.400
450, 0.5050, 0.393
451, 0.4521, 0.395
452, 0.4707, 0.411
453, 0.4629, 0.400
454, 0.4912, 0.391
455, 0.5005, 0.393
456, 0.4852, 0.394
457, 0.4879, 0.398
458, 0.4859, 0.396
459, 0.4849, 0.390
460, 0.4980, 0.393
461, 0.4711, 0.400
462, 0.4615, 0.408
463, 0.4656, 0.401
464, 0.4811, 0.398
465, 0.4725, 0.407
466, 0.5004, 0.403
467, 0.4716, 0.392
468, 0.4487, 0.394
469, 0.4933, 0.397
470, 0.4680, 0.402
471, 0.4312, 0.394
472, 0.4852, 0.400
473, 0.4702, 0.394
474, 0.5065, 0.393
475, 0.4296, 0.393
476, 0.4589, 0.393
477, 0.5000, 0.406
478, 0.5469, 0.405
479, 0.5438, 0.401
480, 0.5262, 0.402
481, 0.5180, 0.403
482, 0.4640, 0.400
483, 0.4905, 0.402
484, 0.4762, 0.400
485, 0.4834, 0.390
486, 0.4201, 0.400
487, 0.3787, 0.395
488, 0.4459, 0.408
489, 0.4586, 0.394
490, 0.4887, 0.395
491, 0.4181, 0.396
492, 0.4415, 0.397
493, 0.4395, 0.396
494, 0.4647, 0.398
495, 0.4171, 0.410
496, 0.4435, 0.408
497, 0.4507, 0.410
498, 0.3524, 0.405
499, 0.4123, 0.405
500, 0.4862, 0.409
501, 0.4590, 0.394
502, 0.4837, 0.392
503, 0.4092, 0.408
504, 0.4706, 0.400
505, 0.4001, 0.395
506, 0.4775, 0.392
507, 0.4169, 0.399
508, 0.4436, 0.396
509, 0.3854, 0.403
510, 0.4477, 0.399
511, 0.4770, 0.399
512, 0.4523, 0.397
513, 0.4377, 0.410
514, 0.4959, 0.402
515, 0.4691, 0.405
516, 0.4432, 0.399
517, 0.4935, 0.395
518, 0.4571, 0.405
519, 0.4345, 0.410
520, 0.4086, 0.402
521, 0.4321, 0.396
522, 0.4714, 0.421
523, 0.4797, 0.415
524, 0.4389, 0.424
525, 0.4444, 0.445
526, 0.4753, 0.442
527, 0.4065, 0.446
528, 0.4510, 0.417
529, 0.4546, 0.418
530, 0.5078, 0.406
531, 0.4442, 0.391
532, 0.3245, 0.391
533, 0.4924, 0.390
534, 0.5144, 0.395
535, 0.4304, 0.390
536, 0.3971, 0.392
537, 0.4270, 0.397
538, 0.4516, 0.398
539, 0.3955, 0.397
540, 0.4650, 0.398
541, 0.4415, 0.406
542, 0.3673, 0.398
543, 0.4101, 0.399
544, 0.4868, 0.397
545, 0.4711, 0.396
546, 0.3914, 0.396
547, 0.4326, 0.393
548, 0.4903, 0.393
549, 0.4948, 0.390
550, 0.4657, 0.390
551, 0.4313, 0.390
552, 0.4381, 0.393
553, 0.4354, 0.396
554, 0.4453, 0.394
555, 0.4515, 0.390
556, 0.3978, 0.391
557, 0.5008, 0.390
558, 0.4557, 0.390
559, 0.4120, 0.390
560, 0.4168, 0.393
561, 0.4006, 0.392
562, 0.4698, 0.392
563, 0.4810, 0.393
564, 0.4698, 0.391
565, 0.4905, 0.392
566, 0.4581, 0.391
567, 0.4465, 0.390
568, 0.4010, 0.392
569, 0.4405, 0.394
570, 0.4520, 0.390
571, 0.3814, 0.391
572, 0.3442, 0.393
573, 0.4149, 0.394
574, 0.4782, 0.390
575, 0.3880, 0.388
576, 0.3676, 0.389
577, 0.4219, 0.390
578, 0.3920, 0.387
579, 0.3764, 0.391
580, 0.4441, 0.395
581, 0.4189, 0.395
582, 0.3395, 0.390
583, 0.4008, 0.391
584, 0.4048, 0.393
585, 0.3917, 0.395
586, 0.4615, 0.389
587, 0.4132, 0.392
588, 0.3919, 0.391
589, 0.4574, 0.391
590, 0.5019, 0.389
591, 0.3605, 0.389
592, 0.4661, 0.388
593, 0.4500, 0.391
594, 0.4371, 0.389
595, 0.5210, 0.397
596, 0.5091, 0.403
597, 0.4603, 0.393
598, 0.4243, 0.391
599, 0.4017, 0.390
600, 0.4374, 0.393
601, 0.3421, 0.387
602, 0.3108, 0.393
603, 0.4001, 0.391
604, 0.4104, 0.393
605, 0.3617, 0.394
606, 0.4370, 0.455
607, 0.4287, 0.391
608, 0.4375, 0.390
609, 0.4159, 0.391
610, 0.4080, 0.391
611, 0.4577, 0.394
612, 0.4899, 0.397
613, 0.4626, 0.396
614, 0.4689, 0.405
615, 0.4295, 0.402
616, 0.5063, 0.390
617, 0.4315, 0.404
618, 0.4216, 0.398
619, 0.3991, 0.399
620, 0.4134, 0.402
621, 0.3387, 0.399
622, 0.4717, 0.391
623, 0.4431, 0.400
624, 0.4677, 0.412
625, 0.4784, 0.411
626, 0.5414, 0.399
627, 0.5268, 0.398
628, 0.5612, 0.401
629, 0.4570, 0.396
630, 0.4580, 0.401
631, 0.4048, 0.399
632, 0.4038, 0.395
633, 0.4232, 0.395
634, 0.4092, 0.392
635, 0.4153, 0.397
636, 0.5018, 0.402
637, 0.4451, 0.404
638, 0.4546, 0.396
639, 0.4337, 0.395
640, 0.4588, 0.397
641, 0.4789, 0.401
642, 0.4351, 0.401
643, 0.4572, 0.396
644, 0.4175, 0.397
645, 0.4154, 0.408
646, 0.3678, 0.397
647, 0.4147, 0.395
648, 0.3767, 0.403
649, 0.4535, 0.404
650, 0.4321, 0.407
651, 0.4508, 0.396
652, 0.4259, 0.403
653, 0.4297, 0.399
654, 0.3477, 0.401
655, 0.3203, 0.393
656, 0.4618, 0.400
657, 0.3821, 0.401
658, 0.4658, 0.405
659, 0.3804, 0.398
660, 0.4251, 0.398
661, 0.4660, 0.415
662, 0.4567, 0.404
663, 0.4376, 0.400
664, 0.4510, 0.396
665, 0.3855, 0.396
666, 0.4533, 0.399
667, 0.4227, 0.398
668, 0.4739, 0.395
669, 0.4594, 0.398
670, 0.4434, 0.401
671, 0.4095, 0.402
672, 0.4090, 0.392
673, 0.4439, 0.402
674, 0.3782, 0.401
675, 0.4301, 0.397
676, 0.4248, 0.394
677, 0.4526, 0.405
678, 0.4697, 0.412
679, 0.3585, 0.401
680, 0.4575, 0.399
681, 0.3985, 0.398
682, 0.4047, 0.408
683, 0.4761, 0.400
684, 0.4724, 0.397
685, 0.4046, 0.389
686, 0.4219, 0.403
687, 0.4602, 0.401
688, 0.4411, 0.394
689, 0.4736, 0.398
690, 0.4565, 0.400
691, 0.4840, 0.397
692, 0.4405, 0.397
693, 0.4442, 0.400
694, 0.3894, 0.398
695, 0.3800, 0.400
696, 0.3685, 0.398
697, 0.4240, 0.396
698, 0.4178, 0.397
699, 0.4427, 0.402
700, 0.3213, 0.401
701, 0.3746, 0.397
702, 0.3674, 0.400
703, 0.3136, 0.397
704, 0.4406, 0.393
705, 0.4167, 0.398
706, 0.4718, 0.398
707, 0.4085, 0.392
708, 0.3778, 0.396
709, 0.3871, 0.412
710, 0.3480, 0.402
711, 0.4365, 0.399
712, 0.4172, 0.397
713, 0.4549, 0.397
714, 0.3970, 0.399
715, 0.4087, 0.402
716, 0.4427, 0.403
717, 0.3785, 0.398
718, 0.4249, 0.411
719, 0.4256, 0.393
720, 0.3167, 0.401
721, 0.4438, 0.422
722, 0.4503, 0.401
723, 0.4166, 0.408
724, 0.3908, 0.395
725, 0.4218, 0.398
726, 0.5006, 0.413
727, 0.4393, 0.425
728, 0.4908, 0.402
729, 0.4799, 0.403
730, 0.4468, 0.398
731, 0.4109, 0.393
732, 0.3997, 0.405
733, 0.4075, 0.428
734, 0.3828, 0.405
735, 0.3756, 0.398
736, 0.4124, 0.394
737, 0.4408, 0.391
738, 0.3974, 0.394
739, 0.3926, 0.408
740, 0.3828, 0.402
741, 0.4343, 0.394
742, 0.4173, 0.395
743, 0.4332, 0.390
744, 0.4458, 0.393
745, 0.4514, 0.409
746, 0.4491, 0.393
747, 0.4191, 0.394
748, 0.4996, 0.413
749, 0.3458, 0.393
750, 0.3881, 0.392
751, 0.4400, 0.401
752, 0.4325, 0.399
753, 0.4500, 0.393
754, 0.4310, 0.400
755, 0.4273, 0.394
756, 0.3907, 0.399
757, 0.5050, 0.399
758, 0.3994, 0.391
759, 0.3778, 0.395
760, 0.3893, 0.397
761, 0.3967, 0.393
762, 0.4199, 0.405
763, 0.4690, 0.410
764, 0.4422, 0.390
765, 0.4598, 0.396
766, 0.3610, 0.392
767, 0.4045, 0.394
768, 0.4257, 0.405
769, 0.3846, 0.389
770, 0.3759, 0.392
771, 0.3942, 0.402
772, 0.2540, 0.395
773, 0.4495, 0.397
774, 0.4765, 0.393
775, 0.3688, 0.390
776, 0.2806, 0.391
777, 0.3821, 0.390
778, 0.4328, 0.390
779, 0.3929, 0.390
780, 0.4601, 0.392
781, 0.4551, 0.388
782, 0.4757, 0.388
783, 0.3933, 0.388
784, 0.3960, 0.388
785, 0.4697, 0.391
786, 0.4213, 0.392
787, 0.3861, 0.391
788, 0.4764, 0.393
789, 0.4305, 0.394
790, 0.3772, 0.390
791, 0.4385, 0.393
792, 0.4303, 0.392
793, 0.4503, 0.392
794, 0.3608, 0.389
795, 0.4378, 0.389
796, 0.4192, 0.390
797, 0.3820, 0.389
798, 0.3561, 0.389
799, 0.3577, 0.393
800, 0.4140, 0.390
801, 0.4740, 0.386
802, 0.4124, 0.395
803, 0.4774, 0.392
804, 0.4563, 0.405
805, 0.3957, 0.404
806, 0.3615, 0.483
807, 0.4820, 0.394
808, 0.4711, 0.394
809, 0.4685, 0.393
810, 0.4502, 0.391
811, 0.4712, 0.395
812, 0.4900, 0.395
813, 0.4388, 0.411
814, 0.3785, 0.393
815, 0.4625, 0.394
816, 0.3862, 0.392
817, 0.3939, 0.391
818, 0.3648, 0.389
819, 0.4282, 0.395
820, 0.3155, 0.398
821, 0.4328, 0.408
822, 0.4174, 0.400
823, 0.4249, 0.400
824, 0.3255, 0.400
825, 0.3147, 0.402
826, 0.4450, 0.397
827, 0.4184, 0.399
828, 0.3217, 0.399
829, 0.4896, 0.394
830, 0.4829, 0.400
831, 0.3448, 0.396
832, 0.4238, 0.403
833, 0.4390, 0.393
834, 0.3990, 0.391
835, 0.4384, 0.393
836, 0.2974, 0.398
837, 0.3698, 0.397
838, 0.2409, 0.404
839, 0.3542, 0.398
840, 0.3393, 0.399
841, 0.3918, 0.403
842, 0.2183, 0.401
843, 0.2223, 0.396
844, 0.3655, 0.399
845, 0.3165, 0.402
846, 0.4591, 0.397
847, 0.4011, 0.395
848, 0.4132, 0.395
849, 0.4534, 0.401
850, 0.3907, 0.397
851, 0.4164, 0.395
852, 0.4170, 0.394
853, 0.3648, 0.398
854, 0.4641, 0.396
855, 0.3878, 0.398
856, 0.3887, 0.400
857, 0.3512, 0.405
858, 0.2914, 0.402
859, 0.2879, 0.401
860, 0.5043, 0.396
861, 0.4007, 0.400
862, 0.3685, 0.397
863, 0.3536, 0.404
864, 0.4818, 0.395
865, 0.4877, 0.391
866, 0.3408, 0.394
867, 0.2950, 0.395
868, 0.3815, 0.397
869, 0.4327, 0.396
870, 0.4745, 0.402
871, 0.3118, 0.407
872, 0.3520, 0.418
873, 0.3771, 0.400
874, 0.3348, 0.407
875, 0.3102, 0.404
876, 0.2968, 0.397
877, 0.3447, 0.399
878, 0.2726, 0.395
879, 0.4260, 0.411
880, 0.3534, 0.395
881, 0.3705, 0.393
882, 0.3344, 0.394
883, 0.2648, 0.395
884, 0.2544, 0.403
885, 0.3970, 0.395
886, 0.4011, 0.397
887, 0.3690, 0.395
888, 0.4147, 0.401
889, 0.3503, 0.403
890, 0.2817, 0.402
891, 0.3152, 0.395
892, 0.2316, 0.396
893, 0.3353, 0.398
894, 0.3281, 0.396
895, 0.3232, 0.400
896, 0.3351, 0.396
897, 0.3510, 0.403
898, 0.4566, 0.399
899, 0.3341, 0.395
900, 0.4032, 0.396
901, 0.3392, 0.403
902, 0.4002, 0.398
903, 0.3252, 0.396
904, 0.3854, 0.396
905, 0.3763, 0.403
906, 0.3714, 0.403
907, 0.4089, 0.397
908, 0.3860, 0.396
909, 0.4331, 0.396
910, 0.3574, 0.397
911, 0.3642, 0.402
912, 0.3402, 0.399
913, 0.3272, 0.392
914, 0.4328, 0.395
915, 0.2890, 0.398
916, 0.3484, 0.409
917, 0.3102, 0.394
918, 0.4475, 0.396
919, 0.4093, 0.394
920, 0.4100, 0.401
921, 0.3461, 0.409
922, 0.4072, 0.397
923, 0.3686, 0.410
924, 0.3642, 0.413
925, 0.3536, 0.416
926, 0.3858, 0.396
927, 0.2769, 0.394
928, 0.3596, 0.394
929, 0.4202, 0.394
930, 0.3689, 0.395
931, 0.3037, 0.394
932, 0.3612, 0.397
933, 0.3866, 0.394
934, 0.4162, 0.393
935, 0.2997, 0.389
936, 0.3715, 0.389
937, 0.3705, 0.395
938, 0.3112, 0.400
939, 0.3955, 0.395
940, 0.3617, 0.398
941, 0.3772, 0.396
942, 0.3108, 0.391
943, 0.3730, 0.390
944, 0.2914, 0.391
945, 0.3155, 0.390
946, 0.3630, 0.391
947, 0.3797, 0.390
948, 0.4772, 0.391
949, 0.4220, 0.392
950, 0.2317, 0.388
951, 0.4684, 0.390
952, 0.4401, 0.392
953, 0.3022, 0.393
954, 0.3059, 0.389
955, 0.3921, 0.391
956, 0.3901, 0.394
957, 0.3685, 0.393
958, 0.4057, 0.392
959, 0.3048, 0.392
960, 0.3291, 0.392
961, 0.3505, 0.390
962, 0.2701, 0.390
963, 0.2557, 0.391
964, 0.3689, 0.393
965, 0.2833, 0.393
966, 0.4802, 0.399
967, 0.2684, 0.391
968, 0.3073, 0.393
969, 0.3003, 0.388
970, 0.3384, 0.390
971, 0.3301, 0.391
972, 0.3787, 0.394
973, 0.2868, 0.393
974, 0.3682, 0.391
975, 0.2527, 0.393
976, 0.3853, 0.390
977, 0.3942, 0.390
978, 0.4216, 0.389
979, 0.4244, 0.392
980, 0.4457, 0.396
981, 0.2435, 0.393
982, 0.2900, 0.389
983, 0.3706, 0.391
984, 0.4167, 0.393
985, 0.4031, 0.390
986, 0.3502, 0.388
987, 0.4122, 0.391
988, 0.4263, 0.393
989, 0.3899, 0.392
990, 0.3436, 0.390
991, 0.4054, 0.391
992, 0.4180, 0.392
993, 0.4313, 0.391
994, 0.3536, 0.388
995, 0.3947, 0.391
996, 0.3753, 0.394
997, 0.3632, 0.393
998, 0.3889, 0.390
999, 0.3233, 0.398
1000, 0.2739, 0.392
1001, 0.4387, 0.385
1002, 0.3584, 0.392
1003, 0.3344, 0.391
1004, 0.2670, 0.397
1005, 0.2752, 0.408
1006, 0.3874, 0.444
1007, 0.4826, 0.393
1008, 0.3840, 0.392
1009, 0.3661, 0.391
1010, 0.3225, 0.392
1011, 0.3516, 0.394
1012, 0.3463, 0.401
1013, 0.3624, 0.404
1014, 0.3376, 0.401
1015, 0.3945, 0.394
1016, 0.4254, 0.394
1017, 0.3563, 0.393
1018, 0.4097, 0.396
1019, 0.4147, 0.403
1020, 0.3472, 0.402
1021, 0.3864, 0.399
1022, 0.4078, 0.404
1023, 0.4317, 0.405
1024, 0.3718, 0.405
1025, 0.4387, 0.408
1026, 0.3019, 0.395
1027, 0.3440, 0.425
1028, 0.3402, 0.422
1029, 0.4106, 0.424
1030, 0.3775, 0.395
1031, 0.3297, 0.402
1032, 0.2464, 0.403
1033, 0.3898, 0.408
1034, 0.3946, 0.395
1035, 0.3389, 0.397
1036, 0.4248, 0.405
1037, 0.4293, 0.399
1038, 0.3117, 0.407
1039, 0.3622, 0.399
1040, 0.3984, 0.399
1041, 0.2777, 0.413
1042, 0.3462, 0.414
1043, 0.2664, 0.392
1044, 0.2738, 0.397
1045, 0.4284, 0.412
1046, 0.3086, 0.401
1047, 0.3394, 0.394
1048, 0.4499, 0.400
1049, 0.3321, 0.400
1050, 0.4125, 0.401
1051, 0.4524, 0.394
1052, 0.3505, 0.405
1053, 0.3423, 0.416
1054, 0.4010, 0.422
1055, 0.2772, 0.423
1056, 0.3468, 0.424
1057, 0.3650, 0.422
1058, 0.2591, 0.408
1059, 0.4325, 0.395
1060, 0.4426, 0.404
1061, 0.3849, 0.404
1062, 0.3606, 0.408
1063, 0.3392, 0.400
1064, 0.4219, 0.394
1065, 0.4946, 0.397
1066, 0.3093, 0.395
1067, 0.4315, 0.399
1068, 0.3910, 0.398
1069, 0.4692, 0.404
1070, 0.4685, 0.399
1071, 0.3455, 0.407
1072, 0.3411, 0.405
1073, 0.4149, 0.397
1074, 0.4413, 0.405
1075, 0.2690, 0.393
1076, 0.2899, 0.393
1077, 0.3472, 0.398
1078, 0.4305, 0.399
1079, 0.3102, 0.402
1080, 0.3595, 0.399
1081, 0.3153, 0.396
1082, 0.3204, 0.404
1083, 0.3978, 0.405
1084, 0.4063, 0.402
1085, 0.4337, 0.394
1086, 0.3003, 0.398
1087, 0.3389, 0.404
1088, 0.3330, 0.405
1089, 0.3862, 0.402
1090, 0.4891, 0.395
1091, 0.4338, 0.395
1092, 0.4380, 0.401
1093, 0.2530, 0.396
1094, 0.2982, 0.412
1095, 0.3992, 0.411
1096, 0.3287, 0.426
1097, 0.3659, 0.420
1098, 0.3975, 0.398
1099, 0.2861, 0.414
1100, 0.3992, 0.398
1101, 0.4332, 0.397
1102, 0.3432, 0.410
1103, 0.3327, 0.402
1104, 0.3830, 0.410
1105, 0.4099, 0.408
1106, 0.4645, 0.396
1107, 0.3985, 0.397
1108, 0.4114, 0.400
1109, 0.4651, 0.398
1110, 0.4749, 0.408
1111, 0.4427, 0.396
1112, 0.3135, 0.402
1113, 0.4649, 0.403
1114, 0.3083, 0.409
1115, 0.3860, 0.401
1116, 0.2477, 0.403
1117, 0.3156, 0.422
1118, 0.2862, 0.421
1119, 0.3364, 0.422
1120, 0.4523, 0.426
1121, 0.4139, 0.422
1122, 0.3578, 0.495
1123, 0.4074, 0.442
1124, 0.3859, 0.449
1125, 0.4051, 0.430
1126, 0.4774, 0.427
1127, 0.4389, 0.393
1128, 0.3317, 0.396
1129, 0.2888, 0.398
1130, 0.2954, 0.399
1131, 0.3621, 0.395
1132, 0.4217, 0.393
1133, 0.4154, 0.406
1134, 0.3428, 0.396
1135, 0.3839, 0.394
1136, 0.3100, 0.398
1137, 0.3620, 0.410
1138, 0.3456, 0.409
1139, 0.3754, 0.400
1140, 0.3396, 0.399
1141, 0.3692, 0.397
1142, 0.4040, 0.396
1143, 0.3705, 0.397
1144, 0.3789, 0.392
1145, 0.3213, 0.391
1146, 0.3321, 0.389
1147, 0.3498, 0.390
1148, 0.2818, 0.392
1149, 0.2988, 0.391
1150, 0.2534, 0.391
1151, 0.2684, 0.394
1152, 0.3501, 0.390
1153, 0.3337, 0.389
1154, 0.3382, 0.389
1155, 0.3275, 0.389
1156, 0.2967, 0.392
1157, 0.4143, 0.397
1158, 0.3410, 0.390
1159, 0.3395, 0.389
1160, 0.3463, 0.391
1161, 0.2806, 0.391
1162, 0.2475, 0.390
1163, 0.4207, 0.391
1164, 0.3898, 0.393
1165, 0.3666, 0.393
1166, 0.2928, 0.388
1167, 0.3681, 0.390
1168, 0.3316, 0.391
1169, 0.4013, 0.391
1170, 0.3562, 0.391
1171, 0.2791, 0.389
1172, 0.3403, 0.394
1173, 0.2507, 0.394
1174, 0.3401, 0.389
1175, 0.3110, 0.389
1176, 0.4965, 0.390
1177, 0.3626, 0.393
1178, 0.3149, 0.391
1179, 0.3105, 0.389
1180, 0.3111, 0.391
1181, 0.3122, 0.390
1182, 0.3833, 0.389
1183, 0.3321, 0.390
1184, 0.2634, 0.394
1185, 0.3437, 0.393
1186, 0.3183, 0.389
1187, 0.3636, 0.389
1188, 0.3374, 0.393
1189, 0.3686, 0.394
1190, 0.3205, 0.389
1191, 0.3866, 0.389
1192, 0.1973, 0.391
1193, 0.3406, 0.392
1194, 0.2655, 0.388
1195, 0.3154, 0.389
1196, 0.4260, 0.392
1197, 0.2612, 0.394
1198, 0.3347, 0.393
1199, 0.4162, 0.388
1200, 0.4491, 0.390
1201, 0.3958, 0.385
1202, 0.3650, 0.395
1203, 0.3491, 0.393
1204, 0.3059, 0.394
1205, 0.2937, 0.413
1206, 0.3135, 0.424
1207, 0.2995, 0.392
1208, 0.3621, 0.393
1209, 0.3713, 0.394
1210, 0.4106, 0.393
1211, 0.3564, 0.394
1212, 0.3590, 0.401
1213, 0.3301, 0.395
1214, 0.2873, 0.395
1215, 0.4416, 0.401
1216, 0.4039, 0.391
1217, 0.4970, 0.387
1218, 0.3684, 0.406
1219, 0.2776, 0.399
1220, 0.3371, 0.415
1221, 0.2906, 0.406
1222, 0.2544, 0.404
1223, 0.3085, 0.422
1224, 0.3182, 0.428
1225, 0.3653, 0.437
1226, 0.2339, 0.440
1227, 0.4338, 0.396
1228, 0.4147, 0.404
1229, 0.3311, 0.398
1230, 0.2645, 0.394
1231, 0.2281, 0.397
1232, 0.2758, 0.395
1233, 0.3450, 0.393
1234, 0.3676, 0.392
1235, 0.3093, 0.396
1236, 0.3028, 0.394
1237, 0.3496, 0.395
1238, 0.2659, 0.399
1239, 0.3321, 0.398
1240, 0.3327, 0.404
1241, 0.2955, 0.399
1242, 0.3063, 0.403
1243, 0.2860, 0.398
1244, 0.4075, 0.393
1245, 0.3673, 0.404
1246, 0.2896, 0.409
1247, 0.3009, 0.401
1248, 0.3104, 0.397
1249, 0.3571, 0.395
1250, 0.3149, 0.405
1251, 0.3017, 0.396
1252, 0.4369, 0.392
1253, 0.4454, 0.397
1254, 0.3831, 0.407
1255, 0.3473, 0.408
1256, 0.3615, 0.400
1257, 0.3342, 0.405
1258, 0.3446, 0.407
1259, 0.3549, 0.400
1260, 0.3881, 0.405
1261, 0.2614, 0.402
1262, 0.2204, 0.395
1263, 0.3553, 0.398
1264, 0.2972, 0.396
1265, 0.2981, 0.400
1266, 0.2412, 0.405
1267, 0.3292, 0.394
1268, 0.4537, 0.405
1269, 0.3361, 0.395
1270, 0.3525, 0.403
1271, 0.4346, 0.407
1272, 0.4804, 0.400
1273, 0.3551, 0.399
1274, 0.3178, 0.400
1275, 0.3548, 0.398
1276, 0.2570, 0.406
1277, 0.2628, 0.395
1278, 0.2695, 0.399
1279, 0.3555, 0.403
1280, 0.3746, 0.402
1281, 0.3496, 0.399
1282, 0.3313, 0.399
1283, 0.3395, 0.399
1284, 0.3899, 0.397
1285, 0.2125, 0.402
1286, 0.2385, 0.394
1287, 0.2730, 0.402
1288, 0.3006, 0.401
1289, 0.3563, 0.399
1290, 0.3756, 0.396
1291, 0.3207, 0.397
1292, 0.3470, 0.395
1293, 0.3846, 0.395
1294, 0.4209, 0.394
1295, 0.3518, 0.397
1296, 0.2981, 0.395
1297, 0.3116, 0.407
1298, 0.3229, 0.406
1299, 0.3886, 0.399
1300, 0.2147, 0.403
1301, 0.3063, 0.396
1302, 0.2121, 0.396
1303, 0.3796, 0.395
1304, 0.4005, 0.402
1305, 0.4235, 0.405
1306, 0.4025, 0.397
1307, 0.3682, 0.390
1308, 0.2828, 0.394
1309, 0.3602, 0.404
1310, 0.3439, 0.406
1311, 0.3094, 0.393
1312, 0.3143, 0.396
1313, 0.3728, 0.398
1314, 0.4014, 0.402
1315, 0.2970, 0.397
1316, 0.3261, 0.396
1317, 0.3782, 0.399
1318, 0.2950, 0.407
1319, 0.3349, 0.400
1320, 0.2328, 0.397
1321, 0.3921, 0.400
1322, 0.2806, 0.402
1323, 0.3552, 0.412
1324, 0.3244, 0.392
1325, 0.4183, 0.397
1326, 0.3700, 0.395
1327, 0.3874, 0.392
1328, 0.3109, 0.392
1329, 0.3585, 0.390
1330, 0.4551, 0.396
1331, 0.3659, 0.400
1332, 0.3868, 0.393
1333, 0.3711, 0.391
1334, 0.3543, 0.393
1335, 0.3266, 0.398
1336, 0.3396, 0.401
1337, 0.3441, 0.398
1338, 0.3022, 0.395
1339, 0.2909, 0.395
1340, 0.2919, 0.390
1341, 0.2699, 0.391
1342, 0.2977, 0.389
1343, 0.3050, 0.391
1344, 0.3696, 0.392
1345, 0.2556, 0.394
1346, 0.3770, 0.393
1347, 0.3039, 0.393
1348, 0.2941, 0.389
1349, 0.3630, 0.391
1350, 0.3617, 0.391
1351, 0.4417, 0.392
1352, 0.2384, 0.390
1353, 0.3188, 0.390
1354, 0.2890, 0.391
1355, 0.3298, 0.390
1356, 0.3892, 0.393
1357, 0.2200, 0.392
1358, 0.3435, 0.392
1359, 0.2504, 0.391
1360, 0.3641, 0.391
1361, 0.3299, 0.392
1362, 0.2961, 0.389
1363, 0.3256, 0.392
1364, 0.3570, 0.392
1365, 0.4040, 0.392
1366, 0.3760, 0.389
1367, 0.4415, 0.389
1368, 0.3148, 0.389
1369, 0.3574, 0.392
1370, 0.3595, 0.395
1371, 0.2936, 0.402
1372, 0.3662, 0.394
1373, 0.3413, 0.390
1374, 0.2570, 0.390
1375, 0.2914, 0.390
1376, 0.3303, 0.393
1377, 0.3587, 0.391
1378, 0.2934, 0.390
1379, 0.3416, 0.391
1380, 0.4075, 0.394
1381, 0.2923, 0.392
1382, 0.3873, 0.389
1383, 0.3580, 0.390
1384, 0.4074, 0.393
1385, 0.2943, 0.396
1386, 0.3372, 0.390
1387, 0.2884, 0.389
1388, 0.3583, 0.395
1389, 0.4209, 0.391
1390, 0.3386, 0.391
1391, 0.2550, 0.392
1392, 0.2355, 0.392
1393, 0.2795, 0.393
1394, 0.3308, 0.389
1395, 0.3623, 0.390
1396, 0.3027, 0.396
1397, 0.2869, 0.393
1398, 0.2610, 0.389
1399, 0.4895, 0.389
1400, 0.3149, 0.391
1401, 0.3579, 0.385
1402, 0.2413, 0.394
1403, 0.3103, 0.395
1404, 0.2564, 0.395
1405, 0.3519, 0.399
1406, 0.3020, 0.471
1407, 0.3287, 0.393
1408, 0.2736, 0.404
1409, 0.2530, 0.393
1410, 0.2851, 0.392
1411, 0.3086, 0.391
1412, 0.3639, 0.407
1413, 0.3342, 0.401
1414, 0.3290, 0.394
1415, 0.3124, 0.399
1416, 0.2909, 0.394
1417, 0.3639, 0.402
1418, 0.3144, 0.396
1419, 0.2614, 0.394
1420, 0.2534, 0.397
1421, 0.3021, 0.398
1422, 0.3154, 0.417
1423, 0.3653, 0.408
1424, 0.2976, 0.405
1425, 0.3179, 0.399
1426, 0.3467, 0.394
1427, 0.2653, 0.394
1428, 0.2802, 0.405
1429, 0.2496, 0.396
1430, 0.3187, 0.392
1431, 0.3415, 0.394
1432, 0.3221, 0.400
1433, 0.3303, 0.393
1434, 0.3302, 0.390
1435, 0.3612, 0.398
1436, 0.3897, 0.397
1437, 0.5112, 0.398
1438, 0.2915, 0.397
1439, 0.2863, 0.402
1440, 0.3600, 0.396
1441, 0.2867, 0.402
1442, 0.3314, 0.405
1443, 0.2980, 0.395
1444, 0.2889, 0.410
1445, 0.3206, 0.400
1446, 0.2541, 0.402
1447, 0.3241, 0.394
1448, 0.3446, 0.400
1449, 0.2806, 0.395
1450, 0.2964, 0.393
1451, 0.3141, 0.393
1452, 0.4168, 0.410
1453, 0.3039, 0.397
1454, 0.3504, 0.398
1455, 0.3236, 0.390
1456, 0.3247, 0.394
1457, 0.3575, 0.398
1458, 0.2991, 0.406
1459, 0.2731, 0.401
1460, 0.1716, 0.398
1461, 0.3104, 0.395
1462, 0.3075, 0.394
1463, 0.3191, 0.397
1464, 0.4352, 0.394
1465, 0.3069, 0.395
1466, 0.3199, 0.393
1467, 0.3703, 0.402
1468, 0.2805, 0.396
1469, 0.3432, 0.396
1470, 0.3059, 0.394
1471, 0.3137, 0.395
1472, 0.2884, 0.393
1473, 0.2475, 0.400
1474, 0.2060, 0.403
1475, 0.2572, 0.400
1476, 0.3304, 0.398
1477, 0.3931, 0.393
1478, 0.4021, 0.394
1479, 0.3138, 0.393
1480, 0.3300, 0.399
1481, 0.3463, 0.395
1482, 0.2219, 0.398
1483, 0.3072, 0.397
1484, 0.3122, 0.398
1485, 0.3003, 0.393
1486, 0.2479, 0.396
1487, 0.2698, 0.393
1488, 0.2942, 0.404
1489, 0.2892, 0.396
1490, 0.2686, 0.394
1491, 0.3000, 0.397
1492, 0.3214, 0.394
1493, 0.3496, 0.400
1494, 0.2621, 0.398
1495, 0.2627, 0.392
1496, 0.2622, 0.395
1497, 0.2736, 0.395
1498, 0.3470, 0.392
1499, 0.3263, 0.392
1500, 0.2974, 0.398
1501, 0.3038, 0.404
1502, 0.2987, 0.402
1503, 0.2367, 0.399
1504, 0.2603, 0.402
1505, 0.3382, 0.406
1506, 0.2940, 0.405
1507, 0.2242, 0.398
1508, 0.4362, 0.391
1509, 0.2424, 0.403
1510, 0.3591, 0.405
1511, 0.3196, 0.396
1512, 0.2836, 0.395
1513, 0.3797, 0.400
1514, 0.3804, 0.395
1515, 0.4002, 0.396
1516, 0.3647, 0.405
1517, 0.3896, 0.396
1518, 0.3149, 0.397
1519, 0.3294, 0.400
1520, 0.3938, 0.395
1521, 0.3963, 0.397
1522, 0.3556, 0.397
1523, 0.4993, 0.409
1524, 0.4390, 0.415
1525, 0.2913, 0.397
1526, 0.2859, 0.393
1527, 0.2366, 0.390
1528, 0.3612, 0.400
1529, 0.2926, 0.404
1530, 0.3185, 0.398
1531, 0.3005, 0.393
1532, 0.2450, 0.407
1533, 0.3683, 0.397
1534, 0.3312, 0.395
1535, 0.3403, 0.406
1536, 0.3143, 0.403
1537, 0.2618, 0.395
1538, 0.3072, 0.394
1539, 0.3480, 0.396
1540, 0.2467, 0.393
1541, 0.3046, 0.400
1542, 0.3754, 0.399
1543, 0.2880, 0.397
1544, 0.2409, 0.393
1545, 0.3750, 0.394
1546, 0.3846, 0.391
1547, 0.3428, 0.393
1548, 0.2977, 0.400
1549, 0.3837, 0.399
1550, 0.3141, 0.393
1551, 0.2918, 0.392
1552, 0.3301, 0.391
1553, 0.2783, 0.388
1554, 0.3131, 0.397
1555, 0.3867, 0.403
1556, 0.3498, 0.402
1557, 0.3995, 0.393
1558, 0.2757, 0.407
1559, 0.3704, 0.393
1560, 0.2882, 0.395
1561, 0.3305, 0.394
1562, 0.2791, 0.393
1563, 0.2926, 0.391
1564, 0.2676, 0.391
1565, 0.2299, 0.389
1566, 0.3418, 0.389
1567, 0.3505, 0.392
1568, 0.2883, 0.392
1569, 0.3074, 0.390
1570, 0.3028, 0.389
1571, 0.2368, 0.402
1572, 0.2920, 0.394
1573, 0.2900, 0.392
1574, 0.3211, 0.393
1575, 0.2490, 0.394
1576, 0.1812, 0.393
1577, 0.2254, 0.392
1578, 0.3476, 0.391
1579, 0.4348, 0.390
1580, 0.2524, 0.392
1581, 0.2500, 0.392
1582, 0.3005, 0.392
1583, 0.3071, 0.392
1584, 0.3002, 0.394
1585, 0.2915, 0.389
1586, 0.2962, 0.389
1587, 0.2564, 0.394
1588, 0.2379, 0.394
1589, 0.2822, 0.393
1590, 0.3183, 0.395
1591, 0.2965, 0.394
1592, 0.2485, 0.398
1593, 0.3477, 0.398
1594, 0.2496, 0.390
1595, 0.2197, 0.391
1596, 0.1891, 0.401
1597, 0.1452, 0.399
1598, 0.2487, 0.392
1599, 0.3371, 0.396
1600, 0.2262, 0.391
1601, 0.2944, 0.388
1602, 0.3333, 0.396
1603, 0.2321, 0.394
1604, 0.2414, 0.398
1605, 0.2064, 0.400
1606, 0.3359, 0.470
1607, 0.2398, 0.396
1608, 0.4450, 0.402
1609, 0.2381, 0.397
1610, 0.1542, 0.395
1611, 0.3461, 0.392
1612, 0.2980, 0.398
1613, 0.2429, 0.396
1614, 0.2853, 0.404
1615, 0.3891, 0.412
1616, 0.3259, 0.394
1617, 0.2602, 0.388
1618, 0.3409, 0.399
1619, 0.3142, 0.399
1620, 0.2803, 0.397
1621, 0.3065, 0.397
1622, 0.3539, 0.404
1623, 0.3396, 0.439
1624, 0.3106, 0.424
1625, 0.2572, 0.429
1626, 0.3252, 0.434
1627, 0.2439, 0.423
1628, 0.2874, 0.424
1629, 0.2573, 0.409
1630, 0.2766, 0.392
1631, 0.2512, 0.395
1632, 0.3453, 0.395
1633, 0.2962, 0.394
1634, 0.1960, 0.399
1635, 0.2056, 0.404
1636, 0.2232, 0.407
1637, 0.2989, 0.403
1638, 0.3246, 0.405
1639, 0.3186, 0.412
1640, 0.2425, 0.410
1641, 0.3267, 0.407
1642, 0.2568, 0.403
1643, 0.3154, 0.395
1644, 0.3699, 0.401
1645, 0.3009, 0.407
1646, 0.3413, 0.405
1647, 0.3667, 0.395
1648, 0.3415, 0.402
1649, 0.3692, 0.397
1650, 0.2908, 0.399
1651, 0.2834, 0.395
1652, 0.3172, 0.399
1653, 0.2976, 0.396
1654, 0.4032, 0.410
1655, 0.2670, 0.404
1656, 0.2097, 0.404
1657, 0.2677, 0.411
1658, 0.3135, 0.401
1659, 0.3770, 0.397
1660, 0.2383, 0.397
1661, 0.2783, 0.398
1662, 0.1799, 0.398
1663, 0.2285, 0.397
1664, 0.2233, 0.393
1665, 0.1769, 0.399
1666, 0.3864, 0.399
1667, 0.2744, 0.404
1668, 0.2397, 0.413
1669, 0.2438, 0.392
1670, 0.3031, 0.398
1671, 0.3116, 0.401
1672, 0.3031, 0.409
1673, 0.2728, 0.403
1674, 0.3254, 0.406
1675, 0.3672, 0.401
1676, 0.3119, 0.397
1677, 0.3008, 0.392
1678, 0.2868, 0.396
1679, 0.2337, 0.396
1680, 0.2704, 0.410
1681, 0.2641, 0.395
1682, 0.2867, 0.392
1683, 0.3230, 0.399
1684, 0.3374, 0.396
1685, 0.2202, 0.400
1686, 0.2125, 0.390
1687, 0.2459, 0.395
1688, 0.3385, 0.415
1689, 0.3476, 0.405
1690, 0.3395, 0.406
1691, 0.2438, 0.400
1692, 0.2232, 0.401
1693, 0.3395, 0.401
1694, 0.2391, 0.396
1695, 0.2345, 0.404
1696, 0.2802, 0.396
1697, 0.1876, 0.395
1698, 0.1957, 0.395
1699, 0.2371, 0.396
1700, 0.3121, 0.397
1701, 0.3831, 0.396
1702, 0.2907, 0.396
1703, 0.2984, 0.400
1704, 0.3482, 0.396
1705, 0.3120, 0.405
1706, 0.3638, 0.408
1707, 0.2872, 0.398
1708, 0.2519, 0.411
1709, 0.2582, 0.412
1710, 0.3399, 0.404
1711, 0.2762, 0.396
1712, 0.2655, 0.395
1713, 0.2925, 0.404
1714, 0.3825, 0.396
1715, 0.3690, 0.392
1716, 0.1684, 0.398
1717, 0.1753, 0.398
1718, 0.2356, 0.403
1719, 0.3137, 0.404
1720, 0.3549, 0.393
1721, 0.3073, 0.419
1722, 0.1987, 0.406
1723, 0.2405, 0.414
1724, 0.1495, 0.397
1725, 0.1850, 0.397
1726, 0.2164, 0.392
1727, 0.2116, 0.400
1728, 0.1767, 0.391
1729, 0.2257, 0.394
1730, 0.2030, 0.394
1731, 0.2380, 0.396
1732, 0.3660, 0.399
1733, 0.3275, 0.395
1734, 0.1914, 0.394
1735, 0.3112, 0.392
1736, 0.2416, 0.392
1737, 0.3034, 0.404
1738, 0.4470, 0.401
1739, 0.3353, 0.394
1740, 0.3018, 0.392
1741, 0.3179, 0.392
1742, 0.2969, 0.390
1743, 0.2967, 0.391
1744, 0.3250, 0.393
1745, 0.3050, 0.393
1746, 0.2327, 0.390
1747, 0.2292, 0.399
1748, 0.2254, 0.402
1749, 0.3025, 0.392
1750, 0.2251, 0.390
1751, 0.2680, 0.394
1752, 0.3655, 0.390
1753, 0.3543, 0.389
1754, 0.3251, 0.391
1755, 0.3556, 0.393
1756, 0.3058, 0.391
1757, 0.2318, 0.392
1758, 0.2839, 0.390
1759, 0.3312, 0.390
1760, 0.2504, 0.392
1761, 0.2946, 0.392
1762, 0.2928, 0.389
1763, 0.3313, 0.389
1764, 0.3286, 0.394
1765, 0.3594, 0.393
1766, 0.2904, 0.389
1767, 0.4080, 0.389
1768, 0.4272, 0.391
1769, 0.2438, 0.392
1770, 0.2370, 0.392
1771, 0.3509, 0.394
1772, 0.3038, 0.391
1773, 0.1513, 0.391
1774, 0.2375, 0.390
1775, 0.2910, 0.392
1776, 0.2715, 0.391
1777, 0.2688, 0.392
1778, 0.1966, 0.390
1779, 0.2785, 0.389
1780, 0.2858, 0.393
1781, 0.3561, 0.392
1782, 0.3125, 0.389
1783, 0.3591, 0.389
1784, 0.3479, 0.392
1785, 0.3122, 0.392
1786, 0.3547, 0.392
1787, 0.2011, 0.389
1788, 0.2385, 0.391
1789, 0.3159, 0.393
1790, 0.2786, 0.390
1791, 0.2267, 0.389
1792, 0.3019, 0.390
1793, 0.3133, 0.393
1794, 0.3078, 0.389
1795, 0.3219, 0.391
1796, 0.2954, 0.396
1797, 0.3199, 0.413
1798, 0.3126, 0.394
1799, 0.3000, 0.396
1800, 0.2825, 0.393
1801, 0.2609, 0.388
1802, 0.2958, 0.402
1803, 0.3151, 0.392
1804, 0.3091, 0.398
1805, 0.2215, 0.403
1806, 0.3400, 0.465
1807, 0.3012, 0.400
1808, 0.2826, 0.400
1809, 0.2965, 0.397
1810, 0.2346, 0.391
1811, 0.2211, 0.393
1812, 0.3422, 0.399
1813, 0.3055, 0.403
1814, 0.3126, 0.400
1815, 0.2703, 0.397
1816, 0.3300, 0.394
1817, 0.2727, 0.394
1818, 0.2516, 0.399
1819, 0.3066, 0.396
1820, 0.2430, 0.394
1821, 0.2874, 0.411
1822, 0.2868, 0.401
1823, 0.3158, 0.411
1824, 0.2285, 0.409
1825, 0.2397, 0.408
1826, 0.3957, 0.422
1827, 0.1888, 0.426
1828, 0.2554, 0.424
1829, 0.3859, 0.424
1830, 0.3591, 0.422
1831, 0.3660, 0.423
1832, 0.3963, 0.424
1833, 0.2966, 0.432
1834, 0.2413, 0.421
1835, 0.2638, 0.421
1836, 0.3349, 0.403
1837, 0.3736, 0.408
1838, 0.2922, 0.406
1839, 0.3136, 0.402
1840, 0.2185, 0.401
1841, 0.2835, 0.412
1842, 0.2556, 0.406
1843, 0.2541, 0.403
1844, 0.3068, 0.408
1845, 0.1933, 0.407
1846, 0.2146, 0.421
1847, 0.2601, 0.405
1848, 0.3007, 0.401
1849, 0.2556, 0.400
1850, 0.3085, 0.418
1851, 0.3686, 0.407
1852, 0.3111, 0.396
1853, 0.3025, 0.406
1854, 0.2820, 0.404
1855, 0.1475, 0.399
1856, 0.1952, 0.402
1857, 0.3467, 0.408
1858, 0.2796, 0.431
1859, 0.3325, 0.400
1860, 0.3552, 0.399
1861, 0.1976, 0.390
1862, 0.2746, 0.404
1863, 0.2328, 0.406
1864, 0.2905, 0.415
1865, 0.2603, 0.405
1866, 0.2637, 0.410
1867, 0.2638, 0.406
1868, 0.3062, 0.402
1869, 0.4453, 0.401
1870, 0.2955, 0.400
1871, 0.2520, 0.401
1872, 0.2430, 0.404
1873, 0.1743, 0.406
1874, 0.2855, 0.401
1875, 0.2929, 0.404
1876, 0.2877, 0.399
1877, 0.2732, 0.413
1878, 0.3263, 0.398
1879, 0.2642, 0.398
1880, 0.2628, 0.402
1881, 0.2439, 0.406
1882, 0.4428, 0.419
1883, 0.2196, 0.408
1884, 0.2014, 0.400
1885, 0.2151, 0.419
1886, 0.1916, 0.400
1887, 0.2336, 0.429
1888, 0.3310, 0.410
1889, 0.2662, 0.401
1890, 0.3053, 0.424
1891, 0.2911, 0.402
1892, 0.3046, 0.400
1893, 0.2516, 0.399
1894, 0.2597, 0.395
1895, 0.2584, 0.398
1896, 0.1882, 0.408
1897, 0.3011, 0.408
1898, 0.2034, 0.408
1899, 0.2662, 0.410
1900, 0.2206, 0.417
1901, 0.1609, 0.413
1902, 0.2540, 0.401
1903, 0.3107, 0.398
1904, 0.2137, 0.397
1905, 0.1797, 0.401
1906, 0.2251, 0.404
1907, 0.3073, 0.406
1908, 0.2919, 0.397
1909, 0.3165, 0.400
1910, 0.2863, 0.400
1911, 0.2155, 0.402
1912, 0.1942, 0.406
1913, 0.2504, 0.408
1914, 0.2790, 0.414
1915, 0.3042, 0.405
1916, 0.2861, 0.402
1917, 0.3201, 0.408
1918, 0.3449, 0.407
1919, 0.3727, 0.404
1920, 0.2097, 0.398
1921, 0.2939, 0.414
1922, 0.2909, 0.401
1923, 0.3243, 0.412
1924, 0.3199, 0.405
1925, 0.2507, 0.392
1926, 0.4049, 0.390
1927, 0.3156, 0.390
1928, 0.3075, 0.399
1929, 0.3040, 0.401
1930, 0.2116, 0.415
1931, 0.2413, 0.401
1932, 0.2972, 0.395
1933, 0.2554, 0.395
1934, 0.2156, 0.403
1935, 0.2362, 0.404
1936, 0.3209, 0.398
1937, 0.2165, 0.398
1938, 0.3385, 0.397
1939, 0.2768, 0.395
1940, 0.3422, 0.393
1941, 0.2987, 0.392
1942, 0.3884, 0.391
1943, 0.3016, 0.390
1944, 0.4222, 0.389
1945, 0.3227, 0.389
1946, 0.3318, 0.390
1947, 0.2916, 0.391
1948, 0.2096, 0.390
1949, 0.2878, 0.392
1950, 0.2405, 0.393
1951, 0.2539, 0.389
1952, 0.3166, 0.391
1953, 0.2627, 0.390
1954, 0.2956, 0.403
1955, 0.1952, 0.400
1956, 0.2001, 0.398
1957, 0.2848, 0.397
1958, 0.2426, 0.390
1959, 0.2569, 0.390
1960, 0.3215, 0.398
1961, 0.3574, 0.394
1962, 0.2578, 0.392
1963, 0.2009, 0.395
1964, 0.2194, 0.391
1965, 0.2382, 0.389
1966, 0.1939, 0.388
1967, 0.2282, 0.396
1968, 0.2961, 0.395
1969, 0.2670, 0.393
1970, 0.3090, 0.394
1971, 0.3449, 0.393
1972, 0.2503, 0.397
1973, 0.2980, 0.399
1974, 0.1865, 0.399
1975, 0.2542, 0.395
1976, 0.3099, 0.397
1977, 0.2646, 0.391
1978, 0.2339, 0.391
1979, 0.2676, 0.393
1980, 0.2232, 0.399
1981, 0.3121, 0.394
1982, 0.3813, 0.392
1983, 0.3262, 0.395
1984, 0.2552, 0.390
1985, 0.2277, 0.388
1986, 0.2640, 0.388
1987, 0.2823, 0.400
1988, 0.2825, 0.400
1989, 0.2354, 0.397
1990, 0.2441, 0.391
1991, 0.4037, 0.389
1992, 0.3861, 0.390
1993, 0.2270, 0.400
1994, 0.2714, 0.396
1995, 0.3320, 0.396
1996, 0.3338, 0.397
1997, 0.3745, 0.391
1998, 0.3038, 0.389
1999, 0.3597, 0.389
2000, 0.1823, 0.397
2001, 0.1923, 0.385
2002, 0.2706, 0.392
2003, 0.2362, 0.392
2004, 0.2295, 0.398
2005, 0.2011, 0.402
2006, 0.3099, 0.456
2007, 0.1744, 0.399
2008, 0.2711, 0.394
2009, 0.2366, 0.394
2010, 0.2818, 0.391
2011, 0.2916, 0.400
2012, 0.2950, 0.405
2013, 0.2587, 0.399
2014, 0.2660, 0.395
2015, 0.3284, 0.391
2016, 0.2260, 0.392
2017, 0.2524, 0.394
2018, 0.3180, 0.401
2019, 0.2770, 0.404
2020, 0.2395, 0.402
2021, 0.2586, 0.401
2022, 0.3085, 0.399
2023, 0.2643, 0.406
2024, 0.2776, 0.401
2025, 0.2146, 0.414
2026, 0.2569, 0.396
2027, 0.2449, 0.395
2028, 0.2689, 0.399
2029, 0.3426, 0.399
2030, 0.2363, 0.401
2031, 0.2731, 0.400
2032, 0.1934, 0.400
2033, 0.2390, 0.401
2034, 0.2873, 0.411
2035, 0.2641, 0.399
2036, 0.3217, 0.400
2037, 0.2759, 0.413
2038, 0.3199, 0.405
2039, 0.2144, 0.394
2040, 0.2734, 0.407
2041, 0.3120, 0.400
2042, 0.3310, 0.397
2043, 0.2689, 0.392
2044, 0.2274, 0.400
2045, 0.1642, 0.402
2046, 0.2442, 0.401
2047, 0.2138, 0.398
2048, 0.1800, 0.391
2049, 0.2757, 0.407
2050, 0.2603, 0.400
2051, 0.2344, 0.405
2052, 0.1841, 0.396
2053, 0.2796, 0.400
2054, 0.2867, 0.399
2055, 0.1977, 0.396
2056, 0.2274, 0.399
2057, 0.2013, 0.401
2058, 0.2765, 0.402
2059, 0.2949, 0.395
2060, 0.2053, 0.400
2061, 0.2237, 0.398
2062, 0.2549, 0.402
2063, 0.1983, 0.404
2064, 0.3247, 0.393
2065, 0.2664, 0.398
2066, 0.3021, 0.396
2067, 0.2840, 0.401
2068, 0.2341, 0.399
2069, 0.2436, 0.405
2070, 0.2184, 0.404
2071, 0.2761, 0.397
2072, 0.2473, 0.399
2073, 0.1931, 0.399
2074, 0.2351, 0.399
2075, 0.2587, 0.396
2076, 0.2580, 0.401
2077, 0.2855, 0.400
2078, 0.2431, 0.398
2079, 0.2590, 0.391
2080, 0.2846, 0.395
2081, 0.3226, 0.404
2082, 0.2079, 0.406
2083, 0.2263, 0.396
2084, 0.1728, 0.394
2085, 0.2119, 0.395
2086, 0.2460, 0.399
2087, 0.1916, 0.395
2088, 0.2672, 0.399
2089, 0.2935, 0.405
2090, 0.3651, 0.401
2091, 0.3700, 0.394
2092, 0.3123, 0.395
2093, 0.2376, 0.399
2094, 0.2613, 0.405
2095, 0.1732, 0.397
2096, 0.2929, 0.402
2097, 0.3381, 0.395
2098, 0.3225, 0.398
2099, 0.2920, 0.404
2100, 0.1925, 0.415
2101, 0.2224, 0.427
2102, 0.2993, 0.421
2103, 0.2818, 0.423
2104, 0.2051, 0.447
2105, 0.2454, 0.445
2106, 0.2383, 0.432
2107, 0.2803, 0.430
2108, 0.2010, 0.421
2109, 0.2389, 0.419
2110, 0.3165, 0.433
2111, 0.2822, 0.425
2112, 0.2987, 0.424
2113, 0.2202, 0.444
2114, 0.2233, 0.410
2115, 0.2575, 0.398
2116, 0.3789, 0.394
2117, 0.3450, 0.393
2118, 0.2260, 0.401
2119, 0.3365, 0.407
2120, 0.3348, 0.402
2121, 0.2210, 0.402
2122, 0.2302, 0.399
2123, 0.2039, 0.404
2124, 0.2871, 0.425
2125, 0.2591, 0.394
2126, 0.2991, 0.394
2127, 0.2021, 0.400
2128, 0.2874, 0.395
2129, 0.2802, 0.395
2130, 0.2162, 0.393
2131, 0.2232, 0.392
2132, 0.1750, 0.390
2133, 0.1572, 0.389
2134, 0.2623, 0.393
2135, 0.2907, 0.392
2136, 0.2259, 0.390
2137, 0.2355, 0.388
2138, 0.1597, 0.390
2139, 0.2277, 0.396
2140, 0.2612, 0.397
2141, 0.2816, 0.391
2142, 0.2277, 0.389
2143, 0.2420, 0.391
2144, 0.2082, 0.391
2145, 0.2881, 0.390
2146, 0.2715, 0.391
2147, 0.2363, 0.393
2148, 0.1993, 0.392
2149, 0.2494, 0.392
2150, 0.2377, 0.389
2151, 0.2090, 0.392
2152, 0.2600, 0.391
2153, 0.3042, 0.388
2154, 0.2713, 0.391
2155, 0.2715, 0.395
2156, 0.2604, 0.397
2157, 0.2993, 0.392
2158, 0.1869, 0.392
2159, 0.2471, 0.392
2160, 0.1934, 0.395
2161, 0.2732, 0.389
2162, 0.1927, 0.389
2163, 0.3055, 0.390
2164, 0.1817, 0.390
2165, 0.1989, 0.390
2166, 0.1855, 0.392
2167, 0.2060, 0.396
2168, 0.3524, 0.397
2169, 0.2672, 0.389
2170, 0.2924, 0.391
2171, 0.3106, 0.396
2172, 0.2585, 0.405
2173, 0.2890, 0.404
2174, 0.2909, 0.394
2175, 0.2279, 0.396
2176, 0.3735, 0.391
2177, 0.3478, 0.392
2178, 0.2656, 0.397
2179, 0.2551, 0.397
2180, 0.2624, 0.398
2181, 0.2210, 0.396
2182, 0.1991, 0.390
2183, 0.2020, 0.391
2184, 0.2634, 0.390
2185, 0.2730, 0.397
2186, 0.1214, 0.401
2187, 0.1964, 0.393
2188, 0.2762, 0.400
2189, 0.3098, 0.393
2190, 0.2259, 0.395
2191, 0.3065, 0.397
2192, 0.2598, 0.398
2193, 0.3628, 0.398
2194, 0.2397, 0.396
2195, 0.2273, 0.391
2196, 0.2147, 0.390
2197, 0.2739, 0.389
2198, 0.3066, 0.390
2199, 0.2238, 0.401
2200, 0.2416, 0.391
2201, 0.2811, 0.384
2202, 0.2171, 0.392
2203, 0.2481, 0.396
2204, 0.2635, 0.401
2205, 0.3459, 0.414
2206, 0.2160, 0.428
2207, 0.1700, 0.392
2208, 0.2634, 0.404
2209, 0.3321, 0.395
2210, 0.3503, 0.392
2211, 0.3085, 0.395
2212, 0.3447, 0.397
2213, 0.2220, 0.393
2214, 0.2765, 0.393
2215, 0.2888, 0.401
2216, 0.2090, 0.393
2217, 0.2231, 0.398
2218, 0.3357, 0.394
2219, 0.2736, 0.429
2220, 0.1810, 0.438
2221, 0.3424, 0.430
2222, 0.2945, 0.436
2223, 0.3428, 0.432
2224, 0.2466, 0.429
2225, 0.1989, 0.431
2226, 0.2123, 0.441
2227, 0.2062, 0.424
2228, 0.2424, 0.428
2229, 0.2944, 0.429
2230, 0.2774, 0.422
2231, 0.3215, 0.422
2232, 0.2215, 0.421
2233, 0.2481, 0.428
2234, 0.2360, 0.439
2235, 0.2372, 0.425
2236, 0.2254, 0.398
2237, 0.2286, 0.401
2238, 0.2326, 0.408
2239, 0.2111, 0.412
2240, 0.2739, 0.400
2241, 0.1708, 0.435
2242, 0.1953, 0.397
2243, 0.2412, 0.396
2244, 0.2089, 0.399
2245, 0.2221, 0.400
2246, 0.2083, 0.394
2247, 0.2312, 0.399
2248, 0.1848, 0.410
2249, 0.2405, 0.399
2250, 0.2503, 0.399
2251, 0.2314, 0.396
2252, 0.1962, 0.399
2253, 0.2788, 0.404
2254, 0.2871, 0.405
2255, 0.2150, 0.402
2256, 0.2269, 0.407
2257, 0.1598, 0.401
2258, 0.2056, 0.395
2259, 0.2260, 0.391
2260, 0.1730, 0.394
2261, 0.2221, 0.398
2262, 0.1879, 0.392
2263, 0.2586, 0.398
2264, 0.1889, 0.399
2265, 0.1853, 0.402
2266, 0.3376, 0.403
2267, 0.1962, 0.404
2268, 0.2644, 0.399
2269, 0.1699, 0.401
2270, 0.2205, 0.396
2271, 0.2638, 0.402
2272, 0.2113, 0.401
2273, 0.2547, 0.397
2274, 0.2045, 0.399
2275, 0.1872, 0.396
2276, 0.2499, 0.393
2277, 0.2291, 0.392
2278, 0.2087, 0.397
2279, 0.2312, 0.399
2280, 0.2699, 0.402
2281, 0.3291, 0.402
2282, 0.2793, 0.401
2283, 0.2253, 0.399
2284, 0.2160, 0.410
2285, 0.2089, 0.398
2286, 0.2846, 0.394
2287, 0.2619, 0.395
2288, 0.2213, 0.396
2289, 0.2152, 0.395
2290, 0.2080, 0.391
2291, 0.2025, 0.396
2292, 0.1842, 0.402
2293, 0.2501, 0.399
2294, 0.3257, 0.394
2295, 0.2258, 0.403
2296, 0.2376, 0.412
2297, 0.1840, 0.413
2298, 0.2163, 0.398
2299, 0.2275, 0.404
2300, 0.2259, 0.402
2301, 0.2097, 0.428
2302, 0.2543, 0.403
2303, 0.2786, 0.393
2304, 0.1868, 0.403
2305, 0.1892, 0.402
2306, 0.1881, 0.402
2307, 0.3163, 0.394
2308, 0.2135, 0.397
2309, 0.1864, 0.406
2310, 0.2817, 0.398
2311, 0.2602, 0.399
2312, 0.2291, 0.411
2313, 0.2576, 0.399
2314, 0.2552, 0.414
2315, 0.2490, 0.398
2316, 0.2387, 0.405
2317, 0.4203, 0.407
2318, 0.2868, 0.395
2319, 0.2518, 0.397
2320, 0.1725, 0.395
2321, 0.1786, 0.396
2322, 0.2426, 0.393
2323, 0.2312, 0.411
2324, 0.2014, 0.396
2325, 0.2208, 0.397
2326, 0.2177, 0.391
2327, 0.3707, 0.406
2328, 0.2912, 0.401
2329, 0.2428, 0.399
2330, 0.3220, 0.398
2331, 0.2346, 0.405
2332, 0.2713, 0.410
2333, 0.2669, 0.404
2334, 0.2611, 0.400
2335, 0.2179, 0.403
2336, 0.2321, 0.404
2337, 0.2244, 0.402
2338, 0.2662, 0.402
2339, 0.2288, 0.400
2340, 0.2730, 0.400
2341, 0.2240, 0.402
2342, 0.2883, 0.401
2343, 0.2499, 0.400
2344, 0.3048, 0.403
2345, 0.2671, 0.400
2346, 0.3152, 0.399
2347, 0.2382, 0.400
2348, 0.2096, 0.403
2349, 0.2121, 0.401
2350, 0.2842, 0.400
2351, 0.3231, 0.400
2352, 0.3719, 0.397
2353, 0.1947, 0.400
2354, 0.2898, 0.400
2355, 0.2543, 0.400
2356, 0.2559, 0.401
2357, 0.2226, 0.396
2358, 0.1562, 0.391
2359, 0.2368, 0.389
2360, 0.2162, 0.392
2361, 0.1683, 0.393
2362, 0.2110, 0.393
2363, 0.2681, 0.395
2364, 0.1564, 0.394
2365, 0.2602, 0.392
2366, 0.2159, 0.389
2367, 0.1755, 0.393
2368, 0.2681, 0.395
2369, 0.2191, 0.393
2370, 0.1880, 0.396
2371, 0.2596, 0.394
2372, 0.1778, 0.400
2373, 0.2760, 0.393
2374, 0.2217, 0.391
2375, 0.3269, 0.391
2376, 0.2683, 0.399
2377, 0.2057, 0.398
2378, 0.1726, 0.393
2379, 0.2442, 0.400
2380, 0.2324, 0.402
2381, 0.2096, 0.399
2382, 0.3105, 0.398
2383, 0.2392, 0.398
2384, 0.2282, 0.403
2385, 0.2483, 0.401
2386, 0.2388, 0.395
2387, 0.2225, 0.394
2388, 0.2169, 0.395
2389, 0.2217, 0.403
2390, 0.3077, 0.394
2391, 0.3615, 0.392
2392, 0.2812, 0.401
2393, 0.2233, 0.394
2394, 0.2982, 0.390
2395, 0.2488, 0.391
2396, 0.2882, 0.395
2397, 0.2458, 0.395
2398, 0.3407, 0.397
2399, 0.2388, 0.392
2400, 0.2332, 0.393
2401, 0.1817, 0.389
2402, 0.2800, 0.393
2403, 0.3353, 0.400
2404, 0.2580, 0.398
2405, 0.2816, 0.399
2406, 0.2031, 0.462
2407, 0.2136, 0.398
2408, 0.2593, 0.396
2409, 0.2166, 0.394
2410, 0.3153, 0.398
2411, 0.2447, 0.394
2412, 0.2324, 0.398
2413, 0.1846, 0.394
2414, 0.2806, 0.405
2415, 0.2374, 0.394
2416, 0.2531, 0.397
2417, 0.2778, 0.393
2418, 0.1764, 0.394
2419, 0.2103, 0.395
2420, 0.1846, 0.402
2421, 0.3233, 0.398
2422, 0.2300, 0.400
2423, 0.2087, 0.403
2424, 0.1896, 0.409
2425, 0.1449, 0.415
2426, 0.2844, 0.399
2427, 0.2785, 0.394
2428, 0.1898, 0.408
2429, 0.2200, 0.400
2430, 0.2285, 0.399
2431, 0.1840, 0.399
2432, 0.3535, 0.399
2433, 0.3134, 0.400
2434, 0.2763, 0.405
2435, 0.2664, 0.400
2436, 0.2207, 0.408
2437, 0.3207, 0.401
2438, 0.2820, 0.408
2439, 0.4087, 0.405
2440, 0.2375, 0.400
2441, 0.2490, 0.404
2442, 0.2471, 0.400
2443, 0.2000, 0.401
2444, 0.1918, 0.400
2445, 0.2548, 0.396
2446, 0.2173, 0.395
2447, 0.2563, 0.418
2448, 0.2652, 0.398
2449, 0.2585, 0.403
2450, 0.2948, 0.398
2451, 0.3411, 0.405
2452, 0.2151, 0.409
2453, 0.2406, 0.402
2454, 0.2647, 0.399
2455, 0.2176, 0.418
2456, 0.2102, 0.399
2457, 0.1989, 0.398
2458, 0.2860, 0.400
2459, 0.2577, 0.398
2460, 0.1709, 0.409
2461, 0.2119, 0.396
2462, 0.1892, 0.392
2463, 0.2512, 0.402
2464, 0.2913, 0.399
2465, 0.2679, 0.408
2466, 0.1943, 0.404
2467, 0.1422, 0.399
2468, 0.2018, 0.406
2469, 0.2722, 0.407
2470, 0.1721, 0.405
2471, 0.2886, 0.408
2472, 0.3014, 0.406
2473, 0.3011, 0.406
2474, 0.2715, 0.413
2475, 0.2182, 0.398
2476, 0.3052, 0.402
2477, 0.2778, 0.404
2478, 0.3633, 0.402
2479, 0.2356, 0.404
2480, 0.3261, 0.406
2481, 0.2399, 0.423
2482, 0.2821, 0.419
2483, 0.3288, 0.425
2484, 0.4241, 0.427
2485, 0.3458, 0.401
2486, 0.1920, 0.404
2487, 0.2396, 0.398
2488, 0.3469, 0.401
2489, 0.2523, 0.398
2490, 0.2395, 0.404
2491, 0.2817, 0.396
2492, 0.2424, 0.403
2493, 0.3960, 0.401
2494, 0.3674, 0.399
2495, 0.3147, 0.403
2496, 0.2071, 0.402
2497, 0.1874, 0.404
2498, 0.2612, 0.402
2499, 0.3208, 0.410
2500, 0.2425, 0.437
2501, 0.2555, 0.424
2502, 0.2100, 0.439
2503, 0.3307, 0.424
2504, 0.2577, 0.422
2505, 0.1662, 0.425
2506, 0.2271, 0.426
2507, 0.2257, 0.436
2508, 0.2564, 0.454
2509, 0.2178, 0.441
2510, 0.2113, 0.404
2511, 0.3141, 0.402
2512, 0.2031, 0.404
2513, 0.1780, 0.398
2514, 0.2376, 0.406
2515, 0.2775, 0.407
2516, 0.2636, 0.403
2517, 0.3076, 0.401
2518, 0.2783, 0.409
2519, 0.2930, 0.402
2520, 0.2382, 0.399
2521, 0.3279, 0.399
2522, 0.2317, 0.398
2523, 0.2410, 0.404
2524, 0.2485, 0.403
2525, 0.2556, 0.434
2526, 0.2675, 0.398
2527, 0.2791, 0.395
2528, 0.2258, 0.398
2529, 0.2666, 0.398
2530, 0.2492, 0.398
2531, 0.2241, 0.397
2532, 0.1670, 0.390
2533, 0.1577, 0.389
2534, 0.2148, 0.390
2535, 0.2364, 0.393
2536, 0.2166, 0.402
2537, 0.2333, 0.390
2538, 0.2070, 0.385
2539, 0.2232, 0.391
2540, 0.2897, 0.395
2541, 0.2494, 0.391
2542, 0.2834, 0.391
2543, 0.2440, 0.393
2544, 0.1986, 0.393
2545, 0.2937, 0.390
2546, 0.1924, 0.389
2547, 0.1776, 0.389
2548, 0.1875, 0.389
2549, 0.2722, 0.392
2550, 0.3080, 0.391
2551, 0.2708, 0.389
2552, 0.1731, 0.392
2553, 0.2158, 0.390
2554, 0.2570, 0.389
2555, 0.1927, 0.395
2556, 0.2872, 0.397
2557, 0.2407, 0.393
2558, 0.2345, 0.392
2559, 0.2670, 0.394
2560, 0.2990, 0.393
2561, 0.2371, 0.392
2562, 0.2246, 0.390
2563, 0.2898, 0.391
2564, 0.3952, 0.390
2565, 0.2519, 0.390
2566, 0.2743, 0.389
2567, 0.2421, 0.390
2568, 0.2575, 0.394
2569, 0.3296, 0.396
2570, 0.2173, 0.389
2571, 0.2212, 0.391
2572, 0.2690, 0.395
2573, 0.3334, 0.391
2574, 0.2697, 0.390
2575, 0.2459, 0.392
2576, 0.3982, 0.393
2577, 0.2721, 0.391
2578, 0.2649, 0.389
2579, 0.2168, 0.389
2580, 0.2383, 0.390
2581, 0.2298, 0.393
2582, 0.1504, 0.394
2583, 0.3322, 0.390
2584, 0.2915, 0.392
2585, 0.3256, 0.393
2586, 0.2857, 0.389
2587, 0.3151, 0.390
2588, 0.2554, 0.393
2589, 0.2231, 0.394
2590, 0.2832, 0.388
2591, 0.2978, 0.391
2592, 0.2302, 0.393
2593, 0.2916, 0.391
2594, 0.2177, 0.390
2595, 0.2185, 0.394
2596, 0.2292, 0.391
2597, 0.2958, 0.390
2598, 0.1868, 0.389
2599, 0.2384, 0.393
2600, 0.2283, 0.392
2601, 0.2608, 0.387
2602, 0.2477, 0.392
2603, 0.2155, 0.392
2604, 0.1975, 0.396
2605, 0.2758, 0.410
2606, 0.2639, 0.446
2607, 0.2120, 0.397
2608, 0.2298, 0.394
2609, 0.2204, 0.393
2610, 0.3490, 0.390
2611, 0.2360, 0.392
2612, 0.2063, 0.409
2613, 0.2598, 0.413
2614, 0.3308, 0.401
2615, 0.3208, 0.408
2616, 0.2266, 0.393
2617, 0.2717, 0.389
2618, 0.2659, 0.404
2619, 0.2712, 0.394
2620, 0.2382, 0.408
2621, 0.3050, 0.402
2622, 0.2438, 0.404
2623, 0.2141, 0.408
2624, 0.2532, 0.402
2625, 0.2855, 0.399
2626, 0.1978, 0.398
2627, 0.1678, 0.413
2628, 0.2252, 0.395
2629, 0.2908, 0.398
2630, 0.3136, 0.396
2631, 0.2697, 0.403
2632, 0.2220, 0.396
2633, 0.2176, 0.394
2634, 0.2996, 0.395
2635, 0.2709, 0.396
2636, 0.2522, 0.404
2637, 0.2822, 0.403
2638, 0.2335, 0.395
2639, 0.2417, 0.413
2640, 0.2896, 0.403
2641, 0.3403, 0.399
2642, 0.1985, 0.397
2643, 0.2410, 0.397
2644, 0.2936, 0.400
2645, 0.3287, 0.403
2646, 0.2667, 0.400
2647, 0.2363, 0.405
2648, 0.2538, 0.392
2649, 0.2315, 0.404
2650, 0.2077, 0.404
2651, 0.2100, 0.397
2652, 0.2233, 0.399
2653, 0.2780, 0.401
2654, 0.2438, 0.419
2655, 0.2848, 0.424
2656, 0.2756, 0.423
2657, 0.3022, 0.429
2658, 0.2943, 0.429
2659, 0.2898, 0.422
2660, 0.1992, 0.419
2661, 0.2888, 0.424
2662, 0.2888, 0.425
2663, 0.2615, 0.410
2664, 0.2968, 0.404
2665, 0.2320, 0.423
2666, 0.2644, 0.400
2667, 0.3081, 0.402
2668, 0.2622, 0.411
2669, 0.2293, 0.398
2670, 0.2052, 0.405
2671, 0.2459, 0.407
2672, 0.2293, 0.406
2673, 0.2389, 0.400
2674, 0.3080, 0.408
2675, 0.2103, 0.396
2676, 0.2967, 0.408
2677, 0.2751, 0.398
2678, 0.2541, 0.424
2679, 0.2133, 0.408
2680, 0.2703, 0.396
2681, 0.2365, 0.398
2682, 0.3491, 0.406
2683, 0.1800, 0.395
2684, 0.2265, 0.397
2685, 0.2346, 0.398
2686, 0.2404, 0.396
2687, 0.2177, 0.412
2688, 0.2096, 0.429
2689, 0.3371, 0.406
2690, 0.2720, 0.397
2691, 0.2468, 0.408
2692, 0.2899, 0.400
2693, 0.1575, 0.395
2694, 0.2177, 0.393
2695, 0.2988, 0.396
2696, 0.2446, 0.394
2697, 0.2059, 0.428
2698, 0.2338, 0.413
2699, 0.2646, 0.409
2700, 0.4443, 0.403
2701, 0.2739, 0.394
2702, 0.2084, 0.393
2703, 0.2297, 0.401
2704, 0.2348, 0.400
2705, 0.2541, 0.407
2706, 0.2316, 0.425
2707, 0.1887, 0.404
2708, 0.2692, 0.415
2709, 0.2752, 0.402
2710, 0.2196, 0.426
2711, 0.2418, 0.394
2712, 0.2494, 0.400
2713, 0.2502, 0.400
2714, 0.2117, 0.405
2715, 0.2280, 0.396
2716, 0.2262, 0.397
2717, 0.3147, 0.394
2718, 0.3528, 0.399
2719, 0.2369, 0.422
2720, 0.2500, 0.429
2721, 0.2047, 0.424
2722, 0.3002, 0.448
2723, 0.2441, 0.443
2724, 0.2053, 0.399
2725, 0.2230, 0.392
2726, 0.2443, 0.392
2727, 0.3719, 0.391
2728, 0.1602, 0.395
2729, 0.2351, 0.399
2730, 0.2031, 0.402
2731, 0.2349, 0.397
2732, 0.1601, 0.392
2733, 0.2728, 0.394
2734, 0.2951, 0.402
2735, 0.2846, 0.399
2736, 0.2168, 0.395
2737, 0.2161, 0.396
2738, 0.2616, 0.396
2739, 0.2576, 0.395
2740, 0.2877, 0.395
2741, 0.1622, 0.393
2742, 0.2656, 0.391
2743, 0.1979, 0.390
2744, 0.2346, 0.390
2745, 0.2555, 0.391
2746, 0.3249, 0.390
2747, 0.3333, 0.390
2748, 0.2546, 0.394
2749, 0.1862, 0.391
2750, 0.2031, 0.395
2751, 0.2385, 0.388
2752, 0.2349, 0.393
2753, 0.2807, 0.397
2754, 0.3037, 0.398
2755, 0.2770, 0.395
2756, 0.3160, 0.396
2757, 0.2069, 0.393
2758, 0.1844, 0.389
2759, 0.2681, 0.392
2760, 0.2645, 0.397
2761, 0.2547, 0.398
2762, 0.2267, 0.396
2763, 0.2878, 0.392
2764, 0.2637, 0.430
2765, 0.2124, 0.419
2766, 0.3085, 0.391
2767, 0.2657, 0.392
2768, 0.2377, 0.395
2769, 0.2704, 0.395
2770, 0.2436, 0.390
2771, 0.2144, 0.392
2772, 0.2430, 0.394
2773, 0.2427, 0.391
2774, 0.2169, 0.392
2775, 0.2915, 0.388
2776, 0.2391, 0.390
2777, 0.2695, 0.391
2778, 0.2136, 0.398
2779, 0.1749, 0.404
2780, 0.2783, 0.398
2781, 0.3033, 0.403
2782, 0.2303, 0.402
2783, 0.2066, 0.389
2784, 0.2352, 0.392
2785, 0.2625, 0.393
2786, 0.2418, 0.396
2787, 0.2825, 0.397
2788, 0.2586, 0.403
2789, 0.3412, 0.393
2790, 0.2292, 0.391
2791, 0.3077, 0.391
2792, 0.1936, 0.399
2793, 0.2235, 0.398
2794, 0.2108, 0.394
2795, 0.2573, 0.400
2796, 0.2123, 0.395
2797, 0.3403, 0.392
2798, 0.1499, 0.391
2799, 0.2149, 0.396
2800, 0.1780, 0.396
2801, 0.2606, 0.386
2802, 0.2194, 0.396
2803, 0.1610, 0.401
2804, 0.2948, 0.401
2805, 0.2291, 0.414
2806, 0.2005, 0.496
2807, 0.2922, 0.393
2808, 0.2204, 0.392
2809, 0.2383, 0.391
2810, 0.1967, 0.390
2811, 0.3094, 0.396
2812, 0.2989, 0.396
2813, 0.1927, 0.425
2814, 0.2630, 0.393
2815, 0.3753, 0.406
2816, 0.3042, 0.392
2817, 0.3232, 0.407
2818, 0.2187, 0.400
2819, 0.2540, 0.397
2820, 0.2269, 0.396
2821, 0.2319, 0.402
2822, 0.2550, 0.407
2823, 0.2070, 0.398
2824, 0.2325, 0.403
2825, 0.2610, 0.409
2826, 0.1709, 0.393
2827, 0.2107, 0.403
2828, 0.2241, 0.403
2829, 0.2108, 0.412
2830, 0.2636, 0.394
2831, 0.1730, 0.403
2832, 0.1655, 0.397
2833, 0.2094, 0.396
2834, 0.2002, 0.399
2835, 0.1922, 0.407
2836, 0.1651, 0.409
2837, 0.2287, 0.413
2838, 0.1606, 0.432
2839, 0.2332, 0.441
2840, 0.1627, 0.429
2841, 0.2403, 0.425
2842, 0.2402, 0.422
2843, 0.2418, 0.398
2844, 0.2545, 0.399
2845, 0.1788, 0.394
2846, 0.2604, 0.395
2847, 0.2710, 0.396
2848, 0.2446, 0.399
2849, 0.2050, 0.423
2850, 0.1881, 0.422
2851, 0.2583, 0.450
2852, 0.2054, 0.439
2853, 0.2358, 0.436
2854, 0.2641, 0.434
2855, 0.2580, 0.435
2856, 0.2504, 0.401
2857, 0.3521, 0.408
2858, 0.2701, 0.399
2859, 0.2861, 0.408
2860, 0.2009, 0.396
2861, 0.2200, 0.402
2862, 0.2446, 0.412
2863, 0.2566, 0.396
2864, 0.1899, 0.392
2865, 0.2558, 0.394
2866, 0.2078, 0.399
2867, 0.1845, 0.402
2868, 0.1821, 0.421
2869, 0.3693, 0.403
2870, 0.3269, 0.433
2871, 0.2540, 0.424
2872, 0.2263, 0.412
2873, 0.2109, 0.393
2874, 0.2364, 0.398
2875, 0.1812, 0.398
2876, 0.2009, 0.401
2877, 0.1800, 0.395
2878, 0.1979, 0.396
2879, 0.2527, 0.396
2880, 0.2447, 0.395
2881, 0.2108, 0.402
2882, 0.1976, 0.394
2883, 0.2626, 0.401
2884, 0.1914, 0.399
2885, 0.1736, 0.394
2886, 0.2095, 0.396
2887, 0.2182, 0.399
2888, 0.1855, 0.396
2889, 0.2063, 0.406
2890, 0.2493, 0.392
2891, 0.2085, 0.405
2892, 0.1924, 0.413
2893, 0.2032, 0.405
2894, 0.2325, 0.392
2895, 0.3379, 0.403
2896, 0.2499, 0.402
2897, 0.3020, 0.402
2898, 0.2179, 0.394
2899, 0.2595, 0.405
2900, 0.2344, 0.392
2901, 0.3407, 0.405
2902, 0.2655, 0.403
2903, 0.3251, 0.398
2904, 0.1636, 0.397
2905, 0.1959, 0.398
2906, 0.2602, 0.406
2907, 0.2254, 0.399
2908, 0.3219, 0.397
2909, 0.1607, 0.395
2910, 0.2507, 0.405
2911, 0.2253, 0.395
2912, 0.2087, 0.416
2913, 0.2360, 0.423
2914, 0.2237, 0.396
2915, 0.2446, 0.390
2916, 0.1968, 0.399
2917, 0.1889, 0.396
2918, 0.2095, 0.395
2919, 0.2512, 0.407
2920, 0.2381, 0.398
2921, 0.2629, 0.400
2922, 0.2079, 0.413
2923, 0.2051, 0.397
2924, 0.1480, 0.396
2925, 0.1206, 0.391
2926, 0.2240, 0.394
2927, 0.1197, 0.393
2928, 0.1962, 0.395
2929, 0.1896, 0.396
2930, 0.1491, 0.394
2931, 0.1783, 0.390
2932, 0.0847, 0.400
2933, 0.1184, 0.388
2934, 0.2187, 0.389
2935, 0.1775, 0.394
2936, 0.2433, 0.393
2937, 0.2283, 0.393
2938, 0.1626, 0.394
2939, 0.0787, 0.398
2940, 0.1560, 0.426
2941, 0.1727, 0.422
2942, 0.1713, 0.421
2943, 0.2654, 0.422
2944, 0.3022, 0.392
2945, 0.1471, 0.391
2946, 0.1592, 0.392
2947, 0.2256, 0.390
2948, 0.2314, 0.392
2949, 0.2115, 0.389
2950, 0.2497, 0.390
2951, 0.2417, 0.395
2952, 0.2943, 0.395
2953, 0.2927, 0.393
2954, 0.1979, 0.389
2955, 0.2617, 0.392
2956, 0.1969, 0.394
2957, 0.1960, 0.396
2958, 0.2598, 0.395
2959, 0.2234, 0.400
2960, 0.1508, 0.403
2961, 0.1697, 0.394
2962, 0.1542, 0.420
2963, 0.1733, 0.458
2964, 0.1941, 0.451
2965, 0.3275, 0.447
2966, 0.1449, 0.402
2967, 0.1824, 0.403
2968, 0.2177, 0.429
2969, 0.2957, 0.451
2970, 0.2418, 0.445
2971, 0.2882, 0.425
2972, 0.2628, 0.402
2973, 0.2621, 0.403
2974, 0.1740, 0.391
2975, 0.1801, 0.392
2976, 0.1729, 0.393
2977, 0.2102, 0.424
2978, 0.2914, 0.418
2979, 0.2433, 0.421
2980, 0.2748, 0.405
2981, 0.2129, 0.399
2982, 0.1716, 0.396
2983, 0.1020, 0.394
2984, 0.2543, 0.396
2985, 0.1662, 0.400
2986, 0.1539, 0.421
2987, 0.1020, 0.394
2988, 0.1897, 0.397
2989, 0.2502, 0.399
2990, 0.2495, 0.410
2991, 0.2867, 0.395
2992, 0.3082, 0.398
2993, 0.1669, 0.431
2994, 0.2116, 0.391
2995, 0.2496, 0.400
2996, 0.3438, 0.407
2997, 0.2741, 0.397
2998, 0.3071, 0.390
2999, 0.1450, 0.392
3000, 0.2202, 0.392
3001, 0.2715, 0.386
3002, 0.2459, 0.402
3003, 0.2748, 0.399
3004, 0.3132, 0.399
3005, 0.2862, 0.413
3006, 0.2020, 0.439
3007, 0.1971, 0.402
3008, 0.1510, 0.402
3009, 0.1698, 0.395
3010, 0.1985, 0.390
3011, 0.2050, 0.394
3012, 0.1920, 0.399
3013, 0.1899, 0.403
3014, 0.2621, 0.418
3015, 0.2258, 0.411
3016, 0.2273, 0.392
3017, 0.2289, 0.390
3018, 0.1979, 0.402
3019, 0.2542, 0.409
3020, 0.3112, 0.431
3021, 0.2500, 0.433
3022, 0.2270, 0.447
3023, 0.2875, 0.425
3024, 0.2567, 0.423
3025, 0.2036, 0.427
3026, 0.2141, 0.432
3027, 0.1916, 0.440
3028, 0.3170, 0.423
3029, 0.1683, 0.424
3030, 0.1561, 0.426
3031, 0.3299, 0.422
3032, 0.2178, 0.433
3033, 0.2408, 0.426
3034, 0.2499, 0.413
3035, 0.2312, 0.396
3036, 0.1925, 0.404
3037, 0.2306, 0.408
3038, 0.1870, 0.412
3039, 0.2629, 0.409
3040, 0.2373, 0.419
3041, 0.2044, 0.420
3042, 0.1453, 0.404
3043, 0.2034, 0.410
3044, 0.2303, 0.401
3045, 0.2078, 0.404
3046, 0.2041, 0.438
3047, 0.1747, 0.428
3048, 0.2106, 0.397
3049, 0.2278, 0.427
3050, 0.1620, 0.395
3051, 0.3836, 0.394
3052, 0.2201, 0.393
3053, 0.2693, 0.398
3054, 0.1894, 0.394
3055, 0.2401, 0.399
3056, 0.2395, 0.405
3057, 0.2567, 0.415
3058, 0.3662, 0.418
3059, 0.2458, 0.409
3060, 0.2275, 0.405
3061, 0.2353, 0.401
3062, 0.2664, 0.405
3063, 0.2451, 0.397
3064, 0.2739, 0.396
3065, 0.2093, 0.398
3066, 0.2265, 0.394
3067, 0.1647, 0.401
3068, 0.1974, 0.408
3069, 0.2689, 0.400
3070, 0.1495, 0.392
3071, 0.2217, 0.394
3072, 0.2028, 0.393
3073, 0.1900, 0.402
3074, 0.1780, 0.403
3075, 0.2606, 0.405
3076, 0.1911, 0.402
3077, 0.2468, 0.436
3078, 0.2329, 0.427
3079, 0.1499, 0.430
3080, 0.2210, 0.425
3081, 0.2277, 0.424
3082, 0.2164, 0.407
3083, 0.2872, 0.403
3084, 0.2602, 0.400
3085, 0.2483, 0.395
3086, 0.2790, 0.430
3087, 0.2587, 0.396
3088, 0.2451, 0.393
3089, 0.3155, 0.401
3090, 0.2190, 0.428
3091, 0.1928, 0.400
3092, 0.1784, 0.402
3093, 0.3113, 0.411
3094, 0.3822, 0.400
3095, 0.2256, 0.397
3096, 0.1834, 0.407
3097, 0.1775, 0.421
3098, 0.2219, 0.394
3099, 0.2328, 0.394
3100, 0.1951, 0.394
3101, 0.1039, 0.394
3102, 0.2091, 0.425
3103, 0.2197, 0.396
3104, 0.2805, 0.429
3105, 0.2448, 0.437
3106, 0.1752, 0.432
3107, 0.2367, 0.428
3108, 0.2310, 0.433
3109, 0.2762, 0.425
3110, 0.1502, 0.429
3111, 0.1986, 0.433
3112, 0.2137, 0.426
3113, 0.1597, 0.430
3114, 0.2013, 0.421
3115, 0.2302, 0.398
3116, 0.2302, 0.422
3117, 0.3519, 0.434
3118, 0.2703, 0.425
3119, 0.2251, 0.435
3120, 0.2042, 0.398
3121, 0.3028, 0.400
3122, 0.1957, 0.403
3123, 0.1608, 0.423
3124, 0.2775, 0.425
3125, 0.1474, 0.425
3126, 0.1890, 0.445
3127, 0.1619, 0.453
3128, 0.1557, 0.405
3129, 0.2325, 0.427
3130, 0.1624, 0.410
3131, 0.2366, 0.425
3132, 0.3116, 0.418
3133, 0.2389, 0.397
3134, 0.1569, 0.415
3135, 0.3037, 0.403
3136, 0.2357, 0.397
3137, 0.3213, 0.397
3138, 0.2545, 0.398
3139, 0.2730, 0.413
3140, 0.2116, 0.406
3141, 0.1853, 0.409
3142, 0.1460, 0.426
3143, 0.3036, 0.400
3144, 0.2450, 0.395
3145, 0.2725, 0.402
3146, 0.2386, 0.404
3147, 0.1383, 0.397
3148, 0.2514, 0.396
3149, 0.2052, 0.390
3150, 0.2659, 0.393
3151, 0.1913, 0.395
3152, 0.2206, 0.397
3153, 0.2903, 0.393
3154, 0.1398, 0.394
3155, 0.1458, 0.399
3156, 0.1295, 0.399
3157, 0.1844, 0.392
3158, 0.1958, 0.401
3159, 0.1868, 0.412
3160, 0.1949, 0.397
3161, 0.3659, 0.393
3162, 0.2842, 0.390
3163, 0.2157, 0.394
3164, 0.1394, 0.402
3165, 0.1287, 0.398
3166, 0.1550, 0.389
3167, 0.0661, 0.388
3168, 0.0945, 0.391
3169, 0.1057, 0.403
3170, 0.1136, 0.398
3171, 0.1501, 0.404
3172, 0.1348, 0.399
3173, 0.2466, 0.398
3174, 0.2517, 0.398
3175, 0.1961, 0.407
3176, 0.2016, 0.395
3177, 0.2204, 0.404
3178, 0.2207, 0.399
3179, 0.1410, 0.390
3180, 0.2136, 0.396
3181, 0.2501, 0.391
3182, 0.2101, 0.399
3183, 0.1891, 0.412
3184, 0.3205, 0.398
3185, 0.2497, 0.400
3186, 0.1945, 0.398
3187, 0.1548, 0.394
3188, 0.2714, 0.394
3189, 0.1469, 0.396
3190, 0.1425, 0.401
3191, 0.2293, 0.396
3192, 0.2347, 0.397
3193, 0.2123, 0.400
3194, 0.1844, 0.391
3195, 0.2453, 0.394
3196, 0.1223, 0.400
3197, 0.1651, 0.398
3198, 0.2703, 0.393
3199, 0.2887, 0.390
3200, 0.2435, 0.392
3201, 0.2729, 0.386
3202, 0.2968, 0.394
3203, 0.1839, 0.395
3204, 0.0893, 0.396
3205, 0.1816, 0.402
3206, 0.1972, 0.461
3207, 0.3513, 0.407
3208, 0.2589, 0.394
3209, 0.3030, 0.397
3210, 0.2289, 0.392
3211, 0.1797, 0.395
3212, 0.2576, 0.396
3213, 0.2114, 0.396
3214, 0.2032, 0.396
3215, 0.2125, 0.401
3216, 0.2078, 0.393
3217, 0.2975, 0.395
3218, 0.1617, 0.404
3219, 0.2183, 0.403
3220, 0.1844, 0.399
3221, 0.2503, 0.406
3222, 0.2821, 0.410
3223, 0.2424, 0.404
3224, 0.2883, 0.411
3225, 0.2332, 0.404
3226, 0.2820, 0.398
3227, 0.1950, 0.407
3228, 0.1401, 0.403
3229, 0.1389, 0.397
3230, 0.2507, 0.402
3231, 0.2644, 0.394
3232, 0.1877, 0.396
3233, 0.1971, 0.401
3234, 0.3197, 0.402
3235, 0.2086, 0.403
3236, 0.1681, 0.405
3237, 0.2322, 0.405
3238, 0.2257, 0.406
3239, 0.2354, 0.402
3240, 0.2466, 0.400
3241, 0.1966, 0.437
3242, 0.2382, 0.428
3243, 0.1739, 0.405
3244, 0.1899, 0.392
3245, 0.1905, 0.397
3246, 0.1649, 0.398
3247, 0.1560, 0.396
3248, 0.1772, 0.429
3249, 0.1986, 0.398
3250, 0.2139, 0.398
3251, 0.3074, 0.398
3252, 0.2259, 0.399
3253, 0.1812, 0.400
3254, 0.2475, 0.410
3255, 0.2220, 0.407
3256, 0.2747, 0.429
3257, 0.2568, 0.422
3258, 0.2309, 0.422
3259, 0.2336, 0.401
3260, 0.2333, 0.413
3261, 0.1810, 0.397
3262, 0.1627, 0.395
3263, 0.1697, 0.405
3264, 0.2028, 0.413
3265, 0.2824, 0.399
3266, 0.2101, 0.399
3267, 0.2215, 0.403
3268, 0.2610, 0.397
3269, 0.2849, 0.399
3270, 0.2197, 0.396
3271, 0.2929, 0.407
3272, 0.1929, 0.409
3273, 0.2620, 0.410
3274, 0.2703, 0.422
3275, 0.3528, 0.426
3276, 0.2031, 0.430
3277, 0.2850, 0.429
3278, 0.2717, 0.396
3279, 0.1756, 0.408
3280, 0.1876, 0.404
3281, 0.1435, 0.421
3282, 0.1925, 0.398
3283, 0.2311, 0.425
3284, 0.1945, 0.426
3285, 0.3090, 0.428
3286, 0.1721, 0.427
3287, 0.2233, 0.446
3288, 0.2536, 0.423
3289, 0.1563, 0.422
3290, 0.3022, 0.423
3291, 0.2010, 0.405
3292, 0.2278, 0.441
3293, 0.1588, 0.430
3294, 0.1657, 0.431
3295, 0.1712, 0.449
3296, 0.2347, 0.396
3297, 0.1595, 0.427
3298, 0.2089, 0.405
3299, 0.1814, 0.421
3300, 0.2762, 0.426
3301, 0.1924, 0.450
3302, 0.2078, 0.409
3303, 0.2539, 0.420
3304, 0.1562, 0.430
3305, 0.2037, 0.423
3306, 0.2239, 0.427
3307, 0.3479, 0.425
3308, 0.2291, 0.429
3309, 0.1896, 0.436
3310, 0.1406, 0.402
3311, 0.1926, 0.399
3312, 0.2714, 0.397
3313, 0.2452, 0.400
3314, 0.1707, 0.431
3315, 0.2280, 0.424
3316, 0.2417, 0.427
3317, 0.2559, 0.433
3318, 0.2219, 0.434
3319, 0.1714, 0.436
3320, 0.2653, 0.452
3321, 0.1962, 0.437
3322, 0.3110, 0.436
3323, 0.2615, 0.442
3324, 0.1929, 0.418
3325, 0.2696, 0.447
3326, 0.2657, 0.449
3327, 0.3178, 0.446
3328, 0.2406, 0.440
3329, 0.1478, 0.423
3330, 0.2139, 0.423
3331, 0.2852, 0.427
3332, 0.2349, 0.447
3333, 0.2518, 0.448
3334, 0.2456, 0.426
3335, 0.2377, 0.441
3336, 0.1734, 0.457
3337, 0.1780, 0.472
3338, 0.2003, 0.460
3339, 0.2580, 0.454
3340, 0.2845, 0.438
3341, 0.1828, 0.428
3342, 0.2052, 0.449
3343, 0.1832, 0.451
3344, 0.1974, 0.461
3345, 0.2046, 0.435
3346, 0.2425, 0.424
3347, 0.3261, 0.417
3348, 0.2312, 0.423
3349, 0.1979, 0.446
3350, 0.1810, 0.449
3351, 0.1730, 0.430
3352, 0.1467, 0.419
3353, 0.2332, 0.423
3354, 0.2183, 0.419
3355, 0.2553, 0.450
3356, 0.1963, 0.453
3357, 0.2926, 0.439
3358, 0.2676, 0.427
3359, 0.2525, 0.425
3360, 0.2149, 0.419
3361, 0.1736, 0.456
3362, 0.1998, 0.429
3363, 0.1461, 0.440
3364, 0.1876, 0.426
3365, 0.2777, 0.435
3366, 0.1947, 0.441
3367, 0.1634, 0.450
3368, 0.1172, 0.450
3369, 0.2182, 0.440
3370, 0.2217, 0.422
3371, 0.2540, 0.445
3372, 0.1746, 0.447
3373, 0.1724, 0.443
3374, 0.1568, 0.443
3375, 0.1581, 0.435
3376, 0.0657, 0.427
3377, 0.2049, 0.449
3378, 0.1815, 0.448
3379, 0.2391, 0.447
3380, 0.1581, 0.427
3381, 0.2661, 0.443
3382, 0.2426, 0.439
3383, 0.1705, 0.442
3384, 0.2065, 0.440
3385, 0.1812, 0.450
3386, 0.1889, 0.424
3387, 0.2155, 0.441
3388, 0.2185, 0.441
3389, 0.2533, 0.441
3390, 0.2078, 0.443
3391, 0.2546, 0.458
3392, 0.2204, 0.453
3393, 0.1942, 0.432
3394, 0.2699, 0.440
3395, 0.2681, 0.453
3396, 0.2207, 0.453
3397, 0.2251, 0.433
3398, 0.1779, 0.420
3399, 0.1591, 0.421
3400, 0.1773, 0.413
3401, 0.2902, 0.427
3402, 0.2356, 0.426
3403, 0.1087, 0.420
3404, 0.1663, 0.418
3405, 0.2146, 0.432
3406, 0.2139, 0.454
3407, 0.1599, 0.421
3408, 0.2150, 0.418
3409, 0.2813, 0.430
3410, 0.2046, 0.429
3411, 0.2463, 0.417
3412, 0.1596, 0.417
3413, 0.2886, 0.419
3414, 0.1892, 0.418
3415, 0.1742, 0.424
3416, 0.2794, 0.424
3417, 0.1679, 0.422
3418, 0.1580, 0.422
3419, 0.1761, 0.418
3420, 0.2186, 0.419
3421, 0.1516, 0.421
3422, 0.2513, 0.421
3423, 0.1991, 0.423
3424, 0.1835, 0.420
3425, 0.2166, 0.420
3426, 0.1881, 0.426
3427, 0.1986, 0.427
3428, 0.1748, 0.417
3429, 0.2998, 0.418
3430, 0.2100, 0.418
3431, 0.2359, 0.419
3432, 0.1981, 0.418
3433, 0.3065, 0.416
3434, 0.2452, 0.415
3435, 0.3169, 0.418
3436, 0.1486, 0.420
3437, 0.2299, 0.433
3438, 0.2408, 0.419
3439, 0.2038, 0.420
3440, 0.2772, 0.430
3441, 0.2039, 0.421
3442, 0.1710, 0.417
3443, 0.1742, 0.416
3444, 0.1545, 0.419
3445, 0.2026, 0.418
3446, 0.3706, 0.424
3447, 0.2686, 0.418
3448, 0.2747, 0.423
3449, 0.2256, 0.421
3450, 0.2023, 0.416
3451, 0.1962, 0.424
3452, 0.1775, 0.421
3453, 0.1401, 0.423
3454, 0.1894, 0.418
3455, 0.1706, 0.425
3456, 0.1770, 0.418
3457, 0.2233, 0.421
3458, 0.1527, 0.419
3459, 0.1583, 0.419
3460, 0.2265, 0.415
3461, 0.2797, 0.421
3462, 0.3041, 0.418
3463, 0.3606, 0.420
3464, 0.4728, 0.420
3465, 0.3966, 0.421
3466, 0.1816, 0.428
3467, 0.2939, 0.430
3468, 0.1267, 0.420
3469, 0.2853, 0.418
3470, 0.2113, 0.419
3471, 0.2539, 0.420
3472, 0.1659, 0.419
3473, 0.2125, 0.423
3474, 0.1708, 0.415
3475, 0.1244, 0.416
3476, 0.2271, 0.419
3477, 0.1993, 0.419
3478, 0.2243, 0.427
3479, 0.2460, 0.421
3480, 0.1751, 0.416
3481, 0.1409, 0.418
3482, 0.1800, 0.416
3483, 0.2563, 0.407
3484, 0.1533, 0.404
3485, 0.2127, 0.422
3486, 0.2015, 0.419
3487, 0.2818, 0.430
3488, 0.1894, 0.421
3489, 0.2141, 0.423
3490, 0.3212, 0.415
3491, 0.2026, 0.420
3492, 0.1207, 0.420
3493, 0.1239, 0.416
3494, 0.2211, 0.419
3495, 0.2294, 0.421
3496, 0.2119, 0.416
3497, 0.1947, 0.417
3498, 0.2993, 0.420
3499, 0.2189, 0.421
3500, 0.2131, 0.421
3501, 0.2482, 0.417
3502, 0.2923, 0.423
3503, 0.2456, 0.426
3504, 0.1980, 0.423
3505, 0.2283, 0.417
3506, 0.1756, 0.417
3507, 0.2499, 0.419
3508, 0.1895, 0.425
3509, 0.1967, 0.421
3510, 0.1725, 0.418
3511, 0.1656, 0.419
3512, 0.1994, 0.417
3513, 0.1674, 0.418
3514, 0.2024, 0.423
3515, 0.3724, 0.443
3516, 0.2362, 0.435
3517, 0.2864, 0.435
3518, 0.1945, 0.438
3519, 0.1563, 0.444
3520, 0.2000, 0.456
3521, 0.2540, 0.431
3522, 0.1585, 0.438
3523, 0.1976, 0.440
3524, 0.1930, 0.442
3525, 0.1499, 0.440
3526, 0.1928, 0.441
3527, 0.1147, 0.439
3528, 0.2353, 0.440
3529, 0.3020, 0.442
3530, 0.2489, 0.441
3531, 0.2389, 0.446
3532, 0.2891, 0.440
3533, 0.2207, 0.439
3534, 0.1984, 0.442
3535, 0.3032, 0.444
3536, 0.2210, 0.443
3537, 0.1536, 0.442
3538, 0.1447, 0.438
3539, 0.2459, 0.439
3540, 0.2447, 0.442
3541, 0.2338, 0.440
3542, 0.2126, 0.442
3543, 0.2459, 0.440
3544, 0.1270, 0.431
3545, 0.2141, 0.439
3546, 0.1507, 0.440
3547, 0.2161, 0.444
3548, 0.1688, 0.442
3549, 0.1480, 0.443
3550, 0.1278, 0.421
3551, 0.1323, 0.444
3552, 0.3239, 0.439
3553, 0.2407, 0.443
3554, 0.2642, 0.438
3555, 0.1464, 0.440
3556, 0.2158, 0.439
3557, 0.1823, 0.437
3558, 0.2053, 0.441
3559, 0.1863, 0.442
3560, 0.2406, 0.440
3561, 0.1869, 0.440
3562, 0.2225, 0.428
3563, 0.2677, 0.430
3564, 0.2417, 0.429
3565, 0.2154, 0.441
3566, 0.1990, 0.442
3567, 0.2504, 0.444
3568, 0.2854, 0.411
3569, 0.1844, 0.409
3570, 0.1794, 0.403
3571, 0.2123, 0.401
3572, 0.2069, 0.401
3573, 0.1677, 0.394
3574, 0.1581, 0.399
3575, 0.2463, 0.401
3576, 0.2178, 0.408
3577, 0.2224, 0.412
3578, 0.2211, 0.409
3579, 0.2498, 0.413
3580, 0.2841, 0.411
3581, 0.2434, 0.405
3582, 0.1940, 0.404
3583, 0.2242, 0.408
3584, 0.1479, 0.418
3585, 0.1222, 0.417
3586, 0.1856, 0.406
3587, 0.2495, 0.422
3588, 0.1717, 0.424
3589, 0.1254, 0.398
3590, 0.1860, 0.393
3591, 0.2140, 0.402
3592, 0.2265, 0.402
3593, 0.2149, 0.397
3594, 0.2215, 0.429
3595, 0.1482, 0.426
3596, 0.2507, 0.421
3597, 0.2651, 0.417
3598, 0.2532, 0.445
3599, 0.2228, 0.420
3600, 0.1434, 0.439
3601, 0.2675, 0.424
3602, 0.1770, 0.425
3603, 0.2239, 0.424
3604, 0.3229, 0.429
3605, 0.2554, 0.437
3606, 0.1340, 0.486
3607, 0.2008, 0.431
3608, 0.1564, 0.428
3609, 0.2139, 0.427
3610, 0.2465, 0.419
3611, 0.1935, 0.422
3612, 0.2798, 0.438
3613, 0.2142, 0.419
3614, 0.2150, 0.441
3615, 0.2403, 0.425
3616, 0.1681, 0.426
3617, 0.2293, 0.419
3618, 0.1606, 0.425
3619, 0.1452, 0.429
3620, 0.1612, 0.425
3621, 0.2506, 0.429
3622, 0.1597, 0.420
3623, 0.2106, 0.419
3624, 0.1572, 0.427
3625, 0.2304, 0.422
3626, 0.3422, 0.419
3627, 0.1615, 0.422
3628, 0.2218, 0.420
3629, 0.2580, 0.418
3630, 0.2688, 0.417
3631, 0.2925, 0.419
3632, 0.1630, 0.418
3633, 0.1594, 0.420
3634, 0.1767, 0.427
3635, 0.2068, 0.421
3636, 0.2952, 0.431
3637, 0.2185, 0.422
3638, 0.1701, 0.416
3639, 0.1981, 0.416
3640, 0.1518, 0.400
3641, 0.2328, 0.421
3642, 0.2604, 0.415
3643, 0.2182, 0.419
3644, 0.1904, 0.418
3645, 0.2152, 0.418
3646, 0.3045, 0.418
3647, 0.2142, 0.418
3648, 0.2676, 0.415
3649, 0.2579, 0.414
3650, 0.2933, 0.416
3651, 0.1320, 0.427
3652, 0.2626, 0.425
3653, 0.2596, 0.422
3654, 0.1663, 0.429
3655, 0.1676, 0.401
3656, 0.1902, 0.422
3657, 0.1868, 0.419
3658, 0.3117, 0.414
3659, 0.2279, 0.418
3660, 0.2140, 0.422
3661, 0.2581, 0.417
3662, 0.2960, 0.466
3663, 0.2397, 0.419
3664, 0.1825, 0.426
3665, 0.1599, 0.418
3666, 0.3171, 0.419
3667, 0.2647, 0.420
3668, 0.1884, 0.425
3669, 0.3174, 0.424
3670, 0.2381, 0.419
3671, 0.1716, 0.421
3672, 0.1874, 0.420
3673, 0.3264, 0.421
3674, 0.2173, 0.418
3675, 0.1995, 0.420
3676, 0.2028, 0.417
3677, 0.1682, 0.417
3678, 0.2119, 0.419
3679, 0.2914, 0.419
3680, 0.2604, 0.419
3681, 0.2025, 0.419
3682, 0.1924, 0.416
3683, 0.1630, 0.420
3684, 0.1994, 0.424
3685, 0.2175, 0.422
3686, 0.2586, 0.419
3687, 0.2931, 0.417
3688, 0.2265, 0.414
3689, 0.1869, 0.415
3690, 0.2071, 0.417
3691, 0.2755, 0.421
3692, 0.1859, 0.422
3693, 0.2478, 0.432
3694, 0.3031, 0.420
3695, 0.1806, 0.427
3696, 0.1487, 0.419
3697, 0.1806, 0.419
3698, 0.2204, 0.416
3699, 0.1365, 0.425
3700, 0.2612, 0.423
3701, 0.2917, 0.423
3702, 0.2450, 0.420
3703, 0.1987, 0.420
3704, 0.1771, 0.416
3705, 0.2339, 0.416
3706, 0.2207, 0.414
3707, 0.2806, 0.421
3708, 0.1990, 0.422
3709, 0.1408, 0.418
3710, 0.1996, 0.421
3711, 0.1880, 0.423
3712, 0.1773, 0.419
3713, 0.1908, 0.418
3714, 0.1978, 0.412
3715, 0.1796, 0.493
3716, 0.2245, 0.443
3717, 0.2157, 0.431
3718, 0.1753, 0.415
3719, 0.2102, 0.434
3720, 0.1985, 0.434
3721, 0.2635, 0.438
3722, 0.2290, 0.419
3723, 0.2143, 0.422
3724, 0.2064, 0.424
3725, 0.2406, 0.412
3726, 0.1833, 0.437
3727, 0.2884, 0.441
3728, 0.2854, 0.428
3729, 0.2299, 0.422
3730, 0.1878, 0.418
3731, 0.2784, 0.442
3732, 0.2367, 0.448
3733, 0.1994, 0.444
3734, 0.2287, 0.439
3735, 0.2210, 0.434
3736, 0.1969, 0.422
3737, 0.1641, 0.440
3738, 0.1093, 0.438
3739, 0.2279, 0.444
3740, 0.2759, 0.438
3741, 0.2120, 0.419
3742, 0.2641, 0.420
3743, 0.2339, 0.422
3744, 0.3422, 0.443
3745, 0.2116, 0.428
3746, 0.2048, 0.419
3747, 0.2143, 0.424
3748, 0.2406, 0.426
3749, 0.2205, 0.422
3750, 0.1310, 0.420
3751, 0.1704, 0.417
3752, 0.3002, 0.414
3753, 0.2596, 0.412
3754, 0.2599, 0.416
3755, 0.2151, 0.438
3756, 0.1644, 0.419
3757, 0.1828, 0.414
3758, 0.2437, 0.433
3759, 0.1839, 0.427
3760, 0.1634, 0.422
3761, 0.2019, 0.420
3762, 0.2532, 0.417
3763, 0.2008, 0.421
3764, 0.1683, 0.422
3765, 0.2264, 0.418
3766, 0.1549, 0.416
3767, 0.2025, 0.415
3768, 0.2494, 0.419
3769, 0.1124, 0.417
3770, 0.2152, 0.412
3771, 0.2443, 0.416
3772, 0.1440, 0.422
3773, 0.2192, 0.413
3774, 0.1687, 0.426
3775, 0.2055, 0.420
3776, 0.2540, 0.420
3777, 0.2930, 0.418
3778, 0.2020, 0.417
3779, 0.1895, 0.418
3780, 0.2067, 0.423
3781, 0.2496, 0.419
3782, 0.2252, 0.419
3783, 0.2139, 0.421
3784, 0.2917, 0.410
3785, 0.2308, 0.415
3786, 0.1914, 0.412
3787, 0.2885, 0.417
3788, 0.2890, 0.421
3789, 0.1241, 0.416
3790, 0.1520, 0.419
3791, 0.2402, 0.418
3792, 0.1754, 0.418
3793, 0.2449, 0.419
3794, 0.2320, 0.413
3795, 0.1897, 0.415
3796, 0.2080, 0.416
3797, 0.2318, 0.416
3798, 0.2473, 0.415
3799, 0.2858, 0.418
3800, 0.1973, 0.419
3801, 0.1698, 0.411
3802, 0.1745, 0.417
3803, 0.2486, 0.415
3804, 0.2511, 0.422
3805, 0.2164, 0.423
3806, 0.2824, 0.417
3807, 0.2272, 0.415
3808, 0.1711, 0.418
3809, 0.2565, 0.417
3810, 0.3033, 0.415
3811, 0.2016, 0.420
3812, 0.2029, 0.421
3813, 0.1465, 0.417
3814, 0.1901, 0.422
3815, 0.2523, 0.445
3816, 0.2269, 0.436
3817, 0.1689, 0.424
3818, 0.2332, 0.417
3819, 0.1655, 0.420
3820, 0.2853, 0.444
3821, 0.2883, 0.425
3822, 0.1760, 0.421
3823, 0.1774, 0.436
3824, 0.1709, 0.436
3825, 0.2457, 0.432
3826, 0.3002, 0.425
3827, 0.1994, 0.418
3828, 0.1604, 0.420
3829, 0.1874, 0.418
3830, 0.1691, 0.421
3831, 0.1691, 0.420
3832, 0.2379, 0.421
3833, 0.2336, 0.413
3834, 0.1847, 0.417
3835, 0.2592, 0.421
3836, 0.2168, 0.424
3837, 0.1955, 0.419
3838, 0.2149, 0.428
3839, 0.2279, 0.428
3840, 0.1049, 0.428
3841, 0.1689, 0.443
3842, 0.1820, 0.432
3843, 0.2085, 0.432
3844, 0.1984, 0.430
3845, 0.1649, 0.415
3846, 0.1677, 0.426
3847, 0.2659, 0.420
3848, 0.1987, 0.418
3849, 0.1867, 0.416
3850, 0.1618, 0.429
3851, 0.2206, 0.420
3852, 0.1808, 0.428
3853, 0.1370, 0.417
3854, 0.2187, 0.421
3855, 0.2081, 0.420
3856, 0.1513, 0.420
3857, 0.2111, 0.421
3858, 0.1610, 0.419
3859, 0.2695, 0.427
3860, 0.2177, 0.424
3861, 0.2650, 0.438
3862, 0.2172, 0.419
3863, 0.2686, 0.419
3864, 0.2268, 0.417
3865, 0.2522, 0.418
3866, 0.2330, 0.425
3867, 0.1702, 0.418
3868, 0.2044, 0.423
3869, 0.2299, 0.420
3870, 0.2338, 0.415
3871, 0.2424, 0.419
3872, 0.1881, 0.419
3873, 0.2211, 0.423
3874, 0.2542, 0.438
3875, 0.2466, 0.420
3876, 0.2718, 0.423
3877, 0.3002, 0.417
3878, 0.1683, 0.428
3879, 0.2358, 0.418
3880, 0.2670, 0.420
3881, 0.2369, 0.422
3882, 0.2165, 0.415
3883, 0.2700, 0.417
3884, 0.3358, 0.428
3885, 0.2767, 0.419
3886, 0.1534, 0.420
3887, 0.3720, 0.416
3888, 0.2535, 0.422
3889, 0.2763, 0.421
3890, 0.2043, 0.419
3891, 0.1609, 0.420
3892, 0.2871, 0.421
3893, 0.1532, 0.423
3894, 0.1666, 0.418
3895, 0.1696, 0.417
3896, 0.2056, 0.418
3897, 0.2012, 0.417
3898, 0.2321, 0.416
3899, 0.2418, 0.424
3900, 0.1613, 0.423
3901, 0.1878, 0.418
3902, 0.2025, 0.429
3903, 0.1626, 0.417
3904, 0.1931, 0.423
3905, 0.1841, 0.426
3906, 0.0956, 0.419
3907, 0.1916, 0.418
3908, 0.1543, 0.420
3909, 0.2169, 0.416
3910, 0.2593, 0.418
3911, 0.2288, 0.417
3912, 0.0982, 0.418
3913, 0.3146, 0.417
3914, 0.2078, 0.416
3915, 0.1865, 0.420
3916, 0.1789, 0.430
3917, 0.2400, 0.421
3918, 0.3203, 0.454
3919, 0.1492, 0.413
3920, 0.1895, 0.440
3921, 0.1470, 0.419
3922, 0.2040, 0.422
3923, 0.2072, 0.417
3924, 0.1876, 0.421
3925, 0.1374, 0.413
3926, 0.2430, 0.418
3927, 0.2264, 0.418
3928, 0.1407, 0.415
3929, 0.2633, 0.415
3930, 0.2235, 0.415
3931, 0.2303, 0.414
3932, 0.2494, 0.424
3933, 0.1823, 0.418
3934, 0.2530, 0.417
3935, 0.0972, 0.417
3936, 0.2126, 0.421
3937, 0.2049, 0.421
3938, 0.2225, 0.418
3939, 0.2076, 0.419
3940, 0.2037, 0.421
3941, 0.2142, 0.415
3942, 0.1512, 0.418
3943, 0.1454, 0.416
3944, 0.1787, 0.418
3945, 0.1877, 0.415
3946, 0.1742, 0.414
3947, 0.2376, 0.418
3948, 0.2107, 0.425
3949, 0.2334, 0.419
3950, 0.2763, 0.415
3951, 0.1994, 0.418
3952, 0.2240, 0.418
3953, 0.2358, 0.419
3954, 0.1819, 0.414
3955, 0.2193, 0.417
3956, 0.2445, 0.418
3957, 0.1987, 0.415
3958, 0.2158, 0.416
3959, 0.2507, 0.417
3960, 0.1964, 0.417
3961, 0.3021, 0.417
3962, 0.1589, 0.412
3963, 0.1459, 0.416
3964, 0.2361, 0.422
3965, 0.1576, 0.427
3966, 0.2168, 0.413
3967, 0.2072, 0.417
3968, 0.1568, 0.417
3969, 0.1873, 0.419
3970, 0.1588, 0.415
3971, 0.2175, 0.419
3972, 0.1863, 0.421
3973, 0.2518, 0.418
3974, 0.2957, 0.417
3975, 0.2351, 0.419
3976, 0.1811, 0.416
3977, 0.1780, 0.417
3978, 0.2395, 0.415
3979, 0.2420, 0.425
3980, 0.2805, 0.419
3981, 0.2264, 0.416
3982, 0.1623, 0.415
3983, 0.1895, 0.417
3984, 0.2101, 0.418
3985, 0.2143, 0.422
3986, 0.1854, 0.415
3987, 0.1924, 0.417
3988, 0.1793, 0.420
3989, 0.1242, 0.438
3990, 0.1966, 0.416
3991, 0.2097, 0.418
3992, 0.2181, 0.417
3993, 0.1574, 0.414
3994, 0.2901, 0.439
3995, 0.1560, 0.441
3996, 0.1604, 0.423
3997, 0.1709, 0.423
3998, 0.1526, 0.415
3999, 0.1968, 0.415
4000, 0.1839, 0.440
4001, 0.1716, 0.414
4002, 0.2667, 0.417
4003, 0.2371, 0.422
4004, 0.3045, 0.425
4005, 0.2764, 0.441
4006, 0.2445, 0.417
4007, 0.2088, 0.417
4008, 0.1920, 0.416
4009, 0.2551, 0.419
4010, 0.2084, 0.416
4011, 0.1773, 0.422
4012, 0.1976, 0.424
4013, 0.1647, 0.421
4014, 0.1779, 0.421
4015, 0.1665, 0.423
4016, 0.2115, 0.415
4017, 0.1692, 0.422
4018, 0.2002, 0.422
4019, 0.2550, 0.428
4020, 0.1660, 0.426
4021, 0.1788, 0.423
4022, 0.1900, 0.419
4023, 0.1623, 0.427
4024, 0.3355, 0.419
4025, 0.1921, 0.424
4026, 0.1982, 0.419
4027, 0.1618, 0.421
4028, 0.2075, 0.423
4029, 0.2200, 0.419
4030, 0.2242, 0.423
4031, 0.2223, 0.425
4032, 0.2595, 0.419
4033, 0.2118, 0.433
4034, 0.2327, 0.421
4035, 0.2533, 0.423
4036, 0.1827, 0.423
4037, 0.1819, 0.416
4038, 0.1903, 0.418
4039, 0.2747, 0.426
4040, 0.2295, 0.418
4041, 0.1916, 0.419
4042, 0.2113, 0.419
4043, 0.1945, 0.435
4044, 0.1995, 0.424
4045, 0.1271, 0.422
4046, 0.2444, 0.419
4047, 0.2224, 0.419
4048, 0.2624, 0.431
4049, 0.2839, 0.415
4050, 0.2236, 0.431
4051, 0.1436, 0.433
4052, 0.2248, 0.423
4053, 0.1991, 0.418
4054, 0.2567, 0.413
4055, 0.1887, 0.417
4056, 0.2028, 0.417
4057, 0.2425, 0.425
4058, 0.1581, 0.414
4059, 0.2280, 0.426
4060, 0.2464, 0.425
4061, 0.2139, 0.422
4062, 0.2191, 0.418
4063, 0.2508, 0.423
4064, 0.2498, 0.422
4065, 0.1723, 0.418
4066, 0.1144, 0.415
4067, 0.2464, 0.419
4068, 0.1798, 0.425
4069, 0.2144, 0.432
4070, 0.1741, 0.418
4071, 0.1926, 0.417
4072, 0.1529, 0.417
4073, 0.1758, 0.417
4074, 0.1909, 0.412
4075, 0.2151, 0.420
4076, 0.1675, 0.423
4077, 0.1879, 0.418
4078, 0.1773, 0.413
4079, 0.2203, 0.422
4080, 0.1923, 0.420
4081, 0.1170, 0.424
4082, 0.2109, 0.417
4083, 0.1976, 0.421
4084, 0.1981, 0.422
4085, 0.1531, 0.419
4086, 0.3002, 0.413
4087, 0.1953, 0.420
4088, 0.1694, 0.424
4089, 0.2073, 0.418
4090, 0.1822, 0.423
4091, 0.2386, 0.419
4092, 0.1468, 0.426
4093, 0.2805, 0.418
4094, 0.1902, 0.412
4095, 0.2245, 0.420
4096, 0.1679, 0.420
4097, 0.2397, 0.421
4098, 0.1964, 0.414
4099, 0.1545, 0.424
4100, 0.1723, 0.432
4101, 0.2379, 0.418
4102, 0.2273, 0.412
4103, 0.1243, 0.419
4104, 0.1981, 0.418
4105, 0.1994, 0.419
4106, 0.1917, 0.427
4107, 0.1568, 0.421
4108, 0.2233, 0.433
4109, 0.1989, 0.418
4110, 0.1867, 0.416
4111, 0.2103, 0.424
4112, 0.2147, 0.422
4113, 0.2950, 0.420
4114, 0.2502, 0.416
4115, 0.2119, 0.420
4116, 0.1936, 0.424
4117, 0.1851, 0.457
4118, 0.1749, 0.418
4119, 0.1746, 0.416
4120, 0.2341, 0.414
4121, 0.2445, 0.412
4122, 0.2756, 0.411
4123, 0.2495, 0.415
4124, 0.2505, 0.418
4125, 0.1421, 0.418
4126, 0.2241, 0.415
4127, 0.2338, 0.417
4128, 0.3101, 0.415
4129, 0.1853, 0.437
4130, 0.1725, 0.434
4131, 0.2221, 0.428
4132, 0.2256, 0.446
4133, 0.2315, 0.424
4134, 0.2016, 0.422
4135, 0.2693, 0.431
4136, 0.2691, 0.439
4137, 0.1948, 0.430
4138, 0.1828, 0.439
4139, 0.2005, 0.419
4140, 0.2376, 0.423
4141, 0.2236, 0.414
4142, 0.2401, 0.426
4143, 0.2603, 0.420
4144, 0.1993, 0.414
4145, 0.2709, 0.416
4146, 0.2119, 0.424
4147, 0.2143, 0.415
4148, 0.2274, 0.421
4149, 0.2316, 0.420
4150, 0.2329, 0.418
4151, 0.2605, 0.416
4152, 0.2218, 0.413
4153, 0.2710, 0.414
4154, 0.1937, 0.429
4155, 0.1603, 0.418
4156, 0.2017, 0.419
4157, 0.1507, 0.413
4158, 0.2601, 0.415
4159, 0.2786, 0.417
4160, 0.2212, 0.416
4161, 0.1322, 0.417
4162, 0.1674, 0.414
4163, 0.2614, 0.419
4164, 0.2093, 0.420
4165, 0.2127, 0.419
4166, 0.1746, 0.419
4167, 0.1798, 0.421
4168, 0.2081, 0.414
4169, 0.1952, 0.415
4170, 0.2086, 0.412
4171, 0.2182, 0.416
4172, 0.2356, 0.418
4173, 0.2027, 0.416
4174, 0.3087, 0.417
4175, 0.2165, 0.418
4176, 0.2061, 0.414
4177, 0.2150, 0.416
4178, 0.1478, 0.416
4179, 0.1776, 0.415
4180, 0.2318, 0.423
4181, 0.2314, 0.417
4182, 0.2183, 0.417
4183, 0.3211, 0.419
4184, 0.2261, 0.415
4185, 0.2470, 0.415
4186, 0.1803, 0.417
4187, 0.3056, 0.417
4188, 0.1971, 0.418
4189, 0.2268, 0.413
4190, 0.1870, 0.414
4191, 0.1892, 0.417
4192, 0.2606, 0.414
4193, 0.2436, 0.419
4194, 0.2092, 0.414
4195, 0.1664, 0.416
4196, 0.2011, 0.420
4197, 0.2076, 0.417
4198, 0.2229, 0.421
4199, 0.1972, 0.424
4200, 0.2014, 0.415
4201, 0.1829, 0.408
4202, 0.1584, 0.417
4203, 0.2161, 0.422
4204, 0.2107, 0.432
4205, 0.2478, 0.426
4206, 0.2527, 0.417
4207, 0.2793, 0.420
4208, 0.1959, 0.416
4209, 0.2295, 0.419
4210, 0.1848, 0.417
4211, 0.2591, 0.419
4212, 0.2444, 0.427
4213, 0.1973, 0.423
4214, 0.1255, 0.422
4215, 0.2084, 0.420
4216, 0.2585, 0.420
4217, 0.2619, 0.418
4218, 0.2395, 0.431
4219, 0.1749, 0.420
4220, 0.2057, 0.422
4221, 0.1568, 0.420
4222, 0.1456, 0.427
4223, 0.1818, 0.420
4224, 0.1857, 0.417
4225, 0.2234, 0.421
4226, 0.2443, 0.417
4227, 0.1407, 0.419
4228, 0.3487, 0.421
4229, 0.1345, 0.431
4230, 0.1423, 0.434
4231, 0.2007, 0.422
4232, 0.2664, 0.415
4233, 0.1692, 0.424
4234, 0.2008, 0.416
4235, 0.1691, 0.418
4236, 0.2602, 0.424
4237, 0.2322, 0.418
4238, 0.1729, 0.419
4239, 0.2374, 0.422
4240, 0.1798, 0.425
4241, 0.1430, 0.416
4242, 0.1842, 0.418
4243, 0.1735, 0.418
4244, 0.1982, 0.422
4245, 0.2296, 0.418
4246, 0.2437, 0.421
4247, 0.1917, 0.427
4248, 0.2405, 0.419
4249, 0.2309, 0.417
4250, 0.1188, 0.422
4251, 0.1637, 0.431
4252, 0.1669, 0.425
4253, 0.2627, 0.420
4254, 0.1755, 0.430
4255, 0.2276, 0.424
4256, 0.2420, 0.423
4257, 0.2161, 0.418
4258, 0.1661, 0.424
4259, 0.2565, 0.422
4260, 0.2347, 0.427
4261, 0.2945, 0.417
4262, 0.2212, 0.428
4263, 0.2444, 0.428
4264, 0.1672, 0.426
4265, 0.2279, 0.426
4266, 0.2822, 0.422
4267, 0.2524, 0.420
4268, 0.2322, 0.420
4269, 0.2081, 0.421
4270, 0.2046, 0.419
4271, 0.1661, 0.427
4272, 0.2835, 0.418
4273, 0.3264, 0.418
4274, 0.2483, 0.416
4275, 0.2072, 0.417
4276, 0.1620, 0.420
4277, 0.1792, 0.425
4278, 0.2636, 0.414
4279, 0.3431, 0.428
4280, 0.2491, 0.438
4281, 0.2128, 0.421
4282, 0.2251, 0.418
4283, 0.1816, 0.424
4284, 0.1764, 0.428
4285, 0.2208, 0.417
4286, 0.2153, 0.418
4287, 0.2103, 0.423
4288, 0.1834, 0.420
4289, 0.2270, 0.425
4290, 0.2043, 0.423
4291, 0.2360, 0.420
4292, 0.2291, 0.426
4293, 0.1899, 0.418
4294, 0.1790, 0.418
4295, 0.2246, 0.419
4296, 0.2633, 0.432
4297, 0.1536, 0.424
4298, 0.1885, 0.427
4299, 0.1927, 0.417
4300, 0.1347, 0.426
4301, 0.2141, 0.422
4302, 0.1683, 0.400
4303, 0.2654, 0.406
4304, 0.2782, 0.401
4305, 0.2521, 0.404
4306, 0.2320, 0.403
4307, 0.2069, 0.425
4308, 0.2507, 0.421
4309, 0.1856, 0.426
4310, 0.2944, 0.420
4311, 0.1875, 0.420
4312, 0.2585, 0.420
4313, 0.1953, 0.440
4314, 0.2748, 0.422
4315, 0.2309, 0.424
4316, 0.2036, 0.415
4317, 0.3289, 0.417
4318, 0.2015, 0.427
4319, 0.2704, 0.423
4320, 0.1590, 0.418
4321, 0.2579, 0.420
4322, 0.2737, 0.417
4323, 0.2438, 0.418
4324, 0.2274, 0.420
4325, 0.1998, 0.415
4326, 0.1744, 0.418
4327, 0.2356, 0.417
4328, 0.2323, 0.415
4329, 0.1758, 0.418
4330, 0.2235, 0.420
4331, 0.1856, 0.416
4332, 0.2818, 0.415
4333, 0.1703, 0.418
4334, 0.1779, 0.421
4335, 0.2448, 0.419
4336, 0.2037, 0.416
4337, 0.2380, 0.415
4338, 0.1741, 0.415
4339, 0.2242, 0.419
4340, 0.1925, 0.421
4341, 0.2337, 0.416
4342, 0.1537, 0.415
4343, 0.1952, 0.417
4344, 0.2505, 0.415
4345, 0.2441, 0.421
4346, 0.1751, 0.417
4347, 0.1461, 0.413
4348, 0.2812, 0.414
4349, 0.1647, 0.418
4350, 0.3300, 0.419
4351, 0.2170, 0.419
4352, 0.3013, 0.416
4353, 0.3117, 0.416
4354, 0.1874, 0.414
4355, 0.2456, 0.420
4356, 0.3221, 0.423
4357, 0.2297, 0.416
4358, 0.1588, 0.416
4359, 0.2487, 0.418
4360, 0.2667, 0.415
4361, 0.2497, 0.418
4362, 0.2022, 0.422
4363, 0.2297, 0.416
4364, 0.2174, 0.416
4365, 0.2038, 0.416
4366, 0.2646, 0.418
4367, 0.1402, 0.418
4368, 0.1916, 0.414
4369, 0.1965, 0.418
4370, 0.2511, 0.412
4371, 0.3043, 0.416
4372, 0.1849, 0.419
4373, 0.2044, 0.418
4374, 0.2411, 0.417
4375, 0.2106, 0.420
4376, 0.1570, 0.414
4377, 0.2515, 0.417
4378, 0.1521, 0.416
4379, 0.1925, 0.415
4380, 0.1417, 0.416
4381, 0.1653, 0.417
4382, 0.2228, 0.416
4383, 0.1727, 0.417
4384, 0.2523, 0.418
4385, 0.2757, 0.417
4386, 0.1871, 0.413
4387, 0.2392, 0.415
4388, 0.1771, 0.419
4389, 0.2049, 0.416
4390, 0.2248, 0.415
4391, 0.2110, 0.417
4392, 0.1658, 0.415
4393, 0.2905, 0.419
4394, 0.3822, 0.416
4395, 0.2683, 0.414
4396, 0.2412, 0.416
4397, 0.1800, 0.414
4398, 0.2515, 0.417
4399, 0.2901, 0.422
4400, 0.1992, 0.417
4401, 0.1985, 0.410
4402, 0.1976, 0.416
4403, 0.2288, 0.418
4404, 0.2502, 0.426
4405, 0.2005, 0.426
4406, 0.1461, 0.416
4407, 0.2463, 0.418
4408, 0.2615, 0.416
4409, 0.2377, 0.418
4410, 0.2050, 0.419
4411, 0.1383, 0.421
4412, 0.1804, 0.420
4413, 0.3022, 0.420
4414, 0.3050, 0.429
4415, 0.2437, 0.418
4416, 0.2415, 0.428
4417, 0.1894, 0.421
4418, 0.1647, 0.431
4419, 0.1622, 0.420
4420, 0.2217, 0.423
4421, 0.1959, 0.420
4422, 0.2208, 0.422
4423, 0.1995, 0.423
4424, 0.2038, 0.418
4425, 0.2240, 0.430
4426, 0.2897, 0.426
4427, 0.2611, 0.427
4428, 0.2058, 0.420
4429, 0.1898, 0.431
4430, 0.1734, 0.421
4431, 0.1728, 0.423
4432, 0.2367, 0.416
4433, 0.1770, 0.420
4434, 0.2043, 0.426
4435, 0.1967, 0.419
4436, 0.2544, 0.419
4437, 0.1601, 0.426
4438, 0.2361, 0.420
4439, 0.2083, 0.421
4440, 0.1793, 0.419
4441, 0.2150, 0.425
4442, 0.2830, 0.421
4443, 0.2764, 0.423
4444, 0.2733, 0.419
4445, 0.1498, 0.423
4446, 0.1866, 0.429
4447, 0.2792, 0.423
4448, 0.2466, 0.413
4449, 0.2130, 0.418
4450, 0.1661, 0.416
4451, 0.1607, 0.419
4452, 0.2058, 0.421
4453, 0.2025, 0.419
4454, 0.2813, 0.418
4455, 0.2100, 0.419
4456, 0.2284, 0.419
4457, 0.1828, 0.423
4458, 0.2125, 0.421
4459, 0.2236, 0.430
4460, 0.2058, 0.421
4461, 0.2310, 0.429
4462, 0.1869, 0.421
4463, 0.2334, 0.417
4464, 0.3125, 0.416
4465, 0.1537, 0.418
4466, 0.2731, 0.424
4467, 0.2235, 0.420
4468, 0.1937, 0.424
4469, 0.2003, 0.425
4470, 0.2018, 0.422
4471, 0.2558, 0.422
4472, 0.1680, 0.426
4473, 0.2640, 0.423
4474, 0.1462, 0.426
4475, 0.1812, 0.424
4476, 0.2468, 0.418
4477, 0.1642, 0.420
4478, 0.2735, 0.422
4479, 0.2222, 0.416
4480, 0.2006, 0.415
4481, 0.2430, 0.414
4482, 0.2044, 0.416
4483, 0.2437, 0.419
4484, 0.1587, 0.424
4485, 0.2391, 0.416
4486, 0.1847, 0.421
4487, 0.1868, 0.420
4488, 0.1534, 0.433
4489, 0.1644, 0.420
4490, 0.2504, 0.422
4491, 0.2671, 0.418
4492, 0.1193, 0.418
4493, 0.1957, 0.419
4494, 0.1852, 0.422
4495, 0.2217, 0.429
4496, 0.1789, 0.418
4497, 0.1896, 0.415
4498, 0.2919, 0.421
4499, 0.2111, 0.420
4500, 0.1675, 0.430
4501, 0.2547, 0.417
4502, 0.2014, 0.420
4503, 0.2162, 0.421
4504, 0.2093, 0.420
4505, 0.2139, 0.418
4506, 0.3256, 0.421
4507, 0.2719, 0.420
4508, 0.1449, 0.422
4509, 0.2068, 0.415
4510, 0.1368, 0.427
4511, 0.1920, 0.421
4512, 0.2321, 0.424
4513, 0.2206, 0.414
4514, 0.3095, 0.420
4515, 0.2431, 0.423
4516, 0.2423, 0.437
4517, 0.2540, 0.418
4518, 0.2269, 0.416
4519, 0.1366, 0.415
4520, 0.2178, 0.418
4521, 0.1452, 0.421
4522, 0.3002, 0.415
4523, 0.2812, 0.414
4524, 0.1935, 0.415
4525, 0.2134, 0.424
4526, 0.1958, 0.422
4527, 0.1769, 0.419
4528, 0.1252, 0.414
4529, 0.1794, 0.414
4530, 0.1734, 0.414
4531, 0.2270, 0.420
4532, 0.1888, 0.422
4533, 0.1608, 0.420
4534, 0.1623, 0.417
4535, 0.2797, 0.419
4536, 0.2346, 0.416
4537, 0.1953, 0.419
4538, 0.1792, 0.417
4539, 0.1459, 0.416
4540, 0.2871, 0.419
4541, 0.1999, 0.415
4542, 0.2271, 0.415
4543, 0.1987, 0.421
4544, 0.2901, 0.416
4545, 0.2074, 0.417
4546, 0.2408, 0.415
4547, 0.2037, 0.420
4548, 0.1970, 0.420
4549, 0.2376, 0.419
4550, 0.2504, 0.419
4551, 0.1966, 0.424
4552, 0.1780, 0.418
4553, 0.1810, 0.419
4554, 0.2608, 0.415
4555, 0.2725, 0.415
4556, 0.2134, 0.417
4557, 0.2425, 0.419
4558, 0.1780, 0.418
4559, 0.2242, 0.416
4560, 0.1819, 0.414
4561, 0.1834, 0.415
4562, 0.1762, 0.414
4563, 0.2102, 0.418
4564, 0.1824, 0.422
4565, 0.1823, 0.417
4566, 0.2443, 0.418
4567, 0.2278, 0.419
4568, 0.1860, 0.418
4569, 0.2314, 0.419
4570, 0.1899, 0.419
4571, 0.2253, 0.415
4572, 0.1457, 0.417
4573, 0.1628, 0.416
4574, 0.2056, 0.416
4575, 0.2447, 0.418
4576, 0.2076, 0.413
4577, 0.2447, 0.416
4578, 0.2858, 0.413
4579, 0.1591, 0.416
4580, 0.2694, 0.422
4581, 0.2287, 0.419
4582, 0.3032, 0.423
4583, 0.1636, 0.419
4584, 0.2316, 0.418
4585, 0.1934, 0.420
4586, 0.2120, 0.416
4587, 0.3554, 0.417
4588, 0.2245, 0.432
4589, 0.1877, 0.416
4590, 0.1514, 0.416
4591, 0.1906, 0.417
4592, 0.1555, 0.414
4593, 0.2197, 0.414
4594, 0.2222, 0.429
4595, 0.1896, 0.420
4596, 0.1749, 0.420
4597, 0.3172, 0.417
4598, 0.2128, 0.417
4599, 0.2681, 0.418
4600, 0.2698, 0.418
4601, 0.1643, 0.411
4602, 0.1858, 0.419
4603, 0.1938, 0.416
4604, 0.2392, 0.422
4605, 0.2262, 0.442
4606, 0.1966, 0.418
4607, 0.1989, 0.419
4608, 0.2191, 0.415
4609, 0.2253, 0.414
4610, 0.2363, 0.417
4611, 0.2398, 0.436
4612, 0.1897, 0.429
4613, 0.1920, 0.423
4614, 0.2839, 0.422
4615, 0.1432, 0.421
4616, 0.1631, 0.419
4617, 0.2132, 0.419
4618, 0.3224, 0.421
4619, 0.1811, 0.427
4620, 0.2006, 0.419
4621, 0.2222, 0.427
4622, 0.1968, 0.428
4623, 0.1865, 0.422
4624, 0.1932, 0.421
4625, 0.1815, 0.423
4626, 0.2114, 0.425
4627, 0.2609, 0.428
4628, 0.2578, 0.422
4629, 0.2146, 0.424
4630, 0.1837, 0.430
4631, 0.1988, 0.418
4632, 0.1782, 0.421
4633, 0.2259, 0.424
4634, 0.2009, 0.424
4635, 0.2139, 0.424
4636, 0.2375, 0.424
4637, 0.2016, 0.423
4638, 0.1860, 0.427
4639, 0.1633, 0.413
4640, 0.2970, 0.412
4641, 0.2360, 0.401
4642, 0.2359, 0.427
4643, 0.2290, 0.421
4644, 0.2024, 0.421
4645, 0.2252, 0.420
4646, 0.2444, 0.421
4647, 0.2549, 0.418
4648, 0.1964, 0.426
4649, 0.1898, 0.418
4650, 0.2329, 0.429
4651, 0.1165, 0.418
4652, 0.1891, 0.425
4653, 0.2333, 0.424
4654, 0.1877, 0.424
4655, 0.2108, 0.422
4656, 0.1847, 0.429
4657, 0.1858, 0.426
4658, 0.2059, 0.418
4659, 0.2088, 0.444
4660, 0.2687, 0.421
4661, 0.2132, 0.422
4662, 0.1729, 0.416
4663, 0.1979, 0.422
4664, 0.3113, 0.428
4665, 0.2568, 0.422
4666, 0.2414, 0.416
4667, 0.2120, 0.425
4668, 0.2368, 0.434
4669, 0.2211, 0.424
4670, 0.2430, 0.416
4671, 0.2987, 0.433
4672, 0.1476, 0.429
4673, 0.2349, 0.418
4674, 0.2336, 0.433
4675, 0.2273, 0.433
4676, 0.1819, 0.434
4677, 0.1651, 0.422
4678, 0.2246, 0.437
4679, 0.2488, 0.421
4680, 0.1887, 0.421
4681, 0.1934, 0.420
4682, 0.2189, 0.418
4683, 0.2854, 0.423
4684, 0.1931, 0.423
4685, 0.2804, 0.418
4686, 0.2345, 0.418
4687, 0.2212, 0.425
4688, 0.2062, 0.425
4689, 0.2064, 0.428
4690, 0.1778, 0.415
4691, 0.2112, 0.407
4692, 0.1778, 0.408
4693, 0.2347, 0.403
4694, 0.1946, 0.399
4695, 0.1981, 0.427
4696, 0.2103, 0.429
4697, 0.1649, 0.428
4698, 0.1748, 0.422
4699, 0.2609, 0.426
4700, 0.2135, 0.420
4701, 0.1973, 0.418
4702, 0.2668, 0.415
4703, 0.2209, 0.425
4704, 0.1780, 0.428
4705, 0.1424, 0.428
4706, 0.2261, 0.418
4707, 0.2223, 0.426
4708, 0.1650, 0.429
4709, 0.2287, 0.430
4710, 0.2037, 0.421
4711, 0.1928, 0.421
4712, 0.2417, 0.423
4713, 0.2733, 0.427
4714, 0.2636, 0.432
4715, 0.2300, 0.420
4716, 0.1965, 0.427
4717, 0.1977, 0.426
4718, 0.2314, 0.413
4719, 0.1914, 0.416
4720, 0.1575, 0.420
4721, 0.1921, 0.419
4722, 0.1756, 0.414
4723, 0.1783, 0.416
4724, 0.2300, 0.416
4725, 0.2646, 0.410
4726, 0.1598, 0.411
4727, 0.1770, 0.417
4728, 0.1195, 0.419
4729, 0.1733, 0.416
4730, 0.2134, 0.415
4731, 0.1938, 0.414
4732, 0.1972, 0.417
4733, 0.1732, 0.423
4734, 0.2079, 0.422
4735, 0.1712, 0.421
4736, 0.1792, 0.420
4737, 0.1967, 0.416
4738, 0.1983, 0.414
4739, 0.2020, 0.416
4740, 0.1691, 0.418
4741, 0.2043, 0.413
4742, 0.2294, 0.414
4743, 0.2983, 0.415
4744, 0.2141, 0.416
4745, 0.2368, 0.417
4746, 0.2055, 0.417
4747, 0.2597, 0.414
4748, 0.2429, 0.418
4749, 0.2428, 0.416
4750, 0.2166, 0.415
4751, 0.1248, 0.422
4752, 0.2269, 0.425
4753, 0.1978, 0.416
4754, 0.1744, 0.414
4755, 0.2725, 0.417
4756, 0.1922, 0.417
4757, 0.2616, 0.416
4758, 0.1612, 0.415
4759, 0.2228, 0.416
4760, 0.1593, 0.419
4761, 0.1782, 0.418
4762, 0.1782, 0.416
4763, 0.2677, 0.416
4764, 0.2498, 0.435
4765, 0.2102, 0.417
4766, 0.1605, 0.418
4767, 0.2399, 0.421
4768, 0.2417, 0.421
4769, 0.1917, 0.419
4770, 0.2258, 0.419
4771, 0.2072, 0.419
4772, 0.2643, 0.417
4773, 0.2269, 0.414
4774, 0.2005, 0.414
4775, 0.2258, 0.416
4776, 0.1725, 0.419
4777, 0.2067, 0.422
4778, 0.2480, 0.415
4779, 0.2260, 0.414
4780, 0.2203, 0.417
4781, 0.2823, 0.418
4782, 0.1678, 0.415
4783, 0.2365, 0.420
4784, 0.1429, 0.419
4785, 0.4017, 0.418
4786, 0.3254, 0.415
4787, 0.2048, 0.417
4788, 0.2313, 0.418
4789, 0.2036, 0.419
4790, 0.1923, 0.413
4791, 0.2373, 0.416
4792, 0.2357, 0.418
4793, 0.3062, 0.417
4794, 0.2120, 0.416
4795, 0.2357, 0.418
4796, 0.2585, 0.417
4797, 0.3027, 0.417
4798, 0.1844, 0.414
4799, 0.2065, 0.416
4800, 0.2559, 0.420
4801, 0.2142, 0.410
4802, 0.2099, 0.418
4803, 0.1501, 0.418
4804, 0.2652, 0.421
4805, 0.2780, 0.428
4806, 0.2513, 0.415
4807, 0.2134, 0.417
4808, 0.2631, 0.421
4809, 0.2227, 0.418
4810, 0.2891, 0.419
4811, 0.1901, 0.437
4812, 0.2458, 0.431
4813, 0.2116, 0.423
4814, 0.1884, 0.418
4815, 0.1819, 0.418
4816, 0.1940, 0.424
4817, 0.1750, 0.420
4818, 0.1984, 0.422
4819, 0.2404, 0.421
4820, 0.1582, 0.423
4821, 0.2009, 0.422
4822, 0.1968, 0.419
4823, 0.2725, 0.430
4824, 0.1738, 0.426
4825, 0.1751, 0.424
4826, 0.2225, 0.420
4827, 0.1888, 0.422
4828, 0.2134, 0.420
4829, 0.2400, 0.423
4830, 0.2244, 0.419
4831, 0.2172, 0.423
4832, 0.2692, 0.417
4833, 0.2072, 0.418
4834, 0.1768, 0.416
4835, 0.2459, 0.422
4836, 0.2628, 0.429
4837, 0.1608, 0.420
4838, 0.2091, 0.418
4839, 0.2835, 0.418
4840, 0.2454, 0.427
4841, 0.2165, 0.423
4842, 0.2317, 0.420
4843, 0.2612, 0.418
4844, 0.3203, 0.422
4845, 0.2101, 0.428
4846, 0.1835, 0.425
4847, 0.2088, 0.421
4848, 0.1907, 0.425
4849, 0.1865, 0.423
4850, 0.1836, 0.417
4851, 0.2783, 0.429
4852, 0.1878, 0.424
4853, 0.1722, 0.419
4854, 0.1716, 0.415
4855, 0.2498, 0.419
4856, 0.1860, 0.422
4857, 0.2057, 0.435
4858, 0.1775, 0.418
4859, 0.1819, 0.418
4860, 0.1205, 0.419
4861, 0.2532, 0.429
4862, 0.2116, 0.418
4863, 0.1630, 0.420
4864, 0.1922, 0.415
4865, 0.1659, 0.417
4866, 0.2091, 0.417
4867, 0.3046, 0.427
4868, 0.2406, 0.425
4869, 0.1825, 0.419
4870, 0.2420, 0.415
4871, 0.2253, 0.417
4872, 0.1967, 0.424
4873, 0.2009, 0.425
4874, 0.2326, 0.421
4875, 0.2571, 0.419
4876, 0.2219, 0.421
4877, 0.2146, 0.421
4878, 0.2316, 0.418
4879, 0.2407, 0.419
4880, 0.1833, 0.463
4881, 0.2115, 0.418
4882, 0.2645, 0.417
4883, 0.2024, 0.433
4884, 0.2671, 0.424
4885, 0.2361, 0.431
4886, 0.1682, 0.416
4887, 0.1660, 0.419
4888, 0.2642, 0.424
4889, 0.1165, 0.424
4890, 0.3108, 0.420
4891, 0.2441, 0.418
4892, 0.1736, 0.426
4893, 0.2697, 0.427
4894, 0.1167, 0.420
4895, 0.2107, 0.417
4896, 0.0943, 0.420
4897, 0.1462, 0.420
4898, 0.2078, 0.415
4899, 0.2127, 0.417
4900, 0.2008, 0.423
4901, 0.2079, 0.418
4902, 0.1739, 0.428
4903, 0.2290, 0.426
4904, 0.1020, 0.429
4905, 0.1040, 0.428
4906, 0.2425, 0.428
4907, 0.1975, 0.419
4908, 0.2377, 0.422
4909, 0.2573, 0.419
4910, 0.2080, 0.417
4911, 0.2292, 0.424
4912, 0.0490, 0.420
4913, 0.0616, 0.433
4914, 0.1814, 0.412
4915, 0.1803, 0.415
4916, 0.2857, 0.441
4917, 0.2266, 0.417
4918, 0.2023, 0.412
4919, 0.1491, 0.413
4920, 0.2675, 0.417
4921, 0.2794, 0.419
4922, 0.2391, 0.415
4923, 0.2932, 0.425
4924, 0.2542, 0.420
4925, 0.1872, 0.416
4926, 0.1631, 0.413
4927, 0.1988, 0.417
4928, 0.1976, 0.420
4929, 0.1653, 0.432
4930, 0.1876, 0.418
4931, 0.1834, 0.417
4932, 0.2112, 0.418
4933, 0.2663, 0.415
4934, 0.1702, 0.415
4935, 0.2253, 0.416
4936, 0.1978, 0.416
4937, 0.2773, 0.418
4938, 0.1286, 0.415
4939, 0.2119, 0.415
4940, 0.2338, 0.417
4941, 0.2272, 0.416
4942, 0.2597, 0.415
4943, 0.1950, 0.438
4944, 0.2089, 0.419
4945, 0.2196, 0.420
4946, 0.1506, 0.440
4947, 0.2038, 0.437
4948, 0.2396, 0.425
4949, 0.1887, 0.440
4950, 0.2134, 0.417
4951, 0.1793, 0.418
4952, 0.2340, 0.434
4953, 0.1789, 0.418
4954, 0.1448, 0.418
4955, 0.1224, 0.415
4956, 0.2292, 0.418
4957, 0.2038, 0.416
4958, 0.1962, 0.414
4959, 0.2105, 0.415
4960, 0.1933, 0.420
4961, 0.2462, 0.420
4962, 0.1165, 0.417
4963, 0.2167, 0.416
4964, 0.1904, 0.418
4965, 0.2103, 0.415
4966, 0.1958, 0.415
4967, 0.1595, 0.414
4968, 0.1750, 0.415
4969, 0.1951, 0.417
4970, 0.1676, 0.415
4971, 0.1479, 0.417
4972, 0.1558, 0.420
4973, 0.1834, 0.418
4974, 0.1345, 0.412
4975, 0.1548, 0.414
4976, 0.1252, 0.416
4977, 0.2268, 0.420
4978, 0.1158, 0.430
4979, 0.1985, 0.417
4980, 0.0909, 0.420
4981, 0.1713, 0.416
4982, 0.1260, 0.414
4983, 0.1731, 0.414
4984, 0.1891, 0.420
4985, 0.1929, 0.418
4986, 0.1998, 0.414
4987, 0.2054, 0.418
4988, 0.2070, 0.420
4989, 0.2575, 0.417
4990, 0.2624, 0.414
4991, 0.2393, 0.417
4992, 0.2111, 0.417
4993, 0.1730, 0.420
4994, 0.1134, 0.418
4995, 0.1184, 0.416
4996, 0.2040, 0.420
4997, 0.2140, 0.418
4998, 0.2901, 0.413
4999, 0.1210, 0.414
5000, 0.1626, 0.416
