0, 0.5028, 1.729
1, 0.4971, 0.396
2, 0.5043, 0.420
3, 0.4914, 0.404
4, 0.4900, 0.404
5, 0.4983, 0.406
6, 0.4768, 0.407
7, 0.4816, 0.422
8, 0.4727, 0.418
9, 0.4994, 0.418
10, 0.5007, 0.398
11, 0.4754, 0.397
12, 0.4883, 0.413
13, 0.4720, 0.403
14, 0.4719, 0.409
15, 0.4523, 0.418
16, 0.4700, 0.422
17, 0.4124, 0.423
18, 0.4331, 0.437
19, 0.4616, 0.418
20, 0.4866, 0.404
21, 0.4188, 0.403
22, 0.4485, 0.401
23, 0.4766, 0.421
24, 0.5167, 0.427
25, 0.4761, 0.433
26, 0.5469, 0.433
27, 0.4395, 0.419
28, 0.4214, 0.397
29, 0.2949, 0.399
30, 0.3990, 0.421
31, 0.3765, 0.435
32, 0.4162, 0.425
33, 0.4574, 0.420
34, 0.4090, 0.423
35, 0.4435, 0.426
36, 0.3723, 0.423
37, 0.4362, 0.429
38, 0.4145, 0.399
39, 0.4011, 0.418
40, 0.4293, 0.423
41, 0.3091, 0.417
42, 0.3319, 0.423
43, 0.2769, 0.437
44, 0.3745, 0.427
45, 0.4232, 0.400
46, 0.4125, 0.422
47, 0.3946, 0.430
48, 0.2932, 0.420
49, 0.3458, 0.419
50, 0.2914, 0.422
51, 0.2658, 0.425
52, 0.3258, 0.411
53, 0.3425, 0.401
54, 0.2600, 0.394
55, 0.2196, 0.424
56, 0.3627, 0.426
57, 0.2372, 0.419
58, 0.3053, 0.420
59, 0.2526, 0.434
60, 0.2729, 0.420
61, 0.2815, 0.404
62, 0.3412, 0.425
63, 0.2772, 0.419
64, 0.3480, 0.432
65, 0.2793, 0.418
66, 0.3757, 0.420
67, 0.1999, 0.421
68, 0.2757, 0.423
69, 0.3417, 0.427
70, 0.2578, 0.409
71, 0.3260, 0.425
72, 0.2931, 0.422
73, 0.4012, 0.420
74, 0.3120, 0.417
75, 0.3370, 0.422
76, 0.2956, 0.427
77, 0.2312, 0.425
78, 0.3351, 0.392
79, 0.3162, 0.421
80, 0.2717, 0.419
81, 0.2524, 0.431
82, 0.2382, 0.416
83, 0.2391, 0.423
84, 0.2634, 0.423
85, 0.2595, 0.406
86, 0.2634, 0.398
87, 0.3346, 0.426
88, 0.3082, 0.420
89, 0.3154, 0.417
90, 0.3290, 0.419
91, 0.1566, 0.420
92, 0.3063, 0.422
93, 0.2366, 0.425
94, 0.3449, 0.394
95, 0.2699, 0.425
96, 0.1865, 0.422
97, 0.2654, 0.421
98, 0.3327, 0.420
99, 0.2044, 0.432
100, 0.2457, 0.423
101, 0.3207, 0.421
102, 0.2561, 0.426
103, 0.3125, 0.438
104, 0.2969, 0.421
105, 0.2584, 0.427
106, 0.3195, 0.418
107, 0.3076, 0.421
108, 0.2348, 0.410
109, 0.3126, 0.432
110, 0.3244, 0.420
111, 0.2197, 0.424
112, 0.2668, 0.425
113, 0.2951, 0.419
114, 0.2785, 0.422
115, 0.2976, 0.446
116, 0.3245, 0.427
117, 0.2391, 0.440
118, 0.2889, 0.421
119, 0.3159, 0.415
120, 0.2681, 0.452
121, 0.2609, 0.437
122, 0.2373, 0.442
123, 0.3110, 0.429
124, 0.2376, 0.425
125, 0.1765, 0.448
126, 0.2332, 0.427
127, 0.3432, 0.436
128, 0.1900, 0.446
129, 0.1917, 0.423
130, 0.2587, 0.423
131, 0.2215, 0.443
132, 0.2076, 0.449
133, 0.2176, 0.453
134, 0.2180, 0.456
135, 0.2195, 0.445
136, 0.2767, 0.424
137, 0.3033, 0.441
138, 0.2566, 0.441
139, 0.2315, 0.443
140, 0.1698, 0.439
141, 0.0932, 0.453
142, 0.1872, 0.424
143, 0.1774, 0.418
144, 0.2671, 0.417
145, 0.2670, 0.438
146, 0.1397, 0.440
147, 0.2795, 0.433
148, 0.3152, 0.445
149, 0.3222, 0.432
150, 0.2439, 0.420
151, 0.1690, 0.427
152, 0.3142, 0.442
153, 0.2528, 0.440
154, 0.2768, 0.439
155, 0.2942, 0.442
156, 0.2943, 0.444
157, 0.2665, 0.423
158, 0.1859, 0.458
159, 0.2920, 0.428
160, 0.2214, 0.442
161, 0.2409, 0.440
162, 0.2407, 0.441
163, 0.2935, 0.444
164, 0.2656, 0.441
165, 0.2692, 0.448
166, 0.2735, 0.448
167, 0.2728, 0.442
168, 0.2595, 0.439
169, 0.2883, 0.404
170, 0.2559, 0.420
171, 0.2433, 0.421
172, 0.3310, 0.416
173, 0.1976, 0.440
174, 0.2244, 0.436
175, 0.2712, 0.418
176, 0.2754, 0.437
177, 0.2894, 0.436
178, 0.2222, 0.438
179, 0.3027, 0.443
180, 0.2213, 0.443
181, 0.2767, 0.421
182, 0.2676, 0.419
183, 0.2310, 0.422
184, 0.3210, 0.420
185, 0.2566, 0.417
186, 0.1878, 0.414
187, 0.2307, 0.416
188, 0.2079, 0.415
189, 0.2057, 0.417
190, 0.2647, 0.433
191, 0.1740, 0.421
192, 0.2528, 0.417
193, 0.1785, 0.414
194, 0.2492, 0.414
195, 0.2074, 0.419
196, 0.2163, 0.422
197, 0.2778, 0.422
198, 0.2765, 0.415
199, 0.2019, 0.417
200, 0.2185, 0.417
201, 0.3128, 0.407
202, 0.1222, 0.416
203, 0.1194, 0.416
204, 0.0993, 0.420
205, 0.1795, 0.424
206, 0.0960, 0.417
207, 0.2155, 0.416
208, 0.2715, 0.416
209, 0.2097, 0.416
210, 0.1639, 0.421
211, 0.2178, 0.423
212, 0.1858, 0.425
213, 0.2443, 0.420
214, 0.2168, 0.418
215, 0.1689, 0.419
216, 0.1965, 0.419
217, 0.2036, 0.418
218, 0.2383, 0.422
219, 0.2331, 0.420
220, 0.3215, 0.441
221, 0.2921, 0.422
222, 0.2384, 0.422
223, 0.2186, 0.419
224, 0.2899, 0.425
225, 0.1928, 0.422
226, 0.2252, 0.424
227, 0.2051, 0.424
228, 0.2237, 0.421
229, 0.2057, 0.418
230, 0.1388, 0.424
231, 0.1753, 0.423
232, 0.2374, 0.425
233, 0.1410, 0.432
234, 0.2218, 0.423
235, 0.1850, 0.418
236, 0.1645, 0.427
237, 0.1772, 0.435
238, 0.1432, 0.416
239, 0.1786, 0.422
240, 0.1501, 0.419
241, 0.2728, 0.437
242, 0.2113, 0.428
243, 0.1843, 0.421
244, 0.1613, 0.437
245, 0.2100, 0.437
246, 0.2355, 0.431
247, 0.3009, 0.427
248, 0.2418, 0.422
249, 0.2031, 0.417
250, 0.2164, 0.417
251, 0.2817, 0.422
252, 0.2145, 0.426
253, 0.2636, 0.416
254, 0.3142, 0.420
255, 0.2270, 0.425
256, 0.2821, 0.415
257, 0.2169, 0.422
258, 0.1636, 0.438
259, 0.2295, 0.432
260, 0.2524, 0.429
261, 0.1738, 0.436
262, 0.2984, 0.433
263, 0.1593, 0.422
264, 0.3025, 0.422
265, 0.2457, 0.424
266, 0.2205, 0.436
267, 0.2843, 0.422
268, 0.2214, 0.418
269, 0.2928, 0.422
270, 0.2123, 0.446
271, 0.1974, 0.425
272, 0.2029, 0.424
273, 0.1849, 0.426
274, 0.1786, 0.425
275, 0.2236, 0.426
276, 0.1857, 0.423
277, 0.1655, 0.418
278, 0.2076, 0.431
279, 0.2508, 0.424
280, 0.1933, 0.418
281, 0.2337, 0.423
282, 0.1496, 0.419
283, 0.1969, 0.436
284, 0.1608, 0.422
285, 0.1874, 0.419
286, 0.2657, 0.419
287, 0.2758, 0.439
288, 0.2475, 0.421
289, 0.2292, 0.426
290, 0.2261, 0.424
291, 0.2141, 0.439
292, 0.1314, 0.430
293, 0.1508, 0.419
294, 0.1925, 0.428
295, 0.1819, 0.445
296, 0.2524, 0.419
297, 0.2033, 0.417
298, 0.1810, 0.422
299, 0.2005, 0.416
300, 0.2015, 0.432
301, 0.1928, 0.427
302, 0.2120, 0.424
303, 0.2059, 0.432
304, 0.1743, 0.423
305, 0.2247, 0.421
306, 0.1854, 0.426
307, 0.1105, 0.440
308, 0.2001, 0.435
309, 0.1554, 0.440
310, 0.1721, 0.434
311, 0.1885, 0.443
312, 0.2463, 0.420
313, 0.2620, 0.420
314, 0.2703, 0.425
315, 0.1836, 0.416
316, 0.1612, 0.421
317, 0.1842, 0.423
318, 0.1738, 0.410
319, 0.2234, 0.399
320, 0.2483, 0.396
321, 0.2347, 0.394
322, 0.2259, 0.398
323, 0.1790, 0.399
324, 0.1606, 0.418
325, 0.2327, 0.411
326, 0.2661, 0.414
327, 0.2276, 0.410
328, 0.2511, 0.411
329, 0.2242, 0.427
330, 0.2065, 0.422
331, 0.2171, 0.397
332, 0.2273, 0.399
333, 0.2150, 0.431
334, 0.1213, 0.422
335, 0.1683, 0.421
336, 0.1704, 0.421
337, 0.1640, 0.424
338, 0.1376, 0.419
339, 0.1790, 0.419
340, 0.1592, 0.418
341, 0.1585, 0.417
342, 0.1186, 0.420
343, 0.1320, 0.419
344, 0.2046, 0.418
345, 0.2123, 0.419
346, 0.1371, 0.419
347, 0.1745, 0.421
348, 0.2134, 0.415
349, 0.2434, 0.417
350, 0.1429, 0.392
351, 0.1893, 0.417
352, 0.1555, 0.422
353, 0.2529, 0.424
354, 0.2280, 0.419
355, 0.2107, 0.416
356, 0.2107, 0.416
357, 0.2077, 0.414
358, 0.1984, 0.396
359, 0.2664, 0.425
360, 0.1792, 0.416
361, 0.2844, 0.417
362, 0.2819, 0.431
363, 0.2002, 0.417
364, 0.2395, 0.417
365, 0.1849, 0.421
366, 0.2064, 0.393
367, 0.1738, 0.409
368, 0.2095, 0.418
369, 0.2001, 0.417
370, 0.2314, 0.418
371, 0.1469, 0.415
372, 0.1564, 0.416
373, 0.1979, 0.413
374, 0.2014, 0.396
375, 0.1964, 0.408
376, 0.2009, 0.411
377, 0.2336, 0.416
378, 0.1315, 0.420
379, 0.1288, 0.406
380, 0.1025, 0.419
381, 0.1834, 0.405
382, 0.2547, 0.402
383, 0.1705, 0.404
384, 0.1653, 0.415
385, 0.1982, 0.432
386, 0.2084, 0.428
387, 0.2338, 0.418
388, 0.2378, 0.421
389, 0.2143, 0.417
390, 0.1515, 0.434
391, 0.1500, 0.425
392, 0.1447, 0.416
393, 0.1866, 0.432
394, 0.1509, 0.420
395, 0.1901, 0.418
396, 0.1814, 0.426
397, 0.1872, 0.420
398, 0.1978, 0.418
399, 0.1543, 0.416
400, 0.1924, 0.417
401, 0.3268, 0.423
402, 0.1871, 0.426
403, 0.1721, 0.417
404, 0.1421, 0.418
405, 0.2029, 0.420
406, 0.1581, 0.415
407, 0.1931, 0.420
408, 0.2430, 0.417
409, 0.1464, 0.417
410, 0.1608, 0.420
411, 0.1877, 0.418
412, 0.1860, 0.423
413, 0.1569, 0.422
414, 0.2154, 0.424
415, 0.2683, 0.426
416, 0.3546, 0.415
417, 0.1821, 0.426
418, 0.1816, 0.430
419, 0.2639, 0.426
420, 0.1901, 0.423
421, 0.2133, 0.420
422, 0.2571, 0.425
423, 0.1786, 0.420
424, 0.1857, 0.418
425, 0.1385, 0.423
426, 0.1835, 0.437
427, 0.2217, 0.421
428, 0.1793, 0.420
429, 0.1803, 0.434
430, 0.2021, 0.423
431, 0.2632, 0.441
432, 0.2388, 0.428
433, 0.2100, 0.420
434, 0.1995, 0.422
435, 0.1797, 0.420
436, 0.1658, 0.423
437, 0.1206, 0.419
438, 0.1910, 0.432
439, 0.1803, 0.420
440, 0.1259, 0.423
441, 0.1295, 0.430
442, 0.3102, 0.423
443, 0.2281, 0.421
444, 0.1113, 0.424
445, 0.1702, 0.421
446, 0.1961, 0.427
447, 0.1748, 0.434
448, 0.1721, 0.433
449, 0.1949, 0.422
450, 0.2570, 0.430
451, 0.1531, 0.421
452, 0.2498, 0.422
453, 0.2538, 0.419
454, 0.1770, 0.436
455, 0.2268, 0.429
456, 0.2139, 0.417
457, 0.1705, 0.421
458, 0.2020, 0.423
459, 0.1843, 0.421
460, 0.2347, 0.419
461, 0.1441, 0.420
462, 0.1882, 0.416
463, 0.1388, 0.415
464, 0.2076, 0.413
465, 0.2508, 0.417
466, 0.1188, 0.423
467, 0.1816, 0.420
468, 0.1821, 0.420
469, 0.1851, 0.419
470, 0.0875, 0.420
471, 0.1566, 0.420
472, 0.1949, 0.442
473, 0.1573, 0.425
474, 0.2857, 0.423
475, 0.1551, 0.422
476, 0.1459, 0.421
477, 0.1361, 0.422
478, 0.1343, 0.433
479, 0.1489, 0.431
480, 0.1182, 0.413
481, 0.1585, 0.424
482, 0.1780, 0.422
483, 0.1785, 0.418
484, 0.1578, 0.418
485, 0.2061, 0.418
486, 0.1906, 0.419
487, 0.1876, 0.428
488, 0.1301, 0.416
489, 0.1862, 0.419
490, 0.1423, 0.420
491, 0.1541, 0.419
492, 0.2026, 0.421
493, 0.1752, 0.437
494, 0.3045, 0.419
495, 0.2008, 0.419
496, 0.1728, 0.434
497, 0.2070, 0.418
498, 0.1221, 0.422
499, 0.1261, 0.421
500, 0.2362, 0.418
501, 0.1692, 0.417
502, 0.1323, 0.416
503, 0.1338, 0.422
504, 0.1949, 0.420
505, 0.1759, 0.419
506, 0.3023, 0.422
507, 0.2389, 0.419
508, 0.1777, 0.420
509, 0.1446, 0.418
510, 0.1001, 0.417
511, 0.2317, 0.422
512, 0.2057, 0.415
513, 0.1338, 0.415
514, 0.1852, 0.420
515, 0.1710, 0.437
516, 0.2019, 0.429
517, 0.2220, 0.437
518, 0.2053, 0.430
519, 0.1674, 0.441
520, 0.1854, 0.441
521, 0.1156, 0.441
522, 0.1077, 0.442
523, 0.1601, 0.440
524, 0.1893, 0.436
525, 0.1677, 0.439
526, 0.1061, 0.439
527, 0.2134, 0.438
528, 0.2245, 0.436
529, 0.2358, 0.404
530, 0.1812, 0.409
531, 0.2409, 0.407
532, 0.0851, 0.417
533, 0.1327, 0.415
534, 0.1902, 0.422
535, 0.2048, 0.415
536, 0.1447, 0.416
537, 0.1513, 0.449
538, 0.2152, 0.420
539, 0.2240, 0.414
540, 0.1775, 0.416
541, 0.1698, 0.437
542, 0.1389, 0.439
543, 0.1818, 0.441
544, 0.2321, 0.421
545, 0.2303, 0.421
546, 0.1696, 0.420
547, 0.1890, 0.453
548, 0.2284, 0.433
549, 0.1850, 0.441
550, 0.1214, 0.421
551, 0.1678, 0.424
552, 0.2163, 0.423
553, 0.1719, 0.441
554, 0.1739, 0.444
555, 0.1796, 0.440
556, 0.1861, 0.419
557, 0.3509, 0.417
558, 0.1393, 0.412
559, 0.1594, 0.415
560, 0.2557, 0.414
561, 0.1422, 0.435
562, 0.1431, 0.424
563, 0.2039, 0.417
564, 0.1941, 0.418
565, 0.1919, 0.443
566, 0.1729, 0.424
567, 0.1126, 0.432
568, 0.1728, 0.421
569, 0.1468, 0.420
570, 0.1441, 0.422
571, 0.0976, 0.441
572, 0.1489, 0.439
573, 0.1038, 0.444
574, 0.1772, 0.425
575, 0.1473, 0.426
576, 0.1468, 0.421
577, 0.1230, 0.443
578, 0.1361, 0.449
579, 0.1884, 0.435
580, 0.1938, 0.442
581, 0.2781, 0.444
582, 0.1730, 0.444
583, 0.1430, 0.407
584, 0.2016, 0.417
585, 0.1643, 0.431
586, 0.1711, 0.439
587, 0.1382, 0.436
588, 0.1364, 0.442
589, 0.2442, 0.442
590, 0.2599, 0.429
591, 0.1517, 0.451
592, 0.1790, 0.442
593, 0.2240, 0.439
594, 0.1426, 0.438
595, 0.1592, 0.439
596, 0.1984, 0.423
597, 0.1233, 0.442
598, 0.0997, 0.440
599, 0.1898, 0.448
600, 0.2159, 0.445
601, 0.1805, 0.415
602, 0.1335, 0.424
603, 0.2556, 0.421
604, 0.1873, 0.426
605, 0.1798, 0.408
606, 0.2021, 0.460
607, 0.2073, 0.416
608, 0.2146, 0.415
609, 0.1306, 0.416
610, 0.1269, 0.421
611, 0.2446, 0.416
612, 0.1669, 0.420
613, 0.2396, 0.424
614, 0.1153, 0.439
615, 0.1985, 0.417
616, 0.1714, 0.412
617, 0.2423, 0.425
618, 0.1848, 0.423
619, 0.1271, 0.431
620, 0.2253, 0.419
621, 0.1319, 0.433
622, 0.1191, 0.431
623, 0.2128, 0.421
624, 0.1741, 0.421
625, 0.1450, 0.431
626, 0.1794, 0.423
627, 0.1722, 0.418
628, 0.2044, 0.418
629, 0.1447, 0.419
630, 0.1503, 0.420
631, 0.0897, 0.427
632, 0.1517, 0.416
633, 0.2052, 0.419
634, 0.2165, 0.421
635, 0.1892, 0.420
636, 0.2070, 0.419
637, 0.1451, 0.434
638, 0.1601, 0.416
639, 0.2007, 0.417
640, 0.2074, 0.415
641, 0.1159, 0.421
642, 0.1918, 0.422
643, 0.2247, 0.419
644, 0.1468, 0.419
645, 0.1474, 0.418
646, 0.1466, 0.419
647, 0.1716, 0.422
648, 0.1911, 0.415
649, 0.2224, 0.422
650, 0.1554, 0.428
651, 0.2446, 0.422
652, 0.1836, 0.421
653, 0.1535, 0.419
654, 0.1721, 0.416
655, 0.1927, 0.418
656, 0.1619, 0.421
657, 0.1260, 0.418
658, 0.1409, 0.423
659, 0.1975, 0.420
660, 0.2041, 0.428
661, 0.1959, 0.419
662, 0.1121, 0.419
663, 0.1467, 0.420
664, 0.2295, 0.418
665, 0.1685, 0.418
666, 0.2185, 0.420
667, 0.1888, 0.421
668, 0.1806, 0.425
669, 0.1773, 0.421
670, 0.1758, 0.427
671, 0.1995, 0.430
672, 0.1332, 0.438
673, 0.2344, 0.437
674, 0.1463, 0.426
675, 0.2096, 0.426
676, 0.0744, 0.420
677, 0.1370, 0.426
678, 0.1526, 0.418
679, 0.1838, 0.424
680, 0.2189, 0.420
681, 0.2174, 0.430
682, 0.2093, 0.419
683, 0.1091, 0.421
684, 0.1773, 0.420
685, 0.1597, 0.420
686, 0.2230, 0.420
687, 0.1808, 0.420
688, 0.1897, 0.418
689, 0.1243, 0.420
690, 0.1834, 0.419
691, 0.1601, 0.422
692, 0.1860, 0.420
693, 0.1560, 0.418
694, 0.2639, 0.417
695, 0.2009, 0.420
696, 0.1728, 0.418
697, 0.1448, 0.418
698, 0.1995, 0.420
699, 0.2356, 0.418
700, 0.1329, 0.420
701, 0.1786, 0.419
702, 0.1655, 0.419
703, 0.1380, 0.421
704, 0.1106, 0.419
705, 0.2276, 0.423
706, 0.2960, 0.421
707, 0.1625, 0.418
708, 0.1483, 0.418
709, 0.1486, 0.417
710, 0.1691, 0.417
711, 0.2544, 0.427
712, 0.2347, 0.417
713, 0.2865, 0.419
714, 0.1534, 0.431
715, 0.2069, 0.446
716, 0.1574, 0.439
717, 0.1629, 0.444
718, 0.1611, 0.427
719, 0.1432, 0.443
720, 0.1741, 0.439
721, 0.2296, 0.427
722, 0.2586, 0.410
723, 0.1484, 0.404
724, 0.1097, 0.416
725, 0.1803, 0.423
726, 0.2089, 0.414
727, 0.2416, 0.417
728, 0.2509, 0.421
729, 0.2269, 0.419
730, 0.2251, 0.417
731, 0.1891, 0.417
732, 0.1693, 0.416
733, 0.1490, 0.416
734, 0.1725, 0.418
735, 0.1874, 0.420
736, 0.1293, 0.415
737, 0.1819, 0.416
738, 0.1653, 0.418
739, 0.2019, 0.420
740, 0.2187, 0.423
741, 0.2589, 0.415
742, 0.1215, 0.416
743, 0.1883, 0.415
744, 0.1860, 0.415
745, 0.1575, 0.414
746, 0.1201, 0.416
747, 0.1516, 0.416
748, 0.2035, 0.420
749, 0.1408, 0.413
750, 0.1665, 0.414
751, 0.1829, 0.416
752, 0.2492, 0.414
753, 0.1777, 0.416
754, 0.1801, 0.416
755, 0.1736, 0.413
756, 0.1382, 0.415
757, 0.1969, 0.416
758, 0.1571, 0.413
759, 0.1137, 0.418
760, 0.1429, 0.417
761, 0.1523, 0.413
762, 0.1121, 0.419
763, 0.1407, 0.416
764, 0.2093, 0.417
765, 0.2463, 0.415
766, 0.2030, 0.418
767, 0.1960, 0.418
768, 0.1794, 0.414
769, 0.1411, 0.415
770, 0.2307, 0.415
771, 0.1604, 0.413
772, 0.1148, 0.413
773, 0.1970, 0.416
774, 0.1582, 0.412
775, 0.0772, 0.415
776, 0.2906, 0.413
777, 0.2022, 0.416
778, 0.2210, 0.418
779, 0.1278, 0.419
780, 0.2188, 0.416
781, 0.1584, 0.414
782, 0.1830, 0.413
783, 0.1754, 0.417
784, 0.1770, 0.415
785, 0.2460, 0.415
786, 0.2193, 0.416
787, 0.2783, 0.412
788, 0.2624, 0.413
789, 0.1896, 0.414
790, 0.1398, 0.415
791, 0.1528, 0.419
792, 0.1494, 0.416
793, 0.2168, 0.416
794, 0.1770, 0.415
795, 0.1418, 0.416
796, 0.1633, 0.419
797, 0.1809, 0.424
798, 0.1257, 0.414
799, 0.1929, 0.419
800, 0.2280, 0.416
801, 0.1834, 0.413
802, 0.1431, 0.420
803, 0.1357, 0.413
804, 0.1958, 0.418
805, 0.1713, 0.421
806, 0.1673, 0.418
807, 0.1551, 0.418
808, 0.1934, 0.415
809, 0.1021, 0.416
810, 0.1440, 0.415
811, 0.1682, 0.418
812, 0.1439, 0.422
813, 0.1453, 0.419
814, 0.1106, 0.419
815, 0.1745, 0.425
816, 0.1679, 0.417
817, 0.1534, 0.419
818, 0.2241, 0.420
819, 0.2372, 0.423
820, 0.2108, 0.430
821, 0.1891, 0.425
822, 0.2270, 0.417
823, 0.2176, 0.427
824, 0.1576, 0.419
825, 0.1262, 0.418
826, 0.1423, 0.440
827, 0.1602, 0.422
828, 0.1148, 0.429
829, 0.1644, 0.417
830, 0.1260, 0.429
831, 0.1043, 0.420
832, 0.1331, 0.419
833, 0.1770, 0.415
834, 0.1544, 0.416
835, 0.1743, 0.416
836, 0.1427, 0.417
837, 0.1859, 0.416
838, 0.2300, 0.417
839, 0.1292, 0.431
840, 0.1641, 0.421
841, 0.1360, 0.428
842, 0.1358, 0.421
843, 0.1391, 0.425
844, 0.1783, 0.432
845, 0.0999, 0.429
846, 0.2011, 0.420
847, 0.1550, 0.423
848, 0.1488, 0.420
849, 0.1882, 0.419
850, 0.1380, 0.435
851, 0.1599, 0.421
852, 0.1847, 0.421
853, 0.2036, 0.415
854, 0.2325, 0.411
855, 0.2060, 0.428
856, 0.1166, 0.420
857, 0.1767, 0.419
858, 0.1988, 0.416
859, 0.1632, 0.424
860, 0.1689, 0.421
861, 0.1253, 0.426
862, 0.2166, 0.416
863, 0.2409, 0.428
864, 0.1769, 0.421
865, 0.2592, 0.421
866, 0.1986, 0.413
867, 0.2379, 0.422
868, 0.1710, 0.418
869, 0.2222, 0.416
870, 0.1487, 0.413
871, 0.1823, 0.422
872, 0.1297, 0.422
873, 0.1911, 0.416
874, 0.1499, 0.418
875, 0.1174, 0.424
876, 0.1438, 0.425
877, 0.1395, 0.423
878, 0.1776, 0.415
879, 0.1956, 0.422
880, 0.1097, 0.421
881, 0.2193, 0.418
882, 0.1819, 0.417
883, 0.1293, 0.416
884, 0.1255, 0.428
885, 0.1453, 0.422
886, 0.1636, 0.420
887, 0.1516, 0.424
888, 0.2251, 0.430
889, 0.1321, 0.424
890, 0.1203, 0.420
891, 0.1828, 0.417
892, 0.1758, 0.428
893, 0.1875, 0.418
894, 0.1698, 0.422
895, 0.0614, 0.440
896, 0.0625, 0.422
897, 0.1429, 0.417
898, 0.2275, 0.414
899, 0.1132, 0.417
900, 0.2030, 0.420
901, 0.1167, 0.424
902, 0.0964, 0.415
903, 0.1983, 0.421
904, 0.1817, 0.418
905, 0.1316, 0.421
906, 0.1353, 0.433
907, 0.2076, 0.432
908, 0.1256, 0.421
909, 0.1409, 0.420
910, 0.1700, 0.417
911, 0.1100, 0.429
912, 0.1252, 0.432
913, 0.1890, 0.418
914, 0.1985, 0.418
915, 0.1912, 0.415
916, 0.1245, 0.417
917, 0.1255, 0.414
918, 0.1100, 0.413
919, 0.1365, 0.419
920, 0.2062, 0.465
921, 0.1943, 0.415
922, 0.2137, 0.418
923, 0.2590, 0.418
924, 0.1520, 0.419
925, 0.1347, 0.416
926, 0.1728, 0.412
927, 0.1437, 0.413
928, 0.1782, 0.417
929, 0.1169, 0.414
930, 0.1451, 0.413
931, 0.1579, 0.415
932, 0.1605, 0.410
933, 0.1220, 0.412
934, 0.0773, 0.415
935, 0.1204, 0.419
936, 0.1338, 0.423
937, 0.1875, 0.423
938, 0.1361, 0.417
939, 0.1816, 0.416
940, 0.1934, 0.415
941, 0.2914, 0.414
942, 0.1818, 0.414
943, 0.1887, 0.420
944, 0.0993, 0.418
945, 0.1858, 0.414
946, 0.2201, 0.415
947, 0.2227, 0.413
948, 0.1911, 0.412
949, 0.1498, 0.415
950, 0.1415, 0.415
951, 0.1287, 0.417
952, 0.2198, 0.416
953, 0.0565, 0.414
954, 0.1153, 0.418
955, 0.1419, 0.421
956, 0.2428, 0.416
957, 0.1707, 0.414
958, 0.2267, 0.415
959, 0.1562, 0.417
960, 0.1518, 0.418
961, 0.1032, 0.418
962, 0.1693, 0.417
963, 0.2091, 0.413
964, 0.1778, 0.413
965, 0.1179, 0.412
966, 0.2663, 0.412
967, 0.0996, 0.415
968, 0.1538, 0.431
969, 0.1959, 0.417
970, 0.1439, 0.416
971, 0.1428, 0.415
972, 0.1468, 0.414
973, 0.1091, 0.414
974, 0.1233, 0.414
975, 0.0856, 0.418
976, 0.1780, 0.417
977, 0.1815, 0.415
978, 0.1756, 0.418
979, 0.1211, 0.414
980, 0.1478, 0.412
981, 0.1854, 0.414
982, 0.1930, 0.412
983, 0.1795, 0.416
984, 0.1604, 0.416
985, 0.1710, 0.414
986, 0.1490, 0.416
987, 0.1358, 0.416
988, 0.1757, 0.415
989, 0.2253, 0.414
990, 0.1869, 0.414
991, 0.1822, 0.417
992, 0.2019, 0.418
993, 0.1795, 0.419
994, 0.1630, 0.419
995, 0.1377, 0.417
996, 0.1074, 0.415
997, 0.1283, 0.413
998, 0.1927, 0.414
999, 0.1613, 0.419
1000, 0.0999, 0.414
1001, 0.2676, 0.409
1002, 0.1763, 0.418
1003, 0.1974, 0.416
1004, 0.1343, 0.421
1005, 0.0742, 0.426
1006, 0.2021, 0.414
1007, 0.1356, 0.417
1008, 0.1606, 0.418
1009, 0.1765, 0.417
1010, 0.1639, 0.419
1011, 0.1682, 0.421
1012, 0.2341, 0.421
1013, 0.1386, 0.417
1014, 0.1823, 0.417
1015, 0.2401, 0.418
1016, 0.1703, 0.416
1017, 0.1159, 0.424
1018, 0.1512, 0.420
1019, 0.2238, 0.421
1020, 0.2388, 0.418
1021, 0.2478, 0.419
1022, 0.1565, 0.420
1023, 0.1954, 0.423
1024, 0.1249, 0.424
1025, 0.2395, 0.420
1026, 0.1320, 0.419
1027, 0.1614, 0.419
1028, 0.2045, 0.418
1029, 0.1539, 0.427
1030, 0.2051, 0.418
1031, 0.1035, 0.419
1032, 0.1430, 0.417
1033, 0.2123, 0.417
1034, 0.1706, 0.420
1035, 0.1823, 0.420
1036, 0.1470, 0.423
1037, 0.1537, 0.415
1038, 0.1419, 0.436
1039, 0.1337, 0.428
1040, 0.1436, 0.429
1041, 0.1060, 0.419
1042, 0.1842, 0.425
1043, 0.0973, 0.426
1044, 0.1330, 0.425
1045, 0.1866, 0.418
1046, 0.1472, 0.420
1047, 0.2056, 0.438
1048, 0.1976, 0.420
1049, 0.0499, 0.414
1050, 0.1253, 0.418
1051, 0.1426, 0.421
1052, 0.1578, 0.421
1053, 0.2052, 0.424
1054, 0.1637, 0.419
1055, 0.1716, 0.433
1056, 0.0671, 0.416
1057, 0.1629, 0.415
1058, 0.1383, 0.421
1059, 0.1098, 0.424
1060, 0.1928, 0.419
1061, 0.1529, 0.414
1062, 0.1487, 0.430
1063, 0.1017, 0.420
1064, 0.1948, 0.419
1065, 0.2294, 0.416
1066, 0.1528, 0.419
1067, 0.1901, 0.419
1068, 0.1525, 0.429
1069, 0.1599, 0.414
1070, 0.2161, 0.420
1071, 0.0911, 0.424
1072, 0.1635, 0.421
1073, 0.1299, 0.411
1074, 0.1667, 0.420
1075, 0.1128, 0.420
1076, 0.1654, 0.419
1077, 0.2002, 0.415
1078, 0.1445, 0.430
1079, 0.0960, 0.423
1080, 0.1786, 0.434
1081, 0.1840, 0.414
1082, 0.1277, 0.419
1083, 0.1242, 0.420
1084, 0.0962, 0.420
1085, 0.1370, 0.414
1086, 0.1881, 0.431
1087, 0.2047, 0.429
1088, 0.1442, 0.422
1089, 0.1782, 0.413
1090, 0.2139, 0.424
1091, 0.1158, 0.420
1092, 0.2093, 0.421
1093, 0.1178, 0.427
1094, 0.1631, 0.421
1095, 0.1335, 0.427
1096, 0.1156, 0.426
1097, 0.1170, 0.415
1098, 0.1542, 0.434
1099, 0.1439, 0.419
1100, 0.1923, 0.421
1101, 0.1427, 0.416
1102, 0.1697, 0.426
1103, 0.1889, 0.424
1104, 0.1258, 0.419
1105, 0.1303, 0.414
1106, 0.2303, 0.420
1107, 0.2489, 0.419
1108, 0.1504, 0.421
1109, 0.1039, 0.419
1110, 0.1065, 0.419
1111, 0.1363, 0.430
1112, 0.2118, 0.426
1113, 0.1672, 0.417
1114, 0.1256, 0.429
1115, 0.1085, 0.421
1116, 0.1276, 0.425
1117, 0.1723, 0.414
1118, 0.1202, 0.416
1119, 0.1237, 0.417
1120, 0.1591, 0.431
1121, 0.1497, 0.417
1122, 0.1516, 0.431
1123, 0.1736, 0.418
1124, 0.1943, 0.421
1125, 0.1192, 0.437
1126, 0.0742, 0.419
1127, 0.1063, 0.420
1128, 0.1447, 0.439
1129, 0.1370, 0.419
1130, 0.1598, 0.421
1131, 0.2144, 0.440
1132, 0.1494, 0.428
1133, 0.1250, 0.421
1134, 0.1015, 0.416
1135, 0.1917, 0.417
1136, 0.0724, 0.415
1137, 0.1747, 0.419
1138, 0.1146, 0.420
1139, 0.1762, 0.416
1140, 0.2253, 0.415
1141, 0.1505, 0.414
1142, 0.1228, 0.415
1143, 0.1361, 0.416
1144, 0.1987, 0.413
1145, 0.1237, 0.415
1146, 0.2091, 0.416
1147, 0.1692, 0.418
1148, 0.1754, 0.415
1149, 0.1804, 0.413
1150, 0.0959, 0.419
1151, 0.1686, 0.422
1152, 0.1546, 0.413
1153, 0.1202, 0.413
1154, 0.1344, 0.414
1155, 0.1240, 0.414
1156, 0.0830, 0.416
1157, 0.2072, 0.418
1158, 0.1723, 0.415
1159, 0.1970, 0.416
1160, 0.2243, 0.413
1161, 0.1458, 0.413
1162, 0.1763, 0.418
1163, 0.1892, 0.421
1164, 0.2086, 0.417
1165, 0.1452, 0.413
1166, 0.1057, 0.416
1167, 0.1310, 0.417
1168, 0.1163, 0.415
1169, 0.2118, 0.418
1170, 0.1768, 0.415
1171, 0.1513, 0.414
1172, 0.1533, 0.416
1173, 0.1445, 0.414
1174, 0.1683, 0.415
1175, 0.1594, 0.417
1176, 0.2508, 0.415
1177, 0.1411, 0.413
1178, 0.1649, 0.417
1179, 0.1055, 0.417
1180, 0.1471, 0.417
1181, 0.1322, 0.414
1182, 0.1815, 0.417
1183, 0.1271, 0.417
1184, 0.1303, 0.413
1185, 0.2150, 0.413
1186, 0.1825, 0.413
1187, 0.1504, 0.414
1188, 0.1639, 0.417
1189, 0.1426, 0.414
1190, 0.1747, 0.415
1191, 0.1644, 0.416
1192, 0.0959, 0.413
1193, 0.1590, 0.414
1194, 0.1218, 0.420
1195, 0.1299, 0.416
1196, 0.2321, 0.417
1197, 0.1622, 0.414
1198, 0.1675, 0.416
1199, 0.1241, 0.423
1200, 0.2128, 0.418
1201, 0.1356, 0.408
1202, 0.1266, 0.417
1203, 0.0695, 0.414
1204, 0.1591, 0.421
1205, 0.1425, 0.425
1206, 0.1812, 0.415
1207, 0.1066, 0.416
1208, 0.1802, 0.414
1209, 0.1371, 0.413
1210, 0.1754, 0.420
1211, 0.1748, 0.422
1212, 0.1695, 0.426
1213, 0.1573, 0.420
1214, 0.1695, 0.421
1215, 0.2088, 0.420
1216, 0.1866, 0.417
1217, 0.1084, 0.417
1218, 0.0796, 0.430
1219, 0.1929, 0.422
1220, 0.1592, 0.417
1221, 0.1397, 0.424
1222, 0.1615, 0.421
1223, 0.1848, 0.420
1224, 0.1368, 0.431
1225, 0.1063, 0.417
1226, 0.1286, 0.422
1227, 0.2109, 0.422
1228, 0.1493, 0.417
1229, 0.1621, 0.426
1230, 0.1507, 0.422
1231, 0.1463, 0.423
1232, 0.1414, 0.418
1233, 0.1413, 0.423
1234, 0.1312, 0.417
1235, 0.1955, 0.424
1236, 0.1878, 0.421
1237, 0.2118, 0.428
1238, 0.1770, 0.418
1239, 0.2145, 0.419
1240, 0.1684, 0.417
1241, 0.1917, 0.419
1242, 0.1678, 0.425
1243, 0.1147, 0.419
1244, 0.2388, 0.421
1245, 0.2013, 0.419
1246, 0.1897, 0.420
1247, 0.1815, 0.424
1248, 0.1795, 0.421
1249, 0.2017, 0.425
1250, 0.2072, 0.419
1251, 0.1815, 0.419
1252, 0.1513, 0.419
1253, 0.1399, 0.424
1254, 0.1356, 0.422
1255, 0.2689, 0.423
1256, 0.1712, 0.420
1257, 0.1996, 0.421
1258, 0.1873, 0.434
1259, 0.1440, 0.432
1260, 0.1866, 0.429
1261, 0.1804, 0.421
1262, 0.2139, 0.424
1263, 0.1675, 0.428
1264, 0.2075, 0.423
1265, 0.1377, 0.422
1266, 0.1342, 0.427
1267, 0.2168, 0.434
1268, 0.1968, 0.421
1269, 0.1711, 0.416
1270, 0.1862, 0.433
1271, 0.1461, 0.420
1272, 0.2917, 0.427
1273, 0.2017, 0.424
1274, 0.1804, 0.420
1275, 0.1885, 0.431
1276, 0.2020, 0.425
1277, 0.2314, 0.422
1278, 0.1667, 0.423
1279, 0.1386, 0.424
1280, 0.0787, 0.426
1281, 0.1724, 0.422
1282, 0.1703, 0.422
1283, 0.1285, 0.424
1284, 0.1844, 0.420
1285, 0.1228, 0.419
1286, 0.1455, 0.417
1287, 0.1476, 0.426
1288, 0.1916, 0.423
1289, 0.1257, 0.426
1290, 0.1111, 0.424
1291, 0.0881, 0.424
1292, 0.2583, 0.421
1293, 0.1594, 0.421
1294, 0.1679, 0.422
1295, 0.1109, 0.422
1296, 0.1469, 0.416
1297, 0.1198, 0.422
1298, 0.1502, 0.423
1299, 0.2018, 0.419
1300, 0.1226, 0.420
1301, 0.0916, 0.419
1302, 0.1012, 0.424
1303, 0.1708, 0.428
1304, 0.1215, 0.421
1305, 0.1960, 0.418
1306, 0.1767, 0.427
1307, 0.1972, 0.428
1308, 0.1602, 0.423
1309, 0.1465, 0.429
1310, 0.1772, 0.420
1311, 0.1150, 0.415
1312, 0.1504, 0.415
1313, 0.1888, 0.420
1314, 0.1695, 0.423
1315, 0.1489, 0.425
1316, 0.1258, 0.397
1317, 0.2164, 0.412
1318, 0.2196, 0.410
1319, 0.1991, 0.408
1320, 0.1290, 0.411
1321, 0.1863, 0.431
1322, 0.0956, 0.428
1323, 0.1290, 0.416
1324, 0.1526, 0.415
1325, 0.1400, 0.416
1326, 0.1063, 0.419
1327, 0.1543, 0.418
1328, 0.1387, 0.412
1329, 0.1367, 0.416
1330, 0.2544, 0.420
1331, 0.1920, 0.418
1332, 0.1680, 0.421
1333, 0.1291, 0.427
1334, 0.1749, 0.420
1335, 0.1316, 0.414
1336, 0.1456, 0.418
1337, 0.1751, 0.419
1338, 0.1011, 0.419
1339, 0.1588, 0.416
1340, 0.1771, 0.416
1341, 0.1781, 0.414
1342, 0.2022, 0.416
1343, 0.1679, 0.414
1344, 0.1898, 0.414
1345, 0.1109, 0.416
1346, 0.1440, 0.420
1347, 0.1033, 0.416
1348, 0.1172, 0.415
1349, 0.1189, 0.414
1350, 0.1989, 0.414
1351, 0.1817, 0.413
1352, 0.0502, 0.413
1353, 0.1858, 0.416
1354, 0.1873, 0.418
1355, 0.1248, 0.416
1356, 0.1738, 0.415
1357, 0.0955, 0.414
1358, 0.1515, 0.416
1359, 0.1513, 0.417
1360, 0.1733, 0.413
1361, 0.1426, 0.415
1362, 0.2080, 0.417
1363, 0.1656, 0.415
1364, 0.2149, 0.419
1365, 0.1534, 0.415
1366, 0.1527, 0.415
1367, 0.1254, 0.414
1368, 0.1594, 0.413
1369, 0.1900, 0.417
1370, 0.1422, 0.422
1371, 0.1598, 0.418
1372, 0.2097, 0.418
1373, 0.1986, 0.414
1374, 0.1294, 0.415
1375, 0.1860, 0.416
1376, 0.1640, 0.413
1377, 0.1451, 0.417
1378, 0.1318, 0.416
1379, 0.1343, 0.415
1380, 0.3099, 0.416
1381, 0.1386, 0.413
1382, 0.1824, 0.414
1383, 0.2299, 0.416
1384, 0.1682, 0.413
1385, 0.2601, 0.418
1386, 0.2171, 0.417
1387, 0.1821, 0.416
1388, 0.1406, 0.417
1389, 0.2050, 0.416
1390, 0.1387, 0.415
1391, 0.0624, 0.416
1392, 0.0789, 0.415
1393, 0.1841, 0.422
1394, 0.1832, 0.418
1395, 0.1911, 0.416
1396, 0.1921, 0.415
1397, 0.2118, 0.414
1398, 0.1805, 0.414
1399, 0.1588, 0.415
1400, 0.1991, 0.414
1401, 0.2472, 0.411
1402, 0.1573, 0.420
1403, 0.1364, 0.417
1404, 0.1475, 0.422
1405, 0.2066, 0.429
1406, 0.1438, 0.421
1407, 0.1885, 0.418
1408, 0.1941, 0.413
1409, 0.1594, 0.415
1410, 0.2325, 0.417
1411, 0.1728, 0.418
1412, 0.1514, 0.422
1413, 0.1620, 0.419
1414, 0.1829, 0.427
1415, 0.1404, 0.419
1416, 0.1095, 0.414
1417, 0.1835, 0.420
1418, 0.1789, 0.423
1419, 0.1305, 0.422
1420, 0.1351, 0.422
1421, 0.1770, 0.424
1422, 0.2163, 0.433
1423, 0.1998, 0.420
1424, 0.1242, 0.417
1425, 0.1091, 0.421
1426, 0.1448, 0.421
1427, 0.1315, 0.420
1428, 0.1363, 0.424
1429, 0.1210, 0.416
1430, 0.1362, 0.418
1431, 0.1926, 0.418
1432, 0.1286, 0.415
1433, 0.1892, 0.419
1434, 0.1356, 0.421
1435, 0.1320, 0.419
1436, 0.1366, 0.421
1437, 0.1822, 0.422
1438, 0.1140, 0.431
1439, 0.0833, 0.421
1440, 0.1567, 0.419
1441, 0.1164, 0.421
1442, 0.0950, 0.436
1443, 0.1419, 0.426
1444, 0.1396, 0.418
1445, 0.1394, 0.418
1446, 0.1110, 0.417
1447, 0.1845, 0.417
1448, 0.2335, 0.414
1449, 0.1785, 0.419
1450, 0.1570, 0.428
1451, 0.0892, 0.426
1452, 0.1272, 0.425
1453, 0.1676, 0.418
1454, 0.1631, 0.429
1455, 0.2052, 0.425
1456, 0.1920, 0.421
1457, 0.1368, 0.418
1458, 0.2146, 0.425
1459, 0.1166, 0.419
1460, 0.0994, 0.418
1461, 0.1742, 0.413
1462, 0.1632, 0.416
1463, 0.1664, 0.417
1464, 0.1816, 0.415
1465, 0.1422, 0.416
1466, 0.1350, 0.426
1467, 0.1658, 0.433
1468, 0.1125, 0.419
1469, 0.1990, 0.423
1470, 0.1598, 0.420
1471, 0.2077, 0.419
1472, 0.1415, 0.418
1473, 0.1724, 0.419
1474, 0.1634, 0.425
1475, 0.1411, 0.421
1476, 0.1890, 0.420
1477, 0.1671, 0.418
1478, 0.1683, 0.415
1479, 0.1451, 0.420
1480, 0.1832, 0.431
1481, 0.2807, 0.405
1482, 0.1314, 0.406
1483, 0.1298, 0.407
1484, 0.2768, 0.421
1485, 0.1410, 0.421
1486, 0.1897, 0.420
1487, 0.1416, 0.417
1488, 0.1674, 0.417
1489, 0.1399, 0.422
1490, 0.1682, 0.429
1491, 0.1478, 0.422
1492, 0.1916, 0.420
1493, 0.1773, 0.425
1494, 0.0923, 0.414
1495, 0.1481, 0.424
1496, 0.1266, 0.424
1497, 0.1724, 0.420
1498, 0.1768, 0.431
1499, 0.2024, 0.425
1500, 0.1523, 0.419
1501, 0.2325, 0.418
1502, 0.1497, 0.418
1503, 0.1655, 0.418
1504, 0.1601, 0.419
1505, 0.1826, 0.426
1506, 0.1449, 0.419
1507, 0.1243, 0.426
1508, 0.1849, 0.424
1509, 0.1071, 0.418
1510, 0.1716, 0.414
1511, 0.1622, 0.433
1512, 0.1297, 0.418
1513, 0.1347, 0.418
1514, 0.1187, 0.418
1515, 0.1449, 0.424
1516, 0.0772, 0.420
1517, 0.1225, 0.424
1518, 0.1574, 0.413
1519, 0.1398, 0.416
1520, 0.1142, 0.415
1521, 0.1290, 0.417
1522, 0.1285, 0.417
1523, 0.1639, 0.416
1524, 0.1788, 0.415
1525, 0.1768, 0.414
1526, 0.1312, 0.415
1527, 0.1378, 0.416
1528, 0.1556, 0.415
1529, 0.1924, 0.413
1530, 0.1654, 0.417
1531, 0.1151, 0.432
1532, 0.0811, 0.419
1533, 0.1370, 0.416
1534, 0.1463, 0.415
1535, 0.0908, 0.429
1536, 0.1371, 0.415
1537, 0.1172, 0.423
1538, 0.0958, 0.418
1539, 0.0995, 0.417
1540, 0.1384, 0.417
1541, 0.0883, 0.419
1542, 0.1211, 0.417
1543, 0.1464, 0.418
1544, 0.1582, 0.414
1545, 0.0708, 0.412
1546, 0.1585, 0.415
1547, 0.1730, 0.419
1548, 0.1235, 0.421
1549, 0.2462, 0.415
1550, 0.1798, 0.415
1551, 0.1190, 0.416
1552, 0.1325, 0.420
1553, 0.1257, 0.417
1554, 0.0963, 0.422
1555, 0.1239, 0.417
1556, 0.1258, 0.418
1557, 0.0967, 0.414
1558, 0.0799, 0.421
1559, 0.1637, 0.415
1560, 0.1049, 0.415
1561, 0.1638, 0.411
1562, 0.1609, 0.413
1563, 0.1545, 0.417
1564, 0.1161, 0.419
1565, 0.1681, 0.416
1566, 0.1867, 0.415
1567, 0.2371, 0.415
1568, 0.1727, 0.414
1569, 0.1771, 0.418
1570, 0.1215, 0.418
1571, 0.1748, 0.417
1572, 0.1703, 0.420
1573, 0.1191, 0.417
1574, 0.1648, 0.422
1575, 0.0959, 0.416
1576, 0.1329, 0.416
1577, 0.1029, 0.413
1578, 0.2168, 0.413
1579, 0.1135, 0.419
1580, 0.1408, 0.418
1581, 0.1771, 0.416
1582, 0.1647, 0.414
1583, 0.1447, 0.417
1584, 0.0957, 0.415
1585, 0.0796, 0.417
1586, 0.0942, 0.416
1587, 0.1463, 0.417
1588, 0.1099, 0.417
1589, 0.1551, 0.414
1590, 0.2034, 0.415
1591, 0.1753, 0.417
1592, 0.1369, 0.434
1593, 0.1971, 0.415
1594, 0.1613, 0.414
1595, 0.1531, 0.415
1596, 0.1220, 0.439
1597, 0.1069, 0.429
1598, 0.1091, 0.439
1599, 0.1829, 0.421
1600, 0.1564, 0.418
1601, 0.1460, 0.420
1602, 0.1537, 0.423
1603, 0.1286, 0.421
1604, 0.1140, 0.422
1605, 0.1120, 0.428
1606, 0.1113, 0.423
1607, 0.1131, 0.418
1608, 0.1717, 0.416
1609, 0.1488, 0.415
1610, 0.0714, 0.415
1611, 0.2108, 0.417
1612, 0.1716, 0.421
1613, 0.0874, 0.418
1614, 0.1518, 0.427
1615, 0.2375, 0.418
1616, 0.1448, 0.416
1617, 0.1337, 0.426
1618, 0.1931, 0.423
1619, 0.2255, 0.422
1620, 0.1516, 0.427
1621, 0.1640, 0.421
1622, 0.2196, 0.425
1623, 0.1411, 0.432
1624, 0.1592, 0.413
1625, 0.1758, 0.420
1626, 0.1878, 0.426
1627, 0.2060, 0.419
1628, 0.1478, 0.416
1629, 0.1492, 0.419
1630, 0.1080, 0.425
1631, 0.1314, 0.426
1632, 0.1592, 0.418
1633, 0.1532, 0.420
1634, 0.1829, 0.421
1635, 0.1042, 0.422
1636, 0.1324, 0.421
1637, 0.2035, 0.431
1638, 0.2056, 0.418
1639, 0.1251, 0.433
1640, 0.1454, 0.412
1641, 0.1796, 0.418
1642, 0.1257, 0.416
1643, 0.0972, 0.418
1644, 0.1717, 0.417
1645, 0.1423, 0.417
1646, 0.1759, 0.418
1647, 0.1981, 0.421
1648, 0.1564, 0.417
1649, 0.1625, 0.423
1650, 0.1560, 0.420
1651, 0.1776, 0.420
1652, 0.1539, 0.419
1653, 0.1001, 0.421
1654, 0.1840, 0.424
1655, 0.1844, 0.425
1656, 0.0792, 0.413
1657, 0.1722, 0.419
1658, 0.0576, 0.423
1659, 0.2097, 0.419
1660, 0.1337, 0.426
1661, 0.0854, 0.416
1662, 0.1662, 0.432
1663, 0.1309, 0.424
1664, 0.1210, 0.415
1665, 0.0825, 0.430
1666, 0.1401, 0.427
1667, 0.1464, 0.428
1668, 0.0809, 0.422
1669, 0.1518, 0.426
1670, 0.0882, 0.418
1671, 0.2474, 0.417
1672, 0.2532, 0.415
1673, 0.1609, 0.420
1674, 0.0937, 0.418
1675, 0.1327, 0.425
1676, 0.1354, 0.420
1677, 0.1230, 0.424
1678, 0.0835, 0.421
1679, 0.1656, 0.423
1680, 0.1682, 0.415
1681, 0.1298, 0.421
1682, 0.1712, 0.421
1683, 0.1543, 0.422
1684, 0.1541, 0.421
1685, 0.1561, 0.419
1686, 0.1507, 0.418
1687, 0.1128, 0.420
1688, 0.1366, 0.417
1689, 0.1471, 0.418
1690, 0.1874, 0.415
1691, 0.1458, 0.417
1692, 0.0997, 0.424
1693, 0.1708, 0.417
1694, 0.1195, 0.422
1695, 0.1374, 0.424
1696, 0.1328, 0.417
1697, 0.1121, 0.424
1698, 0.0832, 0.420
1699, 0.0904, 0.421
1700, 0.1261, 0.425
1701, 0.1472, 0.418
1702, 0.2382, 0.425
1703, 0.1271, 0.419
1704, 0.2162, 0.417
1705, 0.1432, 0.421
1706, 0.1612, 0.417
1707, 0.1488, 0.419
1708, 0.1474, 0.439
1709, 0.1205, 0.417
1710, 0.1928, 0.417
1711, 0.1485, 0.432
1712, 0.1097, 0.414
1713, 0.1706, 0.420
1714, 0.1042, 0.425
1715, 0.0623, 0.479
1716, 0.0831, 0.453
1717, 0.1413, 0.415
1718, 0.1935, 0.417
1719, 0.1934, 0.414
1720, 0.1655, 0.436
1721, 0.1333, 0.439
1722, 0.2073, 0.441
1723, 0.1216, 0.419
1724, 0.0790, 0.420
1725, 0.0887, 0.413
1726, 0.1666, 0.434
1727, 0.1173, 0.436
1728, 0.0644, 0.434
1729, 0.1634, 0.419
1730, 0.0985, 0.425
1731, 0.1080, 0.421
1732, 0.0643, 0.424
1733, 0.0944, 0.439
1734, 0.1049, 0.440
1735, 0.1752, 0.418
1736, 0.1276, 0.419
1737, 0.1680, 0.416
1738, 0.2595, 0.439
1739, 0.1552, 0.439
1740, 0.1503, 0.441
1741, 0.1677, 0.417
1742, 0.1701, 0.419
1743, 0.1675, 0.412
1744, 0.1085, 0.415
1745, 0.1859, 0.440
1746, 0.1739, 0.442
1747, 0.1646, 0.411
1748, 0.0649, 0.413
1749, 0.1206, 0.403
1750, 0.0906, 0.398
1751, 0.1289, 0.402
1752, 0.1649, 0.397
1753, 0.1670, 0.414
1754, 0.1105, 0.411
1755, 0.1304, 0.427
1756, 0.1446, 0.446
1757, 0.1490, 0.415
1758, 0.0935, 0.414
1759, 0.1434, 0.438
1760, 0.1314, 0.431
1761, 0.1762, 0.422
1762, 0.1422, 0.448
1763, 0.2195, 0.430
1764, 0.1538, 0.429
1765, 0.2614, 0.449
1766, 0.1325, 0.443
1767, 0.2643, 0.421
1768, 0.3789, 0.444
1769, 0.1614, 0.421
1770, 0.1076, 0.422
1771, 0.1722, 0.431
1772, 0.1726, 0.443
1773, 0.1045, 0.422
1774, 0.1047, 0.438
1775, 0.1533, 0.420
1776, 0.0967, 0.418
1777, 0.1762, 0.425
1778, 0.0822, 0.417
1779, 0.0901, 0.424
1780, 0.1903, 0.439
1781, 0.0848, 0.420
1782, 0.1692, 0.422
1783, 0.1416, 0.439
1784, 0.2233, 0.439
1785, 0.1152, 0.419
1786, 0.2242, 0.436
1787, 0.0988, 0.420
1788, 0.1162, 0.424
1789, 0.1564, 0.421
1790, 0.1741, 0.439
1791, 0.1063, 0.430
1792, 0.1168, 0.437
1793, 0.1116, 0.420
1794, 0.1111, 0.410
1795, 0.1215, 0.417
1796, 0.1036, 0.442
1797, 0.1843, 0.436
1798, 0.0723, 0.432
1799, 0.1434, 0.417
1800, 0.1599, 0.413
1801, 0.1325, 0.410
1802, 0.1408, 0.398
1803, 0.2200, 0.432
1804, 0.1565, 0.428
1805, 0.1531, 0.436
1806, 0.1539, 0.427
1807, 0.1780, 0.418
1808, 0.1490, 0.418
1809, 0.1733, 0.417
1810, 0.1354, 0.418
1811, 0.0977, 0.419
1812, 0.1262, 0.424
1813, 0.1509, 0.422
1814, 0.1284, 0.428
1815, 0.1550, 0.451
1816, 0.2021, 0.419
1817, 0.2080, 0.422
1818, 0.1145, 0.419
1819, 0.1203, 0.422
1820, 0.1222, 0.427
1821, 0.0706, 0.428
1822, 0.0684, 0.422
1823, 0.1138, 0.419
1824, 0.1344, 0.434
1825, 0.1124, 0.425
1826, 0.2698, 0.429
1827, 0.1508, 0.434
1828, 0.1372, 0.421
1829, 0.2418, 0.420
1830, 0.1541, 0.424
1831, 0.2285, 0.421
1832, 0.1540, 0.417
1833, 0.1400, 0.415
1834, 0.0793, 0.429
1835, 0.1637, 0.422
1836, 0.2218, 0.420
1837, 0.1938, 0.421
1838, 0.1639, 0.419
1839, 0.1051, 0.418
1840, 0.1136, 0.420
1841, 0.2015, 0.443
1842, 0.1557, 0.430
1843, 0.1405, 0.425
1844, 0.1832, 0.425
1845, 0.1211, 0.429
1846, 0.1088, 0.439
1847, 0.1190, 0.419
1848, 0.0881, 0.416
1849, 0.0957, 0.416
1850, 0.0734, 0.415
1851, 0.2112, 0.417
1852, 0.1473, 0.420
1853, 0.1575, 0.422
1854, 0.0758, 0.419
1855, 0.0499, 0.420
1856, 0.0964, 0.423
1857, 0.0995, 0.422
1858, 0.0906, 0.444
1859, 0.1740, 0.424
1860, 0.1171, 0.422
1861, 0.0696, 0.427
1862, 0.1115, 0.436
1863, 0.0857, 0.422
1864, 0.2121, 0.430
1865, 0.1204, 0.421
1866, 0.0961, 0.444
1867, 0.1427, 0.418
1868, 0.1689, 0.426
1869, 0.3134, 0.421
1870, 0.1536, 0.438
1871, 0.1830, 0.422
1872, 0.1838, 0.420
1873, 0.0842, 0.422
1874, 0.1273, 0.427
1875, 0.1564, 0.420
1876, 0.1021, 0.421
1877, 0.1238, 0.418
1878, 0.2005, 0.437
1879, 0.1337, 0.432
1880, 0.1444, 0.422
1881, 0.1297, 0.419
1882, 0.2165, 0.436
1883, 0.0735, 0.431
1884, 0.0677, 0.421
1885, 0.1453, 0.423
1886, 0.1037, 0.443
1887, 0.0838, 0.425
1888, 0.1713, 0.425
1889, 0.1780, 0.425
1890, 0.1983, 0.439
1891, 0.1623, 0.441
1892, 0.1361, 0.428
1893, 0.1290, 0.426
1894, 0.1217, 0.435
1895, 0.1264, 0.419
1896, 0.0688, 0.433
1897, 0.2089, 0.426
1898, 0.0629, 0.439
1899, 0.0800, 0.420
1900, 0.0877, 0.425
1901, 0.0662, 0.437
1902, 0.1690, 0.432
1903, 0.1589, 0.430
1904, 0.1510, 0.427
1905, 0.0671, 0.425
1906, 0.0788, 0.430
1907, 0.1587, 0.432
1908, 0.1077, 0.407
1909, 0.1350, 0.394
1910, 0.0696, 0.419
1911, 0.0845, 0.418
1912, 0.1516, 0.416
1913, 0.1277, 0.427
1914, 0.1966, 0.420
1915, 0.1677, 0.439
1916, 0.1481, 0.430
1917, 0.1495, 0.415
1918, 0.1865, 0.418
1919, 0.1525, 0.441
1920, 0.0785, 0.439
1921, 0.1362, 0.430
1922, 0.1693, 0.419
1923, 0.1678, 0.421
1924, 0.2139, 0.416
1925, 0.2031, 0.437
1926, 0.2500, 0.439
1927, 0.1884, 0.431
1928, 0.1472, 0.416
1929, 0.1327, 0.418
1930, 0.0629, 0.414
1931, 0.1808, 0.439
1932, 0.1287, 0.440
1933, 0.1062, 0.435
1934, 0.0758, 0.423
1935, 0.1184, 0.422
1936, 0.1724, 0.415
1937, 0.1698, 0.418
1938, 0.1608, 0.437
1939, 0.0935, 0.437
1940, 0.1543, 0.418
1941, 0.1567, 0.419
1942, 0.2319, 0.415
1943, 0.1388, 0.438
1944, 0.2905, 0.435
1945, 0.1730, 0.438
1946, 0.1273, 0.421
1947, 0.1441, 0.422
1948, 0.0921, 0.419
1949, 0.1710, 0.439
1950, 0.0626, 0.441
1951, 0.1302, 0.438
1952, 0.1253, 0.420
1953, 0.1594, 0.420
1954, 0.1725, 0.416
1955, 0.1538, 0.438
1956, 0.0956, 0.437
1957, 0.1360, 0.434
1958, 0.1604, 0.420
1959, 0.1735, 0.419
1960, 0.1283, 0.414
1961, 0.2010, 0.439
1962, 0.1689, 0.439
1963, 0.1479, 0.435
1964, 0.0846, 0.421
1965, 0.0813, 0.420
1966, 0.1111, 0.417
1967, 0.0651, 0.439
1968, 0.1595, 0.437
1969, 0.1739, 0.438
1970, 0.1623, 0.419
1971, 0.1316, 0.417
1972, 0.2009, 0.414
1973, 0.1345, 0.437
1974, 0.0699, 0.438
1975, 0.1723, 0.441
1976, 0.0481, 0.418
1977, 0.1924, 0.420
1978, 0.0977, 0.415
1979, 0.1485, 0.439
1980, 0.1126, 0.439
1981, 0.1532, 0.436
1982, 0.2093, 0.421
1983, 0.1282, 0.421
1984, 0.1088, 0.413
1985, 0.1561, 0.420
1986, 0.1801, 0.437
1987, 0.1833, 0.437
1988, 0.1689, 0.420
1989, 0.1264, 0.419
1990, 0.1128, 0.417
1991, 0.1952, 0.438
1992, 0.1325, 0.438
1993, 0.1606, 0.444
1994, 0.1293, 0.420
1995, 0.2468, 0.420
1996, 0.2062, 0.418
1997, 0.1549, 0.437
1998, 0.1569, 0.441
1999, 0.1215, 0.443
2000, 0.0647, 0.420
2001, 0.0904, 0.411
2002, 0.1519, 0.420
2003, 0.1602, 0.418
2004, 0.1071, 0.421
2005, 0.1197, 0.424
2006, 0.1090, 0.419
2007, 0.0517, 0.417
2008, 0.2054, 0.416
2009, 0.1523, 0.419
2010, 0.1532, 0.421
2011, 0.1247, 0.421
2012, 0.2674, 0.430
2013, 0.1933, 0.419
2014, 0.1524, 0.421
2015, 0.1554, 0.421
2016, 0.1480, 0.416
2017, 0.1388, 0.418
2018, 0.1837, 0.426
2019, 0.1300, 0.421
2020, 0.1351, 0.420
2021, 0.1474, 0.433
2022, 0.1830, 0.427
2023, 0.1301, 0.424
2024, 0.1257, 0.421
2025, 0.0689, 0.427
2026, 0.1427, 0.422
2027, 0.1802, 0.418
2028, 0.1410, 0.416
2029, 0.1097, 0.420
2030, 0.0889, 0.432
2031, 0.1410, 0.422
2032, 0.1066, 0.415
2033, 0.1576, 0.434
2034, 0.0890, 0.424
2035, 0.1232, 0.427
2036, 0.1997, 0.436
2037, 0.1129, 0.436
2038, 0.1605, 0.426
2039, 0.1011, 0.427
2040, 0.1323, 0.419
2041, 0.2865, 0.441
2042, 0.2186, 0.428
2043, 0.0972, 0.426
2044, 0.1479, 0.419
2045, 0.0993, 0.437
2046, 0.0963, 0.423
2047, 0.1726, 0.423
2048, 0.1151, 0.444
2049, 0.1431, 0.420
2050, 0.2020, 0.422
2051, 0.0745, 0.420
2052, 0.1442, 0.432
2053, 0.1752, 0.415
2054, 0.1784, 0.425
2055, 0.0686, 0.430
2056, 0.1088, 0.415
2057, 0.1405, 0.416
2058, 0.0851, 0.423
2059, 0.1650, 0.420
2060, 0.1203, 0.417
2061, 0.1811, 0.415
2062, 0.1157, 0.429
2063, 0.0653, 0.427
2064, 0.2422, 0.419
2065, 0.2417, 0.419
2066, 0.1875, 0.422
2067, 0.2185, 0.425
2068, 0.1637, 0.416
2069, 0.1486, 0.426
2070, 0.1316, 0.438
2071, 0.1854, 0.426
2072, 0.1369, 0.418
2073, 0.0933, 0.428
2074, 0.0976, 0.448
2075, 0.2160, 0.432
2076, 0.0992, 0.427
2077, 0.1067, 0.421
2078, 0.1003, 0.440
2079, 0.1687, 0.425
2080, 0.1204, 0.428
2081, 0.1481, 0.429
2082, 0.1286, 0.423
2083, 0.1061, 0.439
2084, 0.0594, 0.421
2085, 0.0932, 0.426
2086, 0.1206, 0.426
2087, 0.0943, 0.441
2088, 0.1471, 0.417
2089, 0.1384, 0.431
2090, 0.1430, 0.435
2091, 0.1386, 0.418
2092, 0.2209, 0.421
2093, 0.1249, 0.423
2094, 0.1489, 0.436
2095, 0.1261, 0.440
2096, 0.1744, 0.433
2097, 0.1667, 0.424
2098, 0.1354, 0.424
2099, 0.0867, 0.441
2100, 0.0914, 0.427
2101, 0.0762, 0.420
2102, 0.1230, 0.433
2103, 0.2220, 0.419
2104, 0.1216, 0.418
2105, 0.0706, 0.419
2106, 0.1185, 0.419
2107, 0.1038, 0.416
2108, 0.0775, 0.423
2109, 0.1101, 0.414
2110, 0.1684, 0.424
2111, 0.1453, 0.437
2112, 0.2069, 0.426
2113, 0.1256, 0.424
2114, 0.1240, 0.434
2115, 0.0879, 0.436
2116, 0.2418, 0.422
2117, 0.1138, 0.431
2118, 0.1119, 0.480
2119, 0.1631, 0.418
2120, 0.1580, 0.441
2121, 0.1507, 0.423
2122, 0.2075, 0.420
2123, 0.1094, 0.424
2124, 0.1750, 0.413
2125, 0.1247, 0.409
2126, 0.2076, 0.437
2127, 0.1136, 0.429
2128, 0.0990, 0.424
2129, 0.1837, 0.440
2130, 0.1373, 0.421
2131, 0.0907, 0.421
2132, 0.1433, 0.442
2133, 0.0663, 0.431
2134, 0.1757, 0.428
2135, 0.2117, 0.442
2136, 0.1827, 0.422
2137, 0.2099, 0.424
2138, 0.1175, 0.439
2139, 0.0653, 0.425
2140, 0.1369, 0.418
2141, 0.1788, 0.436
2142, 0.1049, 0.417
2143, 0.1710, 0.417
2144, 0.1200, 0.439
2145, 0.1311, 0.423
2146, 0.0661, 0.414
2147, 0.1339, 0.434
2148, 0.1977, 0.415
2149, 0.1309, 0.415
2150, 0.0933, 0.442
2151, 0.1082, 0.430
2152, 0.1413, 0.418
2153, 0.1155, 0.438
2154, 0.1518, 0.420
2155, 0.1955, 0.420
2156, 0.1488, 0.436
2157, 0.2192, 0.432
2158, 0.1451, 0.422
2159, 0.1382, 0.441
2160, 0.1630, 0.420
2161, 0.1391, 0.420
2162, 0.0807, 0.426
2163, 0.1448, 0.436
2164, 0.1291, 0.421
2165, 0.1402, 0.434
2166, 0.0904, 0.417
2167, 0.1020, 0.415
2168, 0.2007, 0.437
2169, 0.1504, 0.438
2170, 0.1122, 0.425
2171, 0.1575, 0.439
2172, 0.1391, 0.418
2173, 0.1989, 0.418
2174, 0.1334, 0.439
2175, 0.1793, 0.439
2176, 0.2381, 0.423
2177, 0.1745, 0.436
2178, 0.1391, 0.418
2179, 0.1553, 0.419
2180, 0.1454, 0.413
2181, 0.1141, 0.431
2182, 0.1063, 0.458
2183, 0.1067, 0.427
2184, 0.1817, 0.439
2185, 0.2097, 0.420
2186, 0.0842, 0.418
2187, 0.1236, 0.416
2188, 0.1269, 0.433
2189, 0.1346, 0.425
2190, 0.1346, 0.440
2191, 0.1188, 0.421
2192, 0.2234, 0.421
2193, 0.1573, 0.417
2194, 0.1354, 0.435
2195, 0.1235, 0.418
2196, 0.1172, 0.435
2197, 0.1216, 0.416
2198, 0.2059, 0.419
2199, 0.1363, 0.415
2200, 0.1735, 0.438
2201, 0.2070, 0.418
2202, 0.1091, 0.418
2203, 0.1114, 0.418
2204, 0.1823, 0.416
2205, 0.1435, 0.430
2206, 0.1230, 0.444
2207, 0.0385, 0.416
2208, 0.0943, 0.414
2209, 0.1357, 0.416
2210, 0.1159, 0.416
2211, 0.1645, 0.415
2212, 0.2434, 0.417
2213, 0.2098, 0.416
2214, 0.1930, 0.420
2215, 0.1340, 0.416
2216, 0.1099, 0.412
2217, 0.1562, 0.418
2218, 0.1522, 0.435
2219, 0.1288, 0.424
2220, 0.0978, 0.415
2221, 0.1616, 0.419
2222, 0.1391, 0.420
2223, 0.2085, 0.420
2224, 0.1459, 0.419
2225, 0.1564, 0.423
2226, 0.0979, 0.436
2227, 0.1282, 0.425
2228, 0.1795, 0.416
2229, 0.1630, 0.418
2230, 0.1506, 0.422
2231, 0.1770, 0.427
2232, 0.0719, 0.413
2233, 0.1579, 0.418
2234, 0.1701, 0.419
2235, 0.1345, 0.418
2236, 0.0917, 0.428
2237, 0.1536, 0.435
2238, 0.1563, 0.421
2239, 0.1297, 0.431
2240, 0.1309, 0.418
2241, 0.0997, 0.423
2242, 0.1542, 0.421
2243, 0.1442, 0.428
2244, 0.1188, 0.415
2245, 0.1851, 0.417
2246, 0.0862, 0.429
2247, 0.1384, 0.425
2248, 0.1389, 0.424
2249, 0.1169, 0.421
2250, 0.1276, 0.420
2251, 0.1128, 0.429
2252, 0.1186, 0.420
2253, 0.1584, 0.422
2254, 0.1592, 0.431
2255, 0.1436, 0.420
2256, 0.1776, 0.419
2257, 0.1380, 0.432
2258, 0.0914, 0.419
2259, 0.1115, 0.424
2260, 0.0617, 0.421
2261, 0.2057, 0.425
2262, 0.1924, 0.422
2263, 0.2014, 0.421
2264, 0.1406, 0.417
2265, 0.1667, 0.418
2266, 0.1810, 0.425
2267, 0.1346, 0.417
2268, 0.1828, 0.431
2269, 0.1046, 0.418
2270, 0.1004, 0.421
2271, 0.1532, 0.416
2272, 0.1422, 0.420
2273, 0.0987, 0.426
2274, 0.1452, 0.426
2275, 0.1487, 0.417
2276, 0.1893, 0.420
2277, 0.1584, 0.419
2278, 0.1163, 0.420
2279, 0.1473, 0.423
2280, 0.1801, 0.417
2281, 0.2321, 0.418
2282, 0.1959, 0.416
2283, 0.1864, 0.418
2284, 0.1361, 0.420
2285, 0.1389, 0.421
2286, 0.1926, 0.420
2287, 0.2205, 0.435
2288, 0.1741, 0.421
2289, 0.2163, 0.423
2290, 0.1834, 0.418
2291, 0.1179, 0.418
2292, 0.1217, 0.419
2293, 0.1428, 0.417
2294, 0.1625, 0.420
2295, 0.1735, 0.439
2296, 0.1285, 0.422
2297, 0.1182, 0.429
2298, 0.1737, 0.426
2299, 0.1672, 0.423
2300, 0.1247, 0.422
2301, 0.1467, 0.424
2302, 0.1462, 0.424
2303, 0.1847, 0.420
2304, 0.1961, 0.419
2305, 0.1519, 0.419
2306, 0.1433, 0.420
2307, 0.1891, 0.419
2308, 0.1404, 0.420
2309, 0.1694, 0.418
2310, 0.1572, 0.419
2311, 0.1592, 0.421
2312, 0.1295, 0.425
2313, 0.1039, 0.422
2314, 0.2381, 0.433
2315, 0.1342, 0.439
2316, 0.1418, 0.442
2317, 0.3062, 0.442
2318, 0.1874, 0.444
2319, 0.1190, 0.442
2320, 0.1078, 0.439
2321, 0.0858, 0.441
2322, 0.1694, 0.437
2323, 0.1409, 0.440
2324, 0.1616, 0.441
2325, 0.1732, 0.420
2326, 0.1515, 0.443
2327, 0.2095, 0.440
2328, 0.1692, 0.404
2329, 0.1190, 0.403
2330, 0.2642, 0.417
2331, 0.1800, 0.415
2332, 0.2279, 0.416
2333, 0.1329, 0.415
2334, 0.1033, 0.418
2335, 0.1547, 0.434
2336, 0.1722, 0.413
2337, 0.1359, 0.414
2338, 0.2030, 0.416
2339, 0.1260, 0.423
2340, 0.1761, 0.420
2341, 0.1001, 0.418
2342, 0.1296, 0.422
2343, 0.1350, 0.419
2344, 0.1527, 0.419
2345, 0.1625, 0.424
2346, 0.1948, 0.423
2347, 0.1822, 0.422
2348, 0.1729, 0.425
2349, 0.1523, 0.415
2350, 0.1785, 0.417
2351, 0.0964, 0.416
2352, 0.1848, 0.419
2353, 0.1091, 0.417
2354, 0.1055, 0.418
2355, 0.1729, 0.416
2356, 0.0948, 0.417
2357, 0.2029, 0.417
2358, 0.0564, 0.420
2359, 0.1540, 0.419
2360, 0.1132, 0.412
2361, 0.1431, 0.413
2362, 0.1247, 0.416
2363, 0.1405, 0.419
2364, 0.0915, 0.417
2365, 0.1414, 0.416
2366, 0.1460, 0.415
2367, 0.1421, 0.416
2368, 0.1641, 0.416
2369, 0.1521, 0.416
2370, 0.1588, 0.416
2371, 0.1581, 0.416
2372, 0.0629, 0.428
2373, 0.1370, 0.415
2374, 0.1413, 0.418
2375, 0.2181, 0.419
2376, 0.1915, 0.412
2377, 0.1368, 0.416
2378, 0.1225, 0.416
2379, 0.1714, 0.423
2380, 0.1456, 0.419
2381, 0.1202, 0.415
2382, 0.1384, 0.416
2383, 0.2139, 0.419
2384, 0.1176, 0.414
2385, 0.1467, 0.422
2386, 0.1555, 0.416
2387, 0.1599, 0.415
2388, 0.1177, 0.417
2389, 0.1316, 0.421
2390, 0.1335, 0.419
2391, 0.2122, 0.427
2392, 0.2436, 0.415
2393, 0.1868, 0.419
2394, 0.1829, 0.418
2395, 0.1107, 0.431
2396, 0.1663, 0.417
2397, 0.1390, 0.431
2398, 0.2245, 0.417
2399, 0.1130, 0.418
2400, 0.0997, 0.416
2401, 0.0628, 0.419
2402, 0.2544, 0.417
2403, 0.1519, 0.416
2404, 0.1625, 0.421
2405, 0.1638, 0.421
2406, 0.1474, 0.422
2407, 0.1617, 0.421
2408, 0.1055, 0.414
2409, 0.0993, 0.415
2410, 0.1491, 0.420
2411, 0.2045, 0.422
2412, 0.1156, 0.425
2413, 0.1051, 0.420
2414, 0.1167, 0.424
2415, 0.1541, 0.421
2416, 0.1039, 0.415
2417, 0.1869, 0.419
2418, 0.0712, 0.420
2419, 0.1514, 0.421
2420, 0.1729, 0.421
2421, 0.2232, 0.420
2422, 0.2590, 0.425
2423, 0.1443, 0.435
2424, 0.1007, 0.417
2425, 0.1133, 0.417
2426, 0.1564, 0.422
2427, 0.2192, 0.427
2428, 0.1220, 0.421
2429, 0.0866, 0.435
2430, 0.1399, 0.425
2431, 0.1266, 0.424
2432, 0.1001, 0.431
2433, 0.1372, 0.442
2434, 0.1511, 0.431
2435, 0.1565, 0.435
2436, 0.1350, 0.422
2437, 0.1594, 0.420
2438, 0.0725, 0.420
2439, 0.1570, 0.427
2440, 0.1774, 0.425
2441, 0.1831, 0.418
2442, 0.1697, 0.421
2443, 0.1557, 0.424
2444, 0.1686, 0.423
2445, 0.2018, 0.419
2446, 0.1307, 0.423
2447, 0.1949, 0.422
2448, 0.1431, 0.425
2449, 0.1620, 0.418
2450, 0.1755, 0.428
2451, 0.1910, 0.422
2452, 0.1197, 0.420
2453, 0.1361, 0.429
2454, 0.1343, 0.432
2455, 0.1741, 0.428
2456, 0.0984, 0.422
2457, 0.1386, 0.420
2458, 0.1702, 0.421
2459, 0.1355, 0.427
2460, 0.0831, 0.423
2461, 0.1167, 0.430
2462, 0.0677, 0.409
2463, 0.1359, 0.402
2464, 0.1699, 0.433
2465, 0.1079, 0.418
2466, 0.0976, 0.431
2467, 0.0930, 0.433
2468, 0.1222, 0.425
2469, 0.0989, 0.424
2470, 0.0876, 0.417
2471, 0.1425, 0.420
2472, 0.1516, 0.420
2473, 0.1062, 0.422
2474, 0.1257, 0.421
2475, 0.1392, 0.420
2476, 0.1116, 0.417
2477, 0.1549, 0.416
2478, 0.1763, 0.425
2479, 0.1282, 0.423
2480, 0.1587, 0.418
2481, 0.0959, 0.419
2482, 0.1499, 0.420
2483, 0.2213, 0.420
2484, 0.1694, 0.419
2485, 0.1459, 0.430
2486, 0.1286, 0.421
2487, 0.2302, 0.421
2488, 0.1688, 0.417
2489, 0.0967, 0.420
2490, 0.1773, 0.421
2491, 0.1346, 0.421
2492, 0.1760, 0.420
2493, 0.1441, 0.421
2494, 0.1352, 0.415
2495, 0.0617, 0.418
2496, 0.1487, 0.415
2497, 0.1321, 0.430
2498, 0.1821, 0.426
2499, 0.2095, 0.420
2500, 0.1070, 0.419
2501, 0.1622, 0.421
2502, 0.1301, 0.424
2503, 0.2177, 0.420
2504, 0.1339, 0.426
2505, 0.1092, 0.424
2506, 0.0396, 0.423
2507, 0.0758, 0.418
2508, 0.1177, 0.418
2509, 0.1122, 0.416
2510, 0.0900, 0.424
2511, 0.1292, 0.415
2512, 0.1208, 0.420
2513, 0.1240, 0.418
2514, 0.1457, 0.422
2515, 0.1303, 0.420
2516, 0.2096, 0.422
2517, 0.1559, 0.430
2518, 0.1094, 0.441
2519, 0.1364, 0.414
2520, 0.1150, 0.413
2521, 0.1548, 0.413
2522, 0.1853, 0.443
2523, 0.1211, 0.424
2524, 0.1510, 0.431
2525, 0.0838, 0.419
2526, 0.1097, 0.416
2527, 0.1250, 0.415
2528, 0.1701, 0.437
2529, 0.2037, 0.423
2530, 0.1958, 0.419
2531, 0.1870, 0.437
2532, 0.0892, 0.421
2533, 0.1331, 0.419
2534, 0.1916, 0.424
2535, 0.1155, 0.425
2536, 0.1400, 0.422
2537, 0.1395, 0.437
2538, 0.0975, 0.419
2539, 0.0937, 0.423
2540, 0.1575, 0.445
2541, 0.1287, 0.436
2542, 0.1447, 0.428
2543, 0.1447, 0.440
2544, 0.0725, 0.416
2545, 0.1198, 0.419
2546, 0.0835, 0.438
2547, 0.1062, 0.437
2548, 0.1346, 0.427
2549, 0.1715, 0.443
2550, 0.1580, 0.424
2551, 0.1912, 0.421
2552, 0.1620, 0.436
2553, 0.0623, 0.436
2554, 0.1583, 0.425
2555, 0.1423, 0.440
2556, 0.1598, 0.420
2557, 0.1358, 0.417
2558, 0.0702, 0.414
2559, 0.1165, 0.437
2560, 0.1984, 0.432
2561, 0.1000, 0.441
2562, 0.2017, 0.420
2563, 0.1699, 0.417
2564, 0.1583, 0.414
2565, 0.1265, 0.436
2566, 0.1205, 0.431
2567, 0.1802, 0.442
2568, 0.1332, 0.417
2569, 0.2496, 0.420
2570, 0.1315, 0.421
2571, 0.1768, 0.443
2572, 0.1574, 0.431
2573, 0.1229, 0.438
2574, 0.1590, 0.418
2575, 0.1502, 0.418
2576, 0.1414, 0.416
2577, 0.1034, 0.441
2578, 0.1266, 0.443
2579, 0.1281, 0.440
2580, 0.1185, 0.420
2581, 0.1426, 0.418
2582, 0.0465, 0.418
2583, 0.1807, 0.441
2584, 0.1496, 0.438
2585, 0.1686, 0.422
2586, 0.1200, 0.422
2587, 0.1768, 0.414
2588, 0.2170, 0.414
2589, 0.1351, 0.436
2590, 0.1943, 0.437
2591, 0.1202, 0.440
2592, 0.1476, 0.417
2593, 0.1396, 0.414
2594, 0.0856, 0.414
2595, 0.1308, 0.438
2596, 0.1290, 0.426
2597, 0.1477, 0.434
2598, 0.1077, 0.418
2599, 0.1387, 0.421
2600, 0.0967, 0.412
2601, 0.1730, 0.418
2602, 0.1516, 0.425
2603, 0.1657, 0.419
2604, 0.1567, 0.421
2605, 0.0999, 0.422
2606, 0.0981, 0.499
2607, 0.1859, 0.418
2608, 0.1511, 0.411
2609, 0.1120, 0.413
2610, 0.2022, 0.418
2611, 0.1544, 0.418
2612, 0.1609, 0.429
2613, 0.1059, 0.421
2614, 0.1786, 0.422
2615, 0.2228, 0.430
2616, 0.1040, 0.413
2617, 0.1671, 0.424
2618, 0.1539, 0.430
2619, 0.1863, 0.428
2620, 0.1772, 0.421
2621, 0.1024, 0.420
2622, 0.1099, 0.425
2623, 0.0945, 0.420
2624, 0.1191, 0.418
2625, 0.1500, 0.422
2626, 0.1355, 0.420
2627, 0.1149, 0.419
2628, 0.1529, 0.427
2629, 0.1457, 0.440
2630, 0.2301, 0.420
2631, 0.1340, 0.422
2632, 0.1807, 0.421
2633, 0.1227, 0.416
2634, 0.1871, 0.419
2635, 0.1329, 0.424
2636, 0.2045, 0.434
2637, 0.1511, 0.427
2638, 0.0961, 0.421
2639, 0.1004, 0.422
2640, 0.1972, 0.423
2641, 0.1419, 0.421
2642, 0.0798, 0.417
2643, 0.1482, 0.418
2644, 0.0668, 0.418
2645, 0.2015, 0.415
2646, 0.1158, 0.417
2647, 0.0896, 0.422
2648, 0.1432, 0.416
2649, 0.1101, 0.418
2650, 0.1117, 0.419
2651, 0.0985, 0.415
2652, 0.0743, 0.421
2653, 0.2543, 0.420
2654, 0.1349, 0.421
2655, 0.2237, 0.441
2656, 0.1342, 0.422
2657, 0.1553, 0.421
2658, 0.1740, 0.420
2659, 0.1613, 0.414
2660, 0.1180, 0.420
2661, 0.1285, 0.417
2662, 0.1391, 0.420
2663, 0.1175, 0.420
2664, 0.1720, 0.418
2665, 0.1611, 0.421
2666, 0.0832, 0.420
2667, 0.1561, 0.418
2668, 0.1605, 0.427
2669, 0.1111, 0.418
2670, 0.1816, 0.418
2671, 0.1564, 0.418
2672, 0.1504, 0.417
2673, 0.1975, 0.423
2674, 0.1756, 0.441
2675, 0.1372, 0.418
2676, 0.1468, 0.420
2677, 0.1029, 0.418
2678, 0.1461, 0.420
2679, 0.1295, 0.425
2680, 0.0877, 0.420
2681, 0.1319, 0.421
2682, 0.1680, 0.420
2683, 0.1219, 0.418
2684, 0.0542, 0.423
2685, 0.1683, 0.420
2686, 0.1727, 0.422
2687, 0.0621, 0.422
2688, 0.1210, 0.420
2689, 0.2056, 0.423
2690, 0.2054, 0.423
2691, 0.1244, 0.435
2692, 0.1163, 0.417
2693, 0.0946, 0.415
2694, 0.1059, 0.419
2695, 0.1590, 0.422
2696, 0.1036, 0.417
2697, 0.1153, 0.419
2698, 0.2280, 0.419
2699, 0.1523, 0.418
2700, 0.4743, 0.438
2701, 0.1376, 0.420
2702, 0.1838, 0.421
2703, 0.1414, 0.418
2704, 0.1704, 0.436
2705, 0.1879, 0.422
2706, 0.1673, 0.420
2707, 0.1125, 0.417
2708, 0.1530, 0.416
2709, 0.1663, 0.415
2710, 0.1201, 0.420
2711, 0.1111, 0.425
2712, 0.1238, 0.416
2713, 0.1200, 0.421
2714, 0.1271, 0.419
2715, 0.1133, 0.419
2716, 0.1680, 0.419
2717, 0.1745, 0.422
2718, 0.2155, 0.419
2719, 0.1375, 0.423
2720, 0.1127, 0.437
2721, 0.1442, 0.441
2722, 0.1262, 0.418
2723, 0.0999, 0.423
2724, 0.1293, 0.417
2725, 0.0962, 0.426
2726, 0.0994, 0.436
2727, 0.2128, 0.439
2728, 0.0839, 0.417
2729, 0.1503, 0.426
2730, 0.1234, 0.415
2731, 0.0960, 0.425
2732, 0.0864, 0.438
2733, 0.1928, 0.438
2734, 0.1563, 0.420
2735, 0.1987, 0.428
2736, 0.2351, 0.420
2737, 0.1622, 0.433
2738, 0.1450, 0.443
2739, 0.0610, 0.442
2740, 0.1094, 0.421
2741, 0.0966, 0.425
2742, 0.1296, 0.417
2743, 0.0838, 0.429
2744, 0.1045, 0.438
2745, 0.1295, 0.442
2746, 0.0962, 0.421
2747, 0.1678, 0.421
2748, 0.2677, 0.417
2749, 0.1862, 0.426
2750, 0.0932, 0.447
2751, 0.1442, 0.439
2752, 0.1855, 0.426
2753, 0.1734, 0.440
2754, 0.1885, 0.429
2755, 0.1869, 0.442
2756, 0.1605, 0.444
2757, 0.1251, 0.441
2758, 0.1242, 0.447
2759, 0.1323, 0.437
2760, 0.0991, 0.438
2761, 0.1722, 0.442
2762, 0.1339, 0.443
2763, 0.1228, 0.441
2764, 0.1814, 0.441
2765, 0.1329, 0.440
2766, 0.1464, 0.442
2767, 0.1328, 0.444
2768, 0.1476, 0.440
2769, 0.0866, 0.443
2770, 0.1010, 0.442
2771, 0.1297, 0.442
2772, 0.1168, 0.440
2773, 0.1166, 0.440
2774, 0.1125, 0.441
2775, 0.1803, 0.441
2776, 0.1765, 0.439
2777, 0.1565, 0.437
2778, 0.1068, 0.442
2779, 0.1153, 0.419
2780, 0.1021, 0.420
2781, 0.1192, 0.441
2782, 0.1794, 0.440
2783, 0.1451, 0.424
2784, 0.1666, 0.438
2785, 0.1445, 0.420
2786, 0.1255, 0.423
2787, 0.2263, 0.441
2788, 0.1557, 0.442
2789, 0.1223, 0.422
2790, 0.1819, 0.441
2791, 0.1475, 0.421
2792, 0.0752, 0.418
2793, 0.1685, 0.421
2794, 0.0856, 0.447
2795, 0.1366, 0.442
2796, 0.1208, 0.440
2797, 0.2183, 0.422
2798, 0.0965, 0.423
2799, 0.1362, 0.422
2800, 0.1019, 0.439
2801, 0.1112, 0.422
2802, 0.0675, 0.422
2803, 0.0489, 0.419
2804, 0.1779, 0.417
2805, 0.1656, 0.429
2806, 0.1202, 0.458
2807, 0.0968, 0.418
2808, 0.0601, 0.414
2809, 0.1023, 0.415
2810, 0.0960, 0.418
2811, 0.1628, 0.436
2812, 0.2039, 0.433
2813, 0.1084, 0.418
2814, 0.1367, 0.423
2815, 0.1942, 0.418
2816, 0.1569, 0.415
2817, 0.1876, 0.426
2818, 0.1942, 0.428
2819, 0.1258, 0.421
2820, 0.1070, 0.420
2821, 0.1622, 0.425
2822, 0.1480, 0.419
2823, 0.1129, 0.423
2824, 0.1254, 0.422
2825, 0.1853, 0.426
2826, 0.0987, 0.421
2827, 0.1452, 0.418
2828, 0.1428, 0.414
2829, 0.1431, 0.418
2830, 0.1297, 0.422
2831, 0.0996, 0.421
2832, 0.0695, 0.411
2833, 0.0890, 0.418
2834, 0.1070, 0.421
2835, 0.0743, 0.422
2836, 0.1336, 0.420
2837, 0.0870, 0.419
2838, 0.1235, 0.431
2839, 0.1619, 0.419
2840, 0.0894, 0.415
2841, 0.0901, 0.419
2842, 0.1100, 0.422
2843, 0.1384, 0.416
2844, 0.1604, 0.454
2845, 0.0994, 0.426
2846, 0.1101, 0.434
2847, 0.1609, 0.433
2848, 0.0940, 0.422
2849, 0.1419, 0.421
2850, 0.1152, 0.431
2851, 0.1401, 0.426
2852, 0.1389, 0.437
2853, 0.1268, 0.418
2854, 0.0920, 0.426
2855, 0.1326, 0.421
2856, 0.1348, 0.417
2857, 0.2084, 0.418
2858, 0.2481, 0.420
2859, 0.1577, 0.417
2860, 0.1647, 0.418
2861, 0.1757, 0.419
2862, 0.1390, 0.418
2863, 0.1255, 0.424
2864, 0.0801, 0.419
2865, 0.1633, 0.419
2866, 0.1430, 0.420
2867, 0.0902, 0.421
2868, 0.1615, 0.421
2869, 0.1532, 0.419
2870, 0.1119, 0.418
2871, 0.0409, 0.422
2872, 0.0941, 0.420
2873, 0.1302, 0.428
2874, 0.1000, 0.419
2875, 0.0562, 0.417
2876, 0.0937, 0.418
2877, 0.1501, 0.418
2878, 0.1487, 0.424
2879, 0.1961, 0.442
2880, 0.1532, 0.418
2881, 0.1445, 0.433
2882, 0.1439, 0.420
2883, 0.1159, 0.430
2884, 0.1090, 0.422
2885, 0.0741, 0.427
2886, 0.1446, 0.415
2887, 0.1225, 0.421
2888, 0.1165, 0.418
2889, 0.1257, 0.421
2890, 0.1686, 0.420
2891, 0.1517, 0.420
2892, 0.1240, 0.419
2893, 0.1164, 0.418
2894, 0.1377, 0.418
2895, 0.2550, 0.422
2896, 0.1587, 0.420
2897, 0.2885, 0.421
2898, 0.1462, 0.421
2899, 0.1277, 0.418
2900, 0.0896, 0.420
2901, 0.1114, 0.420
2902, 0.1572, 0.420
2903, 0.1328, 0.423
2904, 0.0722, 0.419
2905, 0.0902, 0.421
2906, 0.1824, 0.420
2907, 0.1170, 0.419
2908, 0.1505, 0.417
2909, 0.0968, 0.421
2910, 0.1661, 0.423
2911, 0.1447, 0.422
2912, 0.1252, 0.419
2913, 0.1948, 0.421
2914, 0.1222, 0.417
2915, 0.1369, 0.417
2916, 0.0796, 0.422
2917, 0.0433, 0.434
2918, 0.1560, 0.439
2919, 0.1170, 0.440
2920, 0.1282, 0.428
2921, 0.0846, 0.426
2922, 0.1206, 0.446
2923, 0.1579, 0.440
2924, 0.0871, 0.440
2925, 0.1016, 0.441
2926, 0.1158, 0.444
2927, 0.0341, 0.445
2928, 0.1218, 0.440
2929, 0.1201, 0.439
2930, 0.1231, 0.441
2931, 0.0766, 0.440
2932, 0.0454, 0.440
2933, 0.0395, 0.439
2934, 0.1286, 0.439
2935, 0.0923, 0.447
2936, 0.1240, 0.449
2937, 0.1834, 0.446
2938, 0.0959, 0.444
2939, 0.0591, 0.429
2940, 0.0948, 0.420
2941, 0.0813, 0.439
2942, 0.0892, 0.442
2943, 0.0553, 0.441
2944, 0.1476, 0.440
2945, 0.1056, 0.437
2946, 0.0971, 0.424
2947, 0.1566, 0.438
2948, 0.1406, 0.442
2949, 0.2005, 0.431
2950, 0.1690, 0.426
2951, 0.1352, 0.425
2952, 0.1507, 0.422
2953, 0.1813, 0.422
2954, 0.0903, 0.455
2955, 0.1721, 0.450
2956, 0.1527, 0.419
2957, 0.0929, 0.422
2958, 0.1302, 0.421
2959, 0.1188, 0.416
2960, 0.0962, 0.436
2961, 0.1305, 0.440
2962, 0.0896, 0.426
2963, 0.1333, 0.428
2964, 0.1122, 0.419
2965, 0.1634, 0.415
2966, 0.0851, 0.434
2967, 0.0925, 0.442
2968, 0.1972, 0.420
2969, 0.1417, 0.427
2970, 0.0887, 0.420
2971, 0.1317, 0.414
2972, 0.1228, 0.437
2973, 0.1041, 0.435
2974, 0.1435, 0.423
2975, 0.0767, 0.423
2976, 0.1266, 0.418
2977, 0.1444, 0.415
2978, 0.2438, 0.440
2979, 0.2530, 0.440
2980, 0.1670, 0.408
2981, 0.1031, 0.413
2982, 0.0846, 0.409
2983, 0.0650, 0.402
2984, 0.1518, 0.399
2985, 0.1131, 0.404
2986, 0.0984, 0.406
2987, 0.0521, 0.414
2988, 0.1414, 0.403
2989, 0.1190, 0.412
2990, 0.1759, 0.435
2991, 0.0915, 0.429
2992, 0.1401, 0.413
2993, 0.0710, 0.416
2994, 0.1096, 0.420
2995, 0.1662, 0.417
2996, 0.1953, 0.423
2997, 0.1375, 0.420
2998, 0.1754, 0.420
2999, 0.0851, 0.444
3000, 0.1268, 0.440
3001, 0.1365, 0.419
3002, 0.0935, 0.421
3003, 0.1546, 0.423
3004, 0.2141, 0.418
3005, 0.1287, 0.420
3006, 0.0812, 0.453
3007, 0.1115, 0.412
3008, 0.1156, 0.408
3009, 0.1719, 0.418
3010, 0.0873, 0.404
3011, 0.1282, 0.431
3012, 0.1191, 0.407
3013, 0.0630, 0.428
3014, 0.0887, 0.423
3015, 0.1609, 0.432
3016, 0.1034, 0.443
3017, 0.1076, 0.424
3018, 0.1439, 0.429
3019, 0.1987, 0.416
3020, 0.1286, 0.424
3021, 0.1699, 0.440
3022, 0.1250, 0.427
3023, 0.0894, 0.442
3024, 0.1252, 0.426
3025, 0.1324, 0.435
3026, 0.1155, 0.426
3027, 0.1125, 0.418
3028, 0.2188, 0.417
3029, 0.0556, 0.432
3030, 0.1021, 0.421
3031, 0.1259, 0.426
3032, 0.1374, 0.424
3033, 0.2009, 0.440
3034, 0.1594, 0.420
3035, 0.0907, 0.424
3036, 0.1222, 0.422
3037, 0.1290, 0.401
3038, 0.2103, 0.426
3039, 0.1944, 0.438
3040, 0.1272, 0.425
3041, 0.1207, 0.440
3042, 0.0778, 0.421
3043, 0.1375, 0.423
3044, 0.0418, 0.416
3045, 0.1131, 0.399
3046, 0.1730, 0.409
3047, 0.0870, 0.424
3048, 0.1843, 0.418
3049, 0.0995, 0.416
3050, 0.1128, 0.428
3051, 0.2316, 0.417
3052, 0.0941, 0.416
3053, 0.0993, 0.396
3054, 0.0956, 0.428
3055, 0.1119, 0.421
3056, 0.1307, 0.423
3057, 0.1682, 0.421
3058, 0.1486, 0.422
3059, 0.1190, 0.427
3060, 0.1911, 0.419
3061, 0.1304, 0.431
3062, 0.1860, 0.429
3063, 0.1074, 0.426
3064, 0.2152, 0.419
3065, 0.1223, 0.418
3066, 0.1076, 0.417
3067, 0.0703, 0.430
3068, 0.1311, 0.430
3069, 0.1754, 0.401
3070, 0.0893, 0.420
3071, 0.1031, 0.421
3072, 0.1024, 0.433
3073, 0.1274, 0.419
3074, 0.0990, 0.427
3075, 0.1737, 0.422
3076, 0.1339, 0.418
3077, 0.1767, 0.417
3078, 0.1172, 0.425
3079, 0.0752, 0.423
3080, 0.1116, 0.418
3081, 0.1476, 0.421
3082, 0.1239, 0.429
3083, 0.1190, 0.430
3084, 0.1456, 0.421
3085, 0.1550, 0.424
3086, 0.2295, 0.428
3087, 0.2137, 0.434
3088, 0.2028, 0.429
3089, 0.1753, 0.430
3090, 0.1635, 0.439
3091, 0.1453, 0.419
3092, 0.1520, 0.417
3093, 0.1849, 0.427
3094, 0.1675, 0.424
3095, 0.1701, 0.440
3096, 0.0940, 0.423
3097, 0.0817, 0.421
3098, 0.1065, 0.422
3099, 0.1805, 0.416
3100, 0.0873, 0.419
3101, 0.0576, 0.407
3102, 0.0913, 0.429
3103, 0.1280, 0.420
3104, 0.2211, 0.421
3105, 0.1989, 0.429
3106, 0.0813, 0.418
3107, 0.1491, 0.414
3108, 0.1295, 0.417
3109, 0.1397, 0.420
3110, 0.0866, 0.422
3111, 0.1957, 0.421
3112, 0.1620, 0.422
3113, 0.0936, 0.418
3114, 0.1691, 0.419
3115, 0.1269, 0.416
3116, 0.1576, 0.421
3117, 0.1788, 0.404
3118, 0.1445, 0.435
3119, 0.1486, 0.440
3120, 0.1216, 0.437
3121, 0.1766, 0.420
3122, 0.1336, 0.423
3123, 0.0866, 0.435
3124, 0.1367, 0.436
3125, 0.0933, 0.443
3126, 0.1436, 0.437
3127, 0.1089, 0.442
3128, 0.0718, 0.435
3129, 0.1754, 0.444
3130, 0.0870, 0.440
3131, 0.1163, 0.441
3132, 0.1146, 0.454
3133, 0.1383, 0.450
3134, 0.0708, 0.429
3135, 0.2193, 0.425
3136, 0.1396, 0.443
3137, 0.2305, 0.444
3138, 0.1444, 0.423
3139, 0.1596, 0.423
3140, 0.1680, 0.440
3141, 0.0871, 0.450
3142, 0.0954, 0.448
3143, 0.1509, 0.442
3144, 0.1744, 0.443
3145, 0.1971, 0.441
3146, 0.1599, 0.441
3147, 0.0801, 0.442
3148, 0.0830, 0.443
3149, 0.1450, 0.451
3150, 0.1811, 0.450
3151, 0.1261, 0.431
3152, 0.0941, 0.439
3153, 0.2036, 0.448
3154, 0.0674, 0.448
3155, 0.1080, 0.446
3156, 0.0618, 0.433
3157, 0.0838, 0.420
3158, 0.1101, 0.440
3159, 0.1108, 0.445
3160, 0.1263, 0.447
3161, 0.2391, 0.411
3162, 0.1829, 0.411
3163, 0.1362, 0.408
3164, 0.0520, 0.399
3165, 0.0957, 0.402
3166, 0.0759, 0.416
3167, 0.0211, 0.412
3168, 0.0727, 0.412
3169, 0.0615, 0.414
3170, 0.0872, 0.411
3171, 0.1110, 0.418
3172, 0.1104, 0.419
3173, 0.1247, 0.414
3174, 0.1305, 0.415
3175, 0.1423, 0.418
3176, 0.1621, 0.420
3177, 0.1641, 0.444
3178, 0.0914, 0.451
3179, 0.1150, 0.443
3180, 0.1714, 0.427
3181, 0.1876, 0.427
3182, 0.1397, 0.420
3183, 0.1530, 0.440
3184, 0.1983, 0.438
3185, 0.1882, 0.445
3186, 0.1100, 0.438
3187, 0.0816, 0.443
3188, 0.1024, 0.447
3189, 0.0880, 0.445
3190, 0.0433, 0.457
3191, 0.2283, 0.442
3192, 0.1613, 0.439
3193, 0.1251, 0.423
3194, 0.1261, 0.439
3195, 0.1304, 0.442
3196, 0.0633, 0.443
3197, 0.1077, 0.447
3198, 0.1793, 0.451
3199, 0.2605, 0.422
3200, 0.1060, 0.444
3201, 0.1910, 0.429
3202, 0.2206, 0.423
3203, 0.0920, 0.423
3204, 0.0327, 0.423
3205, 0.1142, 0.428
3206, 0.1286, 0.516
3207, 0.2060, 0.420
3208, 0.1570, 0.421
3209, 0.1837, 0.438
3210, 0.1690, 0.418
3211, 0.0553, 0.423
3212, 0.1974, 0.423
3213, 0.0883, 0.416
3214, 0.1792, 0.424
3215, 0.1072, 0.440
3216, 0.1180, 0.416
3217, 0.2148, 0.414
3218, 0.0731, 0.419
3219, 0.1183, 0.428
3220, 0.1143, 0.422
3221, 0.1401, 0.416
3222, 0.2008, 0.417
3223, 0.2008, 0.415
3224, 0.1596, 0.417
3225, 0.1105, 0.417
3226, 0.1100, 0.420
3227, 0.1156, 0.423
3228, 0.0924, 0.425
3229, 0.0692, 0.413
3230, 0.1402, 0.423
3231, 0.1495, 0.424
3232, 0.0820, 0.422
3233, 0.0674, 0.434
3234, 0.1039, 0.418
3235, 0.1520, 0.425
3236, 0.0810, 0.426
3237, 0.1463, 0.438
3238, 0.0967, 0.422
3239, 0.1111, 0.428
3240, 0.1598, 0.419
3241, 0.1592, 0.442
3242, 0.1418, 0.423
3243, 0.0820, 0.429
3244, 0.1088, 0.427
3245, 0.0668, 0.440
3246, 0.1240, 0.426
3247, 0.1274, 0.417
3248, 0.1135, 0.424
3249, 0.0955, 0.432
3250, 0.1613, 0.428
3251, 0.1470, 0.437
3252, 0.1149, 0.432
3253, 0.1849, 0.443
3254, 0.1108, 0.423
3255, 0.1313, 0.425
3256, 0.2241, 0.430
3257, 0.1611, 0.426
3258, 0.1545, 0.430
3259, 0.1210, 0.421
3260, 0.0762, 0.422
3261, 0.1135, 0.439
3262, 0.0712, 0.428
3263, 0.1191, 0.424
3264, 0.1734, 0.416
3265, 0.1992, 0.416
3266, 0.0706, 0.426
3267, 0.1379, 0.418
3268, 0.2028, 0.420
3269, 0.1038, 0.420
3270, 0.1356, 0.422
3271, 0.0867, 0.422
3272, 0.1215, 0.406
3273, 0.1636, 0.403
3274, 0.1252, 0.397
3275, 0.2410, 0.425
3276, 0.1205, 0.426
3277, 0.1631, 0.422
3278, 0.0846, 0.416
3279, 0.1145, 0.416
3280, 0.1328, 0.415
3281, 0.1252, 0.419
3282, 0.0976, 0.414
3283, 0.1666, 0.420
3284, 0.1595, 0.421
3285, 0.1899, 0.418
3286, 0.1119, 0.440
3287, 0.1210, 0.439
3288, 0.1424, 0.419
3289, 0.1161, 0.435
3290, 0.2108, 0.426
3291, 0.1266, 0.420
3292, 0.1607, 0.421
3293, 0.0306, 0.420
3294, 0.0868, 0.418
3295, 0.0447, 0.419
3296, 0.0467, 0.429
3297, 0.0561, 0.424
3298, 0.0896, 0.415
3299, 0.1239, 0.429
3300, 0.1447, 0.404
3301, 0.1268, 0.403
3302, 0.1498, 0.402
3303, 0.1217, 0.417
3304, 0.1378, 0.404
3305, 0.1035, 0.401
3306, 0.1523, 0.394
3307, 0.2029, 0.425
3308, 0.0831, 0.425
3309, 0.1243, 0.418
3310, 0.1481, 0.441
3311, 0.1547, 0.445
3312, 0.1588, 0.429
3313, 0.1576, 0.431
3314, 0.1135, 0.425
3315, 0.1528, 0.438
3316, 0.1185, 0.434
3317, 0.1264, 0.433
3318, 0.1525, 0.459
3319, 0.0925, 0.442
3320, 0.2103, 0.443
3321, 0.1228, 0.444
3322, 0.1378, 0.443
3323, 0.1362, 0.446
3324, 0.0797, 0.451
3325, 0.2045, 0.443
3326, 0.1515, 0.444
3327, 0.1287, 0.442
3328, 0.1259, 0.441
3329, 0.0930, 0.442
3330, 0.1247, 0.438
3331, 0.1840, 0.419
3332, 0.1838, 0.444
3333, 0.1640, 0.446
3334, 0.1567, 0.445
3335, 0.1399, 0.442
3336, 0.1208, 0.438
3337, 0.1179, 0.419
3338, 0.0892, 0.436
3339, 0.1149, 0.441
3340, 0.0760, 0.446
3341, 0.1088, 0.453
3342, 0.0951, 0.443
3343, 0.1366, 0.422
3344, 0.0752, 0.437
3345, 0.1000, 0.440
3346, 0.1501, 0.440
3347, 0.2044, 0.441
3348, 0.1184, 0.428
3349, 0.1572, 0.424
3350, 0.1099, 0.443
3351, 0.1025, 0.440
3352, 0.1117, 0.440
3353, 0.0707, 0.439
3354, 0.1132, 0.438
3355, 0.1360, 0.417
3356, 0.1392, 0.441
3357, 0.1847, 0.443
3358, 0.1917, 0.447
3359, 0.1597, 0.445
3360, 0.0782, 0.427
3361, 0.1262, 0.425
3362, 0.1154, 0.439
3363, 0.0861, 0.440
3364, 0.1506, 0.440
3365, 0.1055, 0.439
3366, 0.1625, 0.440
3367, 0.0944, 0.434
3368, 0.0750, 0.444
3369, 0.0904, 0.439
3370, 0.1196, 0.438
3371, 0.1899, 0.443
3372, 0.0884, 0.441
3373, 0.0934, 0.447
3374, 0.0460, 0.450
3375, 0.0975, 0.452
3376, 0.0375, 0.446
3377, 0.1374, 0.442
3378, 0.0903, 0.440
3379, 0.1456, 0.441
3380, 0.0968, 0.442
3381, 0.1748, 0.441
3382, 0.2072, 0.446
3383, 0.0761, 0.447
3384, 0.0450, 0.431
3385, 0.1476, 0.439
3386, 0.0680, 0.437
3387, 0.0853, 0.441
3388, 0.1489, 0.442
3389, 0.1137, 0.437
3390, 0.1230, 0.468
3391, 0.0995, 0.418
3392, 0.0983, 0.445
3393, 0.0826, 0.444
3394, 0.1102, 0.408
3395, 0.1344, 0.424
3396, 0.1320, 0.425
3397, 0.0953, 0.415
3398, 0.0922, 0.418
3399, 0.1100, 0.439
3400, 0.1221, 0.438
3401, 0.2173, 0.417
3402, 0.1339, 0.417
3403, 0.1051, 0.418
3404, 0.1242, 0.418
3405, 0.1199, 0.430
3406, 0.0985, 0.430
3407, 0.0812, 0.414
3408, 0.2164, 0.414
3409, 0.1881, 0.413
3410, 0.1028, 0.424
3411, 0.1302, 0.428
3412, 0.0862, 0.423
3413, 0.1646, 0.420
3414, 0.0970, 0.422
3415, 0.0887, 0.419
3416, 0.2111, 0.415
3417, 0.1033, 0.427
3418, 0.0889, 0.423
3419, 0.0702, 0.419
3420, 0.1673, 0.418
3421, 0.0547, 0.416
3422, 0.1117, 0.419
3423, 0.1358, 0.417
3424, 0.1000, 0.416
3425, 0.1316, 0.420
3426, 0.0921, 0.417
3427, 0.0941, 0.418
3428, 0.1280, 0.418
3429, 0.1873, 0.420
3430, 0.1285, 0.421
3431, 0.1212, 0.422
3432, 0.1371, 0.421
3433, 0.2083, 0.418
3434, 0.1395, 0.417
3435, 0.1898, 0.431
3436, 0.0726, 0.420
3437, 0.1348, 0.428
3438, 0.1639, 0.424
3439, 0.1399, 0.418
3440, 0.1290, 0.421
3441, 0.1071, 0.428
3442, 0.1287, 0.422
3443, 0.0968, 0.420
3444, 0.1017, 0.428
3445, 0.1029, 0.417
3446, 0.2073, 0.419
3447, 0.1956, 0.419
3448, 0.1160, 0.423
3449, 0.1038, 0.421
3450, 0.1196, 0.420
3451, 0.1056, 0.419
3452, 0.0883, 0.419
3453, 0.0909, 0.416
3454, 0.0885, 0.417
3455, 0.1158, 0.420
3456, 0.1171, 0.432
3457, 0.1436, 0.418
3458, 0.1308, 0.419
3459, 0.0747, 0.419
3460, 0.1756, 0.424
3461, 0.1118, 0.417
3462, 0.0907, 0.415
3463, 0.1684, 0.416
3464, 0.1891, 0.420
3465, 0.1845, 0.418
3466, 0.0812, 0.415
3467, 0.1952, 0.415
3468, 0.0822, 0.420
3469, 0.1297, 0.416
3470, 0.1774, 0.417
3471, 0.1192, 0.419
3472, 0.1264, 0.415
3473, 0.0687, 0.419
3474, 0.1497, 0.419
3475, 0.0682, 0.420
3476, 0.1047, 0.420
3477, 0.0935, 0.418
3478, 0.1417, 0.419
3479, 0.1437, 0.418
3480, 0.1740, 0.418
3481, 0.0444, 0.429
3482, 0.0892, 0.416
3483, 0.1701, 0.426
3484, 0.0817, 0.419
3485, 0.1091, 0.414
3486, 0.1070, 0.415
3487, 0.1442, 0.426
3488, 0.1159, 0.426
3489, 0.1887, 0.419
3490, 0.1403, 0.418
3491, 0.0820, 0.421
3492, 0.0650, 0.417
3493, 0.0430, 0.430
3494, 0.1464, 0.417
3495, 0.0966, 0.420
3496, 0.1265, 0.430
3497, 0.1087, 0.421
3498, 0.1511, 0.419
3499, 0.0959, 0.422
3500, 0.1363, 0.419
3501, 0.1824, 0.415
3502, 0.1770, 0.415
3503, 0.1238, 0.416
3504, 0.1406, 0.415
3505, 0.2009, 0.419
3506, 0.1168, 0.420
3507, 0.1492, 0.423
3508, 0.1623, 0.418
3509, 0.1670, 0.418
3510, 0.0475, 0.422
3511, 0.1391, 0.419
3512, 0.1131, 0.423
3513, 0.1270, 0.423
3514, 0.0861, 0.424
3515, 0.1935, 0.436
3516, 0.2108, 0.438
3517, 0.0746, 0.394
3518, 0.1372, 0.412
3519, 0.0658, 0.419
3520, 0.1156, 0.438
3521, 0.0921, 0.436
3522, 0.0999, 0.429
3523, 0.1081, 0.424
3524, 0.1169, 0.424
3525, 0.0901, 0.414
3526, 0.1346, 0.423
3527, 0.0704, 0.436
3528, 0.1373, 0.440
3529, 0.1645, 0.423
3530, 0.1528, 0.423
3531, 0.0727, 0.419
3532, 0.1304, 0.418
3533, 0.1254, 0.436
3534, 0.1214, 0.438
3535, 0.1943, 0.418
3536, 0.2426, 0.423
3537, 0.0859, 0.420
3538, 0.1214, 0.417
3539, 0.1702, 0.447
3540, 0.1753, 0.443
3541, 0.1923, 0.420
3542, 0.0893, 0.423
3543, 0.1507, 0.417
3544, 0.0890, 0.416
3545, 0.1078, 0.440
3546, 0.0751, 0.435
3547, 0.1291, 0.420
3548, 0.1466, 0.424
3549, 0.1114, 0.419
3550, 0.0954, 0.413
3551, 0.0956, 0.437
3552, 0.1511, 0.439
3553, 0.1203, 0.420
3554, 0.1061, 0.418
3555, 0.0796, 0.423
3556, 0.2321, 0.418
3557, 0.1206, 0.438
3558, 0.1450, 0.438
3559, 0.1377, 0.423
3560, 0.1716, 0.422
3561, 0.1250, 0.425
3562, 0.1571, 0.418
3563, 0.1741, 0.444
3564, 0.0927, 0.444
3565, 0.1522, 0.429
3566, 0.1385, 0.408
3567, 0.1453, 0.401
3568, 0.2512, 0.412
3569, 0.1224, 0.400
3570, 0.1414, 0.399
3571, 0.1210, 0.401
3572, 0.1529, 0.417
3573, 0.1130, 0.412
3574, 0.0690, 0.415
3575, 0.1186, 0.426
3576, 0.1548, 0.427
3577, 0.1130, 0.418
3578, 0.1346, 0.415
3579, 0.1493, 0.420
3580, 0.1426, 0.420
3581, 0.1822, 0.423
3582, 0.1137, 0.419
3583, 0.1117, 0.419
3584, 0.1057, 0.420
3585, 0.1106, 0.423
3586, 0.0852, 0.417
3587, 0.1764, 0.419
3588, 0.0842, 0.418
3589, 0.0580, 0.416
3590, 0.1259, 0.421
3591, 0.1373, 0.425
3592, 0.1926, 0.417
3593, 0.1369, 0.438
3594, 0.1351, 0.423
3595, 0.0767, 0.421
3596, 0.1191, 0.448
3597, 0.1656, 0.429
3598, 0.1297, 0.426
3599, 0.2045, 0.427
3600, 0.0723, 0.421
3601, 0.1642, 0.413
3602, 0.1294, 0.420
3603, 0.1809, 0.415
3604, 0.1890, 0.415
3605, 0.1110, 0.421
3606, 0.1071, 0.417
3607, 0.1503, 0.422
3608, 0.1143, 0.436
3609, 0.1209, 0.421
3610, 0.1209, 0.417
3611, 0.0941, 0.422
3612, 0.1634, 0.426
3613, 0.1645, 0.420
3614, 0.1499, 0.417
3615, 0.1821, 0.420
3616, 0.1700, 0.416
3617, 0.1518, 0.417
3618, 0.0635, 0.417
3619, 0.0894, 0.419
3620, 0.0806, 0.427
3621, 0.0850, 0.421
3622, 0.1035, 0.419
3623, 0.0958, 0.418
3624, 0.0977, 0.418
3625, 0.1392, 0.423
3626, 0.1515, 0.419
3627, 0.1162, 0.428
3628, 0.1296, 0.435
3629, 0.1244, 0.416
3630, 0.1432, 0.418
3631, 0.1681, 0.417
3632, 0.0915, 0.418
3633, 0.1087, 0.417
3634, 0.1261, 0.417
3635, 0.1691, 0.419
3636, 0.1572, 0.427
3637, 0.1211, 0.416
3638, 0.0742, 0.433
3639, 0.1073, 0.429
3640, 0.1100, 0.426
3641, 0.1004, 0.440
3642, 0.1301, 0.425
3643, 0.0783, 0.425
3644, 0.1131, 0.426
3645, 0.0940, 0.440
3646, 0.1859, 0.425
3647, 0.1589, 0.417
3648, 0.2081, 0.419
3649, 0.1518, 0.415
3650, 0.1517, 0.418
3651, 0.0850, 0.428
3652, 0.1717, 0.420
3653, 0.1619, 0.417
3654, 0.1089, 0.422
3655, 0.0877, 0.422
3656, 0.1015, 0.423
3657, 0.0818, 0.420
3658, 0.1765, 0.416
3659, 0.0912, 0.424
3660, 0.1381, 0.418
3661, 0.1703, 0.412
3662, 0.1183, 0.413
3663, 0.0959, 0.417
3664, 0.1017, 0.420
3665, 0.1075, 0.416
3666, 0.1842, 0.426
3667, 0.1106, 0.418
3668, 0.0882, 0.416
3669, 0.1891, 0.415
3670, 0.1172, 0.421
3671, 0.0928, 0.432
3672, 0.0786, 0.421
3673, 0.2160, 0.418
3674, 0.1172, 0.423
3675, 0.1075, 0.428
3676, 0.0289, 0.424
3677, 0.0807, 0.411
3678, 0.0971, 0.426
3679, 0.1871, 0.417
3680, 0.1478, 0.424
3681, 0.0634, 0.420
3682, 0.1233, 0.420
3683, 0.0687, 0.417
3684, 0.1356, 0.425
3685, 0.1363, 0.415
3686, 0.1203, 0.429
3687, 0.1965, 0.421
3688, 0.1771, 0.430
3689, 0.1090, 0.428
3690, 0.1207, 0.425
3691, 0.2223, 0.422
3692, 0.0943, 0.422
3693, 0.1591, 0.417
3694, 0.2355, 0.416
3695, 0.1088, 0.417
3696, 0.1053, 0.414
3697, 0.0948, 0.418
3698, 0.1405, 0.415
3699, 0.0777, 0.416
3700, 0.0827, 0.416
3701, 0.1712, 0.418
3702, 0.1662, 0.417
3703, 0.0943, 0.420
3704, 0.1038, 0.419
3705, 0.1361, 0.421
3706, 0.1124, 0.416
3707, 0.1792, 0.420
3708, 0.1386, 0.420
3709, 0.0813, 0.415
3710, 0.0869, 0.415
3711, 0.1135, 0.417
3712, 0.1249, 0.416
3713, 0.1203, 0.424
3714, 0.1625, 0.412
3715, 0.0944, 0.408
3716, 0.1907, 0.399
3717, 0.1507, 0.396
3718, 0.1012, 0.413
3719, 0.1029, 0.438
3720, 0.1183, 0.419
3721, 0.1546, 0.436
3722, 0.1726, 0.417
3723, 0.1086, 0.421
3724, 0.0850, 0.434
3725, 0.1313, 0.426
3726, 0.0877, 0.415
3727, 0.1480, 0.439
3728, 0.1392, 0.422
3729, 0.1386, 0.422
3730, 0.1005, 0.438
3731, 0.1290, 0.447
3732, 0.1091, 0.429
3733, 0.1065, 0.448
3734, 0.1263, 0.424
3735, 0.1585, 0.421
3736, 0.1415, 0.451
3737, 0.0832, 0.434
3738, 0.0917, 0.419
3739, 0.1342, 0.442
3740, 0.1809, 0.424
3741, 0.1085, 0.419
3742, 0.2021, 0.441
3743, 0.1177, 0.428
3744, 0.2362, 0.425
3745, 0.1429, 0.441
3746, 0.1823, 0.419
3747, 0.1784, 0.423
3748, 0.1971, 0.441
3749, 0.0965, 0.431
3750, 0.0843, 0.417
3751, 0.1354, 0.435
3752, 0.1321, 0.422
3753, 0.0997, 0.424
3754, 0.1538, 0.399
3755, 0.1578, 0.403
3756, 0.1062, 0.419
3757, 0.0499, 0.412
3758, 0.0882, 0.414
3759, 0.0725, 0.439
3760, 0.0917, 0.423
3761, 0.1230, 0.421
3762, 0.1372, 0.418
3763, 0.1318, 0.414
3764, 0.1140, 0.446
3765, 0.1534, 0.439
3766, 0.0779, 0.420
3767, 0.0979, 0.437
3768, 0.2041, 0.438
3769, 0.0666, 0.443
3770, 0.1647, 0.442
3771, 0.1799, 0.450
3772, 0.0816, 0.450
3773, 0.1224, 0.450
3774, 0.0128, 0.424
3775, 0.0873, 0.440
3776, 0.1263, 0.444
3777, 0.1642, 0.445
3778, 0.0873, 0.438
3779, 0.0858, 0.439
3780, 0.1212, 0.425
3781, 0.1629, 0.441
3782, 0.2041, 0.439
3783, 0.2079, 0.440
3784, 0.1709, 0.445
3785, 0.2364, 0.436
3786, 0.1321, 0.420
3787, 0.2041, 0.439
3788, 0.1972, 0.443
3789, 0.0692, 0.443
3790, 0.0983, 0.440
3791, 0.1667, 0.435
3792, 0.1303, 0.422
3793, 0.1657, 0.445
3794, 0.1319, 0.442
3795, 0.1391, 0.443
3796, 0.1332, 0.434
3797, 0.2017, 0.450
3798, 0.1708, 0.423
3799, 0.1660, 0.442
3800, 0.1722, 0.444
3801, 0.0691, 0.424
3802, 0.0877, 0.431
3803, 0.1813, 0.420
3804, 0.1437, 0.427
3805, 0.1378, 0.430
3806, 0.2232, 0.476
3807, 0.1335, 0.418
3808, 0.0552, 0.422
3809, 0.1899, 0.422
3810, 0.1647, 0.417
3811, 0.1044, 0.420
3812, 0.1159, 0.421
3813, 0.0733, 0.420
3814, 0.1298, 0.424
3815, 0.1112, 0.421
3816, 0.1276, 0.414
3817, 0.1109, 0.416
3818, 0.2124, 0.419
3819, 0.1266, 0.420
3820, 0.1354, 0.422
3821, 0.1944, 0.429
3822, 0.1229, 0.421
3823, 0.1113, 0.416
3824, 0.0926, 0.420
3825, 0.1329, 0.424
3826, 0.1416, 0.420
3827, 0.1090, 0.434
3828, 0.1185, 0.418
3829, 0.0907, 0.418
3830, 0.1000, 0.418
3831, 0.1029, 0.419
3832, 0.1381, 0.413
3833, 0.1077, 0.418
3834, 0.1295, 0.421
3835, 0.1288, 0.418
3836, 0.1131, 0.420
3837, 0.1218, 0.420
3838, 0.0866, 0.415
3839, 0.1853, 0.425
3840, 0.0452, 0.416
3841, 0.1159, 0.424
3842, 0.0743, 0.419
3843, 0.1075, 0.421
3844, 0.1002, 0.426
3845, 0.0917, 0.419
3846, 0.1178, 0.424
3847, 0.1285, 0.417
3848, 0.1078, 0.418
3849, 0.1475, 0.426
3850, 0.0918, 0.416
3851, 0.1354, 0.428
3852, 0.1155, 0.422
3853, 0.0521, 0.421
3854, 0.1100, 0.418
3855, 0.1626, 0.427
3856, 0.1079, 0.421
3857, 0.0819, 0.431
3858, 0.1301, 0.418
3859, 0.1378, 0.419
3860, 0.1112, 0.421
3861, 0.1446, 0.419
3862, 0.1579, 0.428
3863, 0.1918, 0.402
3864, 0.1495, 0.419
3865, 0.1308, 0.419
3866, 0.1513, 0.417
3867, 0.0994, 0.416
3868, 0.0965, 0.422
3869, 0.1240, 0.421
3870, 0.1083, 0.416
3871, 0.1013, 0.416
3872, 0.1012, 0.421
3873, 0.1501, 0.424
3874, 0.0838, 0.420
3875, 0.1242, 0.420
3876, 0.1651, 0.422
3877, 0.1762, 0.417
3878, 0.1642, 0.415
3879, 0.1714, 0.424
3880, 0.1608, 0.423
3881, 0.1756, 0.436
3882, 0.1283, 0.404
3883, 0.2027, 0.402
3884, 0.3061, 0.423
3885, 0.1415, 0.419
3886, 0.1006, 0.415
3887, 0.1893, 0.416
3888, 0.1804, 0.427
3889, 0.2326, 0.423
3890, 0.1566, 0.433
3891, 0.0932, 0.418
3892, 0.1649, 0.426
3893, 0.1282, 0.416
3894, 0.1063, 0.419
3895, 0.1112, 0.414
3896, 0.1160, 0.417
3897, 0.1295, 0.416
3898, 0.1197, 0.417
3899, 0.1230, 0.420
3900, 0.1095, 0.430
3901, 0.1073, 0.420
3902, 0.0943, 0.424
3903, 0.0783, 0.422
3904, 0.1041, 0.427
3905, 0.1009, 0.432
3906, 0.0713, 0.441
3907, 0.1464, 0.419
3908, 0.1097, 0.416
3909, 0.1103, 0.418
3910, 0.1380, 0.415
3911, 0.1663, 0.416
3912, 0.0439, 0.421
3913, 0.1819, 0.420
3914, 0.1183, 0.419
3915, 0.1263, 0.440
3916, 0.1084, 0.441
3917, 0.1407, 0.438
3918, 0.1741, 0.423
3919, 0.0992, 0.416
3920, 0.1727, 0.440
3921, 0.1001, 0.443
3922, 0.1148, 0.439
3923, 0.1771, 0.443
3924, 0.1188, 0.433
3925, 0.1040, 0.418
3926, 0.1610, 0.435
3927, 0.1219, 0.438
3928, 0.0581, 0.441
3929, 0.1915, 0.442
3930, 0.1253, 0.433
3931, 0.1543, 0.427
3932, 0.1302, 0.445
3933, 0.1302, 0.442
3934, 0.1208, 0.442
3935, 0.0602, 0.443
3936, 0.1396, 0.448
3937, 0.1258, 0.427
3938, 0.1565, 0.444
3939, 0.1161, 0.420
3940, 0.1444, 0.410
3941, 0.1037, 0.405
3942, 0.0962, 0.399
3943, 0.0999, 0.413
3944, 0.1427, 0.412
3945, 0.1348, 0.413
3946, 0.1084, 0.415
3947, 0.1319, 0.422
3948, 0.0721, 0.420
3949, 0.0776, 0.418
3950, 0.1913, 0.435
3951, 0.1362, 0.415
3952, 0.1306, 0.415
3953, 0.1838, 0.440
3954, 0.0718, 0.417
3955, 0.1182, 0.421
3956, 0.1599, 0.439
3957, 0.1374, 0.420
3958, 0.1588, 0.421
3959, 0.2311, 0.440
3960, 0.1225, 0.437
3961, 0.1581, 0.428
3962, 0.1341, 0.445
3963, 0.0898, 0.428
3964, 0.1180, 0.426
3965, 0.1610, 0.433
3966, 0.1318, 0.445
3967, 0.1394, 0.433
3968, 0.1540, 0.444
3969, 0.1665, 0.425
3970, 0.1009, 0.435
3971, 0.1639, 0.423
3972, 0.1073, 0.444
3973, 0.1491, 0.429
3974, 0.1972, 0.440
3975, 0.1496, 0.416
3976, 0.0656, 0.418
3977, 0.0664, 0.431
3978, 0.0793, 0.440
3979, 0.1655, 0.421
3980, 0.1668, 0.443
3981, 0.0996, 0.421
3982, 0.1115, 0.418
3983, 0.0792, 0.438
3984, 0.2186, 0.438
3985, 0.1307, 0.432
3986, 0.1343, 0.438
3987, 0.0957, 0.419
3988, 0.1121, 0.421
3989, 0.0704, 0.414
3990, 0.1162, 0.434
3991, 0.1454, 0.424
3992, 0.1398, 0.439
3993, 0.1167, 0.419
3994, 0.1461, 0.416
3995, 0.0990, 0.413
3996, 0.0843, 0.436
3997, 0.0859, 0.435
3998, 0.1168, 0.440
3999, 0.2220, 0.421
4000, 0.1175, 0.420
4001, 0.1154, 0.417
4002, 0.1881, 0.422
4003, 0.0796, 0.423
4004, 0.1784, 0.421
4005, 0.2359, 0.426
4006, 0.1359, 0.431
4007, 0.1373, 0.415
4008, 0.1221, 0.416
4009, 0.1253, 0.415
4010, 0.0829, 0.417
4011, 0.0947, 0.417
4012, 0.1565, 0.422
4013, 0.1362, 0.425
4014, 0.1751, 0.428
4015, 0.1397, 0.419
4016, 0.1335, 0.412
4017, 0.0840, 0.425
4018, 0.0866, 0.417
4019, 0.1338, 0.425
4020, 0.0982, 0.429
4021, 0.0912, 0.423
4022, 0.1058, 0.420
4023, 0.1081, 0.417
4024, 0.1662, 0.435
4025, 0.0951, 0.427
4026, 0.1349, 0.427
4027, 0.0841, 0.417
4028, 0.1398, 0.417
4029, 0.0813, 0.422
4030, 0.0973, 0.427
4031, 0.0936, 0.424
4032, 0.1445, 0.430
4033, 0.1588, 0.416
4034, 0.1564, 0.419
4035, 0.1533, 0.422
4036, 0.1365, 0.446
4037, 0.1259, 0.427
4038, 0.1693, 0.426
4039, 0.1387, 0.422
4040, 0.1339, 0.424
4041, 0.1145, 0.419
4042, 0.1171, 0.425
4043, 0.0957, 0.429
4044, 0.0942, 0.420
4045, 0.1068, 0.434
4046, 0.1418, 0.437
4047, 0.1267, 0.424
4048, 0.1411, 0.423
4049, 0.1372, 0.423
4050, 0.1256, 0.417
4051, 0.1078, 0.427
4052, 0.1637, 0.423
4053, 0.1567, 0.421
4054, 0.1378, 0.425
4055, 0.1126, 0.426
4056, 0.0892, 0.425
4057, 0.1639, 0.419
4058, 0.1157, 0.420
4059, 0.1733, 0.421
4060, 0.1373, 0.421
4061, 0.1108, 0.417
4062, 0.1635, 0.421
4063, 0.2030, 0.430
4064, 0.1390, 0.415
4065, 0.1298, 0.416
4066, 0.0706, 0.422
4067, 0.1385, 0.421
4068, 0.1249, 0.423
4069, 0.0850, 0.444
4070, 0.0902, 0.420
4071, 0.1448, 0.417
4072, 0.0657, 0.422
4073, 0.0632, 0.419
4074, 0.0871, 0.424
4075, 0.1289, 0.431
4076, 0.0701, 0.423
4077, 0.1363, 0.434
4078, 0.0736, 0.421
4079, 0.1364, 0.433
4080, 0.0783, 0.416
4081, 0.0531, 0.428
4082, 0.1404, 0.414
4083, 0.1282, 0.420
4084, 0.1428, 0.422
4085, 0.1274, 0.417
4086, 0.1604, 0.425
4087, 0.0792, 0.437
4088, 0.0586, 0.417
4089, 0.1129, 0.426
4090, 0.1458, 0.417
4091, 0.2003, 0.428
4092, 0.0871, 0.420
4093, 0.1380, 0.417
4094, 0.1010, 0.422
4095, 0.1097, 0.424
4096, 0.1243, 0.430
4097, 0.1198, 0.418
4098, 0.1107, 0.426
4099, 0.1113, 0.419
4100, 0.0890, 0.429
4101, 0.1422, 0.419
4102, 0.1205, 0.417
4103, 0.0735, 0.420
4104, 0.0617, 0.420
4105, 0.1040, 0.425
4106, 0.1529, 0.433
4107, 0.1016, 0.424
4108, 0.0850, 0.424
4109, 0.1835, 0.427
4110, 0.1208, 0.428
4111, 0.1856, 0.421
4112, 0.1132, 0.419
4113, 0.1750, 0.430
4114, 0.1813, 0.429
4115, 0.1412, 0.421
4116, 0.1133, 0.423
4117, 0.0965, 0.429
4118, 0.1415, 0.433
4119, 0.1054, 0.435
4120, 0.1270, 0.434
4121, 0.1349, 0.438
4122, 0.1868, 0.441
4123, 0.1548, 0.444
4124, 0.1508, 0.443
4125, 0.1183, 0.439
4126, 0.1292, 0.439
4127, 0.1653, 0.442
4128, 0.1333, 0.440
4129, 0.1326, 0.438
4130, 0.1063, 0.435
4131, 0.1522, 0.440
4132, 0.1331, 0.447
4133, 0.1384, 0.431
4134, 0.0954, 0.440
4135, 0.0946, 0.437
4136, 0.1323, 0.425
4137, 0.1422, 0.438
4138, 0.1148, 0.420
4139, 0.0752, 0.421
4140, 0.1283, 0.424
4141, 0.1046, 0.439
4142, 0.0654, 0.426
4143, 0.0939, 0.441
4144, 0.0710, 0.430
4145, 0.1636, 0.429
4146, 0.0676, 0.440
4147, 0.1733, 0.440
4148, 0.1270, 0.428
4149, 0.1789, 0.441
4150, 0.1069, 0.417
4151, 0.1151, 0.419
4152, 0.0758, 0.417
4153, 0.1758, 0.437
4154, 0.0705, 0.430
4155, 0.0606, 0.441
4156, 0.1266, 0.423
4157, 0.1336, 0.420
4158, 0.1455, 0.437
4159, 0.1496, 0.442
4160, 0.1942, 0.422
4161, 0.0617, 0.438
4162, 0.1406, 0.420
4163, 0.1900, 0.423
4164, 0.1405, 0.436
4165, 0.0600, 0.439
4166, 0.1219, 0.427
4167, 0.1270, 0.437
4168, 0.1073, 0.416
4169, 0.1183, 0.417
4170, 0.1785, 0.449
4171, 0.1585, 0.443
4172, 0.2240, 0.438
4173, 0.1145, 0.439
4174, 0.1901, 0.420
4175, 0.1570, 0.433
4176, 0.1836, 0.432
4177, 0.1206, 0.437
4178, 0.0454, 0.433
4179, 0.1166, 0.440
4180, 0.1067, 0.426
4181, 0.1050, 0.437
4182, 0.1039, 0.436
4183, 0.2009, 0.440
4184, 0.2064, 0.419
4185, 0.1586, 0.438
4186, 0.1096, 0.431
4187, 0.2106, 0.421
4188, 0.1205, 0.427
4189, 0.1845, 0.433
4190, 0.1319, 0.420
4191, 0.1118, 0.439
4192, 0.1233, 0.421
4193, 0.1603, 0.421
4194, 0.1004, 0.439
4195, 0.1046, 0.442
4196, 0.1301, 0.437
4197, 0.1296, 0.440
4198, 0.1519, 0.418
4199, 0.1144, 0.423
4200, 0.0837, 0.436
4201, 0.1432, 0.411
4202, 0.1438, 0.420
4203, 0.1246, 0.420
4204, 0.1901, 0.416
4205, 0.1175, 0.441
4206, 0.1402, 0.448
4207, 0.1049, 0.417
4208, 0.1442, 0.414
4209, 0.1155, 0.415
4210, 0.1169, 0.418
4211, 0.1306, 0.420
4212, 0.1963, 0.425
4213, 0.1390, 0.425
4214, 0.0481, 0.420
4215, 0.0874, 0.418
4216, 0.1021, 0.416
4217, 0.1012, 0.417
4218, 0.1343, 0.415
4219, 0.0863, 0.423
4220, 0.1249, 0.420
4221, 0.0760, 0.431
4222, 0.0952, 0.424
4223, 0.1016, 0.417
4224, 0.1227, 0.415
4225, 0.1070, 0.422
4226, 0.1294, 0.422
4227, 0.0803, 0.419
4228, 0.2202, 0.421
4229, 0.0892, 0.421
4230, 0.0693, 0.418
4231, 0.0996, 0.435
4232, 0.1381, 0.415
4233, 0.1307, 0.426
4234, 0.1670, 0.416
4235, 0.1376, 0.421
4236, 0.1582, 0.421
4237, 0.1276, 0.427
4238, 0.0754, 0.428
4239, 0.0810, 0.419
4240, 0.0860, 0.419
4241, 0.1154, 0.417
4242, 0.0997, 0.417
4243, 0.1784, 0.422
4244, 0.1361, 0.426
4245, 0.1441, 0.421
4246, 0.1357, 0.417
4247, 0.1377, 0.418
4248, 0.1315, 0.418
4249, 0.1337, 0.418
4250, 0.0415, 0.419
4251, 0.1049, 0.416
4252, 0.0856, 0.423
4253, 0.1307, 0.429
4254, 0.1269, 0.419
4255, 0.1210, 0.417
4256, 0.1492, 0.425
4257, 0.1362, 0.429
4258, 0.0747, 0.419
4259, 0.1495, 0.419
4260, 0.1569, 0.423
4261, 0.1096, 0.421
4262, 0.1099, 0.416
4263, 0.0846, 0.415
4264, 0.0944, 0.420
4265, 0.1137, 0.416
4266, 0.1907, 0.417
4267, 0.1806, 0.420
4268, 0.1052, 0.431
4269, 0.1049, 0.416
4270, 0.1403, 0.418
4271, 0.0758, 0.437
4272, 0.1788, 0.422
4273, 0.2282, 0.426
4274, 0.1272, 0.426
4275, 0.1253, 0.421
4276, 0.1179, 0.425
4277, 0.0982, 0.419
4278, 0.1520, 0.417
4279, 0.1843, 0.424
4280, 0.1367, 0.410
4281, 0.1428, 0.423
4282, 0.1307, 0.422
4283, 0.1165, 0.423
4284, 0.0628, 0.422
4285, 0.1686, 0.419
4286, 0.1747, 0.430
4287, 0.1098, 0.419
4288, 0.1162, 0.419
4289, 0.0917, 0.417
4290, 0.1880, 0.417
4291, 0.1449, 0.416
4292, 0.1394, 0.436
4293, 0.1173, 0.421
4294, 0.1107, 0.416
4295, 0.1251, 0.415
4296, 0.1155, 0.422
4297, 0.1032, 0.418
4298, 0.1308, 0.425
4299, 0.1274, 0.430
4300, 0.1060, 0.422
4301, 0.1340, 0.419
4302, 0.0860, 0.419
4303, 0.1433, 0.420
4304, 0.1834, 0.419
4305, 0.1059, 0.424
4306, 0.1172, 0.414
4307, 0.1241, 0.417
4308, 0.1803, 0.421
4309, 0.1233, 0.421
4310, 0.2066, 0.415
4311, 0.1090, 0.421
4312, 0.1278, 0.415
4313, 0.1358, 0.419
4314, 0.1347, 0.430
4315, 0.1280, 0.452
4316, 0.1170, 0.442
4317, 0.1829, 0.426
4318, 0.1008, 0.422
4319, 0.1273, 0.439
4320, 0.0790, 0.445
4321, 0.1909, 0.438
4322, 0.1844, 0.441
4323, 0.1509, 0.436
4324, 0.1048, 0.428
4325, 0.1714, 0.443
4326, 0.1491, 0.437
4327, 0.1628, 0.436
4328, 0.1744, 0.439
4329, 0.1209, 0.445
4330, 0.1962, 0.436
4331, 0.1484, 0.445
4332, 0.1277, 0.446
4333, 0.1144, 0.441
4334, 0.1100, 0.421
4335, 0.1384, 0.420
4336, 0.1776, 0.415
4337, 0.1840, 0.438
4338, 0.1128, 0.438
4339, 0.1375, 0.438
4340, 0.1204, 0.423
4341, 0.1234, 0.421
4342, 0.0639, 0.411
4343, 0.1247, 0.435
4344, 0.1273, 0.437
4345, 0.1757, 0.440
4346, 0.0935, 0.423
4347, 0.0724, 0.422
4348, 0.1617, 0.421
4349, 0.1204, 0.439
4350, 0.2322, 0.438
4351, 0.1303, 0.440
4352, 0.1822, 0.421
4353, 0.1633, 0.419
4354, 0.0872, 0.414
4355, 0.1919, 0.421
4356, 0.1931, 0.440
4357, 0.1415, 0.439
4358, 0.1305, 0.417
4359, 0.1991, 0.415
4360, 0.1190, 0.415
4361, 0.1365, 0.442
4362, 0.1476, 0.442
4363, 0.1971, 0.443
4364, 0.1190, 0.423
4365, 0.1517, 0.416
4366, 0.1869, 0.413
4367, 0.0876, 0.420
4368, 0.1262, 0.438
4369, 0.1599, 0.437
4370, 0.1498, 0.417
4371, 0.1960, 0.420
4372, 0.1252, 0.419
4373, 0.0750, 0.439
4374, 0.1629, 0.436
4375, 0.0832, 0.440
4376, 0.0897, 0.419
4377, 0.1852, 0.421
4378, 0.0979, 0.424
4379, 0.1096, 0.445
4380, 0.0744, 0.450
4381, 0.0908, 0.443
4382, 0.1267, 0.418
4383, 0.1385, 0.420
4384, 0.1262, 0.419
4385, 0.1704, 0.443
4386, 0.1363, 0.444
4387, 0.1274, 0.444
4388, 0.1126, 0.423
4389, 0.1716, 0.421
4390, 0.0978, 0.413
4391, 0.1233, 0.417
4392, 0.0663, 0.439
4393, 0.2729, 0.438
4394, 0.2419, 0.420
4395, 0.1454, 0.424
4396, 0.1773, 0.420
4397, 0.0888, 0.446
4398, 0.0989, 0.440
4399, 0.1317, 0.441
4400, 0.1409, 0.421
4401, 0.1126, 0.408
4402, 0.0949, 0.422
4403, 0.0862, 0.418
4404, 0.1739, 0.426
4405, 0.0728, 0.424
4406, 0.1048, 0.417
4407, 0.1841, 0.416
4408, 0.1118, 0.419
4409, 0.1949, 0.417
4410, 0.1397, 0.423
4411, 0.0681, 0.425
4412, 0.1070, 0.431
4413, 0.1226, 0.425
4414, 0.1703, 0.418
4415, 0.1443, 0.418
4416, 0.1805, 0.420
4417, 0.1459, 0.415
4418, 0.0930, 0.422
4419, 0.0937, 0.419
4420, 0.1472, 0.425
4421, 0.1108, 0.420
4422, 0.1629, 0.418
4423, 0.0936, 0.419
4424, 0.1044, 0.421
4425, 0.1565, 0.420
4426, 0.2101, 0.421
4427, 0.1650, 0.421
4428, 0.1101, 0.425
4429, 0.0844, 0.423
4430, 0.1110, 0.421
4431, 0.1184, 0.429
4432, 0.0876, 0.420
4433, 0.1475, 0.416
4434, 0.1369, 0.415
4435, 0.1232, 0.417
4436, 0.1314, 0.423
4437, 0.0987, 0.435
4438, 0.2035, 0.416
4439, 0.0728, 0.415
4440, 0.0886, 0.432
4441, 0.0961, 0.419
4442, 0.1742, 0.418
4443, 0.1112, 0.419
4444, 0.1370, 0.423
4445, 0.1115, 0.422
4446, 0.0968, 0.420
4447, 0.1282, 0.417
4448, 0.1087, 0.425
4449, 0.0986, 0.416
4450, 0.0750, 0.415
4451, 0.0493, 0.418
4452, 0.1183, 0.424
4453, 0.1381, 0.422
4454, 0.1239, 0.414
4455, 0.1048, 0.434
4456, 0.2156, 0.422
4457, 0.0991, 0.418
4458, 0.1253, 0.417
4459, 0.1371, 0.419
4460, 0.1620, 0.425
4461, 0.1172, 0.431
4462, 0.1125, 0.421
4463, 0.1383, 0.418
4464, 0.1707, 0.418
4465, 0.0526, 0.418
4466, 0.1306, 0.417
4467, 0.1850, 0.426
4468, 0.1213, 0.423
4469, 0.1331, 0.421
4470, 0.1036, 0.416
4471, 0.1499, 0.419
4472, 0.0990, 0.419
4473, 0.1239, 0.417
4474, 0.0644, 0.429
4475, 0.1509, 0.418
4476, 0.2081, 0.425
4477, 0.1084, 0.422
4478, 0.1200, 0.417
4479, 0.1834, 0.423
4480, 0.1011, 0.418
4481, 0.1462, 0.417
4482, 0.1163, 0.431
4483, 0.1617, 0.422
4484, 0.0988, 0.421
4485, 0.1510, 0.423
4486, 0.1778, 0.416
4487, 0.0852, 0.418
4488, 0.1184, 0.418
4489, 0.1264, 0.415
4490, 0.1339, 0.417
4491, 0.1979, 0.421
4492, 0.0319, 0.425
4493, 0.1525, 0.421
4494, 0.0928, 0.419
4495, 0.1080, 0.431
4496, 0.0985, 0.421
4497, 0.0893, 0.418
4498, 0.2281, 0.417
4499, 0.1270, 0.422
4500, 0.1076, 0.429
4501, 0.1371, 0.422
4502, 0.0779, 0.431
4503, 0.1120, 0.419
4504, 0.1254, 0.436
4505, 0.1071, 0.414
4506, 0.1583, 0.429
4507, 0.1241, 0.417
4508, 0.1181, 0.423
4509, 0.1785, 0.421
4510, 0.0865, 0.419
4511, 0.0854, 0.429
4512, 0.1257, 0.432
4513, 0.1410, 0.418
4514, 0.1474, 0.420
4515, 0.1384, 0.428
4516, 0.1739, 0.429
4517, 0.1909, 0.417
4518, 0.1003, 0.419
4519, 0.0742, 0.439
4520, 0.1230, 0.439
4521, 0.0839, 0.417
4522, 0.1609, 0.429
4523, 0.2009, 0.416
4524, 0.1388, 0.428
4525, 0.0699, 0.438
4526, 0.1030, 0.435
4527, 0.1361, 0.418
4528, 0.0754, 0.421
4529, 0.1243, 0.413
4530, 0.0838, 0.423
4531, 0.0998, 0.450
4532, 0.1205, 0.442
4533, 0.1001, 0.421
4534, 0.1262, 0.422
4535, 0.1264, 0.416
4536, 0.1043, 0.419
4537, 0.1275, 0.435
4538, 0.1062, 0.438
4539, 0.0773, 0.420
4540, 0.1531, 0.427
4541, 0.0914, 0.423
4542, 0.1715, 0.416
4543, 0.1397, 0.439
4544, 0.2071, 0.443
4545, 0.1220, 0.417
4546, 0.1465, 0.426
4547, 0.1049, 0.422
4548, 0.1158, 0.420
4549, 0.0853, 0.441
4550, 0.1009, 0.438
4551, 0.1625, 0.426
4552, 0.0910, 0.423
4553, 0.0867, 0.414
4554, 0.1220, 0.412
4555, 0.1841, 0.440
4556, 0.1287, 0.442
4557, 0.1410, 0.439
4558, 0.1002, 0.416
4559, 0.1186, 0.425
4560, 0.1503, 0.417
4561, 0.0969, 0.437
4562, 0.1418, 0.437
4563, 0.1576, 0.437
4564, 0.1266, 0.426
4565, 0.1196, 0.422
4566, 0.1598, 0.414
4567, 0.1449, 0.440
4568, 0.0952, 0.440
4569, 0.1072, 0.436
4570, 0.1118, 0.417
4571, 0.1303, 0.423
4572, 0.1140, 0.422
4573, 0.1285, 0.442
4574, 0.1748, 0.438
4575, 0.1358, 0.434
4576, 0.1165, 0.419
4577, 0.0996, 0.415
4578, 0.1137, 0.414
4579, 0.1083, 0.437
4580, 0.1364, 0.442
4581, 0.1352, 0.435
4582, 0.1854, 0.418
4583, 0.1419, 0.422
4584, 0.1597, 0.418
4585, 0.1587, 0.436
4586, 0.1347, 0.435
4587, 0.2000, 0.433
4588, 0.1318, 0.424
4589, 0.0941, 0.418
4590, 0.0579, 0.414
4591, 0.1218, 0.435
4592, 0.0691, 0.438
4593, 0.0632, 0.433
4594, 0.1278, 0.414
4595, 0.1422, 0.420
4596, 0.0968, 0.420
4597, 0.1929, 0.424
4598, 0.1271, 0.438
4599, 0.1713, 0.441
4600, 0.1220, 0.423
4601, 0.1607, 0.411
4602, 0.0844, 0.416
4603, 0.1742, 0.418
4604, 0.1163, 0.424
4605, 0.1370, 0.421
4606, 0.1052, 0.411
4607, 0.1474, 0.405
4608, 0.1543, 0.402
4609, 0.1330, 0.415
4610, 0.1285, 0.417
4611, 0.1192, 0.420
4612, 0.1193, 0.426
4613, 0.0973, 0.423
4614, 0.1671, 0.426
4615, 0.1029, 0.423
4616, 0.1065, 0.417
4617, 0.1493, 0.416
4618, 0.1777, 0.427
4619, 0.0565, 0.423
4620, 0.1456, 0.425
4621, 0.1094, 0.429
4622, 0.1555, 0.430
4623, 0.1324, 0.434
4624, 0.1273, 0.429
4625, 0.1023, 0.428
4626, 0.1339, 0.421
4627, 0.1563, 0.423
4628, 0.1432, 0.439
4629, 0.1262, 0.442
4630, 0.1039, 0.425
4631, 0.1457, 0.429
4632, 0.1151, 0.424
4633, 0.1349, 0.419
4634, 0.0987, 0.422
4635, 0.1162, 0.418
4636, 0.2133, 0.419
4637, 0.0890, 0.424
4638, 0.1423, 0.423
4639, 0.0873, 0.426
4640, 0.2106, 0.418
4641, 0.1606, 0.415
4642, 0.2119, 0.428
4643, 0.1503, 0.422
4644, 0.0969, 0.427
4645, 0.0972, 0.444
4646, 0.1283, 0.443
4647, 0.1149, 0.438
4648, 0.1627, 0.427
4649, 0.1587, 0.433
4650, 0.1078, 0.425
4651, 0.0892, 0.433
4652, 0.1242, 0.432
4653, 0.0757, 0.427
4654, 0.0896, 0.419
4655, 0.1351, 0.437
4656, 0.1119, 0.424
4657, 0.1240, 0.441
4658, 0.1300, 0.435
4659, 0.1061, 0.431
4660, 0.1806, 0.440
4661, 0.1443, 0.415
4662, 0.0926, 0.399
4663, 0.1272, 0.421
4664, 0.1884, 0.426
4665, 0.1580, 0.421
4666, 0.1532, 0.413
4667, 0.1405, 0.407
4668, 0.1160, 0.430
4669, 0.1189, 0.434
4670, 0.1307, 0.401
4671, 0.1440, 0.427
4672, 0.0691, 0.419
4673, 0.1321, 0.426
4674, 0.1441, 0.429
4675, 0.0945, 0.430
4676, 0.0923, 0.425
4677, 0.0939, 0.424
4678, 0.1308, 0.435
4679, 0.1519, 0.425
4680, 0.1672, 0.422
4681, 0.0726, 0.418
4682, 0.1794, 0.428
4683, 0.1985, 0.420
4684, 0.1555, 0.422
4685, 0.1541, 0.419
4686, 0.1441, 0.435
4687, 0.1487, 0.434
4688, 0.1738, 0.420
4689, 0.1480, 0.416
4690, 0.1060, 0.418
4691, 0.1457, 0.422
4692, 0.1156, 0.424
4693, 0.1918, 0.417
4694, 0.1098, 0.410
4695, 0.1470, 0.418
4696, 0.0877, 0.420
4697, 0.0709, 0.432
4698, 0.0678, 0.417
4699, 0.1776, 0.415
4700, 0.1233, 0.414
4701, 0.1422, 0.416
4702, 0.1263, 0.419
4703, 0.1216, 0.423
4704, 0.1740, 0.428
4705, 0.1055, 0.423
4706, 0.1356, 0.423
4707, 0.0830, 0.425
4708, 0.0879, 0.424
4709, 0.1298, 0.434
4710, 0.0761, 0.417
4711, 0.1297, 0.419
4712, 0.1342, 0.420
4713, 0.1492, 0.420
4714, 0.1582, 0.415
4715, 0.1460, 0.422
4716, 0.1007, 0.424
4717, 0.1258, 0.431
4718, 0.1309, 0.411
4719, 0.1562, 0.419
4720, 0.0505, 0.418
4721, 0.1161, 0.413
4722, 0.0834, 0.418
4723, 0.1180, 0.423
4724, 0.1340, 0.417
4725, 0.1460, 0.412
4726, 0.0995, 0.410
4727, 0.1133, 0.414
4728, 0.0895, 0.417
4729, 0.0868, 0.414
4730, 0.1196, 0.410
4731, 0.1726, 0.415
4732, 0.1003, 0.420
4733, 0.0868, 0.417
4734, 0.1482, 0.414
4735, 0.1760, 0.418
4736, 0.1034, 0.417
4737, 0.0955, 0.416
4738, 0.1498, 0.416
4739, 0.1026, 0.419
4740, 0.1265, 0.419
4741, 0.0793, 0.416
4742, 0.1693, 0.416
4743, 0.2004, 0.415
4744, 0.1022, 0.417
4745, 0.0861, 0.413
4746, 0.1495, 0.413
4747, 0.1750, 0.423
4748, 0.1865, 0.423
4749, 0.1278, 0.420
4750, 0.1181, 0.414
4751, 0.0675, 0.417
4752, 0.0963, 0.417
4753, 0.0849, 0.426
4754, 0.1244, 0.417
4755, 0.1730, 0.419
4756, 0.1341, 0.419
4757, 0.1544, 0.415
4758, 0.1329, 0.414
4759, 0.0982, 0.418
4760, 0.1200, 0.418
4761, 0.0855, 0.412
4762, 0.1262, 0.413
4763, 0.1443, 0.415
4764, 0.1002, 0.420
4765, 0.1965, 0.434
4766, 0.0961, 0.421
4767, 0.1096, 0.439
4768, 0.1604, 0.420
4769, 0.0947, 0.419
4770, 0.1235, 0.439
4771, 0.1076, 0.439
4772, 0.1879, 0.425
4773, 0.1338, 0.439
4774, 0.1097, 0.419
4775, 0.1202, 0.419
4776, 0.1082, 0.431
4777, 0.1216, 0.436
4778, 0.1269, 0.427
4779, 0.1576, 0.442
4780, 0.1452, 0.434
4781, 0.1432, 0.416
4782, 0.1020, 0.413
4783, 0.1451, 0.438
4784, 0.1615, 0.436
4785, 0.3208, 0.438
4786, 0.1547, 0.420
4787, 0.1327, 0.424
4788, 0.1337, 0.419
4789, 0.1290, 0.437
4790, 0.1363, 0.418
4791, 0.1211, 0.438
4792, 0.1608, 0.422
4793, 0.1834, 0.419
4794, 0.1138, 0.416
4795, 0.1426, 0.442
4796, 0.1738, 0.441
4797, 0.1927, 0.437
4798, 0.1733, 0.416
4799, 0.1316, 0.419
4800, 0.1472, 0.422
4801, 0.1326, 0.414
4802, 0.0786, 0.420
4803, 0.1163, 0.424
4804, 0.1533, 0.421
4805, 0.1785, 0.432
4806, 0.1573, 0.451
4807, 0.1540, 0.418
4808, 0.1637, 0.417
4809, 0.1290, 0.415
4810, 0.1680, 0.416
4811, 0.1401, 0.423
4812, 0.1416, 0.423
4813, 0.1349, 0.427
4814, 0.0834, 0.419
4815, 0.0917, 0.417
4816, 0.1427, 0.413
4817, 0.0721, 0.414
4818, 0.1101, 0.417
4819, 0.1775, 0.432
4820, 0.1012, 0.445
4821, 0.1350, 0.426
4822, 0.1114, 0.418
4823, 0.2317, 0.418
4824, 0.0962, 0.423
4825, 0.1416, 0.421
4826, 0.0770, 0.420
4827, 0.1237, 0.420
4828, 0.1312, 0.419
4829, 0.1417, 0.416
4830, 0.1438, 0.416
4831, 0.1232, 0.418
4832, 0.1427, 0.430
4833, 0.1268, 0.433
4834, 0.0985, 0.416
4835, 0.1560, 0.421
4836, 0.1678, 0.427
4837, 0.0833, 0.430
4838, 0.1311, 0.417
4839, 0.1788, 0.431
4840, 0.1018, 0.425
4841, 0.1490, 0.421
4842, 0.1517, 0.440
4843, 0.1454, 0.427
4844, 0.2258, 0.419
4845, 0.1122, 0.414
4846, 0.1094, 0.417
4847, 0.1430, 0.422
4848, 0.1174, 0.431
4849, 0.1438, 0.411
4850, 0.1096, 0.418
4851, 0.1366, 0.426
4852, 0.0868, 0.426
4853, 0.0884, 0.420
4854, 0.1388, 0.416
4855, 0.1454, 0.415
4856, 0.1479, 0.418
4857, 0.1263, 0.444
4858, 0.1291, 0.421
4859, 0.1694, 0.417
4860, 0.1082, 0.420
4861, 0.1374, 0.434
4862, 0.1494, 0.435
4863, 0.0944, 0.423
4864, 0.1628, 0.426
4865, 0.0904, 0.430
4866, 0.0960, 0.435
4867, 0.1774, 0.426
4868, 0.1503, 0.431
4869, 0.1478, 0.423
4870, 0.1157, 0.418
4871, 0.1828, 0.423
4872, 0.1315, 0.423
4873, 0.0871, 0.424
4874, 0.1539, 0.417
4875, 0.1907, 0.425
4876, 0.0977, 0.420
4877, 0.1580, 0.416
4878, 0.1698, 0.413
4879, 0.1466, 0.422
4880, 0.1238, 0.425
4881, 0.1514, 0.420
4882, 0.1879, 0.440
4883, 0.1877, 0.424
4884, 0.2120, 0.425
4885, 0.1377, 0.423
4886, 0.1610, 0.421
4887, 0.1186, 0.417
4888, 0.1666, 0.418
4889, 0.0645, 0.430
4890, 0.2319, 0.419
4891, 0.0990, 0.429
4892, 0.1476, 0.436
4893, 0.1741, 0.435
4894, 0.0662, 0.419
4895, 0.1670, 0.417
4896, 0.0566, 0.420
4897, 0.1191, 0.416
4898, 0.1153, 0.430
4899, 0.1672, 0.419
4900, 0.1177, 0.420
4901, 0.1884, 0.429
4902, 0.1551, 0.415
4903, 0.1878, 0.417
4904, 0.0557, 0.429
4905, 0.0623, 0.426
4906, 0.1603, 0.419
4907, 0.1045, 0.425
4908, 0.1368, 0.431
4909, 0.1748, 0.422
4910, 0.1489, 0.415
4911, 0.2034, 0.417
4912, 0.0433, 0.419
4913, 0.0317, 0.420
4914, 0.1068, 0.417
4915, 0.1199, 0.420
4916, 0.1417, 0.416
4917, 0.1570, 0.482
4918, 0.1563, 0.411
4919, 0.1095, 0.435
4920, 0.1529, 0.438
4921, 0.1700, 0.430
4922, 0.1414, 0.417
4923, 0.1962, 0.421
4924, 0.1978, 0.418
4925, 0.1233, 0.438
4926, 0.0855, 0.436
4927, 0.1514, 0.431
4928, 0.0994, 0.419
4929, 0.0821, 0.418
4930, 0.0957, 0.413
4931, 0.1042, 0.442
4932, 0.1564, 0.444
4933, 0.1739, 0.438
4934, 0.1511, 0.419
4935, 0.1776, 0.421
4936, 0.1574, 0.414
4937, 0.1613, 0.437
4938, 0.0627, 0.439
4939, 0.1264, 0.438
4940, 0.1518, 0.422
4941, 0.1231, 0.421
4942, 0.1951, 0.412
4943, 0.0785, 0.437
4944, 0.1074, 0.439
4945, 0.1133, 0.434
4946, 0.0578, 0.417
4947, 0.1512, 0.421
4948, 0.1433, 0.419
4949, 0.0943, 0.442
4950, 0.1579, 0.439
4951, 0.0721, 0.436
4952, 0.1537, 0.419
4953, 0.1147, 0.416
4954, 0.0989, 0.417
4955, 0.0526, 0.441
4956, 0.1509, 0.445
4957, 0.1103, 0.436
4958, 0.1049, 0.418
4959, 0.1433, 0.420
4960, 0.1527, 0.415
4961, 0.1712, 0.437
4962, 0.0688, 0.439
4963, 0.1212, 0.438
4964, 0.1168, 0.425
4965, 0.1539, 0.426
4966, 0.1303, 0.417
4967, 0.1316, 0.439
4968, 0.1258, 0.439
4969, 0.1570, 0.432
4970, 0.0482, 0.418
4971, 0.0976, 0.420
4972, 0.0724, 0.419
4973, 0.1659, 0.430
4974, 0.0775, 0.436
4975, 0.0915, 0.440
4976, 0.0760, 0.420
4977, 0.1112, 0.406
4978, 0.0929, 0.407
4979, 0.1180, 0.401
4980, 0.0659, 0.407
4981, 0.0938, 0.420
4982, 0.0675, 0.419
4983, 0.0867, 0.421
4984, 0.0798, 0.424
4985, 0.1110, 0.418
4986, 0.0863, 0.418
4987, 0.1299, 0.417
4988, 0.1237, 0.422
4989, 0.1541, 0.426
4990, 0.1819, 0.418
4991, 0.0986, 0.419
4992, 0.1191, 0.415
4993, 0.0974, 0.417
4994, 0.0806, 0.419
4995, 0.0859, 0.423
4996, 0.1232, 0.419
4997, 0.1113, 0.416
4998, 0.1974, 0.419
4999, 0.1133, 0.421
5000, 0.1079, 0.419
