0, 0.4883, 1.707
1, 0.5028, 0.397
2, 0.5031, 0.406
3, 0.4988, 0.416
4, 0.5005, 0.420
5, 0.5070, 0.426
6, 0.4999, 0.424
7, 0.5019, 0.417
8, 0.4980, 0.417
9, 0.4985, 0.399
10, 0.4947, 0.413
11, 0.4948, 0.422
12, 0.4910, 0.411
13, 0.4939, 0.423
14, 0.5041, 0.428
15, 0.4977, 0.421
16, 0.4820, 0.421
17, 0.4416, 0.433
18, 0.5517, 0.402
19, 0.4812, 0.409
20, 0.4378, 0.399
21, 0.4929, 0.413
22, 0.4407, 0.413
23, 0.3833, 0.399
24, 0.4719, 0.423
25, 0.4057, 0.406
26, 0.4891, 0.407
27, 0.3813, 0.437
28, 0.2824, 0.433
29, 0.1514, 0.400
30, 0.4525, 0.420
31, 0.4976, 0.436
32, 0.4989, 0.421
33, 0.5018, 0.393
34, 0.4989, 0.406
35, 0.4983, 0.423
36, 0.4862, 0.428
37, 0.4924, 0.399
38, 0.4635, 0.408
39, 0.4367, 0.398
40, 0.4352, 0.422
41, 0.3753, 0.422
42, 0.3516, 0.419
43, 0.3087, 0.428
44, 0.4393, 0.426
45, 0.3589, 0.404
46, 0.4157, 0.408
47, 0.3529, 0.399
48, 0.3032, 0.420
49, 0.2932, 0.429
50, 0.4264, 0.414
51, 0.4772, 0.420
52, 0.3201, 0.417
53, 0.4400, 0.423
54, 0.3806, 0.431
55, 0.3129, 0.423
56, 0.3312, 0.425
57, 0.2900, 0.426
58, 0.3681, 0.437
59, 0.2732, 0.424
60, 0.4035, 0.421
61, 0.3945, 0.408
62, 0.3453, 0.410
63, 0.2986, 0.420
64, 0.4285, 0.418
65, 0.2906, 0.417
66, 0.3394, 0.426
67, 0.3099, 0.418
68, 0.3276, 0.415
69, 0.2907, 0.418
70, 0.3249, 0.418
71, 0.3380, 0.419
72, 0.3298, 0.422
73, 0.4118, 0.431
74, 0.3100, 0.415
75, 0.3823, 0.432
76, 0.3097, 0.417
77, 0.2874, 0.415
78, 0.3193, 0.418
79, 0.3144, 0.417
80, 0.3057, 0.415
81, 0.2996, 0.414
82, 0.3184, 0.416
83, 0.2967, 0.417
84, 0.3465, 0.416
85, 0.2673, 0.419
86, 0.3062, 0.418
87, 0.4219, 0.418
88, 0.4064, 0.416
89, 0.3237, 0.414
90, 0.3616, 0.416
91, 0.2767, 0.416
92, 0.2716, 0.414
93, 0.2572, 0.415
94, 0.3757, 0.418
95, 0.3083, 0.418
96, 0.2265, 0.414
97, 0.3438, 0.414
98, 0.2541, 0.411
99, 0.1957, 0.423
100, 0.2598, 0.416
101, 0.3594, 0.418
102, 0.3107, 0.419
103, 0.3448, 0.418
104, 0.3263, 0.430
105, 0.2957, 0.418
106, 0.3098, 0.414
107, 0.2902, 0.421
108, 0.3122, 0.416
109, 0.2462, 0.420
110, 0.3360, 0.418
111, 0.2110, 0.419
112, 0.2903, 0.420
113, 0.3306, 0.431
114, 0.2908, 0.414
115, 0.3321, 0.418
116, 0.2663, 0.415
117, 0.2829, 0.417
118, 0.3168, 0.421
119, 0.2634, 0.427
120, 0.1924, 0.446
121, 0.2520, 0.436
122, 0.2260, 0.433
123, 0.3140, 0.414
124, 0.2194, 0.431
125, 0.2554, 0.434
126, 0.2707, 0.431
127, 0.3670, 0.442
128, 0.3410, 0.441
129, 0.3222, 0.426
130, 0.2969, 0.437
131, 0.2783, 0.417
132, 0.2856, 0.415
133, 0.1984, 0.417
134, 0.2953, 0.439
135, 0.2482, 0.427
136, 0.2952, 0.450
137, 0.3326, 0.420
138, 0.2476, 0.418
139, 0.3214, 0.414
140, 0.2058, 0.433
141, 0.0744, 0.427
142, 0.1960, 0.439
143, 0.2180, 0.419
144, 0.2596, 0.418
145, 0.2707, 0.414
146, 0.1560, 0.420
147, 0.2405, 0.421
148, 0.3172, 0.413
149, 0.3333, 0.411
150, 0.2158, 0.414
151, 0.1691, 0.411
152, 0.3607, 0.414
153, 0.3089, 0.419
154, 0.2967, 0.413
155, 0.3342, 0.412
156, 0.2603, 0.411
157, 0.2908, 0.409
158, 0.1738, 0.414
159, 0.2231, 0.420
160, 0.2447, 0.412
161, 0.3519, 0.414
162, 0.2299, 0.414
163, 0.3252, 0.413
164, 0.4253, 0.411
165, 0.3271, 0.413
166, 0.2772, 0.413
167, 0.2788, 0.410
168, 0.2556, 0.411
169, 0.2919, 0.415
170, 0.2288, 0.414
171, 0.2412, 0.413
172, 0.3392, 0.413
173, 0.2293, 0.410
174, 0.2451, 0.415
175, 0.2967, 0.415
176, 0.3774, 0.412
177, 0.2735, 0.413
178, 0.2698, 0.418
179, 0.3001, 0.413
180, 0.2610, 0.411
181, 0.2571, 0.411
182, 0.1962, 0.412
183, 0.2647, 0.413
184, 0.3749, 0.412
185, 0.3575, 0.417
186, 0.2592, 0.413
187, 0.2202, 0.413
188, 0.1880, 0.411
189, 0.2139, 0.412
190, 0.2475, 0.420
191, 0.1578, 0.417
192, 0.2922, 0.419
193, 0.2007, 0.414
194, 0.3099, 0.414
195, 0.2678, 0.415
196, 0.2406, 0.414
197, 0.2430, 0.412
198, 0.2373, 0.412
199, 0.2121, 0.412
200, 0.2057, 0.412
201, 0.3077, 0.410
202, 0.1222, 0.416
203, 0.1621, 0.412
204, 0.1191, 0.411
205, 0.2441, 0.416
206, 0.0987, 0.417
207, 0.1867, 0.416
208, 0.2423, 0.415
209, 0.1608, 0.415
210, 0.1178, 0.415
211, 0.2723, 0.418
212, 0.1314, 0.416
213, 0.1965, 0.417
214, 0.2502, 0.424
215, 0.1637, 0.414
216, 0.2271, 0.412
217, 0.2499, 0.417
218, 0.2972, 0.423
219, 0.1681, 0.431
220, 0.4380, 0.418
221, 0.2391, 0.415
222, 0.2302, 0.425
223, 0.2600, 0.422
224, 0.2657, 0.417
225, 0.1926, 0.433
226, 0.1930, 0.425
227, 0.2067, 0.420
228, 0.2715, 0.413
229, 0.2712, 0.431
230, 0.1557, 0.419
231, 0.2289, 0.417
232, 0.2601, 0.431
233, 0.1085, 0.424
234, 0.2012, 0.417
235, 0.1650, 0.415
236, 0.1478, 0.416
237, 0.1906, 0.417
238, 0.1776, 0.419
239, 0.1911, 0.422
240, 0.2021, 0.429
241, 0.2599, 0.418
242, 0.2685, 0.418
243, 0.2574, 0.421
244, 0.1732, 0.423
245, 0.1930, 0.418
246, 0.2745, 0.418
247, 0.2990, 0.418
248, 0.2838, 0.417
249, 0.1594, 0.416
250, 0.1966, 0.417
251, 0.2883, 0.417
252, 0.2233, 0.414
253, 0.2576, 0.417
254, 0.3331, 0.419
255, 0.2318, 0.420
256, 0.2470, 0.419
257, 0.2449, 0.421
258, 0.2438, 0.419
259, 0.2166, 0.418
260, 0.2657, 0.423
261, 0.1588, 0.422
262, 0.2650, 0.415
263, 0.1290, 0.424
264, 0.3338, 0.414
265, 0.2970, 0.416
266, 0.1941, 0.435
267, 0.2653, 0.421
268, 0.1593, 0.414
269, 0.2584, 0.429
270, 0.2269, 0.424
271, 0.2227, 0.422
272, 0.1621, 0.416
273, 0.2224, 0.421
274, 0.1324, 0.421
275, 0.2176, 0.434
276, 0.2584, 0.413
277, 0.1992, 0.416
278, 0.1555, 0.416
279, 0.2425, 0.417
280, 0.1967, 0.413
281, 0.2988, 0.417
282, 0.2058, 0.417
283, 0.2036, 0.415
284, 0.1508, 0.413
285, 0.1930, 0.417
286, 0.2409, 0.417
287, 0.2753, 0.427
288, 0.2986, 0.434
289, 0.2493, 0.418
290, 0.2922, 0.418
291, 0.2906, 0.416
292, 0.1721, 0.415
293, 0.1870, 0.414
294, 0.2121, 0.415
295, 0.1767, 0.417
296, 0.2190, 0.415
297, 0.2638, 0.416
298, 0.1606, 0.416
299, 0.1451, 0.417
300, 0.1967, 0.421
301, 0.1629, 0.416
302, 0.2399, 0.419
303, 0.1743, 0.428
304, 0.1581, 0.422
305, 0.2077, 0.426
306, 0.1110, 0.427
307, 0.1348, 0.421
308, 0.1704, 0.414
309, 0.1912, 0.416
310, 0.1431, 0.416
311, 0.1886, 0.418
312, 0.1957, 0.418
313, 0.2732, 0.419
314, 0.2527, 0.415
315, 0.2072, 0.416
316, 0.1670, 0.424
317, 0.2129, 0.435
318, 0.1629, 0.436
319, 0.1915, 0.419
320, 0.2110, 0.434
321, 0.2363, 0.439
322, 0.2485, 0.441
323, 0.1702, 0.437
324, 0.1922, 0.429
325, 0.2538, 0.416
326, 0.2919, 0.433
327, 0.1862, 0.438
328, 0.2493, 0.438
329, 0.2201, 0.441
330, 0.2174, 0.428
331, 0.1626, 0.418
332, 0.2691, 0.440
333, 0.1903, 0.441
334, 0.1413, 0.440
335, 0.1545, 0.441
336, 0.1496, 0.439
337, 0.1654, 0.421
338, 0.1513, 0.438
339, 0.1705, 0.439
340, 0.1398, 0.440
341, 0.1323, 0.439
342, 0.0531, 0.426
343, 0.1242, 0.418
344, 0.1934, 0.435
345, 0.2027, 0.442
346, 0.1199, 0.439
347, 0.2682, 0.438
348, 0.1895, 0.421
349, 0.2616, 0.422
350, 0.1196, 0.420
351, 0.2255, 0.442
352, 0.1420, 0.438
353, 0.3207, 0.420
354, 0.2182, 0.418
355, 0.2109, 0.414
356, 0.1754, 0.413
357, 0.1552, 0.450
358, 0.2112, 0.444
359, 0.1932, 0.418
360, 0.1344, 0.418
361, 0.2929, 0.420
362, 0.3062, 0.418
363, 0.2041, 0.440
364, 0.2560, 0.440
365, 0.1519, 0.425
366, 0.1788, 0.423
367, 0.1534, 0.420
368, 0.1229, 0.411
369, 0.1714, 0.435
370, 0.2090, 0.442
371, 0.1191, 0.421
372, 0.1757, 0.420
373, 0.2237, 0.420
374, 0.1953, 0.419
375, 0.2178, 0.443
376, 0.2284, 0.436
377, 0.2239, 0.420
378, 0.1036, 0.419
379, 0.1645, 0.413
380, 0.1431, 0.410
381, 0.1741, 0.435
382, 0.2514, 0.439
383, 0.1820, 0.422
384, 0.1577, 0.415
385, 0.2608, 0.421
386, 0.2243, 0.413
387, 0.2603, 0.438
388, 0.1873, 0.438
389, 0.2600, 0.433
390, 0.1292, 0.419
391, 0.1728, 0.420
392, 0.1385, 0.410
393, 0.2190, 0.425
394, 0.1261, 0.438
395, 0.1737, 0.434
396, 0.1651, 0.415
397, 0.2147, 0.414
398, 0.1541, 0.414
399, 0.1442, 0.439
400, 0.1805, 0.436
401, 0.3810, 0.411
402, 0.1679, 0.418
403, 0.2368, 0.417
404, 0.1185, 0.419
405, 0.1854, 0.431
406, 0.1575, 0.426
407, 0.2264, 0.419
408, 0.2461, 0.416
409, 0.1485, 0.414
410, 0.1664, 0.417
411, 0.2043, 0.419
412, 0.1763, 0.416
413, 0.1263, 0.416
414, 0.2208, 0.428
415, 0.2516, 0.423
416, 0.2222, 0.433
417, 0.1887, 0.435
418, 0.1984, 0.420
419, 0.2544, 0.423
420, 0.1853, 0.426
421, 0.2168, 0.419
422, 0.2704, 0.426
423, 0.2327, 0.431
424, 0.1799, 0.423
425, 0.1097, 0.441
426, 0.1942, 0.424
427, 0.2170, 0.422
428, 0.1710, 0.418
429, 0.1791, 0.424
430, 0.3469, 0.429
431, 0.2894, 0.434
432, 0.2450, 0.422
433, 0.2329, 0.415
434, 0.1745, 0.433
435, 0.1822, 0.421
436, 0.1430, 0.427
437, 0.1207, 0.420
438, 0.2537, 0.440
439, 0.1999, 0.421
440, 0.1450, 0.421
441, 0.1459, 0.418
442, 0.2554, 0.432
443, 0.2278, 0.431
444, 0.1324, 0.414
445, 0.1862, 0.415
446, 0.2092, 0.418
447, 0.1360, 0.437
448, 0.1580, 0.421
449, 0.1881, 0.416
450, 0.2502, 0.420
451, 0.1406, 0.415
452, 0.2597, 0.416
453, 0.2288, 0.424
454, 0.2048, 0.431
455, 0.2486, 0.439
456, 0.1994, 0.428
457, 0.1897, 0.436
458, 0.2216, 0.421
459, 0.1791, 0.437
460, 0.2761, 0.422
461, 0.1347, 0.423
462, 0.2065, 0.420
463, 0.2338, 0.421
464, 0.2473, 0.419
465, 0.3041, 0.415
466, 0.1070, 0.416
467, 0.1320, 0.425
468, 0.1038, 0.414
469, 0.1580, 0.421
470, 0.0831, 0.419
471, 0.1497, 0.429
472, 0.2163, 0.436
473, 0.2159, 0.424
474, 0.2263, 0.421
475, 0.1516, 0.431
476, 0.1912, 0.414
477, 0.1463, 0.416
478, 0.1102, 0.420
479, 0.1697, 0.420
480, 0.1146, 0.413
481, 0.1132, 0.416
482, 0.2354, 0.418
483, 0.2000, 0.412
484, 0.1191, 0.414
485, 0.1189, 0.424
486, 0.1417, 0.417
487, 0.1783, 0.424
488, 0.1668, 0.417
489, 0.1581, 0.419
490, 0.1504, 0.425
491, 0.1767, 0.417
492, 0.1852, 0.420
493, 0.1766, 0.420
494, 0.2656, 0.439
495, 0.2116, 0.417
496, 0.1751, 0.410
497, 0.2081, 0.415
498, 0.1053, 0.415
499, 0.0886, 0.413
500, 0.1580, 0.410
501, 0.1985, 0.420
502, 0.1254, 0.418
503, 0.1193, 0.422
504, 0.2205, 0.437
505, 0.1550, 0.422
506, 0.3181, 0.422
507, 0.2502, 0.426
508, 0.1419, 0.415
509, 0.1219, 0.419
510, 0.1286, 0.422
511, 0.1908, 0.421
512, 0.1956, 0.412
513, 0.1639, 0.416
514, 0.1463, 0.417
515, 0.1682, 0.417
516, 0.1600, 0.415
517, 0.1074, 0.415
518, 0.1835, 0.426
519, 0.1733, 0.472
520, 0.2269, 0.438
521, 0.1470, 0.439
522, 0.0767, 0.437
523, 0.1661, 0.437
524, 0.1767, 0.436
525, 0.1227, 0.418
526, 0.0718, 0.443
527, 0.1999, 0.442
528, 0.2325, 0.443
529, 0.1783, 0.444
530, 0.2165, 0.438
531, 0.2269, 0.428
532, 0.0908, 0.434
533, 0.1727, 0.439
534, 0.1622, 0.445
535, 0.2961, 0.441
536, 0.1923, 0.441
537, 0.2205, 0.425
538, 0.2677, 0.437
539, 0.2866, 0.440
540, 0.2546, 0.440
541, 0.1689, 0.438
542, 0.1374, 0.440
543, 0.2493, 0.421
544, 0.2187, 0.438
545, 0.2155, 0.441
546, 0.1633, 0.438
547, 0.1824, 0.416
548, 0.2222, 0.416
549, 0.1745, 0.413
550, 0.1211, 0.415
551, 0.1643, 0.438
552, 0.2827, 0.432
553, 0.1703, 0.421
554, 0.1504, 0.418
555, 0.2047, 0.419
556, 0.1891, 0.415
557, 0.3183, 0.439
558, 0.1542, 0.442
559, 0.1437, 0.423
560, 0.2417, 0.416
561, 0.0981, 0.418
562, 0.1626, 0.412
563, 0.2181, 0.427
564, 0.2027, 0.434
565, 0.1804, 0.423
566, 0.1323, 0.420
567, 0.1009, 0.421
568, 0.1512, 0.412
569, 0.1422, 0.439
570, 0.1660, 0.436
571, 0.0798, 0.427
572, 0.1414, 0.416
573, 0.1435, 0.418
574, 0.1596, 0.414
575, 0.1193, 0.439
576, 0.1912, 0.436
577, 0.0846, 0.430
578, 0.1352, 0.416
579, 0.1847, 0.414
580, 0.2048, 0.410
581, 0.2610, 0.435
582, 0.1896, 0.440
583, 0.1453, 0.435
584, 0.2370, 0.416
585, 0.1601, 0.420
586, 0.1582, 0.414
587, 0.1389, 0.436
588, 0.1770, 0.434
589, 0.2102, 0.434
590, 0.2332, 0.420
591, 0.1280, 0.419
592, 0.2025, 0.414
593, 0.1811, 0.438
594, 0.1598, 0.436
595, 0.1668, 0.434
596, 0.2039, 0.414
597, 0.1172, 0.418
598, 0.1354, 0.416
599, 0.1913, 0.439
600, 0.1861, 0.437
601, 0.1726, 0.412
602, 0.1940, 0.418
603, 0.2536, 0.414
604, 0.1723, 0.416
605, 0.2002, 0.434
606, 0.2289, 0.419
607, 0.1400, 0.419
608, 0.2028, 0.416
609, 0.1608, 0.415
610, 0.1687, 0.416
611, 0.1658, 0.416
612, 0.1561, 0.415
613, 0.2838, 0.418
614, 0.0911, 0.438
615, 0.1646, 0.418
616, 0.1514, 0.413
617, 0.2261, 0.416
618, 0.1753, 0.418
619, 0.1216, 0.420
620, 0.2077, 0.416
621, 0.1005, 0.416
622, 0.1389, 0.426
623, 0.1890, 0.428
624, 0.1877, 0.421
625, 0.1399, 0.425
626, 0.1266, 0.419
627, 0.1405, 0.417
628, 0.1463, 0.411
629, 0.1172, 0.418
630, 0.1530, 0.428
631, 0.0921, 0.421
632, 0.1207, 0.415
633, 0.1682, 0.418
634, 0.2144, 0.418
635, 0.1524, 0.423
636, 0.1957, 0.413
637, 0.0996, 0.424
638, 0.1529, 0.430
639, 0.3083, 0.417
640, 0.2076, 0.420
641, 0.1828, 0.420
642, 0.1979, 0.424
643, 0.2214, 0.424
644, 0.2101, 0.418
645, 0.1013, 0.416
646, 0.1675, 0.421
647, 0.2063, 0.421
648, 0.2059, 0.414
649, 0.2644, 0.419
650, 0.1472, 0.431
651, 0.3239, 0.422
652, 0.1688, 0.412
653, 0.1580, 0.415
654, 0.1784, 0.425
655, 0.1110, 0.417
656, 0.1927, 0.415
657, 0.1219, 0.430
658, 0.1441, 0.424
659, 0.2007, 0.417
660, 0.1970, 0.413
661, 0.1674, 0.416
662, 0.1126, 0.420
663, 0.1655, 0.422
664, 0.2189, 0.420
665, 0.1504, 0.417
666, 0.2326, 0.416
667, 0.1478, 0.414
668, 0.1716, 0.414
669, 0.2140, 0.415
670, 0.2164, 0.418
671, 0.2233, 0.419
672, 0.1489, 0.433
673, 0.1864, 0.423
674, 0.1288, 0.420
675, 0.1439, 0.419
676, 0.1177, 0.417
677, 0.1414, 0.416
678, 0.1184, 0.419
679, 0.2045, 0.422
680, 0.2444, 0.417
681, 0.2378, 0.417
682, 0.1696, 0.416
683, 0.1290, 0.415
684, 0.1490, 0.413
685, 0.1988, 0.416
686, 0.2301, 0.418
687, 0.1297, 0.419
688, 0.2007, 0.416
689, 0.1483, 0.426
690, 0.1408, 0.418
691, 0.1084, 0.418
692, 0.1965, 0.415
693, 0.1518, 0.416
694, 0.2771, 0.428
695, 0.1742, 0.424
696, 0.1654, 0.415
697, 0.1617, 0.417
698, 0.2098, 0.415
699, 0.2094, 0.414
700, 0.1036, 0.411
701, 0.1472, 0.428
702, 0.1985, 0.417
703, 0.1029, 0.416
704, 0.1294, 0.416
705, 0.2431, 0.420
706, 0.2590, 0.419
707, 0.1593, 0.417
708, 0.1442, 0.425
709, 0.1327, 0.417
710, 0.1446, 0.422
711, 0.2325, 0.429
712, 0.2050, 0.417
713, 0.2617, 0.428
714, 0.1693, 0.455
715, 0.1943, 0.408
716, 0.1580, 0.434
717, 0.1642, 0.410
718, 0.1227, 0.415
719, 0.2174, 0.414
720, 0.1527, 0.415
721, 0.2505, 0.437
722, 0.2360, 0.412
723, 0.1428, 0.412
724, 0.0995, 0.416
725, 0.2185, 0.434
726, 0.1940, 0.441
727, 0.2098, 0.452
728, 0.2733, 0.430
729, 0.1504, 0.424
730, 0.1964, 0.420
731, 0.2545, 0.408
732, 0.1531, 0.404
733, 0.2357, 0.395
734, 0.1527, 0.398
735, 0.1908, 0.405
736, 0.1478, 0.411
737, 0.1457, 0.415
738, 0.1385, 0.430
739, 0.1634, 0.416
740, 0.1873, 0.435
741, 0.2669, 0.413
742, 0.1277, 0.414
743, 0.1778, 0.414
744, 0.1911, 0.438
745, 0.1638, 0.435
746, 0.1101, 0.440
747, 0.1267, 0.422
748, 0.2147, 0.425
749, 0.1648, 0.443
750, 0.1455, 0.443
751, 0.1833, 0.428
752, 0.1972, 0.441
753, 0.2056, 0.422
754, 0.1360, 0.420
755, 0.2081, 0.435
756, 0.1517, 0.434
757, 0.1807, 0.430
758, 0.1768, 0.439
759, 0.1183, 0.420
760, 0.1503, 0.422
761, 0.1940, 0.422
762, 0.1410, 0.438
763, 0.1784, 0.428
764, 0.2102, 0.434
765, 0.2194, 0.416
766, 0.2141, 0.412
767, 0.1433, 0.414
768, 0.1561, 0.432
769, 0.1182, 0.421
770, 0.2407, 0.433
771, 0.1857, 0.417
772, 0.1360, 0.416
773, 0.1351, 0.411
774, 0.1069, 0.415
775, 0.0843, 0.415
776, 0.2543, 0.416
777, 0.1652, 0.417
778, 0.2461, 0.414
779, 0.1573, 0.413
780, 0.2256, 0.416
781, 0.1672, 0.415
782, 0.1887, 0.424
783, 0.2045, 0.410
784, 0.2196, 0.412
785, 0.2391, 0.417
786, 0.2164, 0.416
787, 0.2664, 0.425
788, 0.1851, 0.413
789, 0.1701, 0.434
790, 0.2182, 0.415
791, 0.1633, 0.414
792, 0.1136, 0.438
793, 0.1626, 0.425
794, 0.1746, 0.421
795, 0.1344, 0.438
796, 0.2278, 0.417
797, 0.1319, 0.414
798, 0.1134, 0.432
799, 0.2012, 0.423
800, 0.1981, 0.425
801, 0.2159, 0.413
802, 0.1640, 0.418
803, 0.1447, 0.419
804, 0.1665, 0.412
805, 0.1315, 0.426
806, 0.1432, 0.435
807, 0.1927, 0.415
808, 0.2156, 0.414
809, 0.0816, 0.418
810, 0.1435, 0.438
811, 0.1564, 0.417
812, 0.1139, 0.423
813, 0.1452, 0.418
814, 0.1701, 0.417
815, 0.1175, 0.422
816, 0.1663, 0.432
817, 0.1935, 0.433
818, 0.2495, 0.429
819, 0.2649, 0.420
820, 0.2111, 0.413
821, 0.1524, 0.422
822, 0.1545, 0.434
823, 0.1764, 0.424
824, 0.2045, 0.427
825, 0.1244, 0.443
826, 0.1438, 0.420
827, 0.1796, 0.426
828, 0.1087, 0.421
829, 0.1550, 0.414
830, 0.1335, 0.421
831, 0.1171, 0.420
832, 0.1310, 0.422
833, 0.1658, 0.413
834, 0.1283, 0.425
835, 0.1139, 0.422
836, 0.1743, 0.416
837, 0.2155, 0.417
838, 0.1507, 0.422
839, 0.1151, 0.433
840, 0.1571, 0.422
841, 0.1975, 0.429
842, 0.1370, 0.420
843, 0.1114, 0.419
844, 0.1586, 0.427
845, 0.1204, 0.413
846, 0.1662, 0.418
847, 0.1807, 0.425
848, 0.1370, 0.416
849, 0.1681, 0.423
850, 0.1130, 0.416
851, 0.1698, 0.425
852, 0.1497, 0.414
853, 0.1884, 0.417
854, 0.1700, 0.418
855, 0.1331, 0.420
856, 0.1290, 0.420
857, 0.2393, 0.431
858, 0.1693, 0.429
859, 0.1572, 0.423
860, 0.1480, 0.419
861, 0.1058, 0.415
862, 0.1995, 0.417
863, 0.2236, 0.427
864, 0.1949, 0.423
865, 0.2705, 0.420
866, 0.1885, 0.417
867, 0.2394, 0.428
868, 0.1891, 0.412
869, 0.2165, 0.414
870, 0.1613, 0.415
871, 0.1653, 0.418
872, 0.1420, 0.420
873, 0.1305, 0.419
874, 0.1596, 0.417
875, 0.0778, 0.417
876, 0.1157, 0.421
877, 0.1486, 0.426
878, 0.1639, 0.412
879, 0.2359, 0.432
880, 0.1257, 0.420
881, 0.1830, 0.422
882, 0.1245, 0.412
883, 0.0910, 0.416
884, 0.1427, 0.419
885, 0.1359, 0.416
886, 0.2526, 0.414
887, 0.1754, 0.417
888, 0.2246, 0.421
889, 0.1761, 0.427
890, 0.1596, 0.428
891, 0.1992, 0.431
892, 0.1873, 0.420
893, 0.1737, 0.431
894, 0.1772, 0.436
895, 0.0448, 0.425
896, 0.0519, 0.430
897, 0.1030, 0.420
898, 0.1775, 0.416
899, 0.1728, 0.415
900, 0.2098, 0.414
901, 0.1282, 0.415
902, 0.1052, 0.415
903, 0.2129, 0.416
904, 0.2135, 0.417
905, 0.1367, 0.417
906, 0.1078, 0.417
907, 0.1689, 0.418
908, 0.1100, 0.417
909, 0.1196, 0.415
910, 0.1263, 0.411
911, 0.0893, 0.427
912, 0.1580, 0.423
913, 0.1467, 0.424
914, 0.1973, 0.417
915, 0.2244, 0.426
916, 0.0900, 0.412
917, 0.1503, 0.446
918, 0.1586, 0.413
919, 0.1281, 0.420
920, 0.1915, 0.436
921, 0.1948, 0.440
922, 0.2104, 0.441
923, 0.2602, 0.420
924, 0.1223, 0.417
925, 0.1432, 0.418
926, 0.1631, 0.437
927, 0.1328, 0.400
928, 0.2294, 0.401
929, 0.1109, 0.398
930, 0.1829, 0.396
931, 0.1515, 0.395
932, 0.1494, 0.415
933, 0.1364, 0.425
934, 0.1398, 0.415
935, 0.1094, 0.435
936, 0.1521, 0.417
937, 0.2392, 0.417
938, 0.1494, 0.412
939, 0.1657, 0.416
940, 0.1765, 0.415
941, 0.2737, 0.415
942, 0.1795, 0.415
943, 0.1610, 0.422
944, 0.1078, 0.421
945, 0.1772, 0.422
946, 0.2911, 0.422
947, 0.1739, 0.419
948, 0.1483, 0.416
949, 0.1730, 0.418
950, 0.1521, 0.414
951, 0.1497, 0.413
952, 0.2167, 0.416
953, 0.0478, 0.416
954, 0.1695, 0.418
955, 0.1334, 0.415
956, 0.2631, 0.414
957, 0.1273, 0.415
958, 0.1877, 0.417
959, 0.1603, 0.414
960, 0.1602, 0.415
961, 0.1387, 0.414
962, 0.2079, 0.412
963, 0.2839, 0.412
964, 0.2018, 0.416
965, 0.1529, 0.426
966, 0.2609, 0.431
967, 0.0948, 0.418
968, 0.1197, 0.418
969, 0.1707, 0.417
970, 0.1568, 0.427
971, 0.1112, 0.431
972, 0.1111, 0.424
973, 0.1069, 0.415
974, 0.1329, 0.415
975, 0.0823, 0.414
976, 0.1578, 0.425
977, 0.2236, 0.414
978, 0.1623, 0.412
979, 0.1489, 0.415
980, 0.1282, 0.413
981, 0.2050, 0.415
982, 0.1759, 0.418
983, 0.1801, 0.418
984, 0.1808, 0.415
985, 0.1847, 0.417
986, 0.1521, 0.415
987, 0.1102, 0.413
988, 0.1732, 0.411
989, 0.2471, 0.414
990, 0.1805, 0.414
991, 0.1719, 0.416
992, 0.2159, 0.416
993, 0.1929, 0.414
994, 0.1411, 0.412
995, 0.1175, 0.415
996, 0.1085, 0.414
997, 0.1151, 0.414
998, 0.1623, 0.415
999, 0.1490, 0.415
1000, 0.1128, 0.415
1001, 0.2687, 0.412
1002, 0.2095, 0.418
1003, 0.2139, 0.414
1004, 0.1426, 0.418
1005, 0.0646, 0.418
1006, 0.1285, 0.419
1007, 0.0869, 0.414
1008, 0.1696, 0.414
1009, 0.1766, 0.417
1010, 0.1996, 0.415
1011, 0.1515, 0.430
1012, 0.1996, 0.418
1013, 0.1866, 0.420
1014, 0.1760, 0.422
1015, 0.2240, 0.421
1016, 0.2135, 0.414
1017, 0.1680, 0.428
1018, 0.1789, 0.421
1019, 0.2300, 0.417
1020, 0.2323, 0.413
1021, 0.2033, 0.417
1022, 0.1582, 0.427
1023, 0.1712, 0.420
1024, 0.0930, 0.421
1025, 0.2536, 0.423
1026, 0.1366, 0.419
1027, 0.2151, 0.417
1028, 0.1786, 0.413
1029, 0.1521, 0.418
1030, 0.2134, 0.435
1031, 0.1386, 0.419
1032, 0.1427, 0.416
1033, 0.2119, 0.424
1034, 0.1564, 0.420
1035, 0.1347, 0.428
1036, 0.1421, 0.415
1037, 0.1540, 0.427
1038, 0.1557, 0.418
1039, 0.1565, 0.418
1040, 0.1488, 0.418
1041, 0.1112, 0.420
1042, 0.1670, 0.424
1043, 0.0945, 0.425
1044, 0.1541, 0.415
1045, 0.1469, 0.420
1046, 0.1207, 0.422
1047, 0.2150, 0.424
1048, 0.2080, 0.441
1049, 0.0704, 0.428
1050, 0.1026, 0.423
1051, 0.1496, 0.418
1052, 0.1626, 0.414
1053, 0.2219, 0.418
1054, 0.1664, 0.430
1055, 0.1700, 0.416
1056, 0.0401, 0.418
1057, 0.1930, 0.420
1058, 0.1350, 0.423
1059, 0.0997, 0.423
1060, 0.2045, 0.412
1061, 0.2218, 0.419
1062, 0.1274, 0.419
1063, 0.1135, 0.420
1064, 0.2161, 0.416
1065, 0.2519, 0.425
1066, 0.1708, 0.421
1067, 0.1931, 0.422
1068, 0.1434, 0.414
1069, 0.1478, 0.416
1070, 0.1828, 0.416
1071, 0.0737, 0.416
1072, 0.1805, 0.417
1073, 0.0893, 0.420
1074, 0.1601, 0.416
1075, 0.1289, 0.415
1076, 0.1368, 0.412
1077, 0.1786, 0.417
1078, 0.1454, 0.420
1079, 0.1306, 0.419
1080, 0.2232, 0.424
1081, 0.2118, 0.421
1082, 0.1199, 0.420
1083, 0.1007, 0.418
1084, 0.0494, 0.415
1085, 0.1304, 0.417
1086, 0.1453, 0.435
1087, 0.1838, 0.417
1088, 0.1137, 0.418
1089, 0.1253, 0.422
1090, 0.1398, 0.420
1091, 0.0850, 0.415
1092, 0.2066, 0.417
1093, 0.1124, 0.415
1094, 0.1613, 0.421
1095, 0.1555, 0.421
1096, 0.1111, 0.429
1097, 0.1428, 0.420
1098, 0.1691, 0.428
1099, 0.1284, 0.417
1100, 0.1913, 0.415
1101, 0.1463, 0.414
1102, 0.1759, 0.415
1103, 0.2269, 0.418
1104, 0.0838, 0.418
1105, 0.1188, 0.428
1106, 0.1823, 0.418
1107, 0.2459, 0.416
1108, 0.1845, 0.415
1109, 0.1196, 0.415
1110, 0.1347, 0.428
1111, 0.1591, 0.417
1112, 0.2132, 0.415
1113, 0.1671, 0.450
1114, 0.1520, 0.425
1115, 0.1308, 0.435
1116, 0.1564, 0.467
1117, 0.2432, 0.414
1118, 0.1421, 0.432
1119, 0.1581, 0.435
1120, 0.1977, 0.440
1121, 0.1723, 0.443
1122, 0.1375, 0.427
1123, 0.1514, 0.429
1124, 0.1708, 0.437
1125, 0.0852, 0.439
1126, 0.0641, 0.439
1127, 0.1102, 0.435
1128, 0.1606, 0.436
1129, 0.1444, 0.426
1130, 0.1977, 0.439
1131, 0.1917, 0.442
1132, 0.1344, 0.454
1133, 0.1222, 0.448
1134, 0.1176, 0.425
1135, 0.1788, 0.419
1136, 0.1057, 0.418
1137, 0.1258, 0.443
1138, 0.0918, 0.440
1139, 0.1868, 0.420
1140, 0.2291, 0.416
1141, 0.1194, 0.417
1142, 0.0895, 0.413
1143, 0.1221, 0.438
1144, 0.1908, 0.436
1145, 0.1136, 0.418
1146, 0.1854, 0.420
1147, 0.1421, 0.416
1148, 0.1573, 0.412
1149, 0.1621, 0.412
1150, 0.0706, 0.436
1151, 0.2234, 0.427
1152, 0.1221, 0.420
1153, 0.1224, 0.420
1154, 0.1423, 0.413
1155, 0.1693, 0.434
1156, 0.1187, 0.434
1157, 0.1942, 0.432
1158, 0.2378, 0.417
1159, 0.1796, 0.417
1160, 0.2451, 0.414
1161, 0.1679, 0.416
1162, 0.1619, 0.439
1163, 0.1955, 0.436
1164, 0.1960, 0.416
1165, 0.1560, 0.415
1166, 0.1333, 0.412
1167, 0.1596, 0.437
1168, 0.0931, 0.441
1169, 0.1935, 0.442
1170, 0.2027, 0.420
1171, 0.2002, 0.418
1172, 0.1895, 0.415
1173, 0.1578, 0.428
1174, 0.1467, 0.435
1175, 0.1798, 0.437
1176, 0.1949, 0.419
1177, 0.1494, 0.421
1178, 0.1451, 0.414
1179, 0.1160, 0.417
1180, 0.1432, 0.436
1181, 0.1251, 0.437
1182, 0.1877, 0.416
1183, 0.1235, 0.418
1184, 0.1046, 0.418
1185, 0.2109, 0.419
1186, 0.1720, 0.437
1187, 0.1276, 0.438
1188, 0.1283, 0.417
1189, 0.1665, 0.419
1190, 0.1939, 0.415
1191, 0.1730, 0.413
1192, 0.0943, 0.438
1193, 0.1753, 0.440
1194, 0.1253, 0.419
1195, 0.1173, 0.422
1196, 0.1830, 0.415
1197, 0.1672, 0.414
1198, 0.1515, 0.437
1199, 0.0740, 0.437
1200, 0.1300, 0.419
1201, 0.0921, 0.414
1202, 0.1245, 0.420
1203, 0.0798, 0.419
1204, 0.1585, 0.420
1205, 0.2038, 0.420
1206, 0.2238, 0.453
1207, 0.0993, 0.398
1208, 0.1789, 0.401
1209, 0.0843, 0.408
1210, 0.1422, 0.417
1211, 0.1378, 0.420
1212, 0.1641, 0.422
1213, 0.2178, 0.425
1214, 0.1376, 0.419
1215, 0.1452, 0.424
1216, 0.1830, 0.415
1217, 0.1079, 0.423
1218, 0.0430, 0.422
1219, 0.2546, 0.427
1220, 0.2007, 0.419
1221, 0.1556, 0.419
1222, 0.1769, 0.428
1223, 0.1834, 0.419
1224, 0.1302, 0.422
1225, 0.0951, 0.420
1226, 0.1090, 0.421
1227, 0.2383, 0.426
1228, 0.1672, 0.423
1229, 0.1963, 0.418
1230, 0.1730, 0.422
1231, 0.1756, 0.425
1232, 0.1599, 0.421
1233, 0.1334, 0.440
1234, 0.1706, 0.441
1235, 0.2069, 0.435
1236, 0.1556, 0.419
1237, 0.2141, 0.420
1238, 0.1715, 0.425
1239, 0.2426, 0.430
1240, 0.1737, 0.423
1241, 0.1381, 0.414
1242, 0.1941, 0.429
1243, 0.1579, 0.420
1244, 0.2623, 0.422
1245, 0.1445, 0.419
1246, 0.1820, 0.418
1247, 0.1422, 0.418
1248, 0.1725, 0.419
1249, 0.2053, 0.420
1250, 0.1623, 0.419
1251, 0.1702, 0.430
1252, 0.1824, 0.417
1253, 0.1392, 0.419
1254, 0.2179, 0.418
1255, 0.2240, 0.422
1256, 0.1221, 0.416
1257, 0.2046, 0.418
1258, 0.2185, 0.425
1259, 0.1747, 0.426
1260, 0.2028, 0.416
1261, 0.1527, 0.425
1262, 0.2032, 0.433
1263, 0.1353, 0.419
1264, 0.2114, 0.434
1265, 0.1915, 0.420
1266, 0.1340, 0.436
1267, 0.1770, 0.417
1268, 0.2494, 0.414
1269, 0.1320, 0.416
1270, 0.2150, 0.436
1271, 0.1061, 0.415
1272, 0.2977, 0.412
1273, 0.1914, 0.417
1274, 0.1629, 0.414
1275, 0.1901, 0.412
1276, 0.2169, 0.437
1277, 0.2346, 0.426
1278, 0.1844, 0.421
1279, 0.1326, 0.430
1280, 0.0796, 0.419
1281, 0.1572, 0.418
1282, 0.1240, 0.420
1283, 0.1078, 0.417
1284, 0.1968, 0.419
1285, 0.1368, 0.413
1286, 0.1336, 0.419
1287, 0.1575, 0.417
1288, 0.1579, 0.419
1289, 0.0985, 0.437
1290, 0.1177, 0.416
1291, 0.0788, 0.430
1292, 0.2189, 0.414
1293, 0.1341, 0.416
1294, 0.1023, 0.420
1295, 0.1159, 0.415
1296, 0.1180, 0.417
1297, 0.0759, 0.420
1298, 0.1227, 0.419
1299, 0.1802, 0.417
1300, 0.1162, 0.415
1301, 0.1038, 0.415
1302, 0.1408, 0.418
1303, 0.2174, 0.417
1304, 0.1368, 0.415
1305, 0.2211, 0.419
1306, 0.1637, 0.417
1307, 0.1694, 0.429
1308, 0.1930, 0.414
1309, 0.1275, 0.416
1310, 0.1691, 0.420
1311, 0.0990, 0.416
1312, 0.1472, 0.414
1313, 0.1826, 0.419
1314, 0.1477, 0.429
1315, 0.1298, 0.417
1316, 0.1543, 0.442
1317, 0.1977, 0.439
1318, 0.1831, 0.439
1319, 0.1515, 0.436
1320, 0.1412, 0.436
1321, 0.1732, 0.424
1322, 0.1147, 0.418
1323, 0.1312, 0.433
1324, 0.1972, 0.436
1325, 0.1660, 0.425
1326, 0.0808, 0.427
1327, 0.1240, 0.419
1328, 0.1077, 0.438
1329, 0.1494, 0.422
1330, 0.2616, 0.440
1331, 0.2508, 0.421
1332, 0.2497, 0.423
1333, 0.1453, 0.421
1334, 0.1549, 0.445
1335, 0.1597, 0.440
1336, 0.1570, 0.439
1337, 0.1630, 0.422
1338, 0.1189, 0.419
1339, 0.1287, 0.418
1340, 0.1765, 0.436
1341, 0.2120, 0.440
1342, 0.2100, 0.438
1343, 0.1999, 0.420
1344, 0.1988, 0.437
1345, 0.1112, 0.416
1346, 0.1391, 0.437
1347, 0.1356, 0.437
1348, 0.1483, 0.441
1349, 0.1182, 0.422
1350, 0.1324, 0.420
1351, 0.2808, 0.414
1352, 0.1005, 0.436
1353, 0.1917, 0.423
1354, 0.1664, 0.429
1355, 0.1387, 0.424
1356, 0.1758, 0.416
1357, 0.1020, 0.418
1358, 0.1498, 0.440
1359, 0.1915, 0.431
1360, 0.1509, 0.424
1361, 0.1312, 0.430
1362, 0.1774, 0.417
1363, 0.1792, 0.420
1364, 0.2367, 0.440
1365, 0.1667, 0.433
1366, 0.1376, 0.421
1367, 0.1545, 0.434
1368, 0.1303, 0.416
1369, 0.1699, 0.418
1370, 0.1586, 0.439
1371, 0.1709, 0.423
1372, 0.1862, 0.417
1373, 0.1850, 0.438
1374, 0.0885, 0.415
1375, 0.1787, 0.414
1376, 0.1358, 0.427
1377, 0.1187, 0.428
1378, 0.1507, 0.420
1379, 0.1432, 0.437
1380, 0.2610, 0.419
1381, 0.1376, 0.415
1382, 0.2620, 0.426
1383, 0.2211, 0.431
1384, 0.1782, 0.422
1385, 0.1917, 0.441
1386, 0.1940, 0.417
1387, 0.1439, 0.417
1388, 0.1297, 0.433
1389, 0.2307, 0.432
1390, 0.1143, 0.418
1391, 0.0481, 0.439
1392, 0.0560, 0.418
1393, 0.1610, 0.420
1394, 0.1525, 0.434
1395, 0.2016, 0.433
1396, 0.2547, 0.418
1397, 0.2068, 0.440
1398, 0.1378, 0.420
1399, 0.1524, 0.415
1400, 0.1757, 0.434
1401, 0.2298, 0.412
1402, 0.2690, 0.419
1403, 0.1453, 0.419
1404, 0.1203, 0.415
1405, 0.1586, 0.423
1406, 0.1630, 0.468
1407, 0.1617, 0.415
1408, 0.2011, 0.416
1409, 0.1990, 0.419
1410, 0.1602, 0.416
1411, 0.1652, 0.417
1412, 0.1419, 0.418
1413, 0.1887, 0.424
1414, 0.1382, 0.426
1415, 0.1518, 0.419
1416, 0.1260, 0.415
1417, 0.1577, 0.421
1418, 0.1611, 0.418
1419, 0.1306, 0.435
1420, 0.1034, 0.435
1421, 0.1792, 0.419
1422, 0.2203, 0.423
1423, 0.2152, 0.426
1424, 0.1184, 0.438
1425, 0.0802, 0.429
1426, 0.1549, 0.425
1427, 0.1076, 0.432
1428, 0.0911, 0.432
1429, 0.1426, 0.426
1430, 0.1308, 0.421
1431, 0.1677, 0.427
1432, 0.0944, 0.422
1433, 0.1999, 0.413
1434, 0.1476, 0.417
1435, 0.1463, 0.428
1436, 0.1375, 0.427
1437, 0.2347, 0.421
1438, 0.1262, 0.413
1439, 0.0779, 0.414
1440, 0.2014, 0.421
1441, 0.1526, 0.447
1442, 0.0862, 0.426
1443, 0.1638, 0.426
1444, 0.1376, 0.418
1445, 0.1050, 0.415
1446, 0.1044, 0.418
1447, 0.2052, 0.426
1448, 0.1906, 0.421
1449, 0.1290, 0.420
1450, 0.1377, 0.418
1451, 0.0650, 0.423
1452, 0.1190, 0.419
1453, 0.1634, 0.439
1454, 0.1431, 0.425
1455, 0.1856, 0.420
1456, 0.1545, 0.438
1457, 0.1604, 0.424
1458, 0.1890, 0.441
1459, 0.0944, 0.437
1460, 0.0800, 0.421
1461, 0.1746, 0.421
1462, 0.1450, 0.425
1463, 0.1944, 0.429
1464, 0.1430, 0.417
1465, 0.1507, 0.423
1466, 0.1190, 0.439
1467, 0.1701, 0.422
1468, 0.1261, 0.416
1469, 0.1934, 0.432
1470, 0.2022, 0.430
1471, 0.1327, 0.429
1472, 0.1380, 0.411
1473, 0.1681, 0.409
1474, 0.1397, 0.420
1475, 0.0836, 0.413
1476, 0.1547, 0.423
1477, 0.1561, 0.424
1478, 0.1673, 0.430
1479, 0.1731, 0.418
1480, 0.1418, 0.417
1481, 0.2349, 0.420
1482, 0.1388, 0.420
1483, 0.1392, 0.418
1484, 0.2304, 0.430
1485, 0.1125, 0.417
1486, 0.1730, 0.423
1487, 0.1492, 0.418
1488, 0.2005, 0.432
1489, 0.1345, 0.432
1490, 0.1913, 0.418
1491, 0.1273, 0.421
1492, 0.1569, 0.419
1493, 0.1818, 0.416
1494, 0.1044, 0.425
1495, 0.1176, 0.423
1496, 0.1361, 0.416
1497, 0.1744, 0.431
1498, 0.1860, 0.423
1499, 0.1641, 0.425
1500, 0.1303, 0.419
1501, 0.2335, 0.433
1502, 0.1046, 0.420
1503, 0.1186, 0.423
1504, 0.1717, 0.419
1505, 0.2182, 0.419
1506, 0.1587, 0.426
1507, 0.1068, 0.422
1508, 0.2206, 0.428
1509, 0.1007, 0.419
1510, 0.2099, 0.420
1511, 0.1468, 0.423
1512, 0.1374, 0.418
1513, 0.1692, 0.420
1514, 0.0917, 0.417
1515, 0.1040, 0.418
1516, 0.0667, 0.417
1517, 0.1545, 0.420
1518, 0.1852, 0.421
1519, 0.1355, 0.467
1520, 0.1043, 0.434
1521, 0.1096, 0.434
1522, 0.0908, 0.413
1523, 0.1858, 0.420
1524, 0.1785, 0.413
1525, 0.2011, 0.447
1526, 0.1877, 0.438
1527, 0.1361, 0.425
1528, 0.1254, 0.420
1529, 0.2014, 0.419
1530, 0.1907, 0.416
1531, 0.1071, 0.414
1532, 0.0745, 0.412
1533, 0.1405, 0.425
1534, 0.1504, 0.419
1535, 0.1059, 0.421
1536, 0.1074, 0.414
1537, 0.1135, 0.423
1538, 0.0668, 0.415
1539, 0.0896, 0.416
1540, 0.1176, 0.414
1541, 0.1180, 0.433
1542, 0.0981, 0.422
1543, 0.1347, 0.423
1544, 0.1728, 0.420
1545, 0.0892, 0.418
1546, 0.1311, 0.413
1547, 0.2022, 0.417
1548, 0.1292, 0.414
1549, 0.1957, 0.415
1550, 0.1971, 0.417
1551, 0.1099, 0.415
1552, 0.1436, 0.416
1553, 0.1374, 0.415
1554, 0.1221, 0.418
1555, 0.1205, 0.414
1556, 0.1596, 0.413
1557, 0.0955, 0.412
1558, 0.0726, 0.412
1559, 0.1756, 0.411
1560, 0.0865, 0.420
1561, 0.2283, 0.418
1562, 0.1629, 0.416
1563, 0.1185, 0.414
1564, 0.1271, 0.414
1565, 0.1777, 0.415
1566, 0.2422, 0.418
1567, 0.1637, 0.412
1568, 0.1711, 0.416
1569, 0.1698, 0.418
1570, 0.0995, 0.416
1571, 0.1683, 0.415
1572, 0.1229, 0.417
1573, 0.1166, 0.418
1574, 0.1287, 0.414
1575, 0.1193, 0.413
1576, 0.1425, 0.417
1577, 0.1096, 0.418
1578, 0.2259, 0.412
1579, 0.1563, 0.398
1580, 0.1511, 0.398
1581, 0.1948, 0.400
1582, 0.1328, 0.415
1583, 0.1286, 0.414
1584, 0.0549, 0.415
1585, 0.0797, 0.422
1586, 0.0623, 0.414
1587, 0.1002, 0.415
1588, 0.1150, 0.413
1589, 0.2094, 0.414
1590, 0.2297, 0.414
1591, 0.1928, 0.417
1592, 0.1057, 0.417
1593, 0.1580, 0.418
1594, 0.1511, 0.415
1595, 0.1495, 0.418
1596, 0.1563, 0.418
1597, 0.0921, 0.421
1598, 0.1346, 0.415
1599, 0.2094, 0.417
1600, 0.1804, 0.415
1601, 0.1399, 0.410
1602, 0.1427, 0.416
1603, 0.1292, 0.418
1604, 0.1057, 0.413
1605, 0.1224, 0.418
1606, 0.1417, 0.414
1607, 0.1220, 0.416
1608, 0.2045, 0.418
1609, 0.1400, 0.421
1610, 0.1370, 0.417
1611, 0.1927, 0.418
1612, 0.1357, 0.418
1613, 0.1071, 0.416
1614, 0.1381, 0.416
1615, 0.1920, 0.420
1616, 0.1435, 0.412
1617, 0.1193, 0.418
1618, 0.1538, 0.419
1619, 0.2210, 0.428
1620, 0.1768, 0.413
1621, 0.1875, 0.416
1622, 0.2725, 0.418
1623, 0.1559, 0.422
1624, 0.1428, 0.425
1625, 0.1870, 0.421
1626, 0.1817, 0.425
1627, 0.1969, 0.422
1628, 0.1287, 0.414
1629, 0.1743, 0.427
1630, 0.1253, 0.419
1631, 0.1691, 0.420
1632, 0.1246, 0.418
1633, 0.1501, 0.422
1634, 0.2156, 0.419
1635, 0.1407, 0.417
1636, 0.1588, 0.415
1637, 0.1843, 0.417
1638, 0.2039, 0.416
1639, 0.1076, 0.427
1640, 0.1531, 0.450
1641, 0.1966, 0.429
1642, 0.1665, 0.420
1643, 0.0752, 0.418
1644, 0.1923, 0.418
1645, 0.1654, 0.421
1646, 0.1327, 0.419
1647, 0.2216, 0.420
1648, 0.1825, 0.419
1649, 0.1466, 0.414
1650, 0.1962, 0.419
1651, 0.1157, 0.418
1652, 0.1940, 0.416
1653, 0.0659, 0.412
1654, 0.1777, 0.416
1655, 0.1526, 0.421
1656, 0.1015, 0.428
1657, 0.1687, 0.424
1658, 0.0661, 0.423
1659, 0.1538, 0.419
1660, 0.1158, 0.417
1661, 0.0802, 0.416
1662, 0.1689, 0.416
1663, 0.1421, 0.416
1664, 0.1220, 0.426
1665, 0.0834, 0.415
1666, 0.1698, 0.420
1667, 0.1756, 0.415
1668, 0.1262, 0.415
1669, 0.1710, 0.416
1670, 0.1034, 0.429
1671, 0.2639, 0.418
1672, 0.2052, 0.417
1673, 0.1569, 0.419
1674, 0.0806, 0.420
1675, 0.1921, 0.419
1676, 0.1081, 0.422
1677, 0.1466, 0.416
1678, 0.0750, 0.418
1679, 0.1671, 0.417
1680, 0.0730, 0.417
1681, 0.1463, 0.430
1682, 0.1550, 0.425
1683, 0.1561, 0.416
1684, 0.1126, 0.414
1685, 0.1130, 0.415
1686, 0.1611, 0.416
1687, 0.1410, 0.429
1688, 0.1464, 0.417
1689, 0.1420, 0.434
1690, 0.2067, 0.422
1691, 0.1339, 0.418
1692, 0.1238, 0.415
1693, 0.1370, 0.417
1694, 0.1047, 0.416
1695, 0.1502, 0.417
1696, 0.1348, 0.417
1697, 0.1147, 0.421
1698, 0.1109, 0.426
1699, 0.0984, 0.424
1700, 0.1534, 0.411
1701, 0.1548, 0.414
1702, 0.1528, 0.416
1703, 0.1349, 0.435
1704, 0.1536, 0.419
1705, 0.1063, 0.430
1706, 0.1423, 0.422
1707, 0.1483, 0.420
1708, 0.1405, 0.413
1709, 0.1035, 0.418
1710, 0.1464, 0.417
1711, 0.1488, 0.415
1712, 0.0755, 0.414
1713, 0.1765, 0.425
1714, 0.1224, 0.420
1715, 0.0784, 0.442
1716, 0.1116, 0.432
1717, 0.1264, 0.432
1718, 0.1534, 0.436
1719, 0.1408, 0.443
1720, 0.1227, 0.440
1721, 0.1344, 0.443
1722, 0.1973, 0.442
1723, 0.1414, 0.440
1724, 0.0884, 0.417
1725, 0.0770, 0.418
1726, 0.1473, 0.418
1727, 0.1163, 0.439
1728, 0.0712, 0.440
1729, 0.1695, 0.442
1730, 0.0853, 0.446
1731, 0.1286, 0.441
1732, 0.0772, 0.442
1733, 0.1019, 0.441
1734, 0.0936, 0.442
1735, 0.1107, 0.441
1736, 0.1125, 0.431
1737, 0.1405, 0.440
1738, 0.2459, 0.446
1739, 0.1162, 0.446
1740, 0.1119, 0.426
1741, 0.1607, 0.439
1742, 0.1517, 0.438
1743, 0.1303, 0.430
1744, 0.1185, 0.442
1745, 0.1680, 0.423
1746, 0.1933, 0.422
1747, 0.1468, 0.434
1748, 0.0753, 0.436
1749, 0.1590, 0.429
1750, 0.1212, 0.436
1751, 0.1196, 0.418
1752, 0.1826, 0.418
1753, 0.1634, 0.441
1754, 0.1097, 0.441
1755, 0.1493, 0.423
1756, 0.1822, 0.436
1757, 0.1410, 0.420
1758, 0.1163, 0.418
1759, 0.1667, 0.419
1760, 0.1657, 0.431
1761, 0.2045, 0.441
1762, 0.1455, 0.442
1763, 0.2066, 0.420
1764, 0.1919, 0.416
1765, 0.2800, 0.432
1766, 0.1200, 0.436
1767, 0.2693, 0.424
1768, 0.2478, 0.417
1769, 0.1967, 0.420
1770, 0.1215, 0.419
1771, 0.1773, 0.418
1772, 0.1347, 0.438
1773, 0.1054, 0.439
1774, 0.1042, 0.439
1775, 0.1788, 0.419
1776, 0.1242, 0.419
1777, 0.1983, 0.421
1778, 0.0875, 0.443
1779, 0.1307, 0.442
1780, 0.1764, 0.436
1781, 0.1399, 0.418
1782, 0.1749, 0.416
1783, 0.1589, 0.417
1784, 0.1888, 0.439
1785, 0.0976, 0.440
1786, 0.2200, 0.439
1787, 0.1222, 0.417
1788, 0.1128, 0.415
1789, 0.1764, 0.418
1790, 0.1653, 0.440
1791, 0.0928, 0.438
1792, 0.1197, 0.441
1793, 0.1109, 0.423
1794, 0.1214, 0.422
1795, 0.1339, 0.419
1796, 0.1583, 0.439
1797, 0.1829, 0.437
1798, 0.0851, 0.434
1799, 0.1169, 0.421
1800, 0.1115, 0.418
1801, 0.1044, 0.422
1802, 0.1273, 0.422
1803, 0.1815, 0.418
1804, 0.1004, 0.419
1805, 0.1491, 0.420
1806, 0.1354, 0.490
1807, 0.1893, 0.418
1808, 0.1235, 0.423
1809, 0.1629, 0.419
1810, 0.1507, 0.418
1811, 0.1347, 0.419
1812, 0.1085, 0.416
1813, 0.1138, 0.417
1814, 0.1243, 0.420
1815, 0.1143, 0.423
1816, 0.2670, 0.437
1817, 0.2389, 0.436
1818, 0.0951, 0.424
1819, 0.1336, 0.429
1820, 0.1318, 0.406
1821, 0.0789, 0.415
1822, 0.0532, 0.424
1823, 0.1281, 0.425
1824, 0.1130, 0.419
1825, 0.1215, 0.443
1826, 0.2377, 0.424
1827, 0.1194, 0.421
1828, 0.1603, 0.415
1829, 0.2528, 0.412
1830, 0.1621, 0.413
1831, 0.1903, 0.427
1832, 0.2079, 0.414
1833, 0.1503, 0.419
1834, 0.0687, 0.416
1835, 0.1503, 0.416
1836, 0.2326, 0.427
1837, 0.1910, 0.421
1838, 0.1968, 0.423
1839, 0.0845, 0.418
1840, 0.0836, 0.422
1841, 0.1706, 0.420
1842, 0.1792, 0.419
1843, 0.1281, 0.423
1844, 0.1931, 0.418
1845, 0.1168, 0.419
1846, 0.1354, 0.429
1847, 0.0898, 0.415
1848, 0.0595, 0.440
1849, 0.0852, 0.421
1850, 0.0651, 0.420
1851, 0.1643, 0.432
1852, 0.1499, 0.424
1853, 0.1565, 0.416
1854, 0.1001, 0.417
1855, 0.1021, 0.423
1856, 0.1073, 0.429
1857, 0.1052, 0.423
1858, 0.0734, 0.425
1859, 0.1793, 0.418
1860, 0.0703, 0.421
1861, 0.0951, 0.424
1862, 0.1002, 0.417
1863, 0.1097, 0.432
1864, 0.1848, 0.421
1865, 0.1591, 0.429
1866, 0.0755, 0.433
1867, 0.1483, 0.414
1868, 0.1901, 0.426
1869, 0.3595, 0.425
1870, 0.1825, 0.418
1871, 0.1553, 0.416
1872, 0.1515, 0.413
1873, 0.0663, 0.422
1874, 0.1149, 0.424
1875, 0.1502, 0.427
1876, 0.1317, 0.416
1877, 0.1254, 0.427
1878, 0.1907, 0.415
1879, 0.1376, 0.419
1880, 0.1222, 0.434
1881, 0.1039, 0.427
1882, 0.1739, 0.426
1883, 0.0947, 0.416
1884, 0.0760, 0.415
1885, 0.1507, 0.418
1886, 0.0904, 0.424
1887, 0.0783, 0.425
1888, 0.1346, 0.414
1889, 0.2132, 0.419
1890, 0.2464, 0.423
1891, 0.2119, 0.417
1892, 0.1213, 0.419
1893, 0.1454, 0.418
1894, 0.1531, 0.416
1895, 0.1406, 0.415
1896, 0.0547, 0.416
1897, 0.2521, 0.421
1898, 0.0582, 0.417
1899, 0.0861, 0.415
1900, 0.0788, 0.417
1901, 0.0565, 0.428
1902, 0.1988, 0.419
1903, 0.1279, 0.424
1904, 0.1662, 0.415
1905, 0.1041, 0.420
1906, 0.0802, 0.419
1907, 0.1529, 0.425
1908, 0.1115, 0.417
1909, 0.1082, 0.421
1910, 0.0815, 0.416
1911, 0.0716, 0.412
1912, 0.1572, 0.417
1913, 0.1258, 0.427
1914, 0.1554, 0.419
1915, 0.1457, 0.417
1916, 0.0974, 0.416
1917, 0.1874, 0.419
1918, 0.1696, 0.421
1919, 0.1371, 0.431
1920, 0.0740, 0.414
1921, 0.0948, 0.434
1922, 0.1758, 0.415
1923, 0.1659, 0.411
1924, 0.2263, 0.409
1925, 0.1822, 0.404
1926, 0.3535, 0.413
1927, 0.2413, 0.412
1928, 0.1419, 0.416
1929, 0.1471, 0.420
1930, 0.0775, 0.415
1931, 0.1846, 0.412
1932, 0.1330, 0.417
1933, 0.1091, 0.413
1934, 0.1064, 0.418
1935, 0.1344, 0.418
1936, 0.1569, 0.416
1937, 0.1642, 0.416
1938, 0.1709, 0.418
1939, 0.1035, 0.413
1940, 0.1684, 0.416
1941, 0.1953, 0.421
1942, 0.1606, 0.421
1943, 0.2035, 0.414
1944, 0.2973, 0.420
1945, 0.1864, 0.419
1946, 0.1206, 0.418
1947, 0.1562, 0.412
1948, 0.0803, 0.413
1949, 0.1625, 0.413
1950, 0.0824, 0.415
1951, 0.1391, 0.418
1952, 0.1271, 0.419
1953, 0.1637, 0.418
1954, 0.1390, 0.416
1955, 0.1525, 0.414
1956, 0.1488, 0.418
1957, 0.1203, 0.415
1958, 0.1203, 0.415
1959, 0.1657, 0.415
1960, 0.1293, 0.417
1961, 0.2233, 0.418
1962, 0.1515, 0.417
1963, 0.1550, 0.413
1964, 0.1116, 0.410
1965, 0.0946, 0.414
1966, 0.1350, 0.412
1967, 0.0788, 0.419
1968, 0.1855, 0.419
1969, 0.1909, 0.421
1970, 0.1638, 0.437
1971, 0.1457, 0.413
1972, 0.1464, 0.414
1973, 0.1485, 0.431
1974, 0.0710, 0.412
1975, 0.1769, 0.416
1976, 0.0501, 0.415
1977, 0.1262, 0.417
1978, 0.1205, 0.414
1979, 0.1356, 0.413
1980, 0.1168, 0.412
1981, 0.1826, 0.417
1982, 0.2074, 0.413
1983, 0.1555, 0.413
1984, 0.1145, 0.414
1985, 0.1235, 0.417
1986, 0.1573, 0.416
1987, 0.1717, 0.416
1988, 0.1352, 0.415
1989, 0.1066, 0.416
1990, 0.1452, 0.415
1991, 0.1593, 0.413
1992, 0.1740, 0.416
1993, 0.1529, 0.422
1994, 0.1139, 0.417
1995, 0.2206, 0.415
1996, 0.2072, 0.412
1997, 0.1593, 0.415
1998, 0.2044, 0.414
1999, 0.1186, 0.417
2000, 0.0754, 0.413
2001, 0.0755, 0.409
2002, 0.1780, 0.417
2003, 0.1666, 0.413
2004, 0.0981, 0.416
2005, 0.0931, 0.422
2006, 0.0733, 0.414
2007, 0.0679, 0.415
2008, 0.1741, 0.418
2009, 0.1308, 0.420
2010, 0.2111, 0.418
2011, 0.1112, 0.418
2012, 0.2117, 0.419
2013, 0.1573, 0.418
2014, 0.1609, 0.418
2015, 0.1496, 0.414
2016, 0.1447, 0.414
2017, 0.0789, 0.418
2018, 0.2062, 0.421
2019, 0.1459, 0.417
2020, 0.1416, 0.414
2021, 0.1132, 0.422
2022, 0.1337, 0.418
2023, 0.1672, 0.436
2024, 0.1209, 0.420
2025, 0.0916, 0.426
2026, 0.1213, 0.423
2027, 0.1410, 0.425
2028, 0.0835, 0.416
2029, 0.1032, 0.434
2030, 0.0635, 0.418
2031, 0.1050, 0.417
2032, 0.1268, 0.415
2033, 0.1850, 0.415
2034, 0.1118, 0.414
2035, 0.1011, 0.420
2036, 0.1733, 0.432
2037, 0.1178, 0.419
2038, 0.1751, 0.418
2039, 0.1017, 0.421
2040, 0.1257, 0.430
2041, 0.3436, 0.427
2042, 0.1971, 0.428
2043, 0.0968, 0.419
2044, 0.1342, 0.422
2045, 0.0839, 0.420
2046, 0.1093, 0.425
2047, 0.1678, 0.423
2048, 0.1255, 0.423
2049, 0.1004, 0.418
2050, 0.1604, 0.417
2051, 0.0427, 0.414
2052, 0.1296, 0.420
2053, 0.1726, 0.425
2054, 0.1710, 0.426
2055, 0.0729, 0.409
2056, 0.1150, 0.404
2057, 0.1106, 0.408
2058, 0.0906, 0.427
2059, 0.1570, 0.420
2060, 0.1306, 0.401
2061, 0.1868, 0.416
2062, 0.1524, 0.416
2063, 0.0743, 0.414
2064, 0.2291, 0.427
2065, 0.1724, 0.415
2066, 0.1828, 0.423
2067, 0.2562, 0.422
2068, 0.1609, 0.422
2069, 0.1406, 0.420
2070, 0.1408, 0.425
2071, 0.1566, 0.427
2072, 0.1468, 0.428
2073, 0.1156, 0.455
2074, 0.0727, 0.425
2075, 0.1878, 0.421
2076, 0.0853, 0.424
2077, 0.1204, 0.425
2078, 0.0973, 0.424
2079, 0.1280, 0.417
2080, 0.0746, 0.418
2081, 0.1110, 0.416
2082, 0.0985, 0.418
2083, 0.0703, 0.419
2084, 0.0556, 0.424
2085, 0.0989, 0.425
2086, 0.1097, 0.423
2087, 0.0935, 0.407
2088, 0.1281, 0.399
2089, 0.1048, 0.419
2090, 0.1406, 0.420
2091, 0.1474, 0.420
2092, 0.2042, 0.438
2093, 0.1305, 0.432
2094, 0.1350, 0.415
2095, 0.1103, 0.427
2096, 0.1536, 0.419
2097, 0.1843, 0.423
2098, 0.1207, 0.415
2099, 0.1433, 0.418
2100, 0.0554, 0.415
2101, 0.0824, 0.420
2102, 0.1066, 0.421
2103, 0.2411, 0.421
2104, 0.0763, 0.421
2105, 0.0755, 0.418
2106, 0.1082, 0.413
2107, 0.1442, 0.416
2108, 0.0735, 0.421
2109, 0.0936, 0.429
2110, 0.2095, 0.420
2111, 0.1559, 0.419
2112, 0.1418, 0.428
2113, 0.1560, 0.419
2114, 0.1299, 0.418
2115, 0.1031, 0.421
2116, 0.2517, 0.428
2117, 0.0819, 0.433
2118, 0.1148, 0.422
2119, 0.2164, 0.414
2120, 0.1248, 0.413
2121, 0.1113, 0.409
2122, 0.1929, 0.408
2123, 0.1344, 0.412
2124, 0.1675, 0.418
2125, 0.1482, 0.415
2126, 0.1837, 0.412
2127, 0.0846, 0.412
2128, 0.0812, 0.417
2129, 0.1830, 0.414
2130, 0.0803, 0.415
2131, 0.0772, 0.412
2132, 0.1129, 0.415
2133, 0.0750, 0.421
2134, 0.2064, 0.421
2135, 0.2297, 0.414
2136, 0.2097, 0.414
2137, 0.2058, 0.413
2138, 0.1031, 0.414
2139, 0.0578, 0.419
2140, 0.1614, 0.417
2141, 0.1732, 0.415
2142, 0.0886, 0.412
2143, 0.1342, 0.413
2144, 0.1283, 0.414
2145, 0.1149, 0.414
2146, 0.0689, 0.414
2147, 0.1499, 0.412
2148, 0.1630, 0.414
2149, 0.1090, 0.419
2150, 0.0615, 0.416
2151, 0.0795, 0.414
2152, 0.1343, 0.415
2153, 0.1347, 0.415
2154, 0.1840, 0.414
2155, 0.2058, 0.413
2156, 0.2011, 0.415
2157, 0.2099, 0.418
2158, 0.1470, 0.419
2159, 0.0942, 0.412
2160, 0.1519, 0.414
2161, 0.1490, 0.414
2162, 0.0619, 0.413
2163, 0.1090, 0.414
2164, 0.1197, 0.419
2165, 0.1033, 0.418
2166, 0.0683, 0.415
2167, 0.1049, 0.414
2168, 0.2032, 0.415
2169, 0.1305, 0.416
2170, 0.1201, 0.422
2171, 0.1298, 0.416
2172, 0.1711, 0.414
2173, 0.1841, 0.417
2174, 0.2264, 0.415
2175, 0.2019, 0.414
2176, 0.1909, 0.422
2177, 0.1593, 0.417
2178, 0.1683, 0.413
2179, 0.1286, 0.413
2180, 0.1157, 0.415
2181, 0.1177, 0.417
2182, 0.1082, 0.417
2183, 0.0944, 0.416
2184, 0.2498, 0.414
2185, 0.2258, 0.415
2186, 0.0678, 0.413
2187, 0.1088, 0.414
2188, 0.1330, 0.416
2189, 0.1362, 0.420
2190, 0.1113, 0.413
2191, 0.1480, 0.412
2192, 0.2356, 0.413
2193, 0.1794, 0.416
2194, 0.1214, 0.414
2195, 0.1005, 0.413
2196, 0.0939, 0.415
2197, 0.0959, 0.416
2198, 0.1550, 0.413
2199, 0.1884, 0.413
2200, 0.1783, 0.415
2201, 0.2070, 0.412
2202, 0.1013, 0.417
2203, 0.1223, 0.413
2204, 0.1555, 0.425
2205, 0.1239, 0.424
2206, 0.0537, 0.430
2207, 0.0630, 0.413
2208, 0.0962, 0.413
2209, 0.0943, 0.416
2210, 0.0957, 0.415
2211, 0.1894, 0.418
2212, 0.2717, 0.421
2213, 0.1866, 0.426
2214, 0.1956, 0.423
2215, 0.1197, 0.417
2216, 0.0909, 0.415
2217, 0.1455, 0.421
2218, 0.1720, 0.418
2219, 0.1118, 0.423
2220, 0.0813, 0.420
2221, 0.1828, 0.422
2222, 0.1578, 0.416
2223, 0.1166, 0.424
2224, 0.1074, 0.421
2225, 0.1147, 0.440
2226, 0.1181, 0.430
2227, 0.0926, 0.420
2228, 0.1450, 0.425
2229, 0.0735, 0.415
2230, 0.1215, 0.429
2231, 0.1499, 0.421
2232, 0.0953, 0.423
2233, 0.1401, 0.417
2234, 0.1828, 0.416
2235, 0.1240, 0.416
2236, 0.0708, 0.421
2237, 0.1430, 0.421
2238, 0.1083, 0.424
2239, 0.1554, 0.425
2240, 0.1776, 0.423
2241, 0.0804, 0.417
2242, 0.0910, 0.417
2243, 0.1279, 0.421
2244, 0.1599, 0.421
2245, 0.1435, 0.414
2246, 0.1003, 0.415
2247, 0.1394, 0.417
2248, 0.0961, 0.417
2249, 0.1183, 0.421
2250, 0.1592, 0.417
2251, 0.1071, 0.429
2252, 0.1332, 0.420
2253, 0.1687, 0.418
2254, 0.2209, 0.418
2255, 0.1252, 0.417
2256, 0.1847, 0.422
2257, 0.0989, 0.418
2258, 0.1086, 0.415
2259, 0.1446, 0.414
2260, 0.0561, 0.416
2261, 0.1991, 0.418
2262, 0.1999, 0.414
2263, 0.2102, 0.420
2264, 0.1264, 0.419
2265, 0.1668, 0.418
2266, 0.1817, 0.414
2267, 0.1218, 0.418
2268, 0.1720, 0.427
2269, 0.1039, 0.420
2270, 0.1096, 0.413
2271, 0.1343, 0.417
2272, 0.1813, 0.434
2273, 0.1181, 0.418
2274, 0.1283, 0.415
2275, 0.1280, 0.417
2276, 0.2053, 0.417
2277, 0.1595, 0.423
2278, 0.1357, 0.414
2279, 0.1420, 0.421
2280, 0.1897, 0.419
2281, 0.2097, 0.418
2282, 0.2523, 0.420
2283, 0.1156, 0.418
2284, 0.1412, 0.418
2285, 0.1522, 0.419
2286, 0.2623, 0.420
2287, 0.1635, 0.428
2288, 0.1874, 0.420
2289, 0.2075, 0.418
2290, 0.1805, 0.428
2291, 0.0981, 0.435
2292, 0.1326, 0.430
2293, 0.1423, 0.421
2294, 0.1493, 0.420
2295, 0.1556, 0.412
2296, 0.1104, 0.423
2297, 0.1150, 0.421
2298, 0.1745, 0.427
2299, 0.1322, 0.419
2300, 0.1729, 0.424
2301, 0.1132, 0.420
2302, 0.1082, 0.417
2303, 0.2377, 0.442
2304, 0.1279, 0.423
2305, 0.1298, 0.420
2306, 0.1446, 0.420
2307, 0.1912, 0.431
2308, 0.1407, 0.416
2309, 0.1522, 0.418
2310, 0.1148, 0.416
2311, 0.1758, 0.417
2312, 0.1293, 0.416
2313, 0.1060, 0.435
2314, 0.1632, 0.433
2315, 0.1378, 0.424
2316, 0.1526, 0.419
2317, 0.2727, 0.421
2318, 0.2439, 0.417
2319, 0.1013, 0.428
2320, 0.0964, 0.413
2321, 0.1238, 0.415
2322, 0.1252, 0.414
2323, 0.1250, 0.413
2324, 0.1358, 0.411
2325, 0.1828, 0.413
2326, 0.0890, 0.410
2327, 0.2576, 0.409
2328, 0.1335, 0.413
2329, 0.1465, 0.419
2330, 0.3069, 0.414
2331, 0.1456, 0.412
2332, 0.1667, 0.416
2333, 0.1596, 0.419
2334, 0.0971, 0.420
2335, 0.1369, 0.423
2336, 0.1341, 0.421
2337, 0.1232, 0.418
2338, 0.1739, 0.414
2339, 0.1407, 0.413
2340, 0.1667, 0.415
2341, 0.1260, 0.416
2342, 0.1401, 0.427
2343, 0.1264, 0.418
2344, 0.1525, 0.413
2345, 0.1411, 0.417
2346, 0.2150, 0.415
2347, 0.1715, 0.428
2348, 0.1549, 0.416
2349, 0.1381, 0.419
2350, 0.1544, 0.417
2351, 0.1098, 0.416
2352, 0.1463, 0.416
2353, 0.0963, 0.422
2354, 0.1040, 0.414
2355, 0.1030, 0.412
2356, 0.0916, 0.414
2357, 0.1625, 0.414
2358, 0.0434, 0.413
2359, 0.1340, 0.413
2360, 0.1159, 0.416
2361, 0.1871, 0.416
2362, 0.1377, 0.414
2363, 0.1472, 0.412
2364, 0.0718, 0.415
2365, 0.1311, 0.418
2366, 0.1293, 0.420
2367, 0.1294, 0.412
2368, 0.1221, 0.413
2369, 0.1614, 0.417
2370, 0.1530, 0.414
2371, 0.1189, 0.414
2372, 0.0580, 0.415
2373, 0.1260, 0.415
2374, 0.1498, 0.414
2375, 0.2595, 0.413
2376, 0.2023, 0.415
2377, 0.1445, 0.416
2378, 0.1035, 0.415
2379, 0.1432, 0.418
2380, 0.1133, 0.416
2381, 0.1144, 0.417
2382, 0.1334, 0.414
2383, 0.1513, 0.414
2384, 0.0604, 0.417
2385, 0.1264, 0.417
2386, 0.1638, 0.415
2387, 0.1231, 0.413
2388, 0.1068, 0.412
2389, 0.1470, 0.415
2390, 0.1299, 0.414
2391, 0.1911, 0.414
2392, 0.2007, 0.414
2393, 0.1901, 0.416
2394, 0.1153, 0.413
2395, 0.1193, 0.414
2396, 0.1650, 0.415
2397, 0.1386, 0.419
2398, 0.2070, 0.414
2399, 0.1504, 0.416
2400, 0.0869, 0.414
2401, 0.0568, 0.412
2402, 0.1874, 0.417
2403, 0.1720, 0.413
2404, 0.1608, 0.419
2405, 0.1783, 0.421
2406, 0.1117, 0.413
2407, 0.1312, 0.412
2408, 0.1140, 0.414
2409, 0.1128, 0.416
2410, 0.1632, 0.416
2411, 0.1731, 0.416
2412, 0.1425, 0.423
2413, 0.0989, 0.421
2414, 0.1470, 0.427
2415, 0.0901, 0.421
2416, 0.0966, 0.413
2417, 0.1664, 0.426
2418, 0.0914, 0.432
2419, 0.1126, 0.417
2420, 0.1588, 0.417
2421, 0.2294, 0.420
2422, 0.2104, 0.418
2423, 0.1663, 0.418
2424, 0.0889, 0.417
2425, 0.1519, 0.423
2426, 0.1909, 0.432
2427, 0.2028, 0.425
2428, 0.1119, 0.414
2429, 0.1042, 0.417
2430, 0.1351, 0.419
2431, 0.0970, 0.424
2432, 0.0829, 0.426
2433, 0.1113, 0.432
2434, 0.1114, 0.418
2435, 0.1267, 0.417
2436, 0.1296, 0.413
2437, 0.1398, 0.431
2438, 0.0861, 0.419
2439, 0.1218, 0.417
2440, 0.1226, 0.414
2441, 0.1328, 0.421
2442, 0.1386, 0.419
2443, 0.1560, 0.418
2444, 0.1789, 0.416
2445, 0.2221, 0.418
2446, 0.1063, 0.424
2447, 0.1815, 0.430
2448, 0.1475, 0.417
2449, 0.1922, 0.419
2450, 0.2299, 0.419
2451, 0.1265, 0.416
2452, 0.0949, 0.412
2453, 0.1413, 0.421
2454, 0.1787, 0.419
2455, 0.1424, 0.418
2456, 0.0806, 0.416
2457, 0.1357, 0.429
2458, 0.1790, 0.421
2459, 0.1228, 0.417
2460, 0.1105, 0.416
2461, 0.0992, 0.416
2462, 0.0628, 0.427
2463, 0.1564, 0.427
2464, 0.1121, 0.424
2465, 0.1363, 0.421
2466, 0.0531, 0.418
2467, 0.0778, 0.416
2468, 0.1245, 0.418
2469, 0.0776, 0.419
2470, 0.0844, 0.417
2471, 0.1449, 0.423
2472, 0.1272, 0.418
2473, 0.0944, 0.420
2474, 0.1560, 0.419
2475, 0.1325, 0.416
2476, 0.0972, 0.416
2477, 0.1692, 0.419
2478, 0.1727, 0.417
2479, 0.0982, 0.414
2480, 0.1328, 0.419
2481, 0.1215, 0.420
2482, 0.1648, 0.420
2483, 0.1797, 0.418
2484, 0.1704, 0.417
2485, 0.1518, 0.419
2486, 0.1439, 0.429
2487, 0.2034, 0.422
2488, 0.1416, 0.417
2489, 0.0831, 0.419
2490, 0.1446, 0.434
2491, 0.1484, 0.422
2492, 0.1738, 0.422
2493, 0.1420, 0.423
2494, 0.1512, 0.417
2495, 0.0670, 0.421
2496, 0.1447, 0.425
2497, 0.0952, 0.429
2498, 0.1951, 0.431
2499, 0.1594, 0.415
2500, 0.1158, 0.426
2501, 0.1171, 0.419
2502, 0.1328, 0.419
2503, 0.2183, 0.411
2504, 0.1349, 0.420
2505, 0.0761, 0.421
2506, 0.0561, 0.428
2507, 0.0860, 0.418
2508, 0.1055, 0.417
2509, 0.0921, 0.417
2510, 0.0899, 0.415
2511, 0.1191, 0.417
2512, 0.1459, 0.420
2513, 0.1383, 0.422
2514, 0.1032, 0.472
2515, 0.0981, 0.411
2516, 0.1831, 0.412
2517, 0.1206, 0.415
2518, 0.1252, 0.412
2519, 0.1094, 0.412
2520, 0.1334, 0.412
2521, 0.1231, 0.416
2522, 0.1227, 0.414
2523, 0.1246, 0.411
2524, 0.1792, 0.411
2525, 0.0697, 0.414
2526, 0.1057, 0.409
2527, 0.1341, 0.415
2528, 0.1631, 0.416
2529, 0.1926, 0.421
2530, 0.2261, 0.443
2531, 0.2150, 0.420
2532, 0.0829, 0.415
2533, 0.1146, 0.415
2534, 0.1607, 0.414
2535, 0.1580, 0.414
2536, 0.0912, 0.423
2537, 0.1012, 0.417
2538, 0.0990, 0.416
2539, 0.1144, 0.411
2540, 0.1652, 0.413
2541, 0.1172, 0.413
2542, 0.1590, 0.412
2543, 0.1320, 0.412
2544, 0.0935, 0.417
2545, 0.1636, 0.422
2546, 0.1004, 0.419
2547, 0.0711, 0.414
2548, 0.0959, 0.414
2549, 0.1691, 0.417
2550, 0.1562, 0.417
2551, 0.2069, 0.417
2552, 0.1587, 0.428
2553, 0.0539, 0.417
2554, 0.1297, 0.414
2555, 0.1502, 0.414
2556, 0.1593, 0.429
2557, 0.1481, 0.416
2558, 0.0659, 0.418
2559, 0.1005, 0.415
2560, 0.1981, 0.417
2561, 0.1099, 0.424
2562, 0.2322, 0.434
2563, 0.1350, 0.413
2564, 0.1417, 0.412
2565, 0.1338, 0.428
2566, 0.0969, 0.414
2567, 0.1426, 0.416
2568, 0.1079, 0.421
2569, 0.1825, 0.419
2570, 0.1185, 0.414
2571, 0.1660, 0.414
2572, 0.1091, 0.414
2573, 0.1355, 0.414
2574, 0.1558, 0.411
2575, 0.1148, 0.413
2576, 0.1637, 0.415
2577, 0.0793, 0.420
2578, 0.1389, 0.418
2579, 0.1186, 0.414
2580, 0.1094, 0.412
2581, 0.1546, 0.416
2582, 0.0681, 0.411
2583, 0.1939, 0.414
2584, 0.1205, 0.418
2585, 0.1772, 0.418
2586, 0.1146, 0.413
2587, 0.1211, 0.415
2588, 0.1372, 0.413
2589, 0.1095, 0.419
2590, 0.1728, 0.412
2591, 0.1237, 0.413
2592, 0.1369, 0.417
2593, 0.1476, 0.420
2594, 0.1013, 0.419
2595, 0.1222, 0.414
2596, 0.1324, 0.413
2597, 0.1151, 0.414
2598, 0.0856, 0.412
2599, 0.1287, 0.422
2600, 0.0958, 0.417
2601, 0.1459, 0.411
2602, 0.1234, 0.417
2603, 0.1274, 0.414
2604, 0.1559, 0.418
2605, 0.1294, 0.436
2606, 0.0933, 0.414
2607, 0.1597, 0.414
2608, 0.1924, 0.416
2609, 0.1036, 0.421
2610, 0.1866, 0.423
2611, 0.1483, 0.421
2612, 0.1442, 0.418
2613, 0.1092, 0.417
2614, 0.1283, 0.425
2615, 0.1892, 0.415
2616, 0.0823, 0.419
2617, 0.1645, 0.428
2618, 0.1555, 0.425
2619, 0.1289, 0.484
2620, 0.1107, 0.418
2621, 0.0891, 0.421
2622, 0.0980, 0.419
2623, 0.0612, 0.420
2624, 0.0943, 0.437
2625, 0.1213, 0.434
2626, 0.0810, 0.432
2627, 0.1021, 0.422
2628, 0.1282, 0.438
2629, 0.1656, 0.425
2630, 0.1933, 0.418
2631, 0.1108, 0.420
2632, 0.1433, 0.442
2633, 0.1202, 0.425
2634, 0.1723, 0.419
2635, 0.1049, 0.420
2636, 0.2019, 0.439
2637, 0.1826, 0.429
2638, 0.1117, 0.423
2639, 0.0930, 0.436
2640, 0.1592, 0.441
2641, 0.1441, 0.435
2642, 0.1328, 0.428
2643, 0.1361, 0.427
2644, 0.0873, 0.437
2645, 0.1555, 0.424
2646, 0.1268, 0.430
2647, 0.1042, 0.439
2648, 0.1337, 0.435
2649, 0.1090, 0.436
2650, 0.0815, 0.432
2651, 0.0595, 0.423
2652, 0.0656, 0.446
2653, 0.1775, 0.435
2654, 0.0987, 0.427
2655, 0.2117, 0.429
2656, 0.1270, 0.452
2657, 0.1452, 0.434
2658, 0.1524, 0.429
2659, 0.1445, 0.426
2660, 0.1234, 0.423
2661, 0.1215, 0.433
2662, 0.1315, 0.427
2663, 0.1357, 0.427
2664, 0.1186, 0.423
2665, 0.1718, 0.438
2666, 0.0645, 0.430
2667, 0.1826, 0.429
2668, 0.1891, 0.421
2669, 0.1131, 0.439
2670, 0.1168, 0.436
2671, 0.1583, 0.430
2672, 0.0952, 0.431
2673, 0.1386, 0.436
2674, 0.1780, 0.446
2675, 0.1315, 0.433
2676, 0.1117, 0.429
2677, 0.1519, 0.429
2678, 0.1283, 0.443
2679, 0.1369, 0.432
2680, 0.0955, 0.430
2681, 0.0791, 0.432
2682, 0.1682, 0.431
2683, 0.0797, 0.440
2684, 0.0703, 0.430
2685, 0.1518, 0.426
2686, 0.2168, 0.429
2687, 0.0384, 0.441
2688, 0.1089, 0.431
2689, 0.1677, 0.433
2690, 0.1831, 0.435
2691, 0.1841, 0.445
2692, 0.1131, 0.430
2693, 0.0654, 0.426
2694, 0.0554, 0.432
2695, 0.1427, 0.433
2696, 0.0916, 0.441
2697, 0.1164, 0.432
2698, 0.1794, 0.429
2699, 0.1526, 0.430
2700, 0.4403, 0.441
2701, 0.1086, 0.432
2702, 0.1858, 0.427
2703, 0.1352, 0.425
2704, 0.1546, 0.443
2705, 0.1637, 0.431
2706, 0.1538, 0.431
2707, 0.0732, 0.425
2708, 0.1402, 0.435
2709, 0.1883, 0.434
2710, 0.1402, 0.432
2711, 0.1384, 0.437
2712, 0.0833, 0.441
2713, 0.1938, 0.434
2714, 0.1573, 0.433
2715, 0.1199, 0.440
2716, 0.1189, 0.429
2717, 0.1441, 0.439
2718, 0.1911, 0.430
2719, 0.1071, 0.439
2720, 0.0784, 0.408
2721, 0.1265, 0.427
2722, 0.1455, 0.424
2723, 0.1021, 0.407
2724, 0.1051, 0.404
2725, 0.0862, 0.410
2726, 0.0820, 0.405
2727, 0.2114, 0.404
2728, 0.0942, 0.418
2729, 0.0918, 0.418
2730, 0.1110, 0.410
2731, 0.0575, 0.407
2732, 0.0590, 0.408
2733, 0.1834, 0.417
2734, 0.1369, 0.423
2735, 0.1679, 0.420
2736, 0.2050, 0.410
2737, 0.1588, 0.406
2738, 0.1104, 0.405
2739, 0.0697, 0.404
2740, 0.0901, 0.404
2741, 0.0843, 0.404
2742, 0.1421, 0.405
2743, 0.0725, 0.402
2744, 0.1564, 0.398
2745, 0.1070, 0.397
2746, 0.0622, 0.397
2747, 0.1827, 0.397
2748, 0.2128, 0.397
2749, 0.1074, 0.394
2750, 0.0872, 0.394
2751, 0.1029, 0.395
2752, 0.1407, 0.399
2753, 0.1376, 0.403
2754, 0.1524, 0.404
2755, 0.1485, 0.403
2756, 0.1310, 0.403
2757, 0.1117, 0.403
2758, 0.0967, 0.404
2759, 0.1334, 0.401
2760, 0.1025, 0.398
2761, 0.1622, 0.398
2762, 0.1227, 0.396
2763, 0.1227, 0.396
2764, 0.1392, 0.396
2765, 0.1091, 0.394
2766, 0.1251, 0.393
2767, 0.1126, 0.395
2768, 0.1175, 0.400
2769, 0.1119, 0.397
2770, 0.0811, 0.438
2771, 0.1268, 0.451
2772, 0.1004, 0.449
2773, 0.0552, 0.462
2774, 0.1078, 0.463
2775, 0.2270, 0.459
2776, 0.1401, 0.456
2777, 0.1414, 0.450
2778, 0.0923, 0.455
2779, 0.1360, 0.452
2780, 0.1000, 0.450
2781, 0.1444, 0.449
2782, 0.1466, 0.446
2783, 0.1304, 0.450
2784, 0.1296, 0.452
2785, 0.1408, 0.435
2786, 0.1046, 0.456
2787, 0.1610, 0.445
2788, 0.1212, 0.444
2789, 0.1603, 0.443
2790, 0.1801, 0.439
2791, 0.1545, 0.438
2792, 0.0651, 0.438
2793, 0.1771, 0.438
2794, 0.1062, 0.437
2795, 0.1331, 0.441
2796, 0.0765, 0.437
2797, 0.1452, 0.437
2798, 0.0943, 0.407
2799, 0.1422, 0.416
2800, 0.1059, 0.420
2801, 0.0883, 0.425
2802, 0.0897, 0.423
2803, 0.0363, 0.426
2804, 0.1922, 0.425
2805, 0.1526, 0.438
2806, 0.1299, 0.435
2807, 0.0768, 0.464
2808, 0.0375, 0.421
2809, 0.0699, 0.418
2810, 0.0889, 0.413
2811, 0.1588, 0.414
2812, 0.1740, 0.414
2813, 0.0814, 0.420
2814, 0.1114, 0.426
2815, 0.1722, 0.437
2816, 0.1548, 0.422
2817, 0.1765, 0.412
2818, 0.1892, 0.421
2819, 0.1670, 0.437
2820, 0.0843, 0.422
2821, 0.1906, 0.419
2822, 0.1183, 0.419
2823, 0.0790, 0.417
2824, 0.1379, 0.417
2825, 0.1499, 0.413
2826, 0.1014, 0.434
2827, 0.1228, 0.418
2828, 0.1271, 0.417
2829, 0.1433, 0.416
2830, 0.1417, 0.418
2831, 0.1334, 0.422
2832, 0.0676, 0.415
2833, 0.0707, 0.431
2834, 0.0800, 0.420
2835, 0.0713, 0.420
2836, 0.1553, 0.417
2837, 0.0511, 0.423
2838, 0.0946, 0.419
2839, 0.1277, 0.420
2840, 0.0691, 0.412
2841, 0.0703, 0.418
2842, 0.1202, 0.423
2843, 0.1490, 0.417
2844, 0.2028, 0.419
2845, 0.0722, 0.418
2846, 0.1191, 0.419
2847, 0.1368, 0.413
2848, 0.1303, 0.415
2849, 0.1021, 0.418
2850, 0.1198, 0.418
2851, 0.1558, 0.419
2852, 0.1322, 0.417
2853, 0.1063, 0.421
2854, 0.0918, 0.418
2855, 0.0621, 0.418
2856, 0.1369, 0.414
2857, 0.1392, 0.419
2858, 0.1766, 0.418
2859, 0.1640, 0.415
2860, 0.1948, 0.419
2861, 0.1785, 0.420
2862, 0.1234, 0.419
2863, 0.1042, 0.414
2864, 0.0566, 0.420
2865, 0.1997, 0.417
2866, 0.1316, 0.418
2867, 0.0826, 0.415
2868, 0.1390, 0.422
2869, 0.1229, 0.427
2870, 0.0811, 0.423
2871, 0.0343, 0.421
2872, 0.0894, 0.425
2873, 0.0860, 0.419
2874, 0.0849, 0.414
2875, 0.0581, 0.433
2876, 0.0665, 0.425
2877, 0.0956, 0.425
2878, 0.1178, 0.414
2879, 0.1695, 0.419
2880, 0.1397, 0.418
2881, 0.1386, 0.418
2882, 0.0953, 0.414
2883, 0.1105, 0.419
2884, 0.1249, 0.434
2885, 0.0907, 0.419
2886, 0.1624, 0.423
2887, 0.1337, 0.421
2888, 0.1277, 0.425
2889, 0.0911, 0.414
2890, 0.1531, 0.418
2891, 0.1598, 0.424
2892, 0.1351, 0.424
2893, 0.1044, 0.419
2894, 0.1301, 0.418
2895, 0.2459, 0.416
2896, 0.1603, 0.413
2897, 0.2640, 0.420
2898, 0.1159, 0.420
2899, 0.0983, 0.418
2900, 0.1202, 0.415
2901, 0.1786, 0.426
2902, 0.1215, 0.422
2903, 0.1159, 0.421
2904, 0.0792, 0.411
2905, 0.0683, 0.425
2906, 0.1379, 0.421
2907, 0.1392, 0.423
2908, 0.1948, 0.418
2909, 0.0929, 0.428
2910, 0.1726, 0.441
2911, 0.0939, 0.436
2912, 0.1344, 0.444
2913, 0.1613, 0.441
2914, 0.0904, 0.439
2915, 0.1069, 0.439
2916, 0.0490, 0.438
2917, 0.0489, 0.440
2918, 0.1270, 0.436
2919, 0.0830, 0.436
2920, 0.1359, 0.436
2921, 0.0790, 0.437
2922, 0.1164, 0.437
2923, 0.0961, 0.435
2924, 0.0678, 0.438
2925, 0.0813, 0.439
2926, 0.1035, 0.438
2927, 0.0713, 0.437
2928, 0.1124, 0.440
2929, 0.1044, 0.441
2930, 0.1123, 0.438
2931, 0.0798, 0.438
2932, 0.0641, 0.440
2933, 0.0281, 0.440
2934, 0.0985, 0.436
2935, 0.0972, 0.437
2936, 0.1127, 0.438
2937, 0.1408, 0.438
2938, 0.0998, 0.437
2939, 0.0762, 0.437
2940, 0.0787, 0.439
2941, 0.0687, 0.441
2942, 0.0753, 0.439
2943, 0.0781, 0.439
2944, 0.1053, 0.441
2945, 0.0932, 0.441
2946, 0.1274, 0.440
2947, 0.1671, 0.440
2948, 0.1483, 0.415
2949, 0.1832, 0.421
2950, 0.1250, 0.429
2951, 0.1516, 0.436
2952, 0.1958, 0.438
2953, 0.1396, 0.439
2954, 0.0802, 0.437
2955, 0.1616, 0.436
2956, 0.1241, 0.437
2957, 0.1041, 0.440
2958, 0.1289, 0.437
2959, 0.1515, 0.439
2960, 0.0963, 0.444
2961, 0.1575, 0.443
2962, 0.0687, 0.440
2963, 0.1170, 0.440
2964, 0.0567, 0.448
2965, 0.1990, 0.454
2966, 0.0704, 0.441
2967, 0.0754, 0.438
2968, 0.1784, 0.437
2969, 0.1294, 0.439
2970, 0.1349, 0.438
2971, 0.1322, 0.438
2972, 0.1425, 0.439
2973, 0.1011, 0.418
2974, 0.0925, 0.438
2975, 0.0622, 0.440
2976, 0.1201, 0.442
2977, 0.1555, 0.442
2978, 0.2385, 0.441
2979, 0.1931, 0.441
2980, 0.1542, 0.438
2981, 0.1512, 0.439
2982, 0.1142, 0.440
2983, 0.0640, 0.445
2984, 0.1618, 0.440
2985, 0.0965, 0.439
2986, 0.1033, 0.437
2987, 0.0509, 0.437
2988, 0.1214, 0.448
2989, 0.1462, 0.452
2990, 0.0976, 0.438
2991, 0.1003, 0.441
2992, 0.1486, 0.441
2993, 0.0788, 0.441
2994, 0.0971, 0.440
2995, 0.1665, 0.439
2996, 0.1560, 0.436
2997, 0.1812, 0.439
2998, 0.1792, 0.440
2999, 0.0931, 0.434
3000, 0.1327, 0.417
3001, 0.1239, 0.426
3002, 0.0973, 0.418
3003, 0.1121, 0.419
3004, 0.1553, 0.419
3005, 0.1561, 0.428
3006, 0.0765, 0.425
3007, 0.0759, 0.425
3008, 0.1112, 0.446
3009, 0.1485, 0.423
3010, 0.1223, 0.420
3011, 0.1431, 0.419
3012, 0.0946, 0.417
3013, 0.0789, 0.414
3014, 0.0802, 0.418
3015, 0.1680, 0.427
3016, 0.1114, 0.426
3017, 0.1036, 0.418
3018, 0.1608, 0.413
3019, 0.1734, 0.412
3020, 0.1285, 0.417
3021, 0.1820, 0.430
3022, 0.1198, 0.417
3023, 0.1184, 0.414
3024, 0.0981, 0.420
3025, 0.1808, 0.422
3026, 0.1534, 0.420
3027, 0.1105, 0.415
3028, 0.2088, 0.429
3029, 0.0533, 0.419
3030, 0.1093, 0.417
3031, 0.1507, 0.418
3032, 0.1239, 0.417
3033, 0.1864, 0.420
3034, 0.1245, 0.417
3035, 0.0836, 0.416
3036, 0.1776, 0.415
3037, 0.1180, 0.417
3038, 0.1796, 0.411
3039, 0.1842, 0.417
3040, 0.0943, 0.421
3041, 0.0947, 0.423
3042, 0.0512, 0.415
3043, 0.1145, 0.419
3044, 0.0622, 0.418
3045, 0.1055, 0.419
3046, 0.1326, 0.414
3047, 0.1200, 0.417
3048, 0.1826, 0.418
3049, 0.0954, 0.418
3050, 0.1005, 0.414
3051, 0.2450, 0.415
3052, 0.1002, 0.414
3053, 0.1131, 0.417
3054, 0.1113, 0.412
3055, 0.1051, 0.419
3056, 0.1747, 0.419
3057, 0.1960, 0.421
3058, 0.1428, 0.420
3059, 0.1320, 0.415
3060, 0.2034, 0.418
3061, 0.1319, 0.418
3062, 0.1554, 0.419
3063, 0.1414, 0.414
3064, 0.1816, 0.420
3065, 0.1225, 0.419
3066, 0.0849, 0.418
3067, 0.0944, 0.416
3068, 0.1134, 0.415
3069, 0.1789, 0.416
3070, 0.0685, 0.412
3071, 0.0897, 0.413
3072, 0.1272, 0.422
3073, 0.1323, 0.420
3074, 0.0971, 0.421
3075, 0.1853, 0.419
3076, 0.0939, 0.412
3077, 0.1654, 0.418
3078, 0.0822, 0.416
3079, 0.0833, 0.416
3080, 0.0915, 0.418
3081, 0.1209, 0.419
3082, 0.0939, 0.431
3083, 0.1457, 0.416
3084, 0.1413, 0.415
3085, 0.1460, 0.413
3086, 0.2120, 0.412
3087, 0.2056, 0.414
3088, 0.1668, 0.420
3089, 0.1915, 0.421
3090, 0.1566, 0.421
3091, 0.1051, 0.419
3092, 0.1505, 0.417
3093, 0.1431, 0.415
3094, 0.1224, 0.416
3095, 0.1969, 0.416
3096, 0.1321, 0.420
3097, 0.0804, 0.418
3098, 0.1167, 0.412
3099, 0.1608, 0.415
3100, 0.0459, 0.429
3101, 0.0445, 0.431
3102, 0.0829, 0.409
3103, 0.0844, 0.419
3104, 0.1938, 0.423
3105, 0.1835, 0.423
3106, 0.0809, 0.415
3107, 0.1523, 0.420
3108, 0.1059, 0.419
3109, 0.1085, 0.428
3110, 0.0887, 0.416
3111, 0.1799, 0.416
3112, 0.1373, 0.419
3113, 0.1146, 0.416
3114, 0.1405, 0.418
3115, 0.1522, 0.417
3116, 0.2031, 0.416
3117, 0.2070, 0.412
3118, 0.1391, 0.416
3119, 0.1248, 0.423
3120, 0.0873, 0.446
3121, 0.1735, 0.436
3122, 0.1071, 0.437
3123, 0.0706, 0.438
3124, 0.1343, 0.438
3125, 0.1040, 0.437
3126, 0.0858, 0.436
3127, 0.1305, 0.434
3128, 0.0746, 0.438
3129, 0.1814, 0.440
3130, 0.0982, 0.437
3131, 0.1064, 0.437
3132, 0.1036, 0.435
3133, 0.1149, 0.427
3134, 0.0716, 0.414
3135, 0.1970, 0.437
3136, 0.1300, 0.440
3137, 0.1904, 0.439
3138, 0.1007, 0.428
3139, 0.1515, 0.450
3140, 0.1651, 0.420
3141, 0.0967, 0.415
3142, 0.0839, 0.412
3143, 0.1425, 0.433
3144, 0.1537, 0.442
3145, 0.1692, 0.443
3146, 0.1728, 0.439
3147, 0.0725, 0.441
3148, 0.0883, 0.441
3149, 0.1467, 0.453
3150, 0.1629, 0.453
3151, 0.1138, 0.442
3152, 0.1213, 0.447
3153, 0.1702, 0.455
3154, 0.0901, 0.455
3155, 0.0811, 0.453
3156, 0.0720, 0.435
3157, 0.1059, 0.454
3158, 0.1015, 0.441
3159, 0.1398, 0.440
3160, 0.1474, 0.440
3161, 0.2090, 0.440
3162, 0.1870, 0.437
3163, 0.1236, 0.442
3164, 0.0647, 0.438
3165, 0.0663, 0.438
3166, 0.0540, 0.437
3167, 0.0281, 0.441
3168, 0.0588, 0.447
3169, 0.1075, 0.432
3170, 0.0833, 0.425
3171, 0.0938, 0.414
3172, 0.0768, 0.410
3173, 0.1387, 0.414
3174, 0.1727, 0.416
3175, 0.1085, 0.410
3176, 0.1417, 0.413
3177, 0.1562, 0.417
3178, 0.1105, 0.414
3179, 0.0965, 0.412
3180, 0.1687, 0.411
3181, 0.1580, 0.411
3182, 0.1048, 0.414
3183, 0.1378, 0.414
3184, 0.1655, 0.419
3185, 0.2017, 0.416
3186, 0.1196, 0.414
3187, 0.0586, 0.409
3188, 0.1104, 0.408
3189, 0.0707, 0.409
3190, 0.0288, 0.408
3191, 0.1616, 0.406
3192, 0.1679, 0.403
3193, 0.1529, 0.403
3194, 0.1032, 0.398
3195, 0.1086, 0.404
3196, 0.0453, 0.401
3197, 0.0889, 0.400
3198, 0.1052, 0.396
3199, 0.2188, 0.402
3200, 0.1077, 0.396
3201, 0.1774, 0.391
3202, 0.2685, 0.413
3203, 0.1041, 0.409
3204, 0.0179, 0.408
3205, 0.1371, 0.412
3206, 0.1069, 0.412
3207, 0.2006, 0.409
3208, 0.1821, 0.439
3209, 0.1554, 0.407
3210, 0.1849, 0.404
3211, 0.1006, 0.397
3212, 0.1768, 0.393
3213, 0.0799, 0.403
3214, 0.1557, 0.402
3215, 0.1089, 0.396
3216, 0.1712, 0.394
3217, 0.1835, 0.396
3218, 0.0557, 0.415
3219, 0.1253, 0.405
3220, 0.0864, 0.403
3221, 0.1090, 0.404
3222, 0.2161, 0.409
3223, 0.1822, 0.402
3224, 0.1821, 0.398
3225, 0.1109, 0.403
3226, 0.1109, 0.399
3227, 0.1011, 0.407
3228, 0.0551, 0.409
3229, 0.0743, 0.401
3230, 0.0843, 0.403
3231, 0.1546, 0.398
3232, 0.0540, 0.392
3233, 0.0601, 0.408
3234, 0.1278, 0.415
3235, 0.1204, 0.402
3236, 0.0939, 0.408
3237, 0.1771, 0.404
3238, 0.1000, 0.403
3239, 0.1027, 0.403
3240, 0.1456, 0.397
3241, 0.1826, 0.398
3242, 0.1419, 0.399
3243, 0.1049, 0.401
3244, 0.1130, 0.401
3245, 0.0662, 0.416
3246, 0.1164, 0.403
3247, 0.1492, 0.402
3248, 0.1568, 0.404
3249, 0.0996, 0.398
3250, 0.1242, 0.401
3251, 0.0836, 0.405
3252, 0.1159, 0.405
3253, 0.1623, 0.413
3254, 0.1283, 0.422
3255, 0.1089, 0.409
3256, 0.1913, 0.410
3257, 0.1574, 0.400
3258, 0.1788, 0.403
3259, 0.1428, 0.399
3260, 0.1131, 0.395
3261, 0.1466, 0.400
3262, 0.0772, 0.399
3263, 0.1180, 0.425
3264, 0.1710, 0.411
3265, 0.1935, 0.427
3266, 0.0807, 0.408
3267, 0.1578, 0.406
3268, 0.1957, 0.402
3269, 0.0964, 0.426
3270, 0.1349, 0.422
3271, 0.0868, 0.421
3272, 0.1195, 0.439
3273, 0.1660, 0.419
3274, 0.1473, 0.405
3275, 0.1906, 0.413
3276, 0.1784, 0.409
3277, 0.1142, 0.420
3278, 0.0782, 0.405
3279, 0.0831, 0.406
3280, 0.2050, 0.398
3281, 0.1149, 0.425
3282, 0.0753, 0.407
3283, 0.1404, 0.413
3284, 0.1320, 0.408
3285, 0.2024, 0.433
3286, 0.1231, 0.424
3287, 0.1019, 0.408
3288, 0.1513, 0.398
3289, 0.1041, 0.408
3290, 0.1858, 0.409
3291, 0.1431, 0.408
3292, 0.1811, 0.406
3293, 0.0854, 0.411
3294, 0.0945, 0.409
3295, 0.0548, 0.410
3296, 0.0591, 0.412
3297, 0.0718, 0.407
3298, 0.0999, 0.423
3299, 0.0957, 0.408
3300, 0.1321, 0.408
3301, 0.1243, 0.408
3302, 0.1073, 0.413
3303, 0.1123, 0.413
3304, 0.1060, 0.416
3305, 0.0972, 0.399
3306, 0.1384, 0.428
3307, 0.1413, 0.407
3308, 0.1122, 0.405
3309, 0.1522, 0.405
3310, 0.1099, 0.407
3311, 0.1365, 0.427
3312, 0.1386, 0.425
3313, 0.1553, 0.424
3314, 0.1141, 0.427
3315, 0.2004, 0.410
3316, 0.1031, 0.406
3317, 0.1056, 0.399
3318, 0.1100, 0.404
3319, 0.0910, 0.402
3320, 0.1633, 0.408
3321, 0.0866, 0.401
3322, 0.1296, 0.418
3323, 0.1239, 0.403
3324, 0.1029, 0.449
3325, 0.1458, 0.407
3326, 0.1557, 0.408
3327, 0.1047, 0.406
3328, 0.1190, 0.410
3329, 0.0790, 0.417
3330, 0.1602, 0.412
3331, 0.1506, 0.406
3332, 0.1501, 0.408
3333, 0.1400, 0.408
3334, 0.1099, 0.405
3335, 0.1491, 0.406
3336, 0.0931, 0.410
3337, 0.0882, 0.413
3338, 0.0611, 0.414
3339, 0.1080, 0.419
3340, 0.0984, 0.412
3341, 0.1331, 0.402
3342, 0.0977, 0.402
3343, 0.1609, 0.399
3344, 0.0869, 0.403
3345, 0.0974, 0.398
3346, 0.1299, 0.396
3347, 0.2976, 0.396
3348, 0.1274, 0.399
3349, 0.0995, 0.400
3350, 0.1113, 0.396
3351, 0.0761, 0.394
3352, 0.1147, 0.391
3353, 0.0794, 0.389
3354, 0.1150, 0.388
3355, 0.1226, 0.392
3356, 0.1226, 0.400
3357, 0.2008, 0.403
3358, 0.1805, 0.411
3359, 0.1538, 0.412
3360, 0.0604, 0.407
3361, 0.1194, 0.407
3362, 0.1277, 0.400
3363, 0.0828, 0.396
3364, 0.1145, 0.399
3365, 0.1168, 0.401
3366, 0.1514, 0.404
3367, 0.0786, 0.388
3368, 0.0809, 0.405
3369, 0.0679, 0.408
3370, 0.1362, 0.394
3371, 0.1938, 0.392
3372, 0.0897, 0.397
3373, 0.0814, 0.405
3374, 0.0662, 0.399
3375, 0.0879, 0.396
3376, 0.0486, 0.401
3377, 0.0976, 0.403
3378, 0.0956, 0.401
3379, 0.0975, 0.399
3380, 0.0873, 0.399
3381, 0.1506, 0.403
3382, 0.1529, 0.409
3383, 0.1024, 0.408
3384, 0.0623, 0.395
3385, 0.0988, 0.393
3386, 0.0731, 0.393
3387, 0.0603, 0.394
3388, 0.1126, 0.396
3389, 0.1054, 0.404
3390, 0.0960, 0.394
3391, 0.1241, 0.389
3392, 0.0988, 0.398
3393, 0.0930, 0.397
3394, 0.1219, 0.400
3395, 0.1649, 0.397
3396, 0.1598, 0.397
3397, 0.0928, 0.402
3398, 0.0948, 0.397
3399, 0.0677, 0.395
3400, 0.1820, 0.396
3401, 0.2272, 0.385
3402, 0.1150, 0.396
3403, 0.0769, 0.396
3404, 0.0808, 0.399
3405, 0.0915, 0.408
3406, 0.0989, 0.411
3407, 0.0774, 0.406
3408, 0.2054, 0.426
3409, 0.1744, 0.492
3410, 0.1605, 0.412
3411, 0.1611, 0.402
3412, 0.0806, 0.396
3413, 0.1172, 0.400
3414, 0.0985, 0.400
3415, 0.1160, 0.394
3416, 0.2179, 0.394
3417, 0.0983, 0.403
3418, 0.0757, 0.401
3419, 0.0586, 0.397
3420, 0.1187, 0.398
3421, 0.0538, 0.409
3422, 0.1008, 0.416
3423, 0.1216, 0.413
3424, 0.0884, 0.403
3425, 0.1255, 0.406
3426, 0.1038, 0.393
3427, 0.0990, 0.417
3428, 0.1269, 0.414
3429, 0.1366, 0.403
3430, 0.1349, 0.408
3431, 0.0947, 0.408
3432, 0.1189, 0.393
3433, 0.2076, 0.395
3434, 0.1172, 0.393
3435, 0.1871, 0.405
3436, 0.0570, 0.397
3437, 0.1068, 0.404
3438, 0.1601, 0.399
3439, 0.1931, 0.400
3440, 0.1042, 0.412
3441, 0.1247, 0.408
3442, 0.1323, 0.409
3443, 0.0703, 0.396
3444, 0.0672, 0.392
3445, 0.0996, 0.396
3446, 0.1608, 0.398
3447, 0.1873, 0.393
3448, 0.1310, 0.409
3449, 0.0953, 0.411
3450, 0.0990, 0.397
3451, 0.1032, 0.411
3452, 0.1166, 0.413
3453, 0.0774, 0.408
3454, 0.0977, 0.401
3455, 0.1349, 0.401
3456, 0.1484, 0.401
3457, 0.1599, 0.407
3458, 0.1087, 0.401
3459, 0.0577, 0.409
3460, 0.1659, 0.409
3461, 0.1122, 0.396
3462, 0.1280, 0.403
3463, 0.1303, 0.399
3464, 0.1390, 0.398
3465, 0.1512, 0.391
3466, 0.0293, 0.403
3467, 0.1589, 0.406
3468, 0.0636, 0.409
3469, 0.1537, 0.399
3470, 0.1178, 0.394
3471, 0.1203, 0.432
3472, 0.1012, 0.425
3473, 0.0431, 0.434
3474, 0.1386, 0.425
3475, 0.0646, 0.418
3476, 0.1102, 0.438
3477, 0.0846, 0.432
3478, 0.1087, 0.431
3479, 0.1250, 0.452
3480, 0.1620, 0.434
3481, 0.0621, 0.431
3482, 0.0993, 0.410
3483, 0.1705, 0.424
3484, 0.0732, 0.432
3485, 0.0818, 0.438
3486, 0.0950, 0.428
3487, 0.1544, 0.444
3488, 0.0955, 0.435
3489, 0.1383, 0.409
3490, 0.1307, 0.401
3491, 0.0941, 0.429
3492, 0.0688, 0.406
3493, 0.0760, 0.419
3494, 0.1301, 0.430
3495, 0.0795, 0.442
3496, 0.1043, 0.429
3497, 0.0724, 0.402
3498, 0.2014, 0.402
3499, 0.1765, 0.418
3500, 0.1497, 0.404
3501, 0.1705, 0.403
3502, 0.1984, 0.406
3503, 0.1573, 0.415
3504, 0.1573, 0.400
3505, 0.1616, 0.399
3506, 0.1106, 0.401
3507, 0.1702, 0.425
3508, 0.1769, 0.438
3509, 0.1632, 0.408
3510, 0.0763, 0.428
3511, 0.1296, 0.409
3512, 0.0967, 0.405
3513, 0.0993, 0.399
3514, 0.0832, 0.416
3515, 0.2038, 0.410
3516, 0.2050, 0.410
3517, 0.0944, 0.408
3518, 0.1164, 0.421
3519, 0.0575, 0.419
3520, 0.1231, 0.422
3521, 0.1177, 0.394
3522, 0.1052, 0.401
3523, 0.1249, 0.460
3524, 0.0983, 0.405
3525, 0.0951, 0.397
3526, 0.0959, 0.408
3527, 0.0793, 0.408
3528, 0.1180, 0.394
3529, 0.1522, 0.393
3530, 0.1480, 0.397
3531, 0.0912, 0.398
3532, 0.1354, 0.395
3533, 0.0999, 0.401
3534, 0.0753, 0.405
3535, 0.2126, 0.420
3536, 0.2279, 0.418
3537, 0.1112, 0.406
3538, 0.0846, 0.404
3539, 0.1335, 0.404
3540, 0.1581, 0.403
3541, 0.1486, 0.398
3542, 0.1161, 0.395
3543, 0.1148, 0.396
3544, 0.0536, 0.397
3545, 0.0862, 0.395
3546, 0.0515, 0.394
3547, 0.1206, 0.396
3548, 0.1248, 0.397
3549, 0.1034, 0.402
3550, 0.0793, 0.391
3551, 0.1166, 0.393
3552, 0.1162, 0.392
3553, 0.1576, 0.396
3554, 0.0870, 0.402
3555, 0.1075, 0.405
3556, 0.1806, 0.403
3557, 0.1189, 0.399
3558, 0.1549, 0.395
3559, 0.1456, 0.395
3560, 0.1391, 0.395
3561, 0.1013, 0.397
3562, 0.0965, 0.401
3563, 0.1476, 0.407
3564, 0.0496, 0.421
3565, 0.1440, 0.418
3566, 0.0961, 0.392
3567, 0.1130, 0.392
3568, 0.2398, 0.391
3569, 0.1233, 0.395
3570, 0.1359, 0.403
3571, 0.0867, 0.403
3572, 0.1545, 0.403
3573, 0.1390, 0.402
3574, 0.0614, 0.396
3575, 0.1552, 0.395
3576, 0.1542, 0.396
3577, 0.1529, 0.397
3578, 0.1090, 0.394
3579, 0.1356, 0.389
3580, 0.1659, 0.391
3581, 0.1940, 0.396
3582, 0.1219, 0.393
3583, 0.1007, 0.392
3584, 0.0849, 0.392
3585, 0.0973, 0.396
3586, 0.1025, 0.449
3587, 0.1476, 0.432
3588, 0.1036, 0.454
3589, 0.0636, 0.455
3590, 0.1374, 0.452
3591, 0.1153, 0.449
3592, 0.1595, 0.449
3593, 0.1033, 0.456
3594, 0.1175, 0.453
3595, 0.0710, 0.456
3596, 0.1263, 0.458
3597, 0.1617, 0.461
3598, 0.1362, 0.399
3599, 0.1756, 0.397
3600, 0.0584, 0.403
3601, 0.1374, 0.389
3602, 0.1053, 0.405
3603, 0.1389, 0.416
3604, 0.1460, 0.421
3605, 0.1130, 0.431
3606, 0.1184, 0.423
3607, 0.1400, 0.424
3608, 0.1260, 0.456
3609, 0.0978, 0.409
3610, 0.1042, 0.412
3611, 0.0852, 0.414
3612, 0.1564, 0.417
3613, 0.1439, 0.410
3614, 0.1671, 0.414
3615, 0.1180, 0.407
3616, 0.1394, 0.401
3617, 0.1283, 0.404
3618, 0.0423, 0.414
3619, 0.1372, 0.405
3620, 0.0686, 0.402
3621, 0.0948, 0.406
3622, 0.0763, 0.397
3623, 0.1225, 0.392
3624, 0.0758, 0.395
3625, 0.0994, 0.399
3626, 0.1492, 0.397
3627, 0.1018, 0.400
3628, 0.1235, 0.397
3629, 0.1578, 0.392
3630, 0.1851, 0.397
3631, 0.1462, 0.401
3632, 0.0658, 0.405
3633, 0.1563, 0.398
3634, 0.1206, 0.395
3635, 0.1582, 0.395
3636, 0.1085, 0.397
3637, 0.1313, 0.395
3638, 0.0600, 0.390
3639, 0.1427, 0.394
3640, 0.1119, 0.398
3641, 0.1162, 0.398
3642, 0.0626, 0.393
3643, 0.0639, 0.391
3644, 0.0968, 0.392
3645, 0.0918, 0.393
3646, 0.1588, 0.407
3647, 0.1079, 0.407
3648, 0.1976, 0.397
3649, 0.2164, 0.404
3650, 0.1404, 0.396
3651, 0.0433, 0.402
3652, 0.1343, 0.400
3653, 0.1302, 0.404
3654, 0.0679, 0.392
3655, 0.0723, 0.390
3656, 0.0934, 0.401
3657, 0.0631, 0.404
3658, 0.1782, 0.394
3659, 0.0944, 0.391
3660, 0.1209, 0.392
3661, 0.1266, 0.391
3662, 0.1346, 0.393
3663, 0.0793, 0.396
3664, 0.0909, 0.404
3665, 0.0814, 0.397
3666, 0.1546, 0.392
3667, 0.1071, 0.400
3668, 0.0695, 0.398
3669, 0.1590, 0.398
3670, 0.1479, 0.395
3671, 0.0828, 0.390
3672, 0.0814, 0.420
3673, 0.2196, 0.433
3674, 0.0891, 0.388
3675, 0.1443, 0.398
3676, 0.0148, 0.398
3677, 0.0726, 0.400
3678, 0.0730, 0.392
3679, 0.1657, 0.402
3680, 0.1670, 0.423
3681, 0.0366, 0.445
3682, 0.1165, 0.456
3683, 0.0568, 0.443
3684, 0.1004, 0.439
3685, 0.0592, 0.424
3686, 0.0851, 0.385
3687, 0.2015, 0.390
3688, 0.1795, 0.407
3689, 0.1010, 0.417
3690, 0.1047, 0.402
3691, 0.1477, 0.400
3692, 0.0888, 0.399
3693, 0.1544, 0.397
3694, 0.1968, 0.395
3695, 0.1258, 0.406
3696, 0.1171, 0.405
3697, 0.0925, 0.410
3698, 0.1611, 0.412
3699, 0.0621, 0.412
3700, 0.0735, 0.412
3701, 0.1182, 0.418
3702, 0.1612, 0.406
3703, 0.1123, 0.394
3704, 0.1065, 0.427
3705, 0.1216, 0.440
3706, 0.0904, 0.428
3707, 0.1434, 0.390
3708, 0.1193, 0.394
3709, 0.0465, 0.399
3710, 0.1041, 0.401
3711, 0.1018, 0.393
3712, 0.1578, 0.421
3713, 0.1396, 0.408
3714, 0.1925, 0.399
3715, 0.0895, 0.388
3716, 0.1515, 0.389
3717, 0.1435, 0.390
3718, 0.1188, 0.396
3719, 0.0934, 0.396
3720, 0.1035, 0.439
3721, 0.1896, 0.436
3722, 0.1483, 0.454
3723, 0.0852, 0.416
3724, 0.0918, 0.406
3725, 0.0961, 0.396
3726, 0.0813, 0.396
3727, 0.1065, 0.399
3728, 0.1210, 0.406
3729, 0.1278, 0.406
3730, 0.0922, 0.392
3731, 0.1799, 0.392
3732, 0.1083, 0.392
3733, 0.0634, 0.394
3734, 0.0746, 0.395
3735, 0.1391, 0.400
3736, 0.1483, 0.407
3737, 0.1428, 0.410
3738, 0.0434, 0.426
3739, 0.1267, 0.438
3740, 0.1628, 0.398
3741, 0.0964, 0.401
3742, 0.2557, 0.399
3743, 0.1610, 0.400
3744, 0.2495, 0.395
3745, 0.1754, 0.392
3746, 0.1359, 0.392
3747, 0.1746, 0.394
3748, 0.2144, 0.396
3749, 0.0813, 0.394
3750, 0.0966, 0.396
3751, 0.1231, 0.400
3752, 0.1285, 0.396
3753, 0.1052, 0.398
3754, 0.1256, 0.412
3755, 0.1373, 0.419
3756, 0.1227, 0.411
3757, 0.0467, 0.403
3758, 0.1015, 0.402
3759, 0.0802, 0.401
3760, 0.1183, 0.410
3761, 0.1158, 0.408
3762, 0.1589, 0.395
3763, 0.1287, 0.395
3764, 0.0866, 0.400
3765, 0.1327, 0.396
3766, 0.0933, 0.396
3767, 0.1098, 0.399
3768, 0.1771, 0.398
3769, 0.0658, 0.400
3770, 0.1144, 0.396
3771, 0.1370, 0.394
3772, 0.0887, 0.399
3773, 0.1262, 0.405
3774, 0.0292, 0.404
3775, 0.0617, 0.399
3776, 0.1400, 0.393
3777, 0.1731, 0.392
3778, 0.0926, 0.393
3779, 0.0988, 0.408
3780, 0.0780, 0.412
3781, 0.1149, 0.397
3782, 0.1460, 0.398
3783, 0.1707, 0.397
3784, 0.1758, 0.397
3785, 0.2230, 0.412
3786, 0.1002, 0.410
3787, 0.1475, 0.401
3788, 0.1251, 0.396
3789, 0.0585, 0.405
3790, 0.0880, 0.403
3791, 0.1974, 0.400
3792, 0.0924, 0.408
3793, 0.1492, 0.410
3794, 0.1153, 0.398
3795, 0.1473, 0.395
3796, 0.0980, 0.395
3797, 0.1432, 0.396
3798, 0.1903, 0.397
3799, 0.1716, 0.398
3800, 0.1338, 0.396
3801, 0.1170, 0.387
3802, 0.0874, 0.400
3803, 0.1617, 0.401
3804, 0.1617, 0.400
3805, 0.1468, 0.410
3806, 0.1809, 0.407
3807, 0.1081, 0.397
3808, 0.0602, 0.417
3809, 0.1408, 0.463
3810, 0.1436, 0.402
3811, 0.1524, 0.397
3812, 0.1116, 0.398
3813, 0.0495, 0.393
3814, 0.1318, 0.402
3815, 0.0735, 0.405
3816, 0.1139, 0.399
3817, 0.1108, 0.397
3818, 0.1712, 0.404
3819, 0.1360, 0.400
3820, 0.1144, 0.406
3821, 0.1584, 0.415
3822, 0.1220, 0.411
3823, 0.1123, 0.411
3824, 0.0904, 0.404
3825, 0.1282, 0.398
3826, 0.1182, 0.393
3827, 0.0760, 0.403
3828, 0.0768, 0.393
3829, 0.0545, 0.397
3830, 0.0664, 0.402
3831, 0.0866, 0.410
3832, 0.0934, 0.397
3833, 0.0914, 0.394
3834, 0.1694, 0.400
3835, 0.1498, 0.409
3836, 0.1436, 0.393
3837, 0.0971, 0.394
3838, 0.0738, 0.396
3839, 0.1558, 0.392
3840, 0.0545, 0.397
3841, 0.1297, 0.404
3842, 0.0825, 0.393
3843, 0.0705, 0.398
3844, 0.0536, 0.392
3845, 0.0899, 0.396
3846, 0.0989, 0.397
3847, 0.0926, 0.395
3848, 0.1306, 0.392
3849, 0.0990, 0.393
3850, 0.0889, 0.393
3851, 0.1182, 0.398
3852, 0.1178, 0.393
3853, 0.0582, 0.402
3854, 0.0923, 0.405
3855, 0.1527, 0.401
3856, 0.0682, 0.401
3857, 0.0779, 0.408
3858, 0.1373, 0.394
3859, 0.1280, 0.407
3860, 0.0994, 0.406
3861, 0.0963, 0.397
3862, 0.1160, 0.398
3863, 0.1746, 0.400
3864, 0.1462, 0.403
3865, 0.1581, 0.405
3866, 0.1148, 0.399
3867, 0.0712, 0.398
3868, 0.0962, 0.396
3869, 0.1170, 0.405
3870, 0.1151, 0.404
3871, 0.1086, 0.404
3872, 0.0820, 0.408
3873, 0.1554, 0.399
3874, 0.1179, 0.391
3875, 0.1482, 0.392
3876, 0.1540, 0.410
3877, 0.1594, 0.398
3878, 0.1326, 0.400
3879, 0.1680, 0.397
3880, 0.1964, 0.403
3881, 0.1886, 0.411
3882, 0.1385, 0.399
3883, 0.1506, 0.393
3884, 0.2808, 0.394
3885, 0.1472, 0.397
3886, 0.0943, 0.396
3887, 0.2207, 0.400
3888, 0.1673, 0.397
3889, 0.1789, 0.402
3890, 0.0896, 0.396
3891, 0.0878, 0.396
3892, 0.1627, 0.407
3893, 0.1469, 0.402
3894, 0.0972, 0.399
3895, 0.1036, 0.405
3896, 0.1159, 0.397
3897, 0.1252, 0.398
3898, 0.1092, 0.402
3899, 0.1585, 0.393
3900, 0.1087, 0.395
3901, 0.1219, 0.390
3902, 0.0479, 0.402
3903, 0.0713, 0.406
3904, 0.0805, 0.404
3905, 0.0814, 0.405
3906, 0.0740, 0.398
3907, 0.1425, 0.396
3908, 0.1210, 0.405
3909, 0.0840, 0.398
3910, 0.1434, 0.401
3911, 0.1431, 0.392
3912, 0.0548, 0.391
3913, 0.1384, 0.392
3914, 0.1057, 0.404
3915, 0.1073, 0.394
3916, 0.0612, 0.402
3917, 0.1270, 0.387
3918, 0.1712, 0.396
3919, 0.0875, 0.391
3920, 0.1351, 0.404
3921, 0.0768, 0.416
3922, 0.1173, 0.408
3923, 0.1329, 0.398
3924, 0.1190, 0.393
3925, 0.1191, 0.413
3926, 0.1673, 0.395
3927, 0.1201, 0.392
3928, 0.0754, 0.402
3929, 0.1729, 0.409
3930, 0.1328, 0.402
3931, 0.1353, 0.395
3932, 0.1146, 0.404
3933, 0.1568, 0.406
3934, 0.1319, 0.393
3935, 0.0296, 0.400
3936, 0.0805, 0.396
3937, 0.0973, 0.394
3938, 0.1623, 0.398
3939, 0.1035, 0.400
3940, 0.1284, 0.397
3941, 0.1008, 0.399
3942, 0.1054, 0.399
3943, 0.1030, 0.392
3944, 0.1249, 0.396
3945, 0.1452, 0.399
3946, 0.0545, 0.401
3947, 0.0952, 0.397
3948, 0.0682, 0.394
3949, 0.0850, 0.393
3950, 0.1468, 0.394
3951, 0.1241, 0.396
3952, 0.1333, 0.397
3953, 0.1793, 0.394
3954, 0.0870, 0.391
3955, 0.1016, 0.400
3956, 0.1532, 0.408
3957, 0.1293, 0.403
3958, 0.0893, 0.412
3959, 0.2152, 0.405
3960, 0.0825, 0.397
3961, 0.1600, 0.404
3962, 0.1035, 0.405
3963, 0.1035, 0.397
3964, 0.1081, 0.394
3965, 0.1374, 0.394
3966, 0.1282, 0.396
3967, 0.1206, 0.397
3968, 0.1356, 0.394
3969, 0.1228, 0.406
3970, 0.0859, 0.412
3971, 0.1352, 0.398
3972, 0.0909, 0.396
3973, 0.1090, 0.398
3974, 0.1813, 0.403
3975, 0.1625, 0.396
3976, 0.0588, 0.400
3977, 0.0658, 0.402
3978, 0.0748, 0.401
3979, 0.1152, 0.397
3980, 0.2265, 0.392
3981, 0.0806, 0.394
3982, 0.0914, 0.399
3983, 0.0683, 0.397
3984, 0.1768, 0.392
3985, 0.1441, 0.392
3986, 0.0884, 0.396
3987, 0.1027, 0.400
3988, 0.0995, 0.409
3989, 0.0583, 0.413
3990, 0.1428, 0.401
3991, 0.1185, 0.402
3992, 0.1324, 0.399
3993, 0.1050, 0.403
3994, 0.1270, 0.401
3995, 0.0870, 0.409
3996, 0.0672, 0.408
3997, 0.0689, 0.398
3998, 0.1159, 0.399
3999, 0.2582, 0.397
4000, 0.1660, 0.394
4001, 0.1236, 0.384
4002, 0.2009, 0.399
4003, 0.0861, 0.399
4004, 0.1600, 0.395
4005, 0.1594, 0.415
4006, 0.1268, 0.410
4007, 0.1237, 0.406
4008, 0.1098, 0.428
4009, 0.1353, 0.450
4010, 0.1264, 0.408
4011, 0.0970, 0.400
4012, 0.1347, 0.396
4013, 0.1140, 0.399
4014, 0.1470, 0.408
4015, 0.1475, 0.403
4016, 0.1307, 0.393
4017, 0.0574, 0.393
4018, 0.0630, 0.395
4019, 0.1472, 0.405
4020, 0.1030, 0.398
4021, 0.0913, 0.401
4022, 0.1019, 0.403
4023, 0.0981, 0.405
4024, 0.1424, 0.410
4025, 0.1190, 0.397
4026, 0.1481, 0.392
4027, 0.0783, 0.392
4028, 0.1415, 0.393
4029, 0.1167, 0.398
4030, 0.0620, 0.409
4031, 0.0997, 0.397
4032, 0.1443, 0.401
4033, 0.1723, 0.398
4034, 0.1493, 0.401
4035, 0.1394, 0.398
4036, 0.1585, 0.398
4037, 0.1177, 0.397
4038, 0.1679, 0.402
4039, 0.1510, 0.398
4040, 0.1053, 0.404
4041, 0.1071, 0.400
4042, 0.1436, 0.403
4043, 0.1199, 0.392
4044, 0.0709, 0.416
4045, 0.1086, 0.409
4046, 0.1725, 0.400
4047, 0.0994, 0.411
4048, 0.1136, 0.399
4049, 0.1157, 0.403
4050, 0.1508, 0.419
4051, 0.0954, 0.397
4052, 0.1282, 0.396
4053, 0.1169, 0.412
4054, 0.1123, 0.398
4055, 0.1069, 0.395
4056, 0.1123, 0.402
4057, 0.1333, 0.399
4058, 0.1169, 0.394
4059, 0.1325, 0.391
4060, 0.1497, 0.407
4061, 0.1181, 0.396
4062, 0.1678, 0.402
4063, 0.1851, 0.399
4064, 0.1476, 0.397
4065, 0.1103, 0.392
4066, 0.0313, 0.395
4067, 0.1592, 0.396
4068, 0.0929, 0.390
4069, 0.0686, 0.393
4070, 0.0777, 0.396
4071, 0.1273, 0.393
4072, 0.0595, 0.393
4073, 0.0511, 0.398
4074, 0.0778, 0.391
4075, 0.1143, 0.392
4076, 0.0476, 0.389
4077, 0.1219, 0.394
4078, 0.0773, 0.400
4079, 0.1195, 0.390
4080, 0.0817, 0.394
4081, 0.0439, 0.392
4082, 0.1591, 0.393
4083, 0.1258, 0.395
4084, 0.1193, 0.389
4085, 0.1381, 0.395
4086, 0.1486, 0.397
4087, 0.1026, 0.390
4088, 0.0506, 0.394
4089, 0.1198, 0.398
4090, 0.1367, 0.393
4091, 0.1881, 0.391
4092, 0.0732, 0.393
4093, 0.1328, 0.395
4094, 0.0986, 0.391
4095, 0.1039, 0.392
4096, 0.0930, 0.392
4097, 0.1078, 0.398
4098, 0.0998, 0.394
4099, 0.0835, 0.397
4100, 0.0796, 0.390
4101, 0.1409, 0.404
4102, 0.1120, 0.396
4103, 0.0926, 0.391
4104, 0.0672, 0.394
4105, 0.1344, 0.399
4106, 0.1379, 0.394
4107, 0.1217, 0.388
4108, 0.0729, 0.392
4109, 0.1436, 0.396
4110, 0.1143, 0.398
4111, 0.1259, 0.390
4112, 0.1001, 0.393
4113, 0.1425, 0.394
4114, 0.1868, 0.394
4115, 0.1464, 0.395
4116, 0.0729, 0.386
4117, 0.0940, 0.395
4118, 0.0993, 0.398
4119, 0.0880, 0.391
4120, 0.1131, 0.393
4121, 0.1077, 0.398
4122, 0.1538, 0.395
4123, 0.1467, 0.391
4124, 0.1676, 0.391
4125, 0.1229, 0.389
4126, 0.1788, 0.396
4127, 0.1720, 0.392
4128, 0.1550, 0.404
4129, 0.1498, 0.397
4130, 0.1108, 0.397
4131, 0.1685, 0.397
4132, 0.1801, 0.391
4133, 0.1290, 0.396
4134, 0.1018, 0.400
4135, 0.0994, 0.396
4136, 0.0615, 0.396
4137, 0.1203, 0.399
4138, 0.1074, 0.395
4139, 0.0730, 0.393
4140, 0.1058, 0.394
4141, 0.0810, 0.396
4142, 0.0676, 0.401
4143, 0.1218, 0.400
4144, 0.0573, 0.405
4145, 0.1797, 0.395
4146, 0.0272, 0.394
4147, 0.1312, 0.411
4148, 0.1590, 0.407
4149, 0.1096, 0.399
4150, 0.0820, 0.394
4151, 0.1049, 0.391
4152, 0.0599, 0.402
4153, 0.1773, 0.394
4154, 0.0871, 0.392
4155, 0.0586, 0.394
4156, 0.0805, 0.392
4157, 0.0893, 0.398
4158, 0.1425, 0.402
4159, 0.1193, 0.400
4160, 0.1670, 0.409
4161, 0.0464, 0.414
4162, 0.0943, 0.395
4163, 0.1386, 0.400
4164, 0.1372, 0.397
4165, 0.0482, 0.408
4166, 0.1298, 0.409
4167, 0.1277, 0.401
4168, 0.1028, 0.407
4169, 0.1193, 0.411
4170, 0.1364, 0.401
4171, 0.1130, 0.397
4172, 0.1788, 0.393
4173, 0.1080, 0.398
4174, 0.1665, 0.400
4175, 0.1383, 0.398
4176, 0.1310, 0.398
4177, 0.1174, 0.404
4178, 0.0529, 0.415
4179, 0.1042, 0.406
4180, 0.1165, 0.396
4181, 0.1077, 0.396
4182, 0.1122, 0.399
4183, 0.1456, 0.403
4184, 0.2014, 0.396
4185, 0.1099, 0.400
4186, 0.1260, 0.401
4187, 0.1657, 0.397
4188, 0.0967, 0.393
4189, 0.1455, 0.399
4190, 0.0928, 0.403
4191, 0.0991, 0.400
4192, 0.1408, 0.397
4193, 0.1721, 0.450
4194, 0.0861, 0.451
4195, 0.1063, 0.450
4196, 0.1050, 0.458
4197, 0.1079, 0.460
4198, 0.1592, 0.462
4199, 0.1027, 0.461
4200, 0.0439, 0.452
4201, 0.0856, 0.435
4202, 0.1140, 0.435
4203, 0.0672, 0.426
4204, 0.2041, 0.454
4205, 0.1209, 0.452
4206, 0.1350, 0.462
4207, 0.0969, 0.463
4208, 0.1071, 0.466
4209, 0.0913, 0.417
4210, 0.1231, 0.425
4211, 0.1106, 0.414
4212, 0.2229, 0.410
4213, 0.1099, 0.430
4214, 0.0233, 0.420
4215, 0.0672, 0.404
4216, 0.1129, 0.404
4217, 0.0970, 0.402
4218, 0.1819, 0.406
4219, 0.1062, 0.408
4220, 0.1180, 0.408
4221, 0.0995, 0.406
4222, 0.0555, 0.405
4223, 0.0945, 0.422
4224, 0.1191, 0.410
4225, 0.1314, 0.399
4226, 0.1351, 0.396
4227, 0.0937, 0.410
4228, 0.2082, 0.406
4229, 0.0727, 0.394
4230, 0.1052, 0.394
4231, 0.0888, 0.395
4232, 0.1920, 0.393
4233, 0.1291, 0.393
4234, 0.1379, 0.394
4235, 0.1231, 0.395
4236, 0.1613, 0.392
4237, 0.1437, 0.401
4238, 0.0751, 0.391
4239, 0.0788, 0.392
4240, 0.0623, 0.398
4241, 0.0935, 0.399
4242, 0.0805, 0.404
4243, 0.1695, 0.392
4244, 0.1334, 0.394
4245, 0.1561, 0.395
4246, 0.1193, 0.394
4247, 0.1176, 0.392
4248, 0.1498, 0.394
4249, 0.1521, 0.394
4250, 0.0650, 0.397
4251, 0.0926, 0.396
4252, 0.0809, 0.401
4253, 0.1340, 0.392
4254, 0.1342, 0.391
4255, 0.1541, 0.391
4256, 0.1389, 0.395
4257, 0.1103, 0.403
4258, 0.0590, 0.413
4259, 0.1525, 0.431
4260, 0.1275, 0.430
4261, 0.1257, 0.422
4262, 0.0807, 0.421
4263, 0.0524, 0.421
4264, 0.0712, 0.391
4265, 0.0929, 0.390
4266, 0.1698, 0.394
4267, 0.1776, 0.398
4268, 0.1093, 0.392
4269, 0.1017, 0.390
4270, 0.0985, 0.392
4271, 0.0849, 0.396
4272, 0.2044, 0.398
4273, 0.1802, 0.398
4274, 0.0885, 0.395
4275, 0.1308, 0.394
4276, 0.0582, 0.400
4277, 0.0862, 0.415
4278, 0.1110, 0.404
4279, 0.1623, 0.412
4280, 0.1498, 0.414
4281, 0.1491, 0.397
4282, 0.0920, 0.396
4283, 0.1307, 0.393
4284, 0.0804, 0.393
4285, 0.1364, 0.396
4286, 0.1782, 0.394
4287, 0.1079, 0.392
4288, 0.0917, 0.396
4289, 0.1146, 0.395
4290, 0.1581, 0.397
4291, 0.1389, 0.395
4292, 0.1110, 0.393
4293, 0.1210, 0.394
4294, 0.0977, 0.395
4295, 0.1228, 0.392
4296, 0.0949, 0.392
4297, 0.0877, 0.393
4298, 0.0725, 0.401
4299, 0.1079, 0.393
4300, 0.1074, 0.393
4301, 0.0881, 0.392
4302, 0.1003, 0.396
4303, 0.1153, 0.394
4304, 0.1774, 0.393
4305, 0.1205, 0.396
4306, 0.1152, 0.398
4307, 0.1420, 0.395
4308, 0.1431, 0.393
4309, 0.1058, 0.394
4310, 0.2196, 0.396
4311, 0.1184, 0.393
4312, 0.1394, 0.394
4313, 0.1107, 0.398
4314, 0.1197, 0.398
4315, 0.1265, 0.394
4316, 0.0888, 0.392
4317, 0.1245, 0.391
4318, 0.0742, 0.396
4319, 0.1667, 0.393
4320, 0.0848, 0.392
4321, 0.2049, 0.391
4322, 0.1651, 0.417
4323, 0.1414, 0.396
4324, 0.0901, 0.394
4325, 0.1295, 0.398
4326, 0.1388, 0.396
4327, 0.1361, 0.392
4328, 0.1501, 0.404
4329, 0.1128, 0.393
4330, 0.1888, 0.392
4331, 0.1506, 0.393
4332, 0.0808, 0.392
4333, 0.0863, 0.392
4334, 0.1191, 0.393
4335, 0.1086, 0.395
4336, 0.1774, 0.398
4337, 0.1575, 0.406
4338, 0.1142, 0.405
4339, 0.1763, 0.403
4340, 0.0732, 0.402
4341, 0.1198, 0.399
4342, 0.0696, 0.400
4343, 0.1035, 0.397
4344, 0.1347, 0.407
4345, 0.1381, 0.409
4346, 0.1196, 0.401
4347, 0.0746, 0.394
4348, 0.1592, 0.393
4349, 0.1379, 0.393
4350, 0.2273, 0.395
4351, 0.1539, 0.394
4352, 0.1954, 0.397
4353, 0.1484, 0.405
4354, 0.0833, 0.405
4355, 0.1583, 0.401
4356, 0.1283, 0.399
4357, 0.0948, 0.402
4358, 0.1050, 0.400
4359, 0.1171, 0.396
4360, 0.1231, 0.394
4361, 0.1355, 0.397
4362, 0.1364, 0.402
4363, 0.1508, 0.447
4364, 0.1210, 0.451
4365, 0.0958, 0.446
4366, 0.1612, 0.413
4367, 0.0699, 0.403
4368, 0.1285, 0.398
4369, 0.1107, 0.403
4370, 0.1215, 0.403
4371, 0.2379, 0.405
4372, 0.1102, 0.402
4373, 0.0856, 0.404
4374, 0.1402, 0.405
4375, 0.1049, 0.399
4376, 0.0658, 0.396
4377, 0.1422, 0.400
4378, 0.0919, 0.400
4379, 0.1259, 0.430
4380, 0.0765, 0.408
4381, 0.0759, 0.423
4382, 0.1261, 0.408
4383, 0.1219, 0.395
4384, 0.1158, 0.396
4385, 0.1263, 0.406
4386, 0.1438, 0.403
4387, 0.1425, 0.400
4388, 0.0886, 0.397
4389, 0.1555, 0.406
4390, 0.0722, 0.401
4391, 0.1208, 0.397
4392, 0.0466, 0.396
4393, 0.2386, 0.399
4394, 0.2522, 0.400
4395, 0.1182, 0.408
4396, 0.1831, 0.406
4397, 0.0684, 0.395
4398, 0.1201, 0.397
4399, 0.1700, 0.403
4400, 0.1393, 0.397
4401, 0.0923, 0.392
4402, 0.0833, 0.410
4403, 0.0980, 0.402
4404, 0.1614, 0.399
4405, 0.1189, 0.405
4406, 0.1210, 0.437
4407, 0.1429, 0.434
4408, 0.1312, 0.476
4409, 0.1765, 0.438
4410, 0.1179, 0.417
4411, 0.0486, 0.389
4412, 0.1102, 0.390
4413, 0.0893, 0.392
4414, 0.1374, 0.403
4415, 0.1107, 0.408
4416, 0.1598, 0.397
4417, 0.0991, 0.397
4418, 0.1106, 0.402
4419, 0.0721, 0.395
4420, 0.1156, 0.395
4421, 0.0884, 0.398
4422, 0.1371, 0.407
4423, 0.0776, 0.409
4424, 0.0973, 0.404
4425, 0.1562, 0.402
4426, 0.1458, 0.410
4427, 0.1694, 0.406
4428, 0.1059, 0.399
4429, 0.1096, 0.400
4430, 0.1079, 0.399
4431, 0.0776, 0.391
4432, 0.0721, 0.396
4433, 0.1376, 0.399
4434, 0.1095, 0.402
4435, 0.1153, 0.396
4436, 0.1188, 0.392
4437, 0.0634, 0.397
4438, 0.1925, 0.398
4439, 0.0440, 0.394
4440, 0.0807, 0.396
4441, 0.0857, 0.404
4442, 0.1607, 0.392
4443, 0.1705, 0.391
4444, 0.1386, 0.391
4445, 0.1165, 0.397
4446, 0.1240, 0.393
4447, 0.1291, 0.391
4448, 0.1046, 0.392
4449, 0.1048, 0.394
4450, 0.0684, 0.397
4451, 0.0623, 0.396
4452, 0.1084, 0.391
4453, 0.0879, 0.392
4454, 0.1069, 0.397
4455, 0.0738, 0.392
4456, 0.1641, 0.389
4457, 0.0676, 0.390
4458, 0.1435, 0.388
4459, 0.1144, 0.391
4460, 0.1581, 0.393
4461, 0.1055, 0.393
4462, 0.1040, 0.394
4463, 0.1379, 0.392
4464, 0.1481, 0.395
4465, 0.0624, 0.397
4466, 0.1590, 0.397
4467, 0.1665, 0.394
4468, 0.1083, 0.391
4469, 0.1212, 0.393
4470, 0.0879, 0.398
4471, 0.1183, 0.393
4472, 0.1048, 0.387
4473, 0.1517, 0.392
4474, 0.0838, 0.392
4475, 0.1558, 0.390
4476, 0.1800, 0.388
4477, 0.1238, 0.394
4478, 0.1626, 0.396
4479, 0.1782, 0.392
4480, 0.1090, 0.394
4481, 0.1573, 0.394
4482, 0.1284, 0.398
4483, 0.1143, 0.398
4484, 0.1206, 0.393
4485, 0.1365, 0.396
4486, 0.1575, 0.392
4487, 0.0588, 0.393
4488, 0.1047, 0.389
4489, 0.1009, 0.392
4490, 0.0968, 0.390
4491, 0.2332, 0.388
4492, 0.0258, 0.392
4493, 0.1307, 0.398
4494, 0.0739, 0.396
4495, 0.0944, 0.389
4496, 0.0898, 0.393
4497, 0.0823, 0.396
4498, 0.1541, 0.397
4499, 0.1163, 0.396
4500, 0.1021, 0.390
4501, 0.1070, 0.395
4502, 0.0770, 0.410
4503, 0.0858, 0.392
4504, 0.0756, 0.387
4505, 0.0807, 0.391
4506, 0.1018, 0.392
4507, 0.1084, 0.390
4508, 0.0939, 0.390
4509, 0.1572, 0.390
4510, 0.0649, 0.400
4511, 0.0778, 0.391
4512, 0.0911, 0.394
4513, 0.1243, 0.396
4514, 0.0867, 0.397
4515, 0.0901, 0.397
4516, 0.1535, 0.392
4517, 0.1492, 0.396
4518, 0.0982, 0.395
4519, 0.0487, 0.392
4520, 0.1176, 0.391
4521, 0.0689, 0.394
4522, 0.1380, 0.391
4523, 0.1754, 0.388
4524, 0.1482, 0.391
4525, 0.0863, 0.395
4526, 0.0924, 0.396
4527, 0.1123, 0.390
4528, 0.0552, 0.394
4529, 0.0889, 0.396
4530, 0.0583, 0.400
4531, 0.0629, 0.420
4532, 0.1239, 0.394
4533, 0.0515, 0.398
4534, 0.0913, 0.401
4535, 0.1049, 0.395
4536, 0.1198, 0.394
4537, 0.0738, 0.395
4538, 0.1026, 0.393
4539, 0.0947, 0.391
4540, 0.1527, 0.391
4541, 0.0670, 0.393
4542, 0.1333, 0.392
4543, 0.1675, 0.391
4544, 0.1794, 0.396
4545, 0.1182, 0.403
4546, 0.1580, 0.400
4547, 0.1083, 0.397
4548, 0.1006, 0.400
4549, 0.1037, 0.401
4550, 0.1548, 0.397
4551, 0.1232, 0.396
4552, 0.0959, 0.395
4553, 0.0956, 0.397
4554, 0.1104, 0.395
4555, 0.1717, 0.393
4556, 0.1022, 0.392
4557, 0.1274, 0.407
4558, 0.0828, 0.414
4559, 0.1174, 0.397
4560, 0.1675, 0.396
4561, 0.1097, 0.401
4562, 0.0768, 0.413
4563, 0.1219, 0.412
4564, 0.1232, 0.403
4565, 0.0825, 0.403
4566, 0.0842, 0.409
4567, 0.1465, 0.414
4568, 0.0952, 0.398
4569, 0.1060, 0.397
4570, 0.0883, 0.395
4571, 0.0947, 0.395
4572, 0.0992, 0.392
4573, 0.1096, 0.394
4574, 0.1437, 0.408
4575, 0.1129, 0.404
4576, 0.1161, 0.435
4577, 0.1366, 0.459
4578, 0.1464, 0.455
4579, 0.1212, 0.455
4580, 0.1420, 0.458
4581, 0.0986, 0.458
4582, 0.1233, 0.462
4583, 0.1341, 0.449
4584, 0.1279, 0.457
4585, 0.1351, 0.457
4586, 0.1064, 0.454
4587, 0.1752, 0.452
4588, 0.1415, 0.454
4589, 0.1063, 0.457
4590, 0.0783, 0.450
4591, 0.1125, 0.458
4592, 0.0773, 0.457
4593, 0.0570, 0.448
4594, 0.1294, 0.449
4595, 0.0965, 0.449
4596, 0.0691, 0.449
4597, 0.1390, 0.443
4598, 0.0987, 0.443
4599, 0.1965, 0.445
4600, 0.1512, 0.444
4601, 0.1014, 0.420
4602, 0.1116, 0.415
4603, 0.1440, 0.416
4604, 0.1089, 0.411
4605, 0.1212, 0.429
4606, 0.1286, 0.427
4607, 0.1063, 0.439
4608, 0.1443, 0.449
4609, 0.1101, 0.438
4610, 0.1281, 0.463
4611, 0.1128, 0.453
4612, 0.1316, 0.449
4613, 0.1026, 0.452
4614, 0.1516, 0.443
4615, 0.0681, 0.414
4616, 0.1110, 0.419
4617, 0.1585, 0.451
4618, 0.1356, 0.434
4619, 0.0857, 0.460
4620, 0.1205, 0.445
4621, 0.1306, 0.454
4622, 0.1497, 0.465
4623, 0.1110, 0.458
4624, 0.1121, 0.431
4625, 0.1103, 0.436
4626, 0.1206, 0.419
4627, 0.1708, 0.436
4628, 0.1358, 0.430
4629, 0.0990, 0.429
4630, 0.1112, 0.428
4631, 0.0999, 0.437
4632, 0.1003, 0.431
4633, 0.1393, 0.429
4634, 0.0856, 0.426
4635, 0.0930, 0.414
4636, 0.1948, 0.431
4637, 0.1102, 0.425
4638, 0.0880, 0.454
4639, 0.0803, 0.425
4640, 0.1782, 0.419
4641, 0.1299, 0.441
4642, 0.1436, 0.404
4643, 0.0947, 0.399
4644, 0.1267, 0.418
4645, 0.0845, 0.424
4646, 0.1165, 0.420
4647, 0.1074, 0.440
4648, 0.1486, 0.427
4649, 0.0930, 0.425
4650, 0.1063, 0.456
4651, 0.0890, 0.454
4652, 0.1414, 0.432
4653, 0.0825, 0.435
4654, 0.0724, 0.432
4655, 0.1140, 0.441
4656, 0.0844, 0.444
4657, 0.1303, 0.433
4658, 0.1511, 0.450
4659, 0.0979, 0.463
4660, 0.1516, 0.448
4661, 0.1353, 0.438
4662, 0.1203, 0.454
4663, 0.1422, 0.444
4664, 0.1907, 0.450
4665, 0.1615, 0.448
4666, 0.0961, 0.442
4667, 0.1347, 0.424
4668, 0.0949, 0.438
4669, 0.1230, 0.451
4670, 0.1073, 0.441
4671, 0.1803, 0.430
4672, 0.0542, 0.446
4673, 0.1025, 0.429
4674, 0.1186, 0.424
4675, 0.1415, 0.415
4676, 0.0943, 0.427
4677, 0.0876, 0.417
4678, 0.0948, 0.431
4679, 0.1642, 0.432
4680, 0.1334, 0.404
4681, 0.0510, 0.430
4682, 0.1287, 0.417
4683, 0.1693, 0.401
4684, 0.1232, 0.396
4685, 0.1444, 0.399
4686, 0.1230, 0.434
4687, 0.1449, 0.442
4688, 0.1444, 0.452
4689, 0.1072, 0.448
4690, 0.1319, 0.424
4691, 0.1382, 0.399
4692, 0.1205, 0.400
4693, 0.1832, 0.414
4694, 0.1430, 0.406
4695, 0.1689, 0.421
4696, 0.0635, 0.445
4697, 0.0594, 0.435
4698, 0.0842, 0.428
4699, 0.1340, 0.404
4700, 0.1186, 0.396
4701, 0.1716, 0.431
4702, 0.1469, 0.436
4703, 0.1300, 0.435
4704, 0.1366, 0.450
4705, 0.0933, 0.451
4706, 0.1336, 0.435
4707, 0.1028, 0.449
4708, 0.0704, 0.442
4709, 0.1006, 0.444
4710, 0.0818, 0.430
4711, 0.0693, 0.426
4712, 0.1140, 0.430
4713, 0.1462, 0.426
4714, 0.1589, 0.436
4715, 0.1243, 0.431
4716, 0.0962, 0.431
4717, 0.0826, 0.445
4718, 0.1090, 0.434
4719, 0.1114, 0.432
4720, 0.0605, 0.433
4721, 0.1200, 0.439
4722, 0.0625, 0.440
4723, 0.1163, 0.445
4724, 0.0938, 0.440
4725, 0.1084, 0.413
4726, 0.1382, 0.449
4727, 0.0946, 0.454
4728, 0.0653, 0.442
4729, 0.0938, 0.442
4730, 0.1181, 0.450
4731, 0.1261, 0.464
4732, 0.1382, 0.457
4733, 0.0625, 0.449
4734, 0.1051, 0.444
4735, 0.1392, 0.441
4736, 0.1179, 0.437
4737, 0.0652, 0.439
4738, 0.1246, 0.440
4739, 0.0989, 0.437
4740, 0.1244, 0.445
4741, 0.1083, 0.458
4742, 0.1610, 0.441
4743, 0.1984, 0.438
4744, 0.1155, 0.442
4745, 0.0672, 0.440
4746, 0.1471, 0.437
4747, 0.1404, 0.437
4748, 0.2023, 0.444
4749, 0.1074, 0.448
4750, 0.1105, 0.443
4751, 0.0362, 0.443
4752, 0.1011, 0.440
4753, 0.0833, 0.438
4754, 0.1128, 0.440
4755, 0.1556, 0.437
4756, 0.0906, 0.437
4757, 0.1325, 0.437
4758, 0.1323, 0.437
4759, 0.0890, 0.438
4760, 0.0552, 0.441
4761, 0.0950, 0.440
4762, 0.0975, 0.438
4763, 0.1372, 0.438
4764, 0.1135, 0.439
4765, 0.1515, 0.442
4766, 0.0717, 0.444
4767, 0.1061, 0.444
4768, 0.1217, 0.444
4769, 0.0899, 0.419
4770, 0.1025, 0.442
4771, 0.0940, 0.438
4772, 0.1569, 0.438
4773, 0.1556, 0.437
4774, 0.1079, 0.437
4775, 0.1361, 0.439
4776, 0.1220, 0.444
4777, 0.1573, 0.443
4778, 0.1412, 0.437
4779, 0.1278, 0.437
4780, 0.1528, 0.439
4781, 0.1177, 0.442
4782, 0.1044, 0.444
4783, 0.1283, 0.443
4784, 0.1217, 0.453
4785, 0.2748, 0.454
4786, 0.1618, 0.442
4787, 0.1191, 0.438
4788, 0.0998, 0.438
4789, 0.1135, 0.439
4790, 0.1422, 0.438
4791, 0.0909, 0.437
4792, 0.1347, 0.439
4793, 0.1701, 0.440
4794, 0.0899, 0.441
4795, 0.1458, 0.437
4796, 0.2173, 0.436
4797, 0.1950, 0.442
4798, 0.1600, 0.445
4799, 0.0747, 0.445
4800, 0.1426, 0.443
4801, 0.1484, 0.429
4802, 0.0968, 0.422
4803, 0.0618, 0.421
4804, 0.1342, 0.418
4805, 0.1370, 0.425
4806, 0.1344, 0.418
4807, 0.1579, 0.417
4808, 0.1482, 0.429
4809, 0.1229, 0.450
4810, 0.1525, 0.406
4811, 0.0682, 0.416
4812, 0.1564, 0.410
4813, 0.1176, 0.416
4814, 0.0828, 0.430
4815, 0.0718, 0.419
4816, 0.1410, 0.413
4817, 0.0850, 0.413
4818, 0.0797, 0.415
4819, 0.1475, 0.416
4820, 0.0994, 0.409
4821, 0.1060, 0.412
4822, 0.1107, 0.424
4823, 0.2378, 0.417
4824, 0.0826, 0.415
4825, 0.0995, 0.423
4826, 0.0659, 0.427
4827, 0.0927, 0.435
4828, 0.1071, 0.427
4829, 0.1316, 0.425
4830, 0.1182, 0.423
4831, 0.0819, 0.423
4832, 0.1382, 0.416
4833, 0.1203, 0.420
4834, 0.1511, 0.424
4835, 0.1503, 0.420
4836, 0.1466, 0.426
4837, 0.0984, 0.420
4838, 0.1455, 0.420
4839, 0.1497, 0.415
4840, 0.0949, 0.421
4841, 0.1486, 0.421
4842, 0.1208, 0.419
4843, 0.1222, 0.415
4844, 0.1528, 0.422
4845, 0.0916, 0.418
4846, 0.1160, 0.421
4847, 0.1423, 0.437
4848, 0.0963, 0.425
4849, 0.1186, 0.424
4850, 0.1191, 0.423
4851, 0.1177, 0.415
4852, 0.0743, 0.426
4853, 0.0737, 0.424
4854, 0.0810, 0.422
4855, 0.0950, 0.414
4856, 0.1040, 0.420
4857, 0.0901, 0.419
4858, 0.1360, 0.444
4859, 0.1765, 0.434
4860, 0.1058, 0.437
4861, 0.1313, 0.437
4862, 0.1244, 0.435
4863, 0.1039, 0.433
4864, 0.1227, 0.445
4865, 0.0820, 0.441
4866, 0.0551, 0.441
4867, 0.1583, 0.443
4868, 0.1604, 0.423
4869, 0.1730, 0.437
4870, 0.0847, 0.430
4871, 0.1896, 0.421
4872, 0.1695, 0.431
4873, 0.0623, 0.453
4874, 0.1581, 0.429
4875, 0.1573, 0.422
4876, 0.0786, 0.429
4877, 0.1080, 0.413
4878, 0.1403, 0.419
4879, 0.1431, 0.417
4880, 0.0941, 0.420
4881, 0.1108, 0.421
4882, 0.1948, 0.427
4883, 0.1586, 0.431
4884, 0.2128, 0.448
4885, 0.1866, 0.439
4886, 0.1313, 0.432
4887, 0.0990, 0.433
4888, 0.1395, 0.424
4889, 0.0649, 0.443
4890, 0.2612, 0.442
4891, 0.1313, 0.435
4892, 0.1271, 0.410
4893, 0.1793, 0.410
4894, 0.0796, 0.403
4895, 0.1634, 0.402
4896, 0.0782, 0.399
4897, 0.0928, 0.404
4898, 0.1325, 0.401
4899, 0.1869, 0.422
4900, 0.1044, 0.404
4901, 0.1540, 0.406
4902, 0.1511, 0.424
4903, 0.1288, 0.418
4904, 0.0637, 0.440
4905, 0.0552, 0.433
4906, 0.1708, 0.429
4907, 0.0867, 0.440
4908, 0.1547, 0.429
4909, 0.1604, 0.429
4910, 0.1510, 0.426
4911, 0.1726, 0.426
4912, 0.0364, 0.445
4913, 0.0396, 0.435
4914, 0.1171, 0.439
4915, 0.1206, 0.433
4916, 0.1734, 0.431
4917, 0.1301, 0.437
4918, 0.1618, 0.447
4919, 0.0956, 0.426
4920, 0.1570, 0.449
4921, 0.1325, 0.443
4922, 0.1151, 0.445
4923, 0.1676, 0.439
4924, 0.1868, 0.448
4925, 0.1467, 0.446
4926, 0.0744, 0.437
4927, 0.1547, 0.437
4928, 0.1301, 0.437
4929, 0.0143, 0.440
4930, 0.1052, 0.451
4931, 0.1223, 0.452
4932, 0.1305, 0.440
4933, 0.2079, 0.437
4934, 0.1190, 0.440
4935, 0.1616, 0.444
4936, 0.1173, 0.444
4937, 0.1304, 0.444
4938, 0.0851, 0.442
4939, 0.1438, 0.437
4940, 0.1460, 0.437
4941, 0.1435, 0.438
4942, 0.1710, 0.436
4943, 0.0987, 0.437
4944, 0.1026, 0.436
4945, 0.1086, 0.440
4946, 0.0514, 0.439
4947, 0.1447, 0.436
4948, 0.1340, 0.437
4949, 0.1265, 0.437
4950, 0.1600, 0.439
4951, 0.0593, 0.443
4952, 0.1164, 0.422
4953, 0.0731, 0.443
4954, 0.0966, 0.440
4955, 0.0515, 0.441
4956, 0.1055, 0.440
4957, 0.0719, 0.439
4958, 0.1138, 0.441
4959, 0.1221, 0.441
4960, 0.1351, 0.439
4961, 0.2045, 0.418
4962, 0.0681, 0.438
4963, 0.1269, 0.438
4964, 0.1098, 0.438
4965, 0.1146, 0.437
4966, 0.1280, 0.421
4967, 0.1057, 0.454
4968, 0.1237, 0.455
4969, 0.1306, 0.432
4970, 0.0548, 0.443
4971, 0.0992, 0.441
4972, 0.0889, 0.426
4973, 0.1139, 0.417
4974, 0.0529, 0.431
4975, 0.1060, 0.438
4976, 0.0557, 0.450
4977, 0.0889, 0.455
4978, 0.0443, 0.442
4979, 0.0799, 0.438
4980, 0.0579, 0.443
4981, 0.0679, 0.453
4982, 0.0602, 0.453
4983, 0.0731, 0.443
4984, 0.0697, 0.450
4985, 0.1193, 0.454
4986, 0.1218, 0.445
4987, 0.1260, 0.443
4988, 0.1118, 0.453
4989, 0.1570, 0.453
4990, 0.1481, 0.438
4991, 0.1262, 0.442
4992, 0.1494, 0.427
4993, 0.0829, 0.420
4994, 0.0506, 0.440
4995, 0.0412, 0.442
4996, 0.1161, 0.442
4997, 0.1248, 0.441
4998, 0.1288, 0.443
4999, 0.1081, 0.444
5000, 0.0823, 0.441
