0, 0.4965, 2.259
1, 0.4979, 0.415
2, 0.5040, 0.434
3, 0.5012, 0.424
4, 0.4960, 0.421
5, 0.5049, 0.435
6, 0.4964, 0.443
7, 0.4973, 0.423
8, 0.4993, 0.421
9, 0.4923, 0.421
10, 0.4939, 0.458
11, 0.5039, 0.504
12, 0.4911, 0.411
13, 0.5006, 0.414
14, 0.5165, 0.414
15, 0.5001, 0.418
16, 0.5071, 0.421
17, 0.4880, 0.450
18, 0.4754, 0.450
19, 0.4527, 0.446
20, 0.3198, 0.461
21, 0.5035, 0.463
22, 0.4354, 0.423
23, 0.4047, 0.424
24, 0.4374, 0.471
25, 0.4480, 0.458
26, 0.4876, 0.435
27, 0.4012, 0.427
28, 0.2870, 0.416
29, 0.1168, 0.416
30, 0.5025, 0.438
31, 0.5007, 0.449
32, 0.4990, 0.422
33, 0.5010, 0.425
34, 0.4993, 0.427
35, 0.4979, 0.422
36, 0.5001, 0.432
37, 0.4954, 0.423
38, 0.3503, 0.471
39, 0.3111, 0.429
40, 0.4555, 0.436
41, 0.2746, 0.464
42, 0.2433, 0.443
43, 0.2051, 0.459
44, 0.3597, 0.460
45, 0.3141, 0.431
46, 0.3661, 0.421
47, 0.3132, 0.451
48, 0.2730, 0.428
49, 0.2591, 0.458
50, 0.3716, 0.468
51, 0.2583, 0.447
52, 0.3343, 0.422
53, 0.2948, 0.448
54, 0.3608, 0.427
55, 0.2655, 0.466
56, 0.2530, 0.455
57, 0.2826, 0.432
58, 0.3037, 0.446
59, 0.2180, 0.427
60, 0.2791, 0.423
61, 0.2649, 0.440
62, 0.3351, 0.468
63, 0.2333, 0.423
64, 0.3534, 0.431
65, 0.2721, 0.457
66, 0.3382, 0.444
67, 0.2486, 0.425
68, 0.2769, 0.432
69, 0.3026, 0.612
70, 0.2252, 0.452
71, 0.2091, 0.428
72, 0.3157, 0.465
73, 0.3436, 0.421
74, 0.2589, 0.448
75, 0.2434, 0.458
76, 0.3088, 0.473
77, 0.2640, 0.420
78, 0.2865, 0.450
79, 0.2702, 0.437
80, 0.2631, 0.430
81, 0.3157, 0.426
82, 0.2587, 0.417
83, 0.2640, 0.417
84, 0.2675, 0.417
85, 0.3335, 0.420
86, 0.3712, 0.427
87, 0.2951, 0.423
88, 0.2943, 0.422
89, 0.4758, 0.427
90, 0.4960, 0.424
91, 0.4926, 0.421
92, 0.5045, 0.419
93, 0.4920, 0.417
94, 0.4791, 0.448
95, 0.4106, 0.450
96, 0.2149, 0.425
97, 0.2607, 0.418
98, 0.2278, 0.417
99, 0.1623, 0.452
100, 0.2449, 0.412
101, 0.3045, 0.417
102, 0.3000, 0.443
103, 0.2816, 0.455
104, 0.3458, 0.440
105, 0.2138, 0.443
106, 0.2944, 0.429
107, 0.3139, 0.440
108, 0.2735, 0.451
109, 0.2843, 0.449
110, 0.2749, 0.441
111, 0.1374, 0.458
112, 0.2131, 0.435
113, 0.2228, 0.444
114, 0.2473, 0.447
115, 0.2588, 0.422
116, 0.2149, 0.412
117, 0.3228, 0.426
118, 0.3251, 0.462
119, 0.3029, 0.455
120, 0.2561, 0.459
121, 0.2134, 0.457
122, 0.1888, 0.450
123, 0.3252, 0.457
124, 0.1938, 0.474
125, 0.1706, 0.438
126, 0.2783, 0.458
127, 0.3060, 0.423
128, 0.2387, 0.439
129, 0.2061, 0.449
130, 0.3495, 0.426
131, 0.3152, 0.424
132, 0.2440, 0.427
133, 0.1972, 0.428
134, 0.1837, 0.431
135, 0.2321, 0.459
136, 0.2276, 0.450
137, 0.3387, 0.440
138, 0.1804, 0.437
139, 0.1855, 0.423
140, 0.2097, 0.421
141, 0.0795, 0.445
142, 0.1842, 0.436
143, 0.1484, 0.424
144, 0.3007, 0.425
145, 0.2546, 0.434
146, 0.1426, 0.432
147, 0.2317, 0.419
148, 0.2683, 0.453
149, 0.3476, 0.455
150, 0.2116, 0.453
151, 0.1584, 0.424
152, 0.2907, 0.437
153, 0.2983, 0.433
154, 0.2665, 0.453
155, 0.2923, 0.468
156, 0.2529, 0.455
157, 0.3108, 0.453
158, 0.1341, 0.441
159, 0.2106, 0.471
160, 0.2005, 0.466
161, 0.2518, 0.453
162, 0.2372, 0.442
163, 0.2540, 0.446
164, 0.2887, 0.450
165, 0.2890, 0.451
166, 0.2916, 0.457
167, 0.2569, 0.446
168, 0.2113, 0.427
169, 0.2668, 0.426
170, 0.2254, 0.437
171, 0.2005, 0.439
172, 0.2675, 0.428
173, 0.1736, 0.421
174, 0.2577, 0.436
175, 0.2368, 0.438
176, 0.2483, 0.424
177, 0.2554, 0.452
178, 0.2600, 0.447
179, 0.3137, 0.446
180, 0.2523, 0.463
181, 0.2497, 0.450
182, 0.2052, 0.437
183, 0.1974, 0.441
184, 0.2706, 0.461
185, 0.2658, 0.473
186, 0.2281, 0.461
187, 0.2153, 0.451
188, 0.1735, 0.429
189, 0.2088, 0.461
190, 0.2941, 0.459
191, 0.1473, 0.432
192, 0.2913, 0.440
193, 0.2127, 0.448
194, 0.2717, 0.436
195, 0.2398, 0.453
196, 0.2321, 0.462
197, 0.3001, 0.441
198, 0.2112, 0.461
199, 0.1766, 0.452
200, 0.2074, 0.464
201, 0.2837, 0.484
202, 0.1195, 0.460
203, 0.1393, 0.451
204, 0.1303, 0.425
205, 0.1651, 0.420
206, 0.1103, 0.481
207, 0.2212, 0.464
208, 0.1932, 0.470
209, 0.1388, 0.462
210, 0.1327, 0.455
211, 0.2192, 0.431
212, 0.1203, 0.426
213, 0.1907, 0.448
214, 0.2392, 0.460
215, 0.1598, 0.446
216, 0.1883, 0.576
217, 0.2415, 0.427
218, 0.2420, 0.431
219, 0.1408, 0.427
220, 0.2655, 0.432
221, 0.2107, 0.421
222, 0.2385, 0.458
223, 0.2420, 0.449
224, 0.3140, 0.457
225, 0.1939, 0.472
226, 0.2130, 0.452
227, 0.1491, 0.429
228, 0.2482, 0.419
229, 0.2369, 0.428
230, 0.1348, 0.451
231, 0.1751, 0.460
232, 0.2306, 0.458
233, 0.1073, 0.449
234, 0.1635, 0.444
235, 0.1650, 0.428
236, 0.1582, 0.467
237, 0.1802, 0.454
238, 0.1538, 0.446
239, 0.1704, 0.442
240, 0.1032, 0.445
241, 0.2403, 0.441
242, 0.1956, 0.438
243, 0.1741, 0.447
244, 0.1289, 0.466
245, 0.1993, 0.459
246, 0.2535, 0.445
247, 0.3800, 0.464
248, 0.3592, 0.453
249, 0.1437, 0.442
250, 0.1961, 0.446
251, 0.2063, 0.449
252, 0.2253, 0.458
253, 0.2526, 0.453
254, 0.3172, 0.424
255, 0.2058, 0.445
256, 0.2663, 0.439
257, 0.2082, 0.445
258, 0.2196, 0.462
259, 0.2427, 0.445
260, 0.2319, 0.450
261, 0.1607, 0.469
262, 0.3111, 0.452
263, 0.1236, 0.465
264, 0.2534, 0.453
265, 0.2699, 0.444
266, 0.2028, 0.442
267, 0.2739, 0.438
268, 0.1393, 0.436
269, 0.2500, 0.440
270, 0.1993, 0.443
271, 0.1586, 0.489
272, 0.1823, 0.461
273, 0.1709, 0.461
274, 0.1664, 0.445
275, 0.2121, 0.457
276, 0.1579, 0.454
277, 0.2145, 0.430
278, 0.1419, 0.439
279, 0.1969, 0.439
280, 0.2111, 0.440
281, 0.2221, 0.429
282, 0.1656, 0.430
283, 0.2326, 0.428
284, 0.1513, 0.430
285, 0.2404, 0.447
286, 0.2112, 0.439
287, 0.2141, 0.432
288, 0.2475, 0.439
289, 0.1840, 0.436
290, 0.1991, 0.444
291, 0.2555, 0.437
292, 0.1913, 0.441
293, 0.1598, 0.435
294, 0.2223, 0.446
295, 0.1707, 0.442
296, 0.2001, 0.443
297, 0.2224, 0.459
298, 0.1803, 0.435
299, 0.1228, 0.443
300, 0.1645, 0.428
301, 0.1752, 0.434
302, 0.2318, 0.430
303, 0.2139, 0.437
304, 0.1794, 0.442
305, 0.1704, 0.442
306, 0.1457, 0.432
307, 0.1783, 0.433
308, 0.1931, 0.437
309, 0.1579, 0.427
310, 0.1819, 0.447
311, 0.1563, 0.435
312, 0.2206, 0.431
313, 0.2490, 0.429
314, 0.2412, 0.433
315, 0.1508, 0.434
316, 0.1637, 0.434
317, 0.2157, 0.435
318, 0.1464, 0.438
319, 0.2101, 0.433
320, 0.2286, 0.431
321, 0.2422, 0.437
322, 0.2298, 0.440
323, 0.1312, 0.437
324, 0.1693, 0.442
325, 0.2531, 0.434
326, 0.2710, 0.440
327, 0.1929, 0.455
328, 0.2851, 0.432
329, 0.2202, 0.430
330, 0.1724, 0.433
331, 0.2046, 0.435
332, 0.2842, 0.435
333, 0.1833, 0.434
334, 0.1471, 0.427
335, 0.1509, 0.432
336, 0.1400, 0.438
337, 0.1753, 0.438
338, 0.1135, 0.450
339, 0.1718, 0.440
340, 0.1363, 0.440
341, 0.1469, 0.434
342, 0.0920, 0.436
343, 0.1187, 0.461
344, 0.1890, 0.428
345, 0.2282, 0.444
346, 0.1215, 0.428
347, 0.1998, 0.429
348, 0.1912, 0.441
349, 0.2317, 0.431
350, 0.1373, 0.430
351, 0.2058, 0.437
352, 0.1692, 0.441
353, 0.2591, 0.435
354, 0.2469, 0.438
355, 0.2108, 0.439
356, 0.2005, 0.441
357, 0.1461, 0.443
358, 0.2160, 0.457
359, 0.2140, 0.439
360, 0.1870, 0.437
361, 0.2526, 0.440
362, 0.2344, 0.437
363, 0.1902, 0.437
364, 0.2390, 0.439
365, 0.1213, 0.453
366, 0.1863, 0.450
367, 0.1782, 0.443
368, 0.1847, 0.438
369, 0.1943, 0.438
370, 0.2336, 0.441
371, 0.1146, 0.443
372, 0.1394, 0.443
373, 0.2312, 0.440
374, 0.1989, 0.437
375, 0.2140, 0.444
376, 0.2304, 0.454
377, 0.2398, 0.439
378, 0.1653, 0.441
379, 0.1639, 0.441
380, 0.1028, 0.437
381, 0.1363, 0.440
382, 0.2148, 0.442
383, 0.0885, 0.438
384, 0.1701, 0.438
385, 0.2216, 0.439
386, 0.2437, 0.437
387, 0.2669, 0.447
388, 0.2131, 0.439
389, 0.2484, 0.448
390, 0.0899, 0.450
391, 0.1449, 0.439
392, 0.1744, 0.439
393, 0.1788, 0.440
394, 0.1835, 0.441
395, 0.1441, 0.440
396, 0.1960, 0.442
397, 0.1732, 0.441
398, 0.1455, 0.450
399, 0.1450, 0.489
400, 0.1957, 0.442
401, 0.3235, 0.429
402, 0.1331, 0.442
403, 0.1996, 0.468
404, 0.1197, 0.438
405, 0.1976, 0.443
406, 0.1613, 0.440
407, 0.1973, 0.443
408, 0.2822, 0.452
409, 0.1559, 0.438
410, 0.1667, 0.441
411, 0.2137, 0.444
412, 0.1693, 0.480
413, 0.1577, 0.443
414, 0.2036, 0.453
415, 0.1776, 0.459
416, 0.1990, 0.451
417, 0.2118, 0.447
418, 0.2039, 0.450
419, 0.2005, 0.424
420, 0.1743, 0.428
421, 0.2298, 0.429
422, 0.2783, 0.428
423, 0.2038, 0.437
424, 0.1797, 0.420
425, 0.1513, 0.426
426, 0.1918, 0.443
427, 0.1353, 0.454
428, 0.1672, 0.448
429, 0.2150, 0.448
430, 0.2814, 0.447
431, 0.2736, 0.461
432, 0.2762, 0.442
433, 0.1875, 0.450
434, 0.1608, 0.426
435, 0.1929, 0.449
436, 0.1336, 0.445
437, 0.2011, 0.460
438, 0.1724, 0.461
439, 0.2407, 0.468
440, 0.1627, 0.462
441, 0.2045, 0.470
442, 0.2353, 0.463
443, 0.2724, 0.446
444, 0.1103, 0.442
445, 0.2005, 0.448
446, 0.2298, 0.445
447, 0.1795, 0.442
448, 0.1975, 0.440
449, 0.2030, 0.440
450, 0.2393, 0.457
451, 0.1573, 0.478
452, 0.2668, 0.444
453, 0.2425, 0.452
454, 0.1880, 0.449
455, 0.2488, 0.444
456, 0.1719, 0.452
457, 0.1340, 0.594
458, 0.1670, 0.457
459, 0.2321, 0.442
460, 0.2317, 0.447
461, 0.1515, 0.439
462, 0.2080, 0.440
463, 0.1743, 0.444
464, 0.2783, 0.449
465, 0.2905, 0.453
466, 0.1343, 0.456
467, 0.1614, 0.459
468, 0.1402, 0.443
469, 0.1819, 0.443
470, 0.1078, 0.447
471, 0.1219, 0.454
472, 0.2440, 0.446
473, 0.1788, 0.446
474, 0.2878, 0.443
475, 0.1588, 0.452
476, 0.1613, 0.439
477, 0.1371, 0.450
478, 0.1381, 0.438
479, 0.1380, 0.440
480, 0.1127, 0.439
481, 0.0777, 0.440
482, 0.2442, 0.441
483, 0.2114, 0.444
484, 0.1365, 0.452
485, 0.1609, 0.442
486, 0.1559, 0.438
487, 0.1406, 0.433
488, 0.1317, 0.447
489, 0.1932, 0.452
490, 0.1601, 0.435
491, 0.1519, 0.431
492, 0.2068, 0.436
493, 0.2432, 0.434
494, 0.2625, 0.443
495, 0.1775, 0.435
496, 0.1692, 0.438
497, 0.2151, 0.440
498, 0.0764, 0.442
499, 0.0816, 0.440
500, 0.2296, 0.445
501, 0.2286, 0.442
502, 0.1093, 0.439
503, 0.0834, 0.471
504, 0.2229, 0.440
505, 0.1878, 0.440
506, 0.2901, 0.442
507, 0.2405, 0.439
508, 0.1637, 0.441
509, 0.1124, 0.450
510, 0.1228, 0.432
511, 0.2126, 0.434
512, 0.2253, 0.435
513, 0.1810, 0.436
514, 0.1773, 0.434
515, 0.1426, 0.441
516, 0.1880, 0.432
517, 0.1882, 0.438
518, 0.1425, 0.443
519, 0.1900, 0.436
520, 0.1933, 0.451
521, 0.1473, 0.433
522, 0.0791, 0.434
523, 0.2147, 0.434
524, 0.1707, 0.435
525, 0.1659, 0.436
526, 0.1380, 0.448
527, 0.2132, 0.445
528, 0.2950, 0.433
529, 0.2804, 0.427
530, 0.1761, 0.428
531, 0.2696, 0.431
532, 0.1208, 0.436
533, 0.1520, 0.437
534, 0.1528, 0.435
535, 0.2563, 0.428
536, 0.1946, 0.435
537, 0.2126, 0.432
538, 0.2032, 0.433
539, 0.2792, 0.446
540, 0.2032, 0.438
541, 0.1728, 0.438
542, 0.1317, 0.492
543, 0.1401, 0.435
544, 0.1602, 0.432
545, 0.1854, 0.437
546, 0.1451, 0.435
547, 0.1452, 0.442
548, 0.2588, 0.459
549, 0.1829, 0.446
550, 0.1392, 0.440
551, 0.2357, 0.442
552, 0.2391, 0.444
553, 0.1654, 0.439
554, 0.1870, 0.441
555, 0.1641, 0.442
556, 0.2407, 0.440
557, 0.2915, 0.451
558, 0.1528, 0.450
559, 0.1371, 0.440
560, 0.2536, 0.437
561, 0.0832, 0.440
562, 0.1585, 0.441
563, 0.2191, 0.440
564, 0.1969, 0.438
565, 0.1166, 0.442
566, 0.1646, 0.437
567, 0.1164, 0.444
568, 0.1551, 0.442
569, 0.1508, 0.442
570, 0.1701, 0.449
571, 0.1294, 0.443
572, 0.1600, 0.448
573, 0.1030, 0.446
574, 0.1585, 0.444
575, 0.1493, 0.439
576, 0.1485, 0.442
577, 0.1123, 0.443
578, 0.1390, 0.437
579, 0.1545, 0.441
580, 0.1852, 0.439
581, 0.3053, 0.439
582, 0.1802, 0.442
583, 0.1340, 0.442
584, 0.2366, 0.442
585, 0.1718, 0.442
586, 0.2007, 0.439
587, 0.1167, 0.439
588, 0.1822, 0.445
589, 0.2629, 0.443
590, 0.2637, 0.455
591, 0.1456, 0.439
592, 0.1844, 0.446
593, 0.2050, 0.452
594, 0.1511, 0.448
595, 0.1743, 0.439
596, 0.2506, 0.437
597, 0.0954, 0.455
598, 0.0854, 0.441
599, 0.2361, 0.439
600, 0.1420, 0.455
601, 0.2132, 0.428
602, 0.1674, 0.462
603, 0.2517, 0.457
604, 0.1650, 0.459
605, 0.1983, 0.447
606, 0.2450, 0.445
607, 0.1865, 0.436
608, 0.1934, 0.439
609, 0.1534, 0.439
610, 0.1545, 0.452
611, 0.1984, 0.470
612, 0.1131, 0.422
613, 0.2141, 0.423
614, 0.0956, 0.429
615, 0.2077, 0.431
616, 0.1395, 0.559
617, 0.2392, 0.457
618, 0.2098, 0.444
619, 0.1550, 0.441
620, 0.1924, 0.441
621, 0.1126, 0.449
622, 0.1073, 0.451
623, 0.2175, 0.447
624, 0.2110, 0.465
625, 0.1620, 0.461
626, 0.1481, 0.449
627, 0.1624, 0.444
628, 0.1476, 0.456
629, 0.1104, 0.453
630, 0.1801, 0.463
631, 0.0924, 0.454
632, 0.1480, 0.450
633, 0.2219, 0.451
634, 0.2114, 0.444
635, 0.1551, 0.439
636, 0.1817, 0.441
637, 0.1561, 0.452
638, 0.1484, 0.450
639, 0.2598, 0.441
640, 0.1995, 0.436
641, 0.1500, 0.440
642, 0.1851, 0.446
643, 0.1956, 0.447
644, 0.1908, 0.447
645, 0.1152, 0.444
646, 0.1831, 0.445
647, 0.1566, 0.454
648, 0.1421, 0.437
649, 0.1996, 0.442
650, 0.1193, 0.445
651, 0.2652, 0.444
652, 0.1909, 0.509
653, 0.1867, 0.448
654, 0.1632, 0.443
655, 0.1647, 0.442
656, 0.1803, 0.443
657, 0.1151, 0.438
658, 0.1361, 0.444
659, 0.2359, 0.442
660, 0.1809, 0.443
661, 0.1663, 0.457
662, 0.1355, 0.478
663, 0.1320, 0.486
664, 0.2074, 0.453
665, 0.1508, 0.450
666, 0.2133, 0.436
667, 0.1970, 0.436
668, 0.1914, 0.437
669, 0.1804, 0.442
670, 0.2054, 0.442
671, 0.2109, 0.430
672, 0.1199, 0.420
673, 0.2073, 0.438
674, 0.1200, 0.456
675, 0.1595, 0.429
676, 0.1226, 0.433
677, 0.1440, 0.438
678, 0.1218, 0.433
679, 0.2244, 0.435
680, 0.1987, 0.433
681, 0.2420, 0.429
682, 0.2312, 0.432
683, 0.0993, 0.434
684, 0.1490, 0.446
685, 0.2186, 0.440
686, 0.2426, 0.437
687, 0.1545, 0.432
688, 0.2132, 0.443
689, 0.1523, 0.434
690, 0.1181, 0.435
691, 0.1354, 0.430
692, 0.2019, 0.447
693, 0.1412, 0.438
694, 0.2382, 0.433
695, 0.1899, 0.429
696, 0.1502, 0.429
697, 0.1629, 0.432
698, 0.1547, 0.431
699, 0.2048, 0.430
700, 0.1360, 0.432
701, 0.1682, 0.441
702, 0.1764, 0.446
703, 0.1146, 0.436
704, 0.0977, 0.438
705, 0.2414, 0.436
706, 0.2606, 0.441
707, 0.1526, 0.436
708, 0.1564, 0.433
709, 0.1440, 0.437
710, 0.1476, 0.436
711, 0.2211, 0.436
712, 0.2335, 0.433
713, 0.2750, 0.429
714, 0.1975, 0.436
715, 0.2157, 0.437
716, 0.1424, 0.437
717, 0.1598, 0.421
718, 0.1413, 0.430
719, 0.2125, 0.431
720, 0.1548, 0.435
721, 0.2354, 0.435
722, 0.2049, 0.432
723, 0.1686, 0.460
724, 0.1149, 0.450
725, 0.1969, 0.436
726, 0.1884, 0.437
727, 0.2518, 0.453
728, 0.2636, 0.443
729, 0.2326, 0.440
730, 0.2482, 0.448
731, 0.2155, 0.432
732, 0.1300, 0.442
733, 0.1879, 0.436
734, 0.1616, 0.435
735, 0.1969, 0.448
736, 0.1232, 0.435
737, 0.1741, 0.436
738, 0.1563, 0.443
739, 0.1562, 0.439
740, 0.2139, 0.435
741, 0.2580, 0.437
742, 0.1572, 0.437
743, 0.1683, 0.439
744, 0.1618, 0.437
745, 0.1466, 0.433
746, 0.0699, 0.437
747, 0.1768, 0.437
748, 0.1987, 0.432
749, 0.1359, 0.442
750, 0.1962, 0.438
751, 0.1791, 0.445
752, 0.1964, 0.431
753, 0.1437, 0.451
754, 0.1673, 0.449
755, 0.2093, 0.440
756, 0.1604, 0.452
757, 0.1726, 0.451
758, 0.1613, 0.452
759, 0.1336, 0.464
760, 0.1399, 0.446
761, 0.1546, 0.445
762, 0.0983, 0.462
763, 0.1489, 0.440
764, 0.1926, 0.462
765, 0.2549, 0.448
766, 0.1627, 0.448
767, 0.1710, 0.443
768, 0.1916, 0.441
769, 0.1274, 0.440
770, 0.2409, 0.442
771, 0.1569, 0.440
772, 0.1355, 0.450
773, 0.1514, 0.444
774, 0.1126, 0.451
775, 0.0787, 0.456
776, 0.3289, 0.451
777, 0.1251, 0.447
778, 0.2386, 0.447
779, 0.1468, 0.466
780, 0.2119, 0.438
781, 0.1792, 0.448
782, 0.2154, 0.453
783, 0.1742, 0.445
784, 0.1907, 0.464
785, 0.1930, 0.445
786, 0.1981, 0.444
787, 0.2737, 0.441
788, 0.1915, 0.448
789, 0.1781, 0.453
790, 0.2027, 0.444
791, 0.1607, 0.449
792, 0.1499, 0.448
793, 0.1703, 0.444
794, 0.1729, 0.446
795, 0.1316, 0.459
796, 0.1704, 0.454
797, 0.1234, 0.453
798, 0.1255, 0.455
799, 0.1772, 0.438
800, 0.1979, 0.456
801, 0.1867, 0.439
802, 0.1623, 0.467
803, 0.1750, 0.469
804, 0.1890, 0.471
805, 0.1241, 0.484
806, 0.1692, 0.448
807, 0.1993, 0.441
808, 0.2159, 0.448
809, 0.0842, 0.456
810, 0.1439, 0.461
811, 0.1328, 0.431
812, 0.1393, 0.448
813, 0.1294, 0.446
814, 0.1567, 0.502
815, 0.1395, 0.440
816, 0.1404, 0.436
817, 0.1631, 0.443
818, 0.2147, 0.441
819, 0.2290, 0.449
820, 0.1638, 0.443
821, 0.2069, 0.434
822, 0.1838, 0.427
823, 0.2034, 0.437
824, 0.2065, 0.470
825, 0.1603, 0.453
826, 0.1704, 0.455
827, 0.1400, 0.459
828, 0.1687, 0.449
829, 0.1513, 0.450
830, 0.1560, 0.458
831, 0.0953, 0.459
832, 0.1337, 0.454
833, 0.1927, 0.453
834, 0.1503, 0.448
835, 0.0941, 0.437
836, 0.1699, 0.436
837, 0.1785, 0.449
838, 0.2073, 0.446
839, 0.1291, 0.453
840, 0.1673, 0.463
841, 0.1974, 0.445
842, 0.1583, 0.461
843, 0.1300, 0.454
844, 0.1078, 0.458
845, 0.0947, 0.443
846, 0.1752, 0.488
847, 0.1535, 0.473
848, 0.1334, 0.451
849, 0.1463, 0.458
850, 0.1331, 0.453
851, 0.1694, 0.462
852, 0.1138, 0.447
853, 0.2221, 0.443
854, 0.1439, 0.452
855, 0.1405, 0.447
856, 0.1028, 0.449
857, 0.2044, 0.445
858, 0.2037, 0.445
859, 0.1629, 0.443
860, 0.1234, 0.444
861, 0.1414, 0.449
862, 0.2262, 0.444
863, 0.2091, 0.448
864, 0.1679, 0.458
865, 0.2983, 0.447
866, 0.1432, 0.454
867, 0.2790, 0.450
868, 0.1726, 0.447
869, 0.2162, 0.443
870, 0.1650, 0.443
871, 0.1834, 0.430
872, 0.1488, 0.441
873, 0.1718, 0.437
874, 0.1507, 0.428
875, 0.0903, 0.434
876, 0.1472, 0.446
877, 0.1819, 0.432
878, 0.1621, 0.434
879, 0.2407, 0.450
880, 0.1221, 0.445
881, 0.2220, 0.436
882, 0.1572, 0.432
883, 0.1233, 0.433
884, 0.1259, 0.437
885, 0.1391, 0.436
886, 0.1422, 0.433
887, 0.1170, 0.433
888, 0.2285, 0.441
889, 0.1445, 0.449
890, 0.1365, 0.435
891, 0.2146, 0.433
892, 0.1454, 0.427
893, 0.1841, 0.435
894, 0.1834, 0.436
895, 0.0469, 0.432
896, 0.0581, 0.440
897, 0.1238, 0.421
898, 0.1902, 0.424
899, 0.1611, 0.418
900, 0.1958, 0.420
901, 0.1290, 0.435
902, 0.0851, 0.432
903, 0.2119, 0.435
904, 0.2022, 0.437
905, 0.1381, 0.434
906, 0.1118, 0.434
907, 0.2010, 0.431
908, 0.1091, 0.435
909, 0.0819, 0.444
910, 0.1757, 0.435
911, 0.0776, 0.442
912, 0.1294, 0.437
913, 0.1899, 0.437
914, 0.1993, 0.460
915, 0.2011, 0.469
916, 0.1004, 0.452
917, 0.1200, 0.448
918, 0.1210, 0.437
919, 0.0723, 0.443
920, 0.1924, 0.428
921, 0.1553, 0.435
922, 0.1715, 0.432
923, 0.2345, 0.431
924, 0.1488, 0.438
925, 0.1491, 0.432
926, 0.1626, 0.432
927, 0.1557, 0.427
928, 0.1661, 0.429
929, 0.0865, 0.436
930, 0.1455, 0.433
931, 0.1351, 0.443
932, 0.1275, 0.456
933, 0.0634, 0.431
934, 0.1171, 0.438
935, 0.1081, 0.440
936, 0.0966, 0.430
937, 0.2044, 0.433
938, 0.1872, 0.446
939, 0.1579, 0.433
940, 0.2005, 0.451
941, 0.3172, 0.438
942, 0.1549, 0.431
943, 0.2228, 0.447
944, 0.1176, 0.447
945, 0.1839, 0.437
946, 0.2836, 0.438
947, 0.1948, 0.451
948, 0.1662, 0.438
949, 0.1719, 0.434
950, 0.1274, 0.443
951, 0.1607, 0.441
952, 0.2180, 0.451
953, 0.0398, 0.494
954, 0.1289, 0.435
955, 0.1515, 0.431
956, 0.2180, 0.432
957, 0.1654, 0.441
958, 0.1681, 0.445
959, 0.1533, 0.434
960, 0.1883, 0.432
961, 0.1306, 0.435
962, 0.1489, 0.437
963, 0.2550, 0.432
964, 0.2269, 0.437
965, 0.1330, 0.442
966, 0.3339, 0.440
967, 0.1274, 0.434
968, 0.1406, 0.441
969, 0.2474, 0.438
970, 0.1612, 0.433
971, 0.1075, 0.438
972, 0.1130, 0.431
973, 0.1166, 0.435
974, 0.1065, 0.432
975, 0.0871, 0.436
976, 0.2034, 0.432
977, 0.2211, 0.441
978, 0.2139, 0.442
979, 0.1476, 0.441
980, 0.1508, 0.445
981, 0.1544, 0.441
982, 0.1486, 0.452
983, 0.1916, 0.499
984, 0.1404, 0.446
985, 0.2279, 0.438
986, 0.1265, 0.423
987, 0.1086, 0.421
988, 0.2325, 0.418
989, 0.2072, 0.421
990, 0.2289, 0.418
991, 0.1553, 0.439
992, 0.1760, 0.442
993, 0.1753, 0.462
994, 0.1424, 0.438
995, 0.1444, 0.459
996, 0.1055, 0.460
997, 0.1320, 0.467
998, 0.1799, 0.459
999, 0.1518, 0.470
1000, 0.0871, 0.466
1001, 0.2637, 0.444
1002, 0.2220, 0.424
1003, 0.2149, 0.421
1004, 0.1142, 0.421
1005, 0.0906, 0.459
1006, 0.1938, 0.460
1007, 0.1136, 0.482
1008, 0.1597, 0.469
1009, 0.1771, 0.454
1010, 0.2110, 0.450
1011, 0.1648, 0.424
1012, 0.1643, 0.432
1013, 0.1883, 0.424
1014, 0.1580, 0.452
1015, 0.2190, 0.445
1016, 0.3167, 0.514
1017, 0.2148, 0.442
1018, 0.1759, 0.453
1019, 0.2477, 0.462
1020, 0.2996, 0.424
1021, 0.2381, 0.451
1022, 0.1416, 0.454
1023, 0.1790, 0.461
1024, 0.1218, 0.446
1025, 0.1693, 0.452
1026, 0.1662, 0.447
1027, 0.1891, 0.455
1028, 0.2123, 0.463
1029, 0.1345, 0.459
1030, 0.1969, 0.453
1031, 0.1233, 0.447
1032, 0.1529, 0.447
1033, 0.2533, 0.450
1034, 0.1404, 0.453
1035, 0.1830, 0.450
1036, 0.1747, 0.470
1037, 0.1524, 0.457
1038, 0.1811, 0.436
1039, 0.1136, 0.433
1040, 0.1703, 0.427
1041, 0.0987, 0.533
1042, 0.2029, 0.429
1043, 0.1081, 0.441
1044, 0.1302, 0.461
1045, 0.1853, 0.458
1046, 0.1614, 0.438
1047, 0.2213, 0.439
1048, 0.1968, 0.453
1049, 0.0486, 0.469
1050, 0.1118, 0.459
1051, 0.1445, 0.440
1052, 0.1725, 0.447
1053, 0.2323, 0.471
1054, 0.1587, 0.449
1055, 0.1359, 0.452
1056, 0.0553, 0.478
1057, 0.1507, 0.458
1058, 0.1168, 0.458
1059, 0.1256, 0.444
1060, 0.2101, 0.440
1061, 0.1670, 0.449
1062, 0.1361, 0.451
1063, 0.1056, 0.465
1064, 0.2084, 0.458
1065, 0.2182, 0.437
1066, 0.1594, 0.437
1067, 0.1973, 0.434
1068, 0.1586, 0.448
1069, 0.1486, 0.436
1070, 0.1893, 0.443
1071, 0.0828, 0.436
1072, 0.1898, 0.440
1073, 0.1131, 0.437
1074, 0.1915, 0.439
1075, 0.1487, 0.452
1076, 0.1713, 0.466
1077, 0.1804, 0.429
1078, 0.1800, 0.429
1079, 0.1716, 0.443
1080, 0.2105, 0.464
1081, 0.2091, 0.450
1082, 0.1327, 0.418
1083, 0.0824, 0.414
1084, 0.1049, 0.440
1085, 0.1288, 0.435
1086, 0.1500, 0.433
1087, 0.2051, 0.433
1088, 0.1169, 0.455
1089, 0.1670, 0.439
1090, 0.1845, 0.434
1091, 0.1118, 0.445
1092, 0.1853, 0.431
1093, 0.1317, 0.438
1094, 0.1366, 0.447
1095, 0.1175, 0.450
1096, 0.1004, 0.435
1097, 0.0904, 0.452
1098, 0.1508, 0.438
1099, 0.1335, 0.431
1100, 0.1898, 0.448
1101, 0.1766, 0.442
1102, 0.1882, 0.464
1103, 0.2150, 0.441
1104, 0.1198, 0.445
1105, 0.1076, 0.434
1106, 0.2508, 0.446
1107, 0.2459, 0.435
1108, 0.1454, 0.440
1109, 0.1127, 0.437
1110, 0.0976, 0.440
1111, 0.1211, 0.440
1112, 0.1982, 0.436
1113, 0.1561, 0.447
1114, 0.1370, 0.439
1115, 0.1444, 0.449
1116, 0.1260, 0.439
1117, 0.1524, 0.436
1118, 0.1316, 0.450
1119, 0.1410, 0.434
1120, 0.1885, 0.440
1121, 0.1678, 0.459
1122, 0.1040, 0.440
1123, 0.1562, 0.442
1124, 0.1414, 0.440
1125, 0.0984, 0.434
1126, 0.0692, 0.440
1127, 0.1137, 0.434
1128, 0.1190, 0.440
1129, 0.1632, 0.450
1130, 0.2042, 0.432
1131, 0.1757, 0.435
1132, 0.1243, 0.437
1133, 0.1011, 0.435
1134, 0.2939, 0.435
1135, 0.2380, 0.437
1136, 0.0633, 0.437
1137, 0.1308, 0.436
1138, 0.0843, 0.450
1139, 0.1783, 0.435
1140, 0.2538, 0.432
1141, 0.1457, 0.439
1142, 0.1119, 0.436
1143, 0.0931, 0.449
1144, 0.1880, 0.436
1145, 0.1070, 0.434
1146, 0.2190, 0.441
1147, 0.1569, 0.439
1148, 0.1822, 0.441
1149, 0.1729, 0.434
1150, 0.0832, 0.432
1151, 0.1987, 0.436
1152, 0.1301, 0.436
1153, 0.1115, 0.441
1154, 0.1252, 0.436
1155, 0.1118, 0.429
1156, 0.1104, 0.434
1157, 0.2034, 0.439
1158, 0.2322, 0.454
1159, 0.1750, 0.440
1160, 0.2450, 0.436
1161, 0.1762, 0.438
1162, 0.1755, 0.441
1163, 0.1756, 0.438
1164, 0.1707, 0.440
1165, 0.1684, 0.442
1166, 0.1455, 0.450
1167, 0.1406, 0.446
1168, 0.1295, 0.444
1169, 0.2121, 0.443
1170, 0.1714, 0.446
1171, 0.1467, 0.442
1172, 0.1599, 0.440
1173, 0.1100, 0.443
1174, 0.1521, 0.452
1175, 0.2104, 0.442
1176, 0.2651, 0.448
1177, 0.1373, 0.445
1178, 0.1677, 0.461
1179, 0.0863, 0.443
1180, 0.1585, 0.440
1181, 0.1447, 0.458
1182, 0.1791, 0.489
1183, 0.1218, 0.426
1184, 0.1221, 0.428
1185, 0.1985, 0.423
1186, 0.1415, 0.447
1187, 0.1581, 0.462
1188, 0.1929, 0.468
1189, 0.1349, 0.443
1190, 0.1961, 0.464
1191, 0.1588, 0.463
1192, 0.0881, 0.457
1193, 0.1483, 0.463
1194, 0.1125, 0.462
1195, 0.1381, 0.456
1196, 0.1708, 0.456
1197, 0.1598, 0.462
1198, 0.1333, 0.468
1199, 0.0895, 0.464
1200, 0.1233, 0.480
1201, 0.0800, 0.443
1202, 0.1345, 0.454
1203, 0.0725, 0.435
1204, 0.1554, 0.441
1205, 0.2105, 0.457
1206, 0.1885, 0.475
1207, 0.1294, 0.438
1208, 0.1854, 0.438
1209, 0.1452, 0.418
1210, 0.1451, 0.423
1211, 0.1452, 0.428
1212, 0.1478, 0.444
1213, 0.1636, 0.429
1214, 0.1524, 0.432
1215, 0.1564, 0.530
1216, 0.2153, 0.424
1217, 0.1189, 0.421
1218, 0.0860, 0.424
1219, 0.2229, 0.426
1220, 0.1868, 0.425
1221, 0.1482, 0.423
1222, 0.1804, 0.421
1223, 0.1784, 0.455
1224, 0.1353, 0.447
1225, 0.1136, 0.455
1226, 0.0923, 0.469
1227, 0.2444, 0.468
1228, 0.1338, 0.441
1229, 0.1531, 0.441
1230, 0.1347, 0.434
1231, 0.1723, 0.472
1232, 0.1511, 0.461
1233, 0.1469, 0.458
1234, 0.1596, 0.450
1235, 0.2258, 0.479
1236, 0.1835, 0.441
1237, 0.1925, 0.429
1238, 0.1808, 0.457
1239, 0.2575, 0.431
1240, 0.1935, 0.429
1241, 0.1719, 0.428
1242, 0.2160, 0.423
1243, 0.1434, 0.424
1244, 0.1105, 0.460
1245, 0.1422, 0.455
1246, 0.2248, 0.466
1247, 0.1382, 0.479
1248, 0.2175, 0.462
1249, 0.2398, 0.455
1250, 0.1768, 0.449
1251, 0.1426, 0.454
1252, 0.1724, 0.447
1253, 0.1568, 0.442
1254, 0.2018, 0.450
1255, 0.2059, 0.443
1256, 0.1551, 0.443
1257, 0.2337, 0.456
1258, 0.1944, 0.444
1259, 0.1546, 0.442
1260, 0.2056, 0.438
1261, 0.1714, 0.433
1262, 0.2211, 0.432
1263, 0.1526, 0.447
1264, 0.2025, 0.448
1265, 0.1372, 0.439
1266, 0.1228, 0.445
1267, 0.1729, 0.452
1268, 0.1987, 0.450
1269, 0.1664, 0.449
1270, 0.2682, 0.452
1271, 0.1137, 0.467
1272, 0.1781, 0.448
1273, 0.2209, 0.439
1274, 0.1929, 0.450
1275, 0.2238, 0.436
1276, 0.1967, 0.443
1277, 0.2310, 0.432
1278, 0.1720, 0.458
1279, 0.1349, 0.472
1280, 0.1217, 0.454
1281, 0.1481, 0.455
1282, 0.1115, 0.433
1283, 0.1034, 0.441
1284, 0.1934, 0.454
1285, 0.1185, 0.437
1286, 0.1272, 0.455
1287, 0.1609, 0.445
1288, 0.1635, 0.455
1289, 0.0773, 0.449
1290, 0.0920, 0.440
1291, 0.0598, 0.456
1292, 0.2586, 0.448
1293, 0.1555, 0.441
1294, 0.1660, 0.439
1295, 0.0987, 0.436
1296, 0.1068, 0.447
1297, 0.1228, 0.431
1298, 0.1525, 0.428
1299, 0.2207, 0.436
1300, 0.1034, 0.434
1301, 0.1022, 0.438
1302, 0.1327, 0.432
1303, 0.2292, 0.448
1304, 0.1829, 0.435
1305, 0.1973, 0.443
1306, 0.1454, 0.434
1307, 0.1489, 0.431
1308, 0.1704, 0.432
1309, 0.1501, 0.434
1310, 0.1893, 0.441
1311, 0.0897, 0.437
1312, 0.1392, 0.434
1313, 0.1918, 0.434
1314, 0.1959, 0.437
1315, 0.1255, 0.427
1316, 0.1985, 0.439
1317, 0.1810, 0.435
1318, 0.2268, 0.444
1319, 0.1819, 0.429
1320, 0.1305, 0.453
1321, 0.1738, 0.432
1322, 0.0810, 0.436
1323, 0.1549, 0.434
1324, 0.1787, 0.431
1325, 0.1687, 0.454
1326, 0.0891, 0.438
1327, 0.1122, 0.438
1328, 0.1039, 0.441
1329, 0.1364, 0.422
1330, 0.3054, 0.437
1331, 0.2152, 0.432
1332, 0.1628, 0.432
1333, 0.1392, 0.438
1334, 0.1730, 0.444
1335, 0.1408, 0.436
1336, 0.1733, 0.431
1337, 0.1801, 0.432
1338, 0.1127, 0.435
1339, 0.1526, 0.431
1340, 0.1991, 0.436
1341, 0.1812, 0.446
1342, 0.1629, 0.437
1343, 0.1432, 0.441
1344, 0.2084, 0.431
1345, 0.1138, 0.439
1346, 0.1395, 0.435
1347, 0.1294, 0.436
1348, 0.1498, 0.441
1349, 0.1335, 0.432
1350, 0.1237, 0.436
1351, 0.1947, 0.435
1352, 0.0541, 0.435
1353, 0.1803, 0.450
1354, 0.1755, 0.432
1355, 0.1135, 0.450
1356, 0.1611, 0.509
1357, 0.1142, 0.429
1358, 0.1269, 0.433
1359, 0.1781, 0.431
1360, 0.1854, 0.429
1361, 0.1575, 0.442
1362, 0.1830, 0.433
1363, 0.1637, 0.428
1364, 0.2787, 0.441
1365, 0.1373, 0.432
1366, 0.1303, 0.456
1367, 0.1128, 0.450
1368, 0.1426, 0.434
1369, 0.1483, 0.436
1370, 0.1460, 0.515
1371, 0.1840, 0.456
1372, 0.2087, 0.441
1373, 0.1916, 0.452
1374, 0.1075, 0.440
1375, 0.1923, 0.438
1376, 0.1896, 0.447
1377, 0.1409, 0.453
1378, 0.1940, 0.451
1379, 0.1583, 0.452
1380, 0.2954, 0.434
1381, 0.1670, 0.432
1382, 0.1970, 0.456
1383, 0.1748, 0.448
1384, 0.1575, 0.458
1385, 0.1927, 0.436
1386, 0.2367, 0.428
1387, 0.1680, 0.432
1388, 0.1711, 0.450
1389, 0.2041, 0.449
1390, 0.1182, 0.460
1391, 0.0449, 0.459
1392, 0.0697, 0.443
1393, 0.1622, 0.442
1394, 0.1621, 0.437
1395, 0.1990, 0.440
1396, 0.2120, 0.431
1397, 0.2022, 0.455
1398, 0.1618, 0.464
1399, 0.1161, 0.473
1400, 0.2137, 0.445
1401, 0.2570, 0.427
1402, 0.2346, 0.446
1403, 0.1031, 0.485
1404, 0.1494, 0.427
1405, 0.2345, 0.454
1406, 0.1044, 0.442
1407, 0.1526, 0.434
1408, 0.1557, 0.456
1409, 0.1927, 0.446
1410, 0.1896, 0.455
1411, 0.2298, 0.474
1412, 0.1471, 0.450
1413, 0.1466, 0.446
1414, 0.1257, 0.450
1415, 0.1362, 0.502
1416, 0.1762, 0.452
1417, 0.1685, 0.445
1418, 0.2102, 0.448
1419, 0.1037, 0.442
1420, 0.1415, 0.448
1421, 0.2068, 0.463
1422, 0.2150, 0.459
1423, 0.2507, 0.473
1424, 0.1248, 0.471
1425, 0.1080, 0.461
1426, 0.1505, 0.455
1427, 0.1167, 0.468
1428, 0.1406, 0.486
1429, 0.1315, 0.491
1430, 0.1784, 0.500
1431, 0.1966, 0.461
1432, 0.1115, 0.450
1433, 0.2158, 0.449
1434, 0.1318, 0.447
1435, 0.1574, 0.443
1436, 0.1258, 0.460
1437, 0.1812, 0.443
1438, 0.1410, 0.453
1439, 0.0799, 0.457
1440, 0.1652, 0.449
1441, 0.1231, 0.451
1442, 0.0863, 0.452
1443, 0.1795, 0.457
1444, 0.0986, 0.451
1445, 0.1672, 0.461
1446, 0.1107, 0.448
1447, 0.1809, 0.465
1448, 0.2167, 0.463
1449, 0.1684, 0.458
1450, 0.1205, 0.461
1451, 0.0818, 0.443
1452, 0.1130, 0.457
1453, 0.1661, 0.441
1454, 0.1901, 0.447
1455, 0.1875, 0.442
1456, 0.1490, 0.446
1457, 0.1280, 0.464
1458, 0.1920, 0.444
1459, 0.1096, 0.452
1460, 0.0558, 0.439
1461, 0.1358, 0.460
1462, 0.1684, 0.456
1463, 0.2028, 0.453
1464, 0.1739, 0.441
1465, 0.1697, 0.432
1466, 0.1220, 0.455
1467, 0.1577, 0.442
1468, 0.1425, 0.442
1469, 0.2156, 0.445
1470, 0.1471, 0.447
1471, 0.2051, 0.440
1472, 0.1259, 0.457
1473, 0.1693, 0.449
1474, 0.1935, 0.440
1475, 0.1226, 0.433
1476, 0.2008, 0.433
1477, 0.2145, 0.437
1478, 0.1661, 0.431
1479, 0.1595, 0.445
1480, 0.1640, 0.431
1481, 0.2114, 0.432
1482, 0.1152, 0.440
1483, 0.1545, 0.445
1484, 0.2351, 0.443
1485, 0.1648, 0.440
1486, 0.1591, 0.438
1487, 0.1212, 0.439
1488, 0.1758, 0.436
1489, 0.1229, 0.453
1490, 0.1529, 0.451
1491, 0.1119, 0.444
1492, 0.1997, 0.434
1493, 0.1560, 0.429
1494, 0.0755, 0.437
1495, 0.1469, 0.431
1496, 0.1774, 0.435
1497, 0.1323, 0.441
1498, 0.1707, 0.441
1499, 0.1421, 0.436
1500, 0.1022, 0.430
1501, 0.1997, 0.431
1502, 0.0953, 0.438
1503, 0.1396, 0.436
1504, 0.1785, 0.439
1505, 0.1984, 0.445
1506, 0.1617, 0.448
1507, 0.1046, 0.436
1508, 0.1587, 0.437
1509, 0.1095, 0.442
1510, 0.1711, 0.452
1511, 0.1260, 0.427
1512, 0.1381, 0.432
1513, 0.1747, 0.442
1514, 0.1213, 0.436
1515, 0.1175, 0.432
1516, 0.0788, 0.435
1517, 0.1094, 0.437
1518, 0.1457, 0.438
1519, 0.1381, 0.443
1520, 0.1181, 0.460
1521, 0.1400, 0.439
1522, 0.0968, 0.438
1523, 0.2223, 0.430
1524, 0.2015, 0.434
1525, 0.2326, 0.432
1526, 0.1331, 0.433
1527, 0.1505, 0.432
1528, 0.1805, 0.433
1529, 0.1860, 0.433
1530, 0.1709, 0.441
1531, 0.1247, 0.430
1532, 0.0777, 0.433
1533, 0.1682, 0.434
1534, 0.1244, 0.425
1535, 0.1034, 0.433
1536, 0.1199, 0.439
1537, 0.1451, 0.439
1538, 0.0801, 0.442
1539, 0.0956, 0.440
1540, 0.1385, 0.438
1541, 0.0913, 0.439
1542, 0.0833, 0.440
1543, 0.1372, 0.440
1544, 0.1339, 0.437
1545, 0.0972, 0.438
1546, 0.1391, 0.437
1547, 0.1812, 0.441
1548, 0.1301, 0.443
1549, 0.2687, 0.434
1550, 0.1898, 0.432
1551, 0.1284, 0.441
1552, 0.1044, 0.444
1553, 0.1258, 0.441
1554, 0.0928, 0.437
1555, 0.1222, 0.459
1556, 0.1097, 0.436
1557, 0.0922, 0.447
1558, 0.0870, 0.441
1559, 0.1126, 0.437
1560, 0.1256, 0.453
1561, 0.2131, 0.454
1562, 0.1521, 0.434
1563, 0.1601, 0.436
1564, 0.1507, 0.455
1565, 0.2042, 0.436
1566, 0.1928, 0.437
1567, 0.2059, 0.444
1568, 0.1779, 0.462
1569, 0.1760, 0.443
1570, 0.1156, 0.444
1571, 0.1575, 0.444
1572, 0.1554, 0.471
1573, 0.1129, 0.431
1574, 0.1394, 0.431
1575, 0.0812, 0.430
1576, 0.1449, 0.430
1577, 0.1489, 0.437
1578, 0.1402, 0.457
1579, 0.1094, 0.457
1580, 0.1296, 0.451
1581, 0.1324, 0.429
1582, 0.1776, 0.439
1583, 0.1186, 0.457
1584, 0.0650, 0.455
1585, 0.0886, 0.453
1586, 0.0708, 0.453
1587, 0.1262, 0.457
1588, 0.0965, 0.452
1589, 0.1087, 0.456
1590, 0.2221, 0.483
1591, 0.2251, 0.474
1592, 0.0976, 0.440
1593, 0.1976, 0.455
1594, 0.1987, 0.454
1595, 0.1218, 0.459
1596, 0.1092, 0.455
1597, 0.0901, 0.461
1598, 0.1021, 0.469
1599, 0.2253, 0.433
1600, 0.1611, 0.433
1601, 0.1705, 0.429
1602, 0.1482, 0.426
1603, 0.1947, 0.419
1604, 0.1254, 0.431
1605, 0.0968, 0.447
1606, 0.1332, 0.424
1607, 0.1210, 0.446
1608, 0.1878, 0.452
1609, 0.1730, 0.443
1610, 0.1484, 0.470
1611, 0.2221, 0.448
1612, 0.1262, 0.463
1613, 0.0953, 0.455
1614, 0.1331, 0.465
1615, 0.1903, 0.515
1616, 0.1091, 0.451
1617, 0.1275, 0.446
1618, 0.1918, 0.462
1619, 0.1910, 0.446
1620, 0.2122, 0.440
1621, 0.1368, 0.458
1622, 0.2513, 0.542
1623, 0.1572, 0.456
1624, 0.1253, 0.461
1625, 0.1616, 0.458
1626, 0.1673, 0.455
1627, 0.2347, 0.465
1628, 0.1407, 0.452
1629, 0.1936, 0.447
1630, 0.1051, 0.471
1631, 0.1567, 0.457
1632, 0.1327, 0.469
1633, 0.1631, 0.449
1634, 0.1992, 0.462
1635, 0.1405, 0.462
1636, 0.1446, 0.456
1637, 0.1934, 0.468
1638, 0.1888, 0.480
1639, 0.1249, 0.458
1640, 0.1594, 0.437
1641, 0.1733, 0.448
1642, 0.1475, 0.442
1643, 0.0888, 0.423
1644, 0.1749, 0.432
1645, 0.1812, 0.436
1646, 0.1132, 0.442
1647, 0.2179, 0.440
1648, 0.1538, 0.437
1649, 0.1593, 0.436
1650, 0.1259, 0.429
1651, 0.1536, 0.444
1652, 0.1627, 0.438
1653, 0.0806, 0.436
1654, 0.1912, 0.440
1655, 0.1657, 0.431
1656, 0.0947, 0.428
1657, 0.1597, 0.439
1658, 0.0647, 0.434
1659, 0.2167, 0.435
1660, 0.1110, 0.449
1661, 0.0747, 0.452
1662, 0.1724, 0.434
1663, 0.1603, 0.434
1664, 0.1418, 0.434
1665, 0.0868, 0.441
1666, 0.1823, 0.434
1667, 0.1754, 0.439
1668, 0.1048, 0.438
1669, 0.1807, 0.432
1670, 0.0935, 0.435
1671, 0.2691, 0.439
1672, 0.2401, 0.431
1673, 0.1684, 0.437
1674, 0.1010, 0.425
1675, 0.1430, 0.435
1676, 0.1101, 0.438
1677, 0.1208, 0.431
1678, 0.0905, 0.431
1679, 0.1791, 0.441
1680, 0.1223, 0.434
1681, 0.1599, 0.443
1682, 0.1945, 0.432
1683, 0.1468, 0.435
1684, 0.1316, 0.446
1685, 0.1279, 0.438
1686, 0.1284, 0.445
1687, 0.1293, 0.434
1688, 0.1422, 0.449
1689, 0.1008, 0.436
1690, 0.1950, 0.438
1691, 0.1515, 0.446
1692, 0.1345, 0.437
1693, 0.1459, 0.439
1694, 0.1205, 0.434
1695, 0.1543, 0.439
1696, 0.1057, 0.435
1697, 0.1327, 0.434
1698, 0.1197, 0.437
1699, 0.0821, 0.434
1700, 0.1655, 0.436
1701, 0.1630, 0.435
1702, 0.2002, 0.437
1703, 0.1306, 0.440
1704, 0.2176, 0.437
1705, 0.1438, 0.461
1706, 0.1617, 0.441
1707, 0.1354, 0.459
1708, 0.1451, 0.439
1709, 0.1364, 0.436
1710, 0.1656, 0.432
1711, 0.1469, 0.445
1712, 0.1108, 0.444
1713, 0.1583, 0.435
1714, 0.1175, 0.436
1715, 0.0832, 0.437
1716, 0.1061, 0.430
1717, 0.1416, 0.430
1718, 0.2036, 0.429
1719, 0.1600, 0.442
1720, 0.1267, 0.440
1721, 0.1337, 0.444
1722, 0.2167, 0.431
1723, 0.1841, 0.431
1724, 0.0947, 0.434
1725, 0.0842, 0.436
1726, 0.1617, 0.455
1727, 0.1057, 0.450
1728, 0.0737, 0.437
1729, 0.1529, 0.434
1730, 0.0832, 0.439
1731, 0.1313, 0.458
1732, 0.0910, 0.435
1733, 0.0916, 0.436
1734, 0.1187, 0.455
1735, 0.1651, 0.458
1736, 0.1212, 0.441
1737, 0.1475, 0.438
1738, 0.2846, 0.432
1739, 0.1412, 0.439
1740, 0.1382, 0.437
1741, 0.1678, 0.440
1742, 0.1493, 0.438
1743, 0.1627, 0.435
1744, 0.1018, 0.443
1745, 0.1466, 0.439
1746, 0.1917, 0.433
1747, 0.1625, 0.436
1748, 0.0912, 0.450
1749, 0.1756, 0.434
1750, 0.1113, 0.449
1751, 0.1365, 0.443
1752, 0.1849, 0.450
1753, 0.1552, 0.440
1754, 0.1122, 0.434
1755, 0.1526, 0.442
1756, 0.1463, 0.436
1757, 0.1319, 0.434
1758, 0.0730, 0.512
1759, 0.1387, 0.435
1760, 0.1542, 0.445
1761, 0.1925, 0.462
1762, 0.1423, 0.433
1763, 0.2126, 0.439
1764, 0.1783, 0.422
1765, 0.2956, 0.422
1766, 0.1261, 0.434
1767, 0.3006, 0.434
1768, 0.3423, 0.453
1769, 0.1661, 0.455
1770, 0.1326, 0.444
1771, 0.1849, 0.436
1772, 0.1815, 0.436
1773, 0.1067, 0.440
1774, 0.0973, 0.441
1775, 0.1654, 0.458
1776, 0.1209, 0.466
1777, 0.2165, 0.465
1778, 0.0933, 0.454
1779, 0.1188, 0.465
1780, 0.1695, 0.477
1781, 0.1823, 0.452
1782, 0.1434, 0.449
1783, 0.1726, 0.470
1784, 0.2350, 0.458
1785, 0.1655, 0.454
1786, 0.2099, 0.460
1787, 0.1360, 0.459
1788, 0.1103, 0.458
1789, 0.1820, 0.457
1790, 0.1982, 0.454
1791, 0.0834, 0.466
1792, 0.1243, 0.435
1793, 0.0923, 0.443
1794, 0.1252, 0.444
1795, 0.1125, 0.457
1796, 0.1503, 0.441
1797, 0.1625, 0.449
1798, 0.0993, 0.449
1799, 0.1071, 0.439
1800, 0.1399, 0.446
1801, 0.1217, 0.430
1802, 0.1423, 0.442
1803, 0.2080, 0.446
1804, 0.1106, 0.441
1805, 0.1407, 0.458
1806, 0.1820, 0.453
1807, 0.2012, 0.449
1808, 0.1200, 0.428
1809, 0.1510, 0.451
1810, 0.1588, 0.475
1811, 0.1522, 0.458
1812, 0.1145, 0.453
1813, 0.1471, 0.457
1814, 0.1125, 0.509
1815, 0.1457, 0.529
1816, 0.2358, 0.451
1817, 0.1901, 0.440
1818, 0.1277, 0.440
1819, 0.1349, 0.439
1820, 0.0961, 0.442
1821, 0.0778, 0.422
1822, 0.0493, 0.416
1823, 0.1170, 0.453
1824, 0.1098, 0.458
1825, 0.1325, 0.458
1826, 0.2555, 0.467
1827, 0.1443, 0.482
1828, 0.1399, 0.450
1829, 0.3099, 0.443
1830, 0.1361, 0.439
1831, 0.2392, 0.451
1832, 0.1424, 0.442
1833, 0.1167, 0.434
1834, 0.0951, 0.434
1835, 0.1667, 0.435
1836, 0.1731, 0.442
1837, 0.1751, 0.453
1838, 0.1857, 0.445
1839, 0.1108, 0.434
1840, 0.0940, 0.442
1841, 0.1764, 0.429
1842, 0.1951, 0.446
1843, 0.1055, 0.450
1844, 0.1925, 0.434
1845, 0.1106, 0.430
1846, 0.1112, 0.437
1847, 0.0908, 0.456
1848, 0.0632, 0.454
1849, 0.0928, 0.432
1850, 0.0719, 0.427
1851, 0.1794, 0.441
1852, 0.1554, 0.433
1853, 0.1839, 0.432
1854, 0.0872, 0.436
1855, 0.0590, 0.433
1856, 0.0929, 0.435
1857, 0.0794, 0.424
1858, 0.0617, 0.426
1859, 0.1858, 0.430
1860, 0.1005, 0.431
1861, 0.0930, 0.436
1862, 0.1094, 0.430
1863, 0.0776, 0.454
1864, 0.1488, 0.438
1865, 0.1531, 0.441
1866, 0.0840, 0.449
1867, 0.1411, 0.452
1868, 0.1380, 0.440
1869, 0.3355, 0.436
1870, 0.1851, 0.448
1871, 0.2107, 0.452
1872, 0.2566, 0.430
1873, 0.1172, 0.436
1874, 0.1266, 0.443
1875, 0.1685, 0.434
1876, 0.1451, 0.433
1877, 0.0887, 0.440
1878, 0.2448, 0.445
1879, 0.1447, 0.464
1880, 0.1324, 0.439
1881, 0.1162, 0.435
1882, 0.2154, 0.438
1883, 0.1036, 0.458
1884, 0.0733, 0.441
1885, 0.1488, 0.438
1886, 0.1067, 0.439
1887, 0.1298, 0.459
1888, 0.1591, 0.440
1889, 0.1979, 0.419
1890, 0.1784, 0.435
1891, 0.1795, 0.436
1892, 0.1356, 0.439
1893, 0.0982, 0.451
1894, 0.1248, 0.441
1895, 0.1318, 0.446
1896, 0.0916, 0.439
1897, 0.2190, 0.434
1898, 0.0749, 0.433
1899, 0.0728, 0.445
1900, 0.0831, 0.432
1901, 0.0717, 0.436
1902, 0.1868, 0.433
1903, 0.1497, 0.433
1904, 0.1611, 0.436
1905, 0.0630, 0.434
1906, 0.0732, 0.429
1907, 0.1380, 0.422
1908, 0.1342, 0.436
1909, 0.1370, 0.434
1910, 0.0636, 0.437
1911, 0.0700, 0.433
1912, 0.1417, 0.436
1913, 0.1285, 0.428
1914, 0.1661, 0.437
1915, 0.1514, 0.433
1916, 0.1081, 0.429
1917, 0.1627, 0.437
1918, 0.1810, 0.438
1919, 0.1411, 0.419
1920, 0.0951, 0.425
1921, 0.1504, 0.436
1922, 0.1714, 0.432
1923, 0.1719, 0.434
1924, 0.2607, 0.451
1925, 0.1951, 0.438
1926, 0.3802, 0.431
1927, 0.2768, 0.425
1928, 0.1311, 0.435
1929, 0.1503, 0.444
1930, 0.1311, 0.433
1931, 0.2024, 0.438
1932, 0.1370, 0.434
1933, 0.0753, 0.438
1934, 0.0814, 0.442
1935, 0.1411, 0.442
1936, 0.1548, 0.447
1937, 0.1470, 0.444
1938, 0.1756, 0.433
1939, 0.1001, 0.439
1940, 0.1531, 0.436
1941, 0.1780, 0.442
1942, 0.1775, 0.447
1943, 0.1446, 0.433
1944, 0.3179, 0.443
1945, 0.1549, 0.437
1946, 0.1154, 0.453
1947, 0.1991, 0.444
1948, 0.0784, 0.454
1949, 0.1667, 0.437
1950, 0.0568, 0.440
1951, 0.1384, 0.434
1952, 0.1612, 0.443
1953, 0.1918, 0.432
1954, 0.1847, 0.437
1955, 0.1469, 0.431
1956, 0.1010, 0.438
1957, 0.1236, 0.449
1958, 0.1890, 0.488
1959, 0.2091, 0.438
1960, 0.1418, 0.525
1961, 0.2017, 0.458
1962, 0.1567, 0.453
1963, 0.1493, 0.452
1964, 0.0930, 0.437
1965, 0.0830, 0.435
1966, 0.1349, 0.433
1967, 0.0765, 0.432
1968, 0.1457, 0.441
1969, 0.2230, 0.446
1970, 0.1705, 0.445
1971, 0.1324, 0.450
1972, 0.1673, 0.455
1973, 0.1600, 0.457
1974, 0.0793, 0.446
1975, 0.1914, 0.444
1976, 0.0394, 0.445
1977, 0.1804, 0.436
1978, 0.1333, 0.426
1979, 0.1801, 0.421
1980, 0.1176, 0.420
1981, 0.1829, 0.423
1982, 0.1696, 0.431
1983, 0.0906, 0.420
1984, 0.0936, 0.420
1985, 0.1217, 0.420
1986, 0.1488, 0.424
1987, 0.1449, 0.430
1988, 0.1627, 0.427
1989, 0.1101, 0.429
1990, 0.1449, 0.435
1991, 0.1657, 0.426
1992, 0.2155, 0.432
1993, 0.1758, 0.457
1994, 0.1202, 0.451
1995, 0.2593, 0.427
1996, 0.2386, 0.420
1997, 0.1695, 0.425
1998, 0.2115, 0.422
1999, 0.1493, 0.419
2000, 0.0761, 0.423
2001, 0.1029, 0.440
2002, 0.1665, 0.442
2003, 0.1682, 0.439
2004, 0.1005, 0.445
2005, 0.1166, 0.455
2006, 0.1219, 0.455
2007, 0.0553, 0.452
2008, 0.2403, 0.433
2009, 0.1490, 0.429
2010, 0.1892, 0.445
2011, 0.1322, 0.424
2012, 0.2409, 0.461
2013, 0.1742, 0.453
2014, 0.1773, 0.452
2015, 0.1282, 0.581
2016, 0.1517, 0.434
2017, 0.1107, 0.440
2018, 0.1612, 0.444
2019, 0.1384, 0.444
2020, 0.1268, 0.441
2021, 0.0718, 0.449
2022, 0.1460, 0.451
2023, 0.1477, 0.449
2024, 0.1366, 0.446
2025, 0.1045, 0.451
2026, 0.1186, 0.456
2027, 0.1557, 0.428
2028, 0.1320, 0.442
2029, 0.1084, 0.452
2030, 0.0714, 0.431
2031, 0.1131, 0.433
2032, 0.1159, 0.437
2033, 0.1456, 0.429
2034, 0.1169, 0.445
2035, 0.0966, 0.430
2036, 0.1540, 0.435
2037, 0.1105, 0.446
2038, 0.1688, 0.451
2039, 0.1283, 0.459
2040, 0.0921, 0.421
2041, 0.3006, 0.458
2042, 0.2818, 0.445
2043, 0.1164, 0.443
2044, 0.1307, 0.441
2045, 0.0949, 0.440
2046, 0.1042, 0.450
2047, 0.1619, 0.452
2048, 0.1335, 0.447
2049, 0.0951, 0.462
2050, 0.1552, 0.446
2051, 0.0626, 0.434
2052, 0.1263, 0.456
2053, 0.1801, 0.441
2054, 0.1953, 0.438
2055, 0.0754, 0.448
2056, 0.1379, 0.462
2057, 0.0926, 0.451
2058, 0.0779, 0.454
2059, 0.1459, 0.449
2060, 0.1169, 0.439
2061, 0.1565, 0.437
2062, 0.1321, 0.456
2063, 0.0572, 0.455
2064, 0.2414, 0.427
2065, 0.2232, 0.423
2066, 0.1648, 0.425
2067, 0.2098, 0.426
2068, 0.1558, 0.422
2069, 0.1204, 0.440
2070, 0.1099, 0.461
2071, 0.1503, 0.456
2072, 0.1191, 0.456
2073, 0.1126, 0.450
2074, 0.0524, 0.443
2075, 0.1920, 0.440
2076, 0.0890, 0.439
2077, 0.1044, 0.435
2078, 0.0851, 0.437
2079, 0.1426, 0.452
2080, 0.0809, 0.459
2081, 0.1458, 0.471
2082, 0.1208, 0.453
2083, 0.0661, 0.456
2084, 0.0392, 0.449
2085, 0.0949, 0.459
2086, 0.0920, 0.458
2087, 0.1198, 0.446
2088, 0.1240, 0.465
2089, 0.1195, 0.451
2090, 0.1057, 0.449
2091, 0.1384, 0.448
2092, 0.1802, 0.450
2093, 0.1539, 0.451
2094, 0.1561, 0.472
2095, 0.1497, 0.457
2096, 0.1273, 0.457
2097, 0.1763, 0.442
2098, 0.1432, 0.441
2099, 0.1132, 0.449
2100, 0.0735, 0.446
2101, 0.1114, 0.444
2102, 0.1172, 0.441
2103, 0.1951, 0.448
2104, 0.0932, 0.430
2105, 0.0937, 0.446
2106, 0.0994, 0.436
2107, 0.0931, 0.434
2108, 0.0766, 0.441
2109, 0.1025, 0.456
2110, 0.1984, 0.433
2111, 0.1556, 0.454
2112, 0.1862, 0.442
2113, 0.1258, 0.443
2114, 0.1318, 0.441
2115, 0.0806, 0.445
2116, 0.2220, 0.457
2117, 0.0986, 0.439
2118, 0.1059, 0.421
2119, 0.1616, 0.455
2120, 0.1203, 0.437
2121, 0.1469, 0.433
2122, 0.2130, 0.440
2123, 0.1085, 0.433
2124, 0.1724, 0.432
2125, 0.1280, 0.438
2126, 0.2299, 0.445
2127, 0.0723, 0.440
2128, 0.1165, 0.436
2129, 0.2034, 0.435
2130, 0.1099, 0.438
2131, 0.0906, 0.447
2132, 0.1305, 0.435
2133, 0.0742, 0.433
2134, 0.2333, 0.440
2135, 0.2312, 0.441
2136, 0.1822, 0.436
2137, 0.1835, 0.435
2138, 0.0856, 0.437
2139, 0.0618, 0.435
2140, 0.1485, 0.449
2141, 0.1798, 0.436
2142, 0.0860, 0.449
2143, 0.1470, 0.447
2144, 0.1161, 0.432
2145, 0.1247, 0.435
2146, 0.0862, 0.433
2147, 0.1641, 0.431
2148, 0.1782, 0.430
2149, 0.1124, 0.437
2150, 0.0748, 0.432
2151, 0.0897, 0.432
2152, 0.1471, 0.435
2153, 0.1449, 0.436
2154, 0.1887, 0.432
2155, 0.1824, 0.432
2156, 0.1717, 0.435
2157, 0.2127, 0.434
2158, 0.1620, 0.440
2159, 0.1290, 0.443
2160, 0.1740, 0.440
2161, 0.1010, 0.436
2162, 0.0531, 0.430
2163, 0.1347, 0.450
2164, 0.1875, 0.438
2165, 0.1297, 0.469
2166, 0.0698, 0.457
2167, 0.1151, 0.469
2168, 0.2222, 0.458
2169, 0.1076, 0.454
2170, 0.1387, 0.450
2171, 0.1520, 0.447
2172, 0.1547, 0.453
2173, 0.2531, 0.454
2174, 0.1637, 0.453
2175, 0.1909, 0.452
2176, 0.2120, 0.449
2177, 0.1582, 0.450
2178, 0.1750, 0.449
2179, 0.1541, 0.453
2180, 0.0953, 0.465
2181, 0.1165, 0.463
2182, 0.1084, 0.458
2183, 0.0870, 0.456
2184, 0.2070, 0.451
2185, 0.2313, 0.453
2186, 0.0786, 0.452
2187, 0.1656, 0.449
2188, 0.1244, 0.454
2189, 0.1400, 0.455
2190, 0.1268, 0.450
2191, 0.1290, 0.454
2192, 0.2397, 0.454
2193, 0.1171, 0.453
2194, 0.1115, 0.457
2195, 0.1064, 0.456
2196, 0.1246, 0.458
2197, 0.0985, 0.458
2198, 0.1706, 0.454
2199, 0.1488, 0.453
2200, 0.1973, 0.440
2201, 0.1678, 0.440
2202, 0.0795, 0.456
2203, 0.1154, 0.442
2204, 0.2000, 0.434
2205, 0.1390, 0.432
2206, 0.1093, 0.436
2207, 0.0548, 0.434
2208, 0.0905, 0.465
2209, 0.1053, 0.445
2210, 0.1537, 0.444
2211, 0.1686, 0.555
2212, 0.2250, 0.441
2213, 0.1679, 0.438
2214, 0.1661, 0.441
2215, 0.1398, 0.445
2216, 0.0940, 0.439
2217, 0.1366, 0.445
2218, 0.2105, 0.451
2219, 0.0858, 0.457
2220, 0.0826, 0.448
2221, 0.1789, 0.451
2222, 0.1694, 0.455
2223, 0.2023, 0.464
2224, 0.1552, 0.464
2225, 0.1417, 0.448
2226, 0.1133, 0.456
2227, 0.1296, 0.447
2228, 0.1579, 0.443
2229, 0.0954, 0.448
2230, 0.1423, 0.454
2231, 0.1871, 0.441
2232, 0.0676, 0.441
2233, 0.1219, 0.441
2234, 0.2197, 0.438
2235, 0.0934, 0.445
2236, 0.0790, 0.440
2237, 0.1770, 0.443
2238, 0.1320, 0.424
2239, 0.1573, 0.423
2240, 0.1503, 0.421
2241, 0.0994, 0.455
2242, 0.1352, 0.446
2243, 0.1297, 0.444
2244, 0.1198, 0.454
2245, 0.1468, 0.455
2246, 0.1215, 0.455
2247, 0.1023, 0.443
2248, 0.1013, 0.442
2249, 0.1336, 0.443
2250, 0.1479, 0.445
2251, 0.0998, 0.443
2252, 0.1144, 0.439
2253, 0.1654, 0.448
2254, 0.1855, 0.437
2255, 0.1411, 0.443
2256, 0.1737, 0.443
2257, 0.1192, 0.432
2258, 0.1381, 0.438
2259, 0.0863, 0.451
2260, 0.0775, 0.451
2261, 0.1925, 0.448
2262, 0.2015, 0.436
2263, 0.1606, 0.438
2264, 0.1349, 0.461
2265, 0.1507, 0.441
2266, 0.2084, 0.439
2267, 0.1447, 0.440
2268, 0.1539, 0.433
2269, 0.0965, 0.439
2270, 0.0813, 0.452
2271, 0.1243, 0.445
2272, 0.1622, 0.438
2273, 0.1035, 0.445
2274, 0.1221, 0.442
2275, 0.1428, 0.454
2276, 0.2030, 0.451
2277, 0.1449, 0.424
2278, 0.1488, 0.440
2279, 0.1298, 0.434
2280, 0.2025, 0.444
2281, 0.2376, 0.435
2282, 0.2120, 0.451
2283, 0.1491, 0.460
2284, 0.1279, 0.433
2285, 0.1342, 0.442
2286, 0.1966, 0.451
2287, 0.2137, 0.443
2288, 0.1619, 0.438
2289, 0.1554, 0.448
2290, 0.1705, 0.434
2291, 0.1095, 0.422
2292, 0.1010, 0.424
2293, 0.1536, 0.418
2294, 0.1532, 0.423
2295, 0.1895, 0.451
2296, 0.1335, 0.435
2297, 0.1105, 0.436
2298, 0.1700, 0.436
2299, 0.1952, 0.437
2300, 0.1404, 0.434
2301, 0.1322, 0.448
2302, 0.1281, 0.429
2303, 0.2086, 0.430
2304, 0.1707, 0.431
2305, 0.1595, 0.429
2306, 0.1166, 0.458
2307, 0.1798, 0.434
2308, 0.1414, 0.435
2309, 0.1649, 0.434
2310, 0.1369, 0.439
2311, 0.1621, 0.437
2312, 0.1368, 0.437
2313, 0.1355, 0.436
2314, 0.2560, 0.435
2315, 0.1019, 0.432
2316, 0.1410, 0.433
2317, 0.3220, 0.437
2318, 0.2478, 0.438
2319, 0.1028, 0.438
2320, 0.0999, 0.439
2321, 0.0893, 0.434
2322, 0.1311, 0.433
2323, 0.1751, 0.433
2324, 0.1486, 0.436
2325, 0.1676, 0.425
2326, 0.1286, 0.436
2327, 0.2016, 0.432
2328, 0.1774, 0.434
2329, 0.1379, 0.439
2330, 0.2495, 0.428
2331, 0.1851, 0.444
2332, 0.2293, 0.436
2333, 0.1435, 0.442
2334, 0.1691, 0.434
2335, 0.1959, 0.431
2336, 0.1957, 0.431
2337, 0.1294, 0.438
2338, 0.1675, 0.430
2339, 0.1342, 0.432
2340, 0.2045, 0.437
2341, 0.1350, 0.432
2342, 0.0907, 0.454
2343, 0.1348, 0.448
2344, 0.2123, 0.453
2345, 0.1729, 0.434
2346, 0.1746, 0.437
2347, 0.1611, 0.438
2348, 0.1580, 0.441
2349, 0.1447, 0.440
2350, 0.1721, 0.440
2351, 0.1315, 0.438
2352, 0.1594, 0.445
2353, 0.1121, 0.447
2354, 0.0699, 0.476
2355, 0.1353, 0.524
2356, 0.0633, 0.446
2357, 0.2054, 0.454
2358, 0.0474, 0.456
2359, 0.1278, 0.454
2360, 0.1071, 0.452
2361, 0.1605, 0.452
2362, 0.1421, 0.451
2363, 0.1177, 0.451
2364, 0.0859, 0.462
2365, 0.1548, 0.454
2366, 0.1343, 0.454
2367, 0.1538, 0.451
2368, 0.1808, 0.433
2369, 0.1565, 0.436
2370, 0.1520, 0.437
2371, 0.1469, 0.437
2372, 0.0620, 0.427
2373, 0.0977, 0.424
2374, 0.1909, 0.419
2375, 0.2987, 0.427
2376, 0.1753, 0.431
2377, 0.1077, 0.431
2378, 0.1046, 0.420
2379, 0.1756, 0.414
2380, 0.1165, 0.411
2381, 0.1325, 0.413
2382, 0.1520, 0.420
2383, 0.1988, 0.421
2384, 0.1219, 0.418
2385, 0.1024, 0.457
2386, 0.1810, 0.460
2387, 0.1543, 0.450
2388, 0.0967, 0.477
2389, 0.1100, 0.485
2390, 0.1348, 0.458
2391, 0.2235, 0.483
2392, 0.2393, 0.463
2393, 0.1576, 0.472
2394, 0.1557, 0.462
2395, 0.1362, 0.452
2396, 0.1263, 0.469
2397, 0.1472, 0.451
2398, 0.2530, 0.450
2399, 0.1324, 0.446
2400, 0.0820, 0.438
2401, 0.0298, 0.441
2402, 0.2340, 0.484
2403, 0.1459, 0.461
2404, 0.1104, 0.439
2405, 0.1541, 0.419
2406, 0.1222, 0.420
2407, 0.1479, 0.600
2408, 0.1468, 0.453
2409, 0.1280, 0.442
2410, 0.1937, 0.446
2411, 0.1695, 0.451
2412, 0.1074, 0.446
2413, 0.1328, 0.449
2414, 0.1372, 0.453
2415, 0.0944, 0.467
2416, 0.1471, 0.484
2417, 0.1677, 0.459
2418, 0.0625, 0.431
2419, 0.1385, 0.430
2420, 0.1642, 0.431
2421, 0.2349, 0.423
2422, 0.2330, 0.428
2423, 0.1598, 0.426
2424, 0.1354, 0.426
2425, 0.1309, 0.427
2426, 0.1814, 0.431
2427, 0.2141, 0.445
2428, 0.1491, 0.432
2429, 0.1068, 0.437
2430, 0.1368, 0.439
2431, 0.0916, 0.439
2432, 0.1300, 0.446
2433, 0.1103, 0.436
2434, 0.1407, 0.435
2435, 0.1608, 0.457
2436, 0.1700, 0.446
2437, 0.1722, 0.434
2438, 0.0621, 0.434
2439, 0.1489, 0.433
2440, 0.1674, 0.443
2441, 0.1757, 0.438
2442, 0.1460, 0.438
2443, 0.1409, 0.423
2444, 0.1393, 0.427
2445, 0.1883, 0.438
2446, 0.1342, 0.434
2447, 0.1678, 0.438
2448, 0.1261, 0.437
2449, 0.1509, 0.443
2450, 0.1932, 0.439
2451, 0.1228, 0.436
2452, 0.1153, 0.438
2453, 0.1181, 0.439
2454, 0.1210, 0.447
2455, 0.1418, 0.446
2456, 0.0611, 0.437
2457, 0.1245, 0.439
2458, 0.1782, 0.438
2459, 0.1517, 0.456
2460, 0.0893, 0.441
2461, 0.1208, 0.460
2462, 0.0905, 0.433
2463, 0.1385, 0.435
2464, 0.1603, 0.438
2465, 0.1045, 0.443
2466, 0.0753, 0.436
2467, 0.0609, 0.443
2468, 0.1386, 0.442
2469, 0.1081, 0.435
2470, 0.0721, 0.441
2471, 0.1061, 0.440
2472, 0.1569, 0.434
2473, 0.0589, 0.436
2474, 0.1074, 0.439
2475, 0.1554, 0.464
2476, 0.1095, 0.467
2477, 0.2005, 0.445
2478, 0.1233, 0.448
2479, 0.1207, 0.442
2480, 0.1402, 0.438
2481, 0.1290, 0.439
2482, 0.1795, 0.456
2483, 0.2103, 0.441
2484, 0.1616, 0.440
2485, 0.1573, 0.447
2486, 0.1394, 0.438
2487, 0.1866, 0.455
2488, 0.1436, 0.444
2489, 0.0809, 0.444
2490, 0.1274, 0.444
2491, 0.1547, 0.437
2492, 0.1564, 0.447
2493, 0.1341, 0.449
2494, 0.1339, 0.459
2495, 0.0734, 0.442
2496, 0.1611, 0.441
2497, 0.1147, 0.447
2498, 0.2200, 0.434
2499, 0.2077, 0.432
2500, 0.1307, 0.436
2501, 0.1515, 0.441
2502, 0.1386, 0.436
2503, 0.2331, 0.451
2504, 0.1364, 0.448
2505, 0.0852, 0.435
2506, 0.0490, 0.441
2507, 0.1101, 0.435
2508, 0.1134, 0.435
2509, 0.0675, 0.444
2510, 0.1287, 0.432
2511, 0.1177, 0.442
2512, 0.1413, 0.435
2513, 0.1093, 0.431
2514, 0.1312, 0.434
2515, 0.1123, 0.440
2516, 0.2008, 0.437
2517, 0.1359, 0.439
2518, 0.1169, 0.428
2519, 0.1374, 0.429
2520, 0.1290, 0.426
2521, 0.1301, 0.439
2522, 0.1774, 0.438
2523, 0.1127, 0.438
2524, 0.1695, 0.434
2525, 0.0744, 0.434
2526, 0.1225, 0.444
2527, 0.0971, 0.440
2528, 0.1760, 0.438
2529, 0.1530, 0.435
2530, 0.1918, 0.437
2531, 0.1909, 0.433
2532, 0.0790, 0.437
2533, 0.0890, 0.444
2534, 0.1969, 0.438
2535, 0.0946, 0.443
2536, 0.1061, 0.439
2537, 0.1611, 0.437
2538, 0.1093, 0.432
2539, 0.0865, 0.440
2540, 0.1753, 0.434
2541, 0.0960, 0.436
2542, 0.1305, 0.444
2543, 0.1104, 0.437
2544, 0.0902, 0.441
2545, 0.1469, 0.436
2546, 0.0819, 0.432
2547, 0.0898, 0.454
2548, 0.1169, 0.436
2549, 0.1488, 0.441
2550, 0.1842, 0.440
2551, 0.1920, 0.438
2552, 0.1674, 0.425
2553, 0.0779, 0.422
2554, 0.1478, 0.425
2555, 0.1386, 0.450
2556, 0.1665, 0.433
2557, 0.0985, 0.448
2558, 0.0799, 0.514
2559, 0.1241, 0.420
2560, 0.2290, 0.417
2561, 0.0926, 0.419
2562, 0.1905, 0.422
2563, 0.1350, 0.419
2564, 0.1614, 0.423
2565, 0.1502, 0.422
2566, 0.1100, 0.428
2567, 0.1674, 0.425
2568, 0.1403, 0.421
2569, 0.2105, 0.421
2570, 0.1466, 0.417
2571, 0.1670, 0.420
2572, 0.1443, 0.422
2573, 0.0900, 0.429
2574, 0.1198, 0.426
2575, 0.1281, 0.420
2576, 0.1345, 0.418
2577, 0.1048, 0.419
2578, 0.1588, 0.420
2579, 0.1370, 0.420
2580, 0.1264, 0.417
2581, 0.1738, 0.460
2582, 0.0650, 0.418
2583, 0.2154, 0.419
2584, 0.1564, 0.448
2585, 0.1670, 0.452
2586, 0.1043, 0.440
2587, 0.1362, 0.443
2588, 0.1651, 0.445
2589, 0.1456, 0.447
2590, 0.1767, 0.448
2591, 0.1040, 0.426
2592, 0.1282, 0.418
2593, 0.1471, 0.423
2594, 0.1004, 0.455
2595, 0.1223, 0.432
2596, 0.1297, 0.423
2597, 0.1469, 0.425
2598, 0.0745, 0.422
2599, 0.1270, 0.442
2600, 0.0943, 0.424
2601, 0.1631, 0.416
2602, 0.1248, 0.511
2603, 0.1525, 0.436
2604, 0.1500, 0.426
2605, 0.1154, 0.426
2606, 0.1063, 0.438
2607, 0.1945, 0.420
2608, 0.1663, 0.415
2609, 0.1056, 0.452
2610, 0.1822, 0.460
2611, 0.1540, 0.551
2612, 0.1453, 0.464
2613, 0.1286, 0.453
2614, 0.1331, 0.446
2615, 0.2025, 0.427
2616, 0.0995, 0.429
2617, 0.1770, 0.435
2618, 0.1772, 0.433
2619, 0.1529, 0.435
2620, 0.1723, 0.438
2621, 0.1213, 0.467
2622, 0.1068, 0.431
2623, 0.0869, 0.426
2624, 0.1291, 0.424
2625, 0.1402, 0.431
2626, 0.1284, 0.431
2627, 0.0844, 0.475
2628, 0.1653, 0.467
2629, 0.1544, 0.444
2630, 0.2125, 0.440
2631, 0.1222, 0.469
2632, 0.1686, 0.457
2633, 0.1324, 0.430
2634, 0.1850, 0.426
2635, 0.1637, 0.421
2636, 0.1702, 0.419
2637, 0.1636, 0.424
2638, 0.1500, 0.431
2639, 0.0996, 0.420
2640, 0.1485, 0.422
2641, 0.1457, 0.418
2642, 0.1210, 0.417
2643, 0.1306, 0.433
2644, 0.0670, 0.413
2645, 0.1565, 0.417
2646, 0.0952, 0.448
2647, 0.0824, 0.438
2648, 0.1120, 0.438
2649, 0.1045, 0.418
2650, 0.1170, 0.450
2651, 0.0713, 0.438
2652, 0.0640, 0.430
2653, 0.1820, 0.451
2654, 0.0993, 0.445
2655, 0.2133, 0.448
2656, 0.1743, 0.448
2657, 0.1892, 0.449
2658, 0.1831, 0.440
2659, 0.1550, 0.432
2660, 0.1638, 0.438
2661, 0.1007, 0.445
2662, 0.1389, 0.451
2663, 0.1339, 0.448
2664, 0.1389, 0.423
2665, 0.1765, 0.448
2666, 0.0867, 0.442
2667, 0.1457, 0.442
2668, 0.1412, 0.433
2669, 0.1298, 0.441
2670, 0.1619, 0.438
2671, 0.1445, 0.414
2672, 0.1458, 0.417
2673, 0.1242, 0.416
2674, 0.2026, 0.423
2675, 0.1486, 0.418
2676, 0.1079, 0.444
2677, 0.1273, 0.440
2678, 0.1344, 0.432
2679, 0.1389, 0.440
2680, 0.1004, 0.420
2681, 0.1331, 0.438
2682, 0.2131, 0.456
2683, 0.1293, 0.448
2684, 0.0880, 0.445
2685, 0.1580, 0.446
2686, 0.2624, 0.443
2687, 0.0613, 0.424
2688, 0.1298, 0.437
2689, 0.2210, 0.459
2690, 0.1883, 0.448
2691, 0.1573, 0.433
2692, 0.0858, 0.441
2693, 0.0909, 0.438
2694, 0.1504, 0.433
2695, 0.1519, 0.442
2696, 0.0947, 0.451
2697, 0.1138, 0.439
2698, 0.2192, 0.447
2699, 0.1198, 0.462
2700, 0.4424, 0.454
2701, 0.1769, 0.450
2702, 0.2151, 0.436
2703, 0.1139, 0.457
2704, 0.1453, 0.457
2705, 0.1727, 0.466
2706, 0.1757, 0.453
2707, 0.1038, 0.440
2708, 0.1456, 0.444
2709, 0.1882, 0.440
2710, 0.1723, 0.434
2711, 0.1389, 0.449
2712, 0.1210, 0.428
2713, 0.1632, 0.447
2714, 0.1054, 0.447
2715, 0.1298, 0.443
2716, 0.1934, 0.443
2717, 0.1416, 0.443
2718, 0.1899, 0.449
2719, 0.1328, 0.438
2720, 0.1338, 0.446
2721, 0.1155, 0.429
2722, 0.1521, 0.424
2723, 0.0995, 0.422
2724, 0.1405, 0.436
2725, 0.0767, 0.432
2726, 0.1034, 0.442
2727, 0.1735, 0.437
2728, 0.1138, 0.428
2729, 0.1204, 0.448
2730, 0.1113, 0.445
2731, 0.0916, 0.444
2732, 0.0641, 0.441
2733, 0.1767, 0.444
2734, 0.1580, 0.442
2735, 0.1857, 0.438
2736, 0.1796, 0.445
2737, 0.1735, 0.449
2738, 0.0939, 0.441
2739, 0.0739, 0.438
2740, 0.0859, 0.446
2741, 0.1084, 0.435
2742, 0.1191, 0.443
2743, 0.0577, 0.443
2744, 0.0925, 0.438
2745, 0.1300, 0.440
2746, 0.0761, 0.456
2747, 0.1758, 0.449
2748, 0.2463, 0.433
2749, 0.1513, 0.453
2750, 0.0682, 0.439
2751, 0.1359, 0.437
2752, 0.1781, 0.441
2753, 0.1559, 0.526
2754, 0.1603, 0.490
2755, 0.1891, 0.441
2756, 0.1204, 0.464
2757, 0.1052, 0.461
2758, 0.1078, 0.441
2759, 0.1278, 0.422
2760, 0.0937, 0.431
2761, 0.1421, 0.431
2762, 0.1003, 0.431
2763, 0.1370, 0.428
2764, 0.1744, 0.435
2765, 0.1026, 0.423
2766, 0.1440, 0.428
2767, 0.1231, 0.431
2768, 0.1100, 0.432
2769, 0.1211, 0.431
2770, 0.0950, 0.430
2771, 0.1361, 0.427
2772, 0.1170, 0.424
2773, 0.0572, 0.433
2774, 0.1298, 0.431
2775, 0.2021, 0.426
2776, 0.1626, 0.419
2777, 0.1794, 0.420
2778, 0.1021, 0.422
2779, 0.0794, 0.421
2780, 0.0807, 0.420
2781, 0.1341, 0.424
2782, 0.1650, 0.426
2783, 0.1117, 0.423
2784, 0.1303, 0.411
2785, 0.1636, 0.417
2786, 0.1565, 0.424
2787, 0.2690, 0.431
2788, 0.1432, 0.427
2789, 0.1286, 0.433
2790, 0.2078, 0.432
2791, 0.1447, 0.427
2792, 0.0556, 0.423
2793, 0.1863, 0.452
2794, 0.1284, 0.421
2795, 0.1352, 0.441
2796, 0.1008, 0.422
2797, 0.1519, 0.427
2798, 0.0910, 0.434
2799, 0.1572, 0.435
2800, 0.1020, 0.540
2801, 0.1333, 0.410
2802, 0.0579, 0.454
2803, 0.0481, 0.429
2804, 0.2043, 0.415
2805, 0.1239, 0.430
2806, 0.0829, 0.426
2807, 0.1150, 0.441
2808, 0.0625, 0.422
2809, 0.0998, 0.425
2810, 0.1107, 0.512
2811, 0.1501, 0.435
2812, 0.2172, 0.429
2813, 0.0885, 0.462
2814, 0.1678, 0.440
2815, 0.1734, 0.449
2816, 0.1647, 0.440
2817, 0.1615, 0.432
2818, 0.1647, 0.429
2819, 0.1337, 0.430
2820, 0.1186, 0.430
2821, 0.2181, 0.435
2822, 0.1133, 0.426
2823, 0.0834, 0.424
2824, 0.1236, 0.421
2825, 0.1649, 0.422
2826, 0.1122, 0.419
2827, 0.0833, 0.426
2828, 0.1413, 0.420
2829, 0.1459, 0.423
2830, 0.1110, 0.428
2831, 0.0984, 0.420
2832, 0.0519, 0.424
2833, 0.0790, 0.425
2834, 0.1082, 0.428
2835, 0.0598, 0.417
2836, 0.1604, 0.423
2837, 0.1153, 0.421
2838, 0.1305, 0.421
2839, 0.1580, 0.420
2840, 0.0866, 0.418
2841, 0.0763, 0.421
2842, 0.1485, 0.423
2843, 0.1561, 0.424
2844, 0.1424, 0.436
2845, 0.0858, 0.437
2846, 0.1051, 0.432
2847, 0.2043, 0.420
2848, 0.0853, 0.427
2849, 0.1329, 0.424
2850, 0.1227, 0.420
2851, 0.1631, 0.419
2852, 0.1452, 0.418
2853, 0.1338, 0.414
2854, 0.0842, 0.419
2855, 0.0825, 0.420
2856, 0.1274, 0.419
2857, 0.1959, 0.421
2858, 0.1599, 0.430
2859, 0.1795, 0.418
2860, 0.1552, 0.423
2861, 0.2063, 0.418
2862, 0.1157, 0.422
2863, 0.1129, 0.418
2864, 0.0917, 0.427
2865, 0.1869, 0.442
2866, 0.1314, 0.440
2867, 0.1006, 0.441
2868, 0.1514, 0.436
2869, 0.1611, 0.436
2870, 0.0683, 0.437
2871, 0.0480, 0.450
2872, 0.1083, 0.452
2873, 0.1139, 0.440
2874, 0.1089, 0.443
2875, 0.0456, 0.435
2876, 0.0948, 0.435
2877, 0.1158, 0.462
2878, 0.1318, 0.456
2879, 0.2037, 0.448
2880, 0.1172, 0.415
2881, 0.1360, 0.422
2882, 0.1029, 0.422
2883, 0.1106, 0.424
2884, 0.0816, 0.417
2885, 0.0561, 0.413
2886, 0.1733, 0.412
2887, 0.1581, 0.424
2888, 0.1356, 0.423
2889, 0.1213, 0.418
2890, 0.1400, 0.419
2891, 0.1495, 0.423
2892, 0.1453, 0.422
2893, 0.0763, 0.427
2894, 0.1405, 0.420
2895, 0.2707, 0.424
2896, 0.1443, 0.419
2897, 0.2788, 0.418
2898, 0.1186, 0.423
2899, 0.0609, 0.420
2900, 0.1068, 0.420
2901, 0.1614, 0.423
2902, 0.1404, 0.427
2903, 0.1361, 0.426
2904, 0.0986, 0.425
2905, 0.1060, 0.421
2906, 0.1601, 0.420
2907, 0.1144, 0.423
2908, 0.1380, 0.421
2909, 0.0892, 0.423
2910, 0.1730, 0.423
2911, 0.1343, 0.426
2912, 0.1389, 0.422
2913, 0.1929, 0.416
2914, 0.1177, 0.418
2915, 0.1149, 0.450
2916, 0.0616, 0.420
2917, 0.0633, 0.422
2918, 0.1281, 0.431
2919, 0.0965, 0.417
2920, 0.1393, 0.420
2921, 0.0618, 0.415
2922, 0.0878, 0.423
2923, 0.1321, 0.419
2924, 0.0861, 0.443
2925, 0.0595, 0.417
2926, 0.1013, 0.418
2927, 0.0462, 0.419
2928, 0.1104, 0.428
2929, 0.0930, 0.426
2930, 0.0764, 0.427
2931, 0.0687, 0.425
2932, 0.0483, 0.437
2933, 0.0295, 0.453
2934, 0.1136, 0.462
2935, 0.0737, 0.419
2936, 0.1354, 0.417
2937, 0.1219, 0.415
2938, 0.0670, 0.420
2939, 0.0636, 0.419
2940, 0.0820, 0.419
2941, 0.0937, 0.431
2942, 0.0994, 0.414
2943, 0.0524, 0.441
2944, 0.1187, 0.447
2945, 0.1067, 0.442
2946, 0.1324, 0.440
2947, 0.1480, 0.434
2948, 0.1232, 0.446
2949, 0.1377, 0.444
2950, 0.1877, 0.439
2951, 0.1108, 0.411
2952, 0.1515, 0.430
2953, 0.1400, 0.417
2954, 0.0791, 0.415
2955, 0.2063, 0.422
2956, 0.1397, 0.424
2957, 0.1239, 0.422
2958, 0.1403, 0.441
2959, 0.1202, 0.440
2960, 0.0971, 0.428
2961, 0.1286, 0.427
2962, 0.0997, 0.445
2963, 0.1016, 0.442
2964, 0.0928, 0.424
2965, 0.1716, 0.449
2966, 0.0957, 0.498
2967, 0.0870, 0.460
2968, 0.1857, 0.448
2969, 0.1482, 0.478
2970, 0.1098, 0.462
2971, 0.1455, 0.466
2972, 0.1094, 0.449
2973, 0.0851, 0.431
2974, 0.1320, 0.426
2975, 0.0729, 0.422
2976, 0.1324, 0.431
2977, 0.1132, 0.437
2978, 0.2367, 0.434
2979, 0.2132, 0.444
2980, 0.1280, 0.423
2981, 0.0930, 0.421
2982, 0.1127, 0.423
2983, 0.0705, 0.421
2984, 0.1564, 0.426
2985, 0.0990, 0.429
2986, 0.0884, 0.457
2987, 0.0399, 0.451
2988, 0.1516, 0.433
2989, 0.1650, 0.431
2990, 0.1289, 0.423
2991, 0.1232, 0.425
2992, 0.1449, 0.431
2993, 0.0731, 0.439
2994, 0.1269, 0.430
2995, 0.2030, 0.434
2996, 0.1782, 0.427
2997, 0.1844, 0.428
2998, 0.1775, 0.430
2999, 0.1233, 0.531
3000, 0.1565, 0.449
3001, 0.0993, 0.439
3002, 0.1149, 0.455
3003, 0.1331, 0.464
3004, 0.1854, 0.450
3005, 0.1422, 0.431
3006, 0.0854, 0.432
3007, 0.1096, 0.444
3008, 0.1093, 0.453
3009, 0.1432, 0.457
3010, 0.0881, 0.451
3011, 0.1412, 0.454
3012, 0.1175, 0.435
3013, 0.0933, 0.433
3014, 0.0962, 0.427
3015, 0.1555, 0.433
3016, 0.1443, 0.429
3017, 0.0914, 0.427
3018, 0.1681, 0.449
3019, 0.1511, 0.451
3020, 0.1245, 0.468
3021, 0.1259, 0.470
3022, 0.1143, 0.451
3023, 0.0979, 0.439
3024, 0.1089, 0.445
3025, 0.1408, 0.448
3026, 0.1574, 0.447
3027, 0.1134, 0.448
3028, 0.2034, 0.446
3029, 0.0626, 0.461
3030, 0.1008, 0.451
3031, 0.1289, 0.441
3032, 0.1310, 0.439
3033, 0.1781, 0.426
3034, 0.1476, 0.442
3035, 0.0809, 0.441
3036, 0.1721, 0.432
3037, 0.1177, 0.429
3038, 0.1526, 0.463
3039, 0.1664, 0.448
3040, 0.1145, 0.440
3041, 0.1358, 0.426
3042, 0.0638, 0.426
3043, 0.1503, 0.435
3044, 0.0511, 0.452
3045, 0.1508, 0.449
3046, 0.1833, 0.439
3047, 0.1314, 0.425
3048, 0.1841, 0.427
3049, 0.0944, 0.445
3050, 0.0691, 0.441
3051, 0.2077, 0.453
3052, 0.1001, 0.445
3053, 0.1538, 0.448
3054, 0.1229, 0.458
3055, 0.1317, 0.429
3056, 0.1442, 0.428
3057, 0.1741, 0.422
3058, 0.1294, 0.424
3059, 0.0852, 0.440
3060, 0.1891, 0.429
3061, 0.1402, 0.426
3062, 0.1697, 0.424
3063, 0.1288, 0.427
3064, 0.1731, 0.431
3065, 0.0966, 0.435
3066, 0.1069, 0.426
3067, 0.1228, 0.434
3068, 0.0996, 0.438
3069, 0.1887, 0.440
3070, 0.0724, 0.415
3071, 0.0954, 0.420
3072, 0.1392, 0.419
3073, 0.1384, 0.446
3074, 0.1040, 0.440
3075, 0.2010, 0.452
3076, 0.1284, 0.433
3077, 0.1813, 0.452
3078, 0.0885, 0.448
3079, 0.0739, 0.445
3080, 0.1110, 0.446
3081, 0.1422, 0.443
3082, 0.0999, 0.440
3083, 0.1253, 0.448
3084, 0.1035, 0.455
3085, 0.1284, 0.455
3086, 0.2083, 0.441
3087, 0.2181, 0.455
3088, 0.1777, 0.467
3089, 0.1844, 0.446
3090, 0.1555, 0.433
3091, 0.1196, 0.428
3092, 0.1816, 0.426
3093, 0.1597, 0.444
3094, 0.1643, 0.449
3095, 0.1975, 0.432
3096, 0.1114, 0.435
3097, 0.1144, 0.418
3098, 0.1060, 0.445
3099, 0.1578, 0.439
3100, 0.0628, 0.428
3101, 0.0477, 0.420
3102, 0.1147, 0.426
3103, 0.1394, 0.428
3104, 0.1584, 0.427
3105, 0.1662, 0.423
3106, 0.0804, 0.418
3107, 0.1236, 0.431
3108, 0.1098, 0.441
3109, 0.1130, 0.425
3110, 0.0768, 0.438
3111, 0.1915, 0.416
3112, 0.1733, 0.421
3113, 0.0965, 0.428
3114, 0.1484, 0.423
3115, 0.1322, 0.419
3116, 0.1811, 0.421
3117, 0.1849, 0.421
3118, 0.1312, 0.420
3119, 0.1587, 0.424
3120, 0.0919, 0.418
3121, 0.1566, 0.421
3122, 0.1406, 0.423
3123, 0.0895, 0.423
3124, 0.1508, 0.422
3125, 0.1189, 0.424
3126, 0.0923, 0.426
3127, 0.1106, 0.421
3128, 0.0737, 0.416
3129, 0.1630, 0.422
3130, 0.0899, 0.422
3131, 0.1133, 0.418
3132, 0.1300, 0.449
3133, 0.1254, 0.451
3134, 0.1019, 0.437
3135, 0.2141, 0.443
3136, 0.1093, 0.420
3137, 0.2049, 0.419
3138, 0.1003, 0.438
3139, 0.1516, 0.425
3140, 0.1949, 0.442
3141, 0.0758, 0.425
3142, 0.0864, 0.421
3143, 0.1679, 0.420
3144, 0.1607, 0.424
3145, 0.1204, 0.422
3146, 0.1708, 0.424
3147, 0.0575, 0.425
3148, 0.1326, 0.425
3149, 0.1694, 0.419
3150, 0.1671, 0.421
3151, 0.1306, 0.418
3152, 0.1235, 0.423
3153, 0.1832, 0.427
3154, 0.0969, 0.430
3155, 0.1156, 0.465
3156, 0.0751, 0.420
3157, 0.0922, 0.418
3158, 0.1095, 0.425
3159, 0.1116, 0.428
3160, 0.1229, 0.444
3161, 0.2057, 0.455
3162, 0.2031, 0.442
3163, 0.1269, 0.462
3164, 0.0487, 0.468
3165, 0.0762, 0.441
3166, 0.0433, 0.419
3167, 0.0331, 0.417
3168, 0.0547, 0.422
3169, 0.0664, 0.422
3170, 0.0435, 0.418
3171, 0.0876, 0.420
3172, 0.0972, 0.447
3173, 0.1090, 0.419
3174, 0.1730, 0.422
3175, 0.1267, 0.418
3176, 0.1733, 0.423
3177, 0.1714, 0.424
3178, 0.0917, 0.422
3179, 0.1042, 0.429
3180, 0.1625, 0.427
3181, 0.1866, 0.430
3182, 0.1272, 0.426
3183, 0.1560, 0.421
3184, 0.2101, 0.421
3185, 0.2055, 0.433
3186, 0.1209, 0.428
3187, 0.0711, 0.459
3188, 0.0984, 0.433
3189, 0.0898, 0.426
3190, 0.0462, 0.418
3191, 0.1753, 0.420
3192, 0.1980, 0.433
3193, 0.1388, 0.418
3194, 0.1056, 0.417
3195, 0.0992, 0.411
3196, 0.0709, 0.424
3197, 0.0904, 0.436
3198, 0.1562, 0.425
3199, 0.2507, 0.425
3200, 0.1125, 0.421
3201, 0.1999, 0.415
3202, 0.2054, 0.436
3203, 0.0924, 0.433
3204, 0.0471, 0.428
3205, 0.1245, 0.537
3206, 0.1140, 0.424
3207, 0.2168, 0.423
3208, 0.1587, 0.433
3209, 0.2067, 0.431
3210, 0.1941, 0.425
3211, 0.0718, 0.427
3212, 0.1634, 0.440
3213, 0.0806, 0.449
3214, 0.1797, 0.430
3215, 0.1179, 0.434
3216, 0.1431, 0.430
3217, 0.1570, 0.430
3218, 0.0676, 0.433
3219, 0.1060, 0.419
3220, 0.0629, 0.418
3221, 0.1070, 0.427
3222, 0.1956, 0.424
3223, 0.1656, 0.417
3224, 0.1555, 0.416
3225, 0.0920, 0.415
3226, 0.0795, 0.426
3227, 0.0994, 0.433
3228, 0.0858, 0.423
3229, 0.0635, 0.418
3230, 0.1001, 0.421
3231, 0.1687, 0.412
3232, 0.0549, 0.418
3233, 0.0710, 0.420
3234, 0.1170, 0.420
3235, 0.1369, 0.460
3236, 0.0743, 0.450
3237, 0.1391, 0.420
3238, 0.1395, 0.448
3239, 0.1266, 0.442
3240, 0.1608, 0.456
3241, 0.1618, 0.453
3242, 0.1472, 0.442
3243, 0.1026, 0.417
3244, 0.0717, 0.449
3245, 0.0667, 0.455
3246, 0.1548, 0.439
3247, 0.1367, 0.446
3248, 0.1189, 0.413
3249, 0.0615, 0.440
3250, 0.1542, 0.450
3251, 0.1237, 0.443
3252, 0.1322, 0.420
3253, 0.1755, 0.423
3254, 0.1046, 0.416
3255, 0.1380, 0.419
3256, 0.2361, 0.420
3257, 0.1573, 0.431
3258, 0.1623, 0.420
3259, 0.1148, 0.421
3260, 0.0858, 0.434
3261, 0.1175, 0.421
3262, 0.1073, 0.424
3263, 0.1295, 0.423
3264, 0.1738, 0.419
3265, 0.1704, 0.421
3266, 0.0984, 0.417
3267, 0.1376, 0.419
3268, 0.1820, 0.412
3269, 0.0932, 0.422
3270, 0.1294, 0.419
3271, 0.0669, 0.421
3272, 0.1250, 0.416
3273, 0.1488, 0.412
3274, 0.1572, 0.420
3275, 0.1910, 0.420
3276, 0.1381, 0.428
3277, 0.1597, 0.427
3278, 0.1119, 0.425
3279, 0.1237, 0.432
3280, 0.1769, 0.421
3281, 0.0917, 0.418
3282, 0.1161, 0.429
3283, 0.1457, 0.426
3284, 0.1468, 0.411
3285, 0.1552, 0.430
3286, 0.0922, 0.414
3287, 0.1171, 0.442
3288, 0.1717, 0.449
3289, 0.0916, 0.428
3290, 0.2387, 0.427
3291, 0.1216, 0.424
3292, 0.1376, 0.425
3293, 0.0368, 0.424
3294, 0.0904, 0.420
3295, 0.0562, 0.436
3296, 0.0513, 0.426
3297, 0.0761, 0.421
3298, 0.0536, 0.421
3299, 0.1119, 0.448
3300, 0.1315, 0.427
3301, 0.1280, 0.420
3302, 0.1189, 0.419
3303, 0.1334, 0.419
3304, 0.1338, 0.497
3305, 0.1092, 0.425
3306, 0.1498, 0.425
3307, 0.1565, 0.421
3308, 0.1442, 0.429
3309, 0.1080, 0.445
3310, 0.1586, 0.430
3311, 0.1370, 0.428
3312, 0.1459, 0.428
3313, 0.1241, 0.421
3314, 0.1154, 0.443
3315, 0.1299, 0.457
3316, 0.1270, 0.441
3317, 0.1274, 0.445
3318, 0.1372, 0.419
3319, 0.0760, 0.420
3320, 0.1994, 0.442
3321, 0.1023, 0.438
3322, 0.1102, 0.424
3323, 0.1132, 0.421
3324, 0.1008, 0.424
3325, 0.1949, 0.419
3326, 0.1126, 0.415
3327, 0.1035, 0.417
3328, 0.1246, 0.451
3329, 0.0825, 0.423
3330, 0.1800, 0.424
3331, 0.1933, 0.436
3332, 0.1555, 0.437
3333, 0.1489, 0.449
3334, 0.1662, 0.452
3335, 0.1383, 0.468
3336, 0.1081, 0.431
3337, 0.0717, 0.433
3338, 0.1125, 0.429
3339, 0.0880, 0.423
3340, 0.1019, 0.423
3341, 0.1368, 0.425
3342, 0.1224, 0.436
3343, 0.1139, 0.429
3344, 0.1042, 0.422
3345, 0.0973, 0.423
3346, 0.1680, 0.460
3347, 0.3090, 0.511
3348, 0.1653, 0.423
3349, 0.1156, 0.422
3350, 0.1086, 0.418
3351, 0.0825, 0.426
3352, 0.0815, 0.462
3353, 0.0812, 0.414
3354, 0.1506, 0.426
3355, 0.1290, 0.426
3356, 0.1071, 0.437
3357, 0.1982, 0.423
3358, 0.2047, 0.420
3359, 0.1659, 0.435
3360, 0.0824, 0.420
3361, 0.1042, 0.422
3362, 0.1369, 0.423
3363, 0.0914, 0.420
3364, 0.1133, 0.418
3365, 0.1463, 0.415
3366, 0.1956, 0.417
3367, 0.0805, 0.415
3368, 0.0817, 0.418
3369, 0.0929, 0.414
3370, 0.1442, 0.413
3371, 0.1944, 0.413
3372, 0.0960, 0.411
3373, 0.0927, 0.417
3374, 0.0569, 0.416
3375, 0.0856, 0.412
3376, 0.0587, 0.414
3377, 0.1320, 0.410
3378, 0.1205, 0.411
3379, 0.1055, 0.421
3380, 0.0805, 0.419
3381, 0.1500, 0.423
3382, 0.1699, 0.421
3383, 0.0642, 0.423
3384, 0.0523, 0.425
3385, 0.1161, 0.418
3386, 0.0825, 0.418
3387, 0.0501, 0.432
3388, 0.1523, 0.419
3389, 0.0877, 0.419
3390, 0.1184, 0.418
3391, 0.1165, 0.416
3392, 0.1185, 0.426
3393, 0.0835, 0.414
3394, 0.1246, 0.414
3395, 0.1407, 0.424
3396, 0.1451, 0.426
3397, 0.1005, 0.430
3398, 0.1027, 0.513
3399, 0.1218, 0.420
3400, 0.1272, 0.421
3401, 0.1939, 0.451
3402, 0.1437, 0.421
3403, 0.1106, 0.426
3404, 0.0531, 0.427
3405, 0.0824, 0.434
3406, 0.1105, 0.435
3407, 0.0733, 0.419
3408, 0.1937, 0.418
3409, 0.1702, 0.435
3410, 0.1225, 0.494
3411, 0.0949, 0.419
3412, 0.1202, 0.429
3413, 0.1651, 0.422
3414, 0.1124, 0.425
3415, 0.1047, 0.449
3416, 0.1813, 0.444
3417, 0.0983, 0.430
3418, 0.0767, 0.433
3419, 0.0663, 0.441
3420, 0.1239, 0.423
3421, 0.0654, 0.438
3422, 0.1233, 0.424
3423, 0.1471, 0.426
3424, 0.0883, 0.431
3425, 0.1218, 0.431
3426, 0.0796, 0.423
3427, 0.1199, 0.420
3428, 0.1479, 0.427
3429, 0.1775, 0.422
3430, 0.1205, 0.452
3431, 0.1081, 0.425
3432, 0.1434, 0.425
3433, 0.1951, 0.451
3434, 0.1237, 0.447
3435, 0.1776, 0.427
3436, 0.0812, 0.421
3437, 0.0914, 0.427
3438, 0.2027, 0.425
3439, 0.1508, 0.434
3440, 0.1281, 0.425
3441, 0.1302, 0.454
3442, 0.1657, 0.455
3443, 0.1024, 0.456
3444, 0.0960, 0.449
3445, 0.1050, 0.461
3446, 0.2133, 0.452
3447, 0.1474, 0.442
3448, 0.1389, 0.455
3449, 0.0968, 0.455
3450, 0.1087, 0.425
3451, 0.1083, 0.422
3452, 0.0998, 0.425
3453, 0.0658, 0.419
3454, 0.0978, 0.420
3455, 0.0911, 0.426
3456, 0.1371, 0.452
3457, 0.1624, 0.430
3458, 0.1270, 0.419
3459, 0.0511, 0.426
3460, 0.1997, 0.423
3461, 0.1585, 0.422
3462, 0.1176, 0.416
3463, 0.1698, 0.423
3464, 0.1680, 0.422
3465, 0.1889, 0.448
3466, 0.0531, 0.447
3467, 0.1651, 0.457
3468, 0.0694, 0.460
3469, 0.1098, 0.454
3470, 0.1202, 0.433
3471, 0.1129, 0.421
3472, 0.1270, 0.419
3473, 0.0405, 0.421
3474, 0.1562, 0.423
3475, 0.0656, 0.418
3476, 0.1512, 0.414
3477, 0.0885, 0.415
3478, 0.1071, 0.413
3479, 0.1267, 0.411
3480, 0.1838, 0.417
3481, 0.0582, 0.416
3482, 0.1021, 0.447
3483, 0.1846, 0.451
3484, 0.0780, 0.423
3485, 0.0875, 0.421
3486, 0.1130, 0.414
3487, 0.1352, 0.416
3488, 0.1163, 0.415
3489, 0.1489, 0.439
3490, 0.1527, 0.447
3491, 0.0909, 0.430
3492, 0.0718, 0.462
3493, 0.0577, 0.460
3494, 0.1175, 0.449
3495, 0.1153, 0.451
3496, 0.1122, 0.439
3497, 0.0911, 0.439
3498, 0.2532, 0.419
3499, 0.1176, 0.439
3500, 0.1503, 0.418
3501, 0.1481, 0.443
3502, 0.2088, 0.466
3503, 0.1509, 0.426
3504, 0.1572, 0.421
3505, 0.1844, 0.421
3506, 0.0966, 0.428
3507, 0.1134, 0.421
3508, 0.1600, 0.428
3509, 0.1856, 0.424
3510, 0.0502, 0.425
3511, 0.1296, 0.439
3512, 0.0993, 0.459
3513, 0.0953, 0.455
3514, 0.1122, 0.429
3515, 0.2750, 0.419
3516, 0.1914, 0.418
3517, 0.1182, 0.455
3518, 0.1331, 0.449
3519, 0.0695, 0.444
3520, 0.1319, 0.458
3521, 0.1280, 0.446
3522, 0.1181, 0.423
3523, 0.0896, 0.432
3524, 0.0917, 0.421
3525, 0.0701, 0.423
3526, 0.1272, 0.428
3527, 0.0751, 0.444
3528, 0.1195, 0.429
3529, 0.1525, 0.429
3530, 0.1511, 0.425
3531, 0.0782, 0.421
3532, 0.1449, 0.425
3533, 0.1196, 0.423
3534, 0.0946, 0.441
3535, 0.1619, 0.429
3536, 0.2590, 0.455
3537, 0.1073, 0.454
3538, 0.0931, 0.445
3539, 0.1804, 0.457
3540, 0.1717, 0.448
3541, 0.1985, 0.443
3542, 0.0931, 0.439
3543, 0.1317, 0.436
3544, 0.0912, 0.531
3545, 0.0806, 0.437
3546, 0.0705, 0.447
3547, 0.1392, 0.422
3548, 0.1123, 0.471
3549, 0.0951, 0.449
3550, 0.0840, 0.456
3551, 0.1026, 0.459
3552, 0.1553, 0.453
3553, 0.1104, 0.442
3554, 0.1038, 0.454
3555, 0.1056, 0.426
3556, 0.1914, 0.542
3557, 0.1377, 0.444
3558, 0.1365, 0.476
3559, 0.1724, 0.485
3560, 0.1278, 0.480
3561, 0.1250, 0.466
3562, 0.1276, 0.473
3563, 0.1602, 0.455
3564, 0.0611, 0.469
3565, 0.1801, 0.445
3566, 0.1261, 0.462
3567, 0.1080, 0.454
3568, 0.2503, 0.447
3569, 0.0933, 0.439
3570, 0.1430, 0.468
3571, 0.0932, 0.432
3572, 0.1618, 0.450
3573, 0.1223, 0.450
3574, 0.0884, 0.466
3575, 0.1727, 0.458
3576, 0.1294, 0.454
3577, 0.0976, 0.435
3578, 0.0989, 0.465
3579, 0.1281, 0.451
3580, 0.1700, 0.444
3581, 0.1709, 0.466
3582, 0.1094, 0.435
3583, 0.0916, 0.428
3584, 0.1140, 0.466
3585, 0.0827, 0.455
3586, 0.1091, 0.463
3587, 0.1657, 0.473
3588, 0.1058, 0.468
3589, 0.0602, 0.462
3590, 0.1541, 0.452
3591, 0.1291, 0.485
3592, 0.1327, 0.456
3593, 0.1535, 0.447
3594, 0.1557, 0.460
3595, 0.0588, 0.450
3596, 0.1155, 0.454
3597, 0.1547, 0.450
3598, 0.1142, 0.457
3599, 0.1752, 0.464
3600, 0.0615, 0.464
3601, 0.1707, 0.431
3602, 0.1312, 0.438
3603, 0.1778, 0.463
3604, 0.1551, 0.461
3605, 0.1253, 0.456
3606, 0.1092, 0.466
3607, 0.1552, 0.481
3608, 0.1383, 0.453
3609, 0.1000, 0.446
3610, 0.1090, 0.528
3611, 0.0850, 0.474
3612, 0.1624, 0.463
3613, 0.1027, 0.460
3614, 0.1142, 0.479
3615, 0.1886, 0.466
3616, 0.1501, 0.462
3617, 0.1345, 0.465
3618, 0.0876, 0.460
3619, 0.0757, 0.471
3620, 0.0673, 0.457
3621, 0.1234, 0.445
3622, 0.0900, 0.436
3623, 0.1118, 0.449
3624, 0.0989, 0.456
3625, 0.1061, 0.459
3626, 0.1690, 0.454
3627, 0.1214, 0.472
3628, 0.1500, 0.453
3629, 0.1520, 0.434
3630, 0.1873, 0.449
3631, 0.1380, 0.456
3632, 0.0896, 0.462
3633, 0.1449, 0.458
3634, 0.1297, 0.447
3635, 0.1973, 0.444
3636, 0.1256, 0.444
3637, 0.1245, 0.440
3638, 0.0676, 0.429
3639, 0.1327, 0.426
3640, 0.0886, 0.449
3641, 0.1523, 0.456
3642, 0.1112, 0.437
3643, 0.0571, 0.441
3644, 0.1195, 0.440
3645, 0.0953, 0.442
3646, 0.2075, 0.441
3647, 0.1626, 0.454
3648, 0.1947, 0.441
3649, 0.1750, 0.442
3650, 0.1966, 0.443
3651, 0.0913, 0.443
3652, 0.1494, 0.440
3653, 0.1817, 0.439
3654, 0.1041, 0.446
3655, 0.0874, 0.457
3656, 0.1086, 0.457
3657, 0.0610, 0.469
3658, 0.1793, 0.463
3659, 0.0744, 0.463
3660, 0.1213, 0.438
3661, 0.1348, 0.440
3662, 0.1078, 0.460
3663, 0.0954, 0.461
3664, 0.0985, 0.426
3665, 0.0940, 0.440
3666, 0.2198, 0.437
3667, 0.1320, 0.440
3668, 0.0758, 0.450
3669, 0.1548, 0.453
3670, 0.1189, 0.453
3671, 0.1120, 0.460
3672, 0.0616, 0.433
3673, 0.2138, 0.438
3674, 0.0920, 0.439
3675, 0.1129, 0.432
3676, 0.0438, 0.436
3677, 0.0948, 0.422
3678, 0.0726, 0.409
3679, 0.1709, 0.423
3680, 0.1563, 0.424
3681, 0.0619, 0.421
3682, 0.1160, 0.422
3683, 0.0637, 0.426
3684, 0.1144, 0.426
3685, 0.1248, 0.418
3686, 0.1119, 0.416
3687, 0.1651, 0.421
3688, 0.1728, 0.441
3689, 0.1305, 0.450
3690, 0.1231, 0.451
3691, 0.1854, 0.447
3692, 0.0776, 0.439
3693, 0.1526, 0.460
3694, 0.2082, 0.447
3695, 0.1170, 0.456
3696, 0.0780, 0.451
3697, 0.0958, 0.447
3698, 0.1415, 0.443
3699, 0.0856, 0.442
3700, 0.0746, 0.447
3701, 0.1822, 0.443
3702, 0.1529, 0.454
3703, 0.1003, 0.451
3704, 0.1134, 0.441
3705, 0.1449, 0.438
3706, 0.1104, 0.436
3707, 0.1547, 0.439
3708, 0.1210, 0.434
3709, 0.0579, 0.443
3710, 0.0748, 0.440
3711, 0.1268, 0.446
3712, 0.1466, 0.451
3713, 0.0984, 0.437
3714, 0.1581, 0.435
3715, 0.0809, 0.431
3716, 0.1826, 0.452
3717, 0.1570, 0.441
3718, 0.1737, 0.443
3719, 0.0919, 0.451
3720, 0.1088, 0.447
3721, 0.2009, 0.444
3722, 0.1488, 0.445
3723, 0.0929, 0.450
3724, 0.1003, 0.437
3725, 0.1155, 0.431
3726, 0.1077, 0.447
3727, 0.0966, 0.445
3728, 0.1461, 0.435
3729, 0.1403, 0.432
3730, 0.1064, 0.435
3731, 0.1453, 0.440
3732, 0.1191, 0.436
3733, 0.1062, 0.440
3734, 0.0963, 0.449
3735, 0.1188, 0.435
3736, 0.1238, 0.433
3737, 0.1237, 0.458
3738, 0.0870, 0.440
3739, 0.1197, 0.447
3740, 0.1996, 0.440
3741, 0.0785, 0.440
3742, 0.2159, 0.442
3743, 0.1387, 0.438
3744, 0.3194, 0.439
3745, 0.1763, 0.441
3746, 0.2019, 0.440
3747, 0.1454, 0.451
3748, 0.1742, 0.451
3749, 0.0899, 0.447
3750, 0.1087, 0.449
3751, 0.1425, 0.461
3752, 0.1260, 0.455
3753, 0.1149, 0.511
3754, 0.1221, 0.457
3755, 0.1302, 0.486
3756, 0.1180, 0.470
3757, 0.0799, 0.443
3758, 0.1113, 0.431
3759, 0.0858, 0.454
3760, 0.0924, 0.455
3761, 0.1348, 0.450
3762, 0.1786, 0.447
3763, 0.1395, 0.452
3764, 0.1131, 0.459
3765, 0.1144, 0.455
3766, 0.0842, 0.452
3767, 0.0950, 0.453
3768, 0.1958, 0.479
3769, 0.0723, 0.469
3770, 0.1628, 0.457
3771, 0.1566, 0.461
3772, 0.0862, 0.469
3773, 0.1278, 0.463
3774, 0.0289, 0.468
3775, 0.0805, 0.470
3776, 0.1806, 0.472
3777, 0.1598, 0.463
3778, 0.1321, 0.438
3779, 0.1015, 0.453
3780, 0.1182, 0.454
3781, 0.1607, 0.470
3782, 0.2134, 0.431
3783, 0.2125, 0.431
3784, 0.1697, 0.427
3785, 0.2167, 0.488
3786, 0.1560, 0.446
3787, 0.2131, 0.437
3788, 0.2016, 0.442
3789, 0.0557, 0.445
3790, 0.0912, 0.444
3791, 0.1493, 0.446
3792, 0.1256, 0.446
3793, 0.1394, 0.452
3794, 0.1400, 0.456
3795, 0.1516, 0.464
3796, 0.1289, 0.457
3797, 0.1502, 0.455
3798, 0.1345, 0.462
3799, 0.1455, 0.456
3800, 0.1296, 0.462
3801, 0.0834, 0.442
3802, 0.0966, 0.447
3803, 0.2003, 0.449
3804, 0.1400, 0.464
3805, 0.1517, 0.455
3806, 0.2387, 0.454
3807, 0.1510, 0.445
3808, 0.0643, 0.457
3809, 0.1666, 0.438
3810, 0.1661, 0.521
3811, 0.1216, 0.469
3812, 0.1068, 0.450
3813, 0.0621, 0.452
3814, 0.0810, 0.458
3815, 0.1072, 0.472
3816, 0.1090, 0.448
3817, 0.1070, 0.452
3818, 0.1709, 0.457
3819, 0.1135, 0.467
3820, 0.1512, 0.458
3821, 0.1714, 0.455
3822, 0.1217, 0.452
3823, 0.1207, 0.461
3824, 0.0892, 0.448
3825, 0.1693, 0.439
3826, 0.1621, 0.440
3827, 0.0813, 0.441
3828, 0.1167, 0.445
3829, 0.1035, 0.439
3830, 0.0985, 0.439
3831, 0.0548, 0.440
3832, 0.1312, 0.450
3833, 0.0878, 0.452
3834, 0.1428, 0.437
3835, 0.1543, 0.444
3836, 0.1119, 0.440
3837, 0.0932, 0.453
3838, 0.1045, 0.462
3839, 0.1276, 0.431
3840, 0.0470, 0.435
3841, 0.1134, 0.439
3842, 0.0824, 0.447
3843, 0.0958, 0.450
3844, 0.0569, 0.441
3845, 0.0816, 0.437
3846, 0.1217, 0.435
3847, 0.0993, 0.433
3848, 0.1313, 0.436
3849, 0.1309, 0.436
3850, 0.0977, 0.442
3851, 0.1428, 0.432
3852, 0.0996, 0.431
3853, 0.0357, 0.434
3854, 0.0823, 0.449
3855, 0.1607, 0.436
3856, 0.0808, 0.444
3857, 0.1126, 0.437
3858, 0.1118, 0.452
3859, 0.1359, 0.437
3860, 0.1319, 0.440
3861, 0.1415, 0.431
3862, 0.1420, 0.456
3863, 0.1889, 0.448
3864, 0.1181, 0.450
3865, 0.1146, 0.453
3866, 0.1239, 0.433
3867, 0.0956, 0.441
3868, 0.1013, 0.445
3869, 0.1468, 0.442
3870, 0.1471, 0.446
3871, 0.0970, 0.435
3872, 0.0913, 0.450
3873, 0.1797, 0.444
3874, 0.1478, 0.446
3875, 0.1286, 0.426
3876, 0.1854, 0.427
3877, 0.2132, 0.437
3878, 0.1554, 0.436
3879, 0.1642, 0.447
3880, 0.1611, 0.438
3881, 0.1170, 0.444
3882, 0.1356, 0.443
3883, 0.1900, 0.448
3884, 0.3118, 0.431
3885, 0.1894, 0.448
3886, 0.1230, 0.442
3887, 0.2185, 0.448
3888, 0.1955, 0.443
3889, 0.2151, 0.438
3890, 0.1448, 0.468
3891, 0.1032, 0.438
3892, 0.1299, 0.452
3893, 0.1558, 0.451
3894, 0.1408, 0.440
3895, 0.1270, 0.435
3896, 0.1659, 0.429
3897, 0.1247, 0.453
3898, 0.1490, 0.440
3899, 0.1227, 0.443
3900, 0.0913, 0.441
3901, 0.1606, 0.438
3902, 0.0985, 0.423
3903, 0.0756, 0.421
3904, 0.1004, 0.423
3905, 0.0902, 0.425
3906, 0.0579, 0.419
3907, 0.1471, 0.434
3908, 0.1249, 0.445
3909, 0.0723, 0.437
3910, 0.1565, 0.431
3911, 0.1746, 0.438
3912, 0.0641, 0.440
3913, 0.1747, 0.441
3914, 0.0953, 0.424
3915, 0.1114, 0.425
3916, 0.0802, 0.421
3917, 0.1526, 0.442
3918, 0.1994, 0.443
3919, 0.1051, 0.451
3920, 0.1707, 0.437
3921, 0.0751, 0.445
3922, 0.1119, 0.435
3923, 0.1383, 0.440
3924, 0.1175, 0.423
3925, 0.1185, 0.451
3926, 0.1908, 0.436
3927, 0.1275, 0.529
3928, 0.0614, 0.440
3929, 0.1802, 0.442
3930, 0.0869, 0.436
3931, 0.1291, 0.436
3932, 0.0893, 0.423
3933, 0.1551, 0.419
3934, 0.1374, 0.439
3935, 0.0541, 0.424
3936, 0.1039, 0.421
3937, 0.1235, 0.417
3938, 0.1308, 0.417
3939, 0.1147, 0.416
3940, 0.1913, 0.424
3941, 0.0962, 0.425
3942, 0.0812, 0.418
3943, 0.0864, 0.422
3944, 0.1146, 0.428
3945, 0.1421, 0.426
3946, 0.0835, 0.422
3947, 0.1106, 0.417
3948, 0.0718, 0.432
3949, 0.0860, 0.441
3950, 0.1719, 0.420
3951, 0.1434, 0.420
3952, 0.1471, 0.418
3953, 0.1592, 0.416
3954, 0.0906, 0.411
3955, 0.1196, 0.415
3956, 0.1164, 0.421
3957, 0.1198, 0.424
3958, 0.1446, 0.425
3959, 0.2533, 0.426
3960, 0.1271, 0.427
3961, 0.1623, 0.428
3962, 0.1310, 0.421
3963, 0.0846, 0.421
3964, 0.0793, 0.421
3965, 0.1309, 0.445
3966, 0.1329, 0.457
3967, 0.1329, 0.445
3968, 0.1631, 0.449
3969, 0.1516, 0.451
3970, 0.0950, 0.448
3971, 0.1064, 0.421
3972, 0.0965, 0.423
3973, 0.1212, 0.458
3974, 0.2452, 0.445
3975, 0.1686, 0.447
3976, 0.0801, 0.438
3977, 0.0779, 0.443
3978, 0.0831, 0.445
3979, 0.1513, 0.433
3980, 0.1517, 0.426
3981, 0.1041, 0.427
3982, 0.1130, 0.437
3983, 0.0786, 0.432
3984, 0.1741, 0.422
3985, 0.1891, 0.425
3986, 0.1246, 0.430
3987, 0.1259, 0.442
3988, 0.1012, 0.459
3989, 0.0658, 0.461
3990, 0.1509, 0.455
3991, 0.1343, 0.448
3992, 0.2029, 0.433
3993, 0.1074, 0.460
3994, 0.1352, 0.445
3995, 0.0905, 0.453
3996, 0.0836, 0.453
3997, 0.0815, 0.460
3998, 0.0860, 0.453
3999, 0.2370, 0.475
4000, 0.1649, 0.457
4001, 0.0999, 0.439
4002, 0.2299, 0.424
4003, 0.0756, 0.429
4004, 0.2001, 0.471
4005, 0.1860, 0.500
4006, 0.1564, 0.447
4007, 0.1504, 0.461
4008, 0.1104, 0.463
4009, 0.1584, 0.449
4010, 0.1241, 0.449
4011, 0.0779, 0.427
4012, 0.1681, 0.464
4013, 0.1391, 0.457
4014, 0.1479, 0.457
4015, 0.1041, 0.439
4016, 0.1332, 0.440
4017, 0.0623, 0.440
4018, 0.0933, 0.454
4019, 0.1506, 0.462
4020, 0.0907, 0.449
4021, 0.1296, 0.457
4022, 0.0953, 0.446
4023, 0.0945, 0.443
4024, 0.1542, 0.462
4025, 0.0945, 0.453
4026, 0.1798, 0.453
4027, 0.0679, 0.468
4028, 0.1470, 0.447
4029, 0.0940, 0.441
4030, 0.0957, 0.442
4031, 0.0968, 0.446
4032, 0.1579, 0.443
4033, 0.1319, 0.444
4034, 0.1346, 0.452
4035, 0.1471, 0.449
4036, 0.0723, 0.463
4037, 0.1008, 0.456
4038, 0.1610, 0.465
4039, 0.1374, 0.443
4040, 0.1222, 0.454
4041, 0.1120, 0.445
4042, 0.1026, 0.454
4043, 0.0980, 0.456
4044, 0.0807, 0.428
4045, 0.1081, 0.424
4046, 0.1459, 0.446
4047, 0.1361, 0.444
4048, 0.1206, 0.438
4049, 0.1144, 0.450
4050, 0.1348, 0.452
4051, 0.1050, 0.441
4052, 0.1608, 0.457
4053, 0.1162, 0.442
4054, 0.1416, 0.453
4055, 0.1221, 0.448
4056, 0.1233, 0.446
4057, 0.1488, 0.443
4058, 0.1338, 0.440
4059, 0.1467, 0.468
4060, 0.1221, 0.429
4061, 0.1165, 0.454
4062, 0.1919, 0.449
4063, 0.2054, 0.450
4064, 0.1219, 0.435
4065, 0.1443, 0.443
4066, 0.0364, 0.446
4067, 0.1464, 0.442
4068, 0.1096, 0.452
4069, 0.0784, 0.443
4070, 0.0780, 0.441
4071, 0.1090, 0.454
4072, 0.0830, 0.436
4073, 0.0530, 0.438
4074, 0.1007, 0.432
4075, 0.1143, 0.438
4076, 0.0534, 0.440
4077, 0.1498, 0.439
4078, 0.0899, 0.451
4079, 0.1379, 0.450
4080, 0.0732, 0.442
4081, 0.0388, 0.444
4082, 0.1576, 0.436
4083, 0.1370, 0.441
4084, 0.1620, 0.442
4085, 0.0985, 0.452
4086, 0.1788, 0.438
4087, 0.0872, 0.437
4088, 0.0638, 0.425
4089, 0.1349, 0.419
4090, 0.1789, 0.431
4091, 0.1828, 0.438
4092, 0.0763, 0.438
4093, 0.1512, 0.438
4094, 0.1009, 0.436
4095, 0.1187, 0.435
4096, 0.1361, 0.451
4097, 0.1229, 0.445
4098, 0.0729, 0.438
4099, 0.0842, 0.453
4100, 0.1048, 0.433
4101, 0.1515, 0.450
4102, 0.1219, 0.429
4103, 0.0641, 0.436
4104, 0.0810, 0.439
4105, 0.1099, 0.442
4106, 0.1168, 0.537
4107, 0.1192, 0.442
4108, 0.1022, 0.453
4109, 0.1287, 0.446
4110, 0.1237, 0.454
4111, 0.1561, 0.441
4112, 0.1269, 0.430
4113, 0.1219, 0.434
4114, 0.2069, 0.436
4115, 0.1663, 0.432
4116, 0.0849, 0.439
4117, 0.0815, 0.436
4118, 0.1426, 0.439
4119, 0.1227, 0.433
4120, 0.0785, 0.449
4121, 0.1030, 0.434
4122, 0.1611, 0.434
4123, 0.1898, 0.444
4124, 0.1602, 0.443
4125, 0.0997, 0.443
4126, 0.1589, 0.446
4127, 0.2110, 0.435
4128, 0.1497, 0.435
4129, 0.1365, 0.435
4130, 0.1399, 0.435
4131, 0.1512, 0.436
4132, 0.1748, 0.436
4133, 0.1211, 0.441
4134, 0.1165, 0.436
4135, 0.0963, 0.435
4136, 0.0777, 0.438
4137, 0.1295, 0.438
4138, 0.0949, 0.436
4139, 0.1073, 0.441
4140, 0.1366, 0.442
4141, 0.0853, 0.532
4142, 0.0782, 0.439
4143, 0.1129, 0.435
4144, 0.0553, 0.454
4145, 0.1562, 0.456
4146, 0.0478, 0.465
4147, 0.1487, 0.431
4148, 0.1433, 0.427
4149, 0.1315, 0.424
4150, 0.1051, 0.422
4151, 0.1195, 0.430
4152, 0.0919, 0.429
4153, 0.1341, 0.429
4154, 0.0621, 0.431
4155, 0.0814, 0.432
4156, 0.0827, 0.431
4157, 0.0664, 0.431
4158, 0.1509, 0.432
4159, 0.1357, 0.431
4160, 0.2142, 0.431
4161, 0.0521, 0.429
4162, 0.0977, 0.424
4163, 0.2154, 0.425
4164, 0.1455, 0.432
4165, 0.0452, 0.450
4166, 0.1397, 0.445
4167, 0.0954, 0.448
4168, 0.1630, 0.456
4169, 0.1416, 0.457
4170, 0.1629, 0.453
4171, 0.1315, 0.426
4172, 0.1889, 0.417
4173, 0.1557, 0.448
4174, 0.1536, 0.427
4175, 0.1537, 0.432
4176, 0.1655, 0.437
4177, 0.1179, 0.444
4178, 0.0417, 0.524
4179, 0.0914, 0.452
4180, 0.1032, 0.461
4181, 0.1238, 0.452
4182, 0.1194, 0.458
4183, 0.1886, 0.451
4184, 0.2093, 0.453
4185, 0.1431, 0.462
4186, 0.1175, 0.479
4187, 0.1917, 0.469
4188, 0.1126, 0.453
4189, 0.1845, 0.455
4190, 0.0896, 0.457
4191, 0.0938, 0.469
4192, 0.1729, 0.452
4193, 0.1486, 0.459
4194, 0.0777, 0.441
4195, 0.0905, 0.456
4196, 0.0979, 0.446
4197, 0.1518, 0.479
4198, 0.1643, 0.449
4199, 0.0798, 0.465
4200, 0.0499, 0.447
4201, 0.1351, 0.441
4202, 0.1032, 0.450
4203, 0.0916, 0.447
4204, 0.1628, 0.444
4205, 0.1249, 0.451
4206, 0.1621, 0.457
4207, 0.0924, 0.453
4208, 0.1439, 0.454
4209, 0.1308, 0.473
4210, 0.1237, 0.553
4211, 0.1232, 0.441
4212, 0.1734, 0.451
4213, 0.1467, 0.464
4214, 0.0176, 0.456
4215, 0.0834, 0.444
4216, 0.0944, 0.454
4217, 0.0848, 0.453
4218, 0.1480, 0.455
4219, 0.0929, 0.428
4220, 0.1546, 0.419
4221, 0.0933, 0.430
4222, 0.1029, 0.424
4223, 0.0887, 0.421
4224, 0.1264, 0.449
4225, 0.1106, 0.444
4226, 0.1211, 0.439
4227, 0.1123, 0.445
4228, 0.2383, 0.460
4229, 0.0731, 0.453
4230, 0.0909, 0.435
4231, 0.1062, 0.437
4232, 0.1708, 0.457
4233, 0.1334, 0.447
4234, 0.1426, 0.439
4235, 0.1179, 0.439
4236, 0.1441, 0.436
4237, 0.1567, 0.443
4238, 0.0845, 0.454
4239, 0.1028, 0.440
4240, 0.0956, 0.435
4241, 0.0944, 0.436
4242, 0.0566, 0.436
4243, 0.1682, 0.438
4244, 0.1257, 0.449
4245, 0.1777, 0.448
4246, 0.1482, 0.440
4247, 0.1017, 0.439
4248, 0.2064, 0.440
4249, 0.1579, 0.447
4250, 0.0388, 0.437
4251, 0.0866, 0.437
4252, 0.0919, 0.437
4253, 0.1384, 0.445
4254, 0.1283, 0.448
4255, 0.1622, 0.424
4256, 0.1765, 0.413
4257, 0.1357, 0.416
4258, 0.0566, 0.425
4259, 0.1625, 0.422
4260, 0.1357, 0.423
4261, 0.1650, 0.440
4262, 0.1005, 0.436
4263, 0.0870, 0.440
4264, 0.1210, 0.442
4265, 0.1158, 0.438
4266, 0.1732, 0.434
4267, 0.1422, 0.423
4268, 0.1442, 0.443
4269, 0.0903, 0.465
4270, 0.0934, 0.439
4271, 0.1028, 0.446
4272, 0.1693, 0.437
4273, 0.1958, 0.432
4274, 0.1214, 0.436
4275, 0.1532, 0.443
4276, 0.0809, 0.437
4277, 0.0741, 0.440
4278, 0.1668, 0.438
4279, 0.1363, 0.445
4280, 0.1218, 0.443
4281, 0.1523, 0.440
4282, 0.1326, 0.443
4283, 0.1008, 0.449
4284, 0.1118, 0.438
4285, 0.1516, 0.435
4286, 0.1828, 0.450
4287, 0.1095, 0.452
4288, 0.1152, 0.435
4289, 0.1249, 0.440
4290, 0.1943, 0.457
4291, 0.1005, 0.449
4292, 0.1210, 0.436
4293, 0.1033, 0.434
4294, 0.0808, 0.441
4295, 0.1282, 0.424
4296, 0.1019, 0.430
4297, 0.0675, 0.430
4298, 0.1272, 0.442
4299, 0.1180, 0.433
4300, 0.1233, 0.437
4301, 0.0963, 0.424
4302, 0.0840, 0.440
4303, 0.1572, 0.426
4304, 0.1794, 0.424
4305, 0.1252, 0.432
4306, 0.1061, 0.415
4307, 0.1501, 0.423
4308, 0.1878, 0.469
4309, 0.0912, 0.436
4310, 0.2241, 0.441
4311, 0.1103, 0.435
4312, 0.1467, 0.442
4313, 0.1635, 0.435
4314, 0.1337, 0.434
4315, 0.1187, 0.439
4316, 0.1234, 0.438
4317, 0.1459, 0.436
4318, 0.0746, 0.449
4319, 0.1558, 0.450
4320, 0.1433, 0.476
4321, 0.1822, 0.452
4322, 0.1904, 0.437
4323, 0.1356, 0.442
4324, 0.1141, 0.461
4325, 0.1327, 0.434
4326, 0.1399, 0.441
4327, 0.1513, 0.439
4328, 0.1645, 0.439
4329, 0.1346, 0.441
4330, 0.1622, 0.443
4331, 0.1437, 0.447
4332, 0.1421, 0.448
4333, 0.1320, 0.441
4334, 0.0932, 0.453
4335, 0.1415, 0.448
4336, 0.1591, 0.448
4337, 0.1784, 0.451
4338, 0.1275, 0.451
4339, 0.1768, 0.458
4340, 0.0818, 0.442
4341, 0.1221, 0.442
4342, 0.0648, 0.439
4343, 0.0993, 0.443
4344, 0.1443, 0.443
4345, 0.1532, 0.443
4346, 0.0960, 0.447
4347, 0.0697, 0.445
4348, 0.1294, 0.460
4349, 0.0817, 0.483
4350, 0.2233, 0.464
4351, 0.1304, 0.460
4352, 0.2023, 0.467
4353, 0.1823, 0.451
4354, 0.1066, 0.444
4355, 0.1459, 0.431
4356, 0.1760, 0.427
4357, 0.1632, 0.438
4358, 0.1268, 0.465
4359, 0.1790, 0.442
4360, 0.1071, 0.457
4361, 0.1886, 0.460
4362, 0.1617, 0.454
4363, 0.1857, 0.455
4364, 0.1154, 0.458
4365, 0.0889, 0.473
4366, 0.1807, 0.466
4367, 0.0766, 0.451
4368, 0.1409, 0.445
4369, 0.1115, 0.464
4370, 0.1303, 0.461
4371, 0.2451, 0.466
4372, 0.1391, 0.461
4373, 0.0991, 0.432
4374, 0.1751, 0.460
4375, 0.1203, 0.513
4376, 0.0808, 0.440
4377, 0.1128, 0.441
4378, 0.1172, 0.448
4379, 0.0970, 0.450
4380, 0.0711, 0.452
4381, 0.0816, 0.445
4382, 0.1120, 0.452
4383, 0.1588, 0.455
4384, 0.1256, 0.450
4385, 0.1421, 0.446
4386, 0.1135, 0.446
4387, 0.1333, 0.453
4388, 0.1109, 0.451
4389, 0.1595, 0.451
4390, 0.0980, 0.449
4391, 0.1196, 0.451
4392, 0.0945, 0.447
4393, 0.2210, 0.449
4394, 0.2510, 0.454
4395, 0.1363, 0.444
4396, 0.1473, 0.454
4397, 0.0858, 0.449
4398, 0.1205, 0.457
4399, 0.1378, 0.450
4400, 0.1212, 0.442
4401, 0.0965, 0.437
4402, 0.1117, 0.453
4403, 0.1174, 0.460
4404, 0.1830, 0.456
4405, 0.0963, 0.443
4406, 0.0985, 0.450
4407, 0.1937, 0.453
4408, 0.1003, 0.450
4409, 0.2303, 0.448
4410, 0.1247, 0.548
4411, 0.0921, 0.452
4412, 0.1313, 0.447
4413, 0.1192, 0.448
4414, 0.1779, 0.444
4415, 0.1357, 0.456
4416, 0.1990, 0.462
4417, 0.1379, 0.446
4418, 0.1112, 0.458
4419, 0.0877, 0.452
4420, 0.1670, 0.453
4421, 0.1155, 0.445
4422, 0.1468, 0.449
4423, 0.0638, 0.439
4424, 0.1044, 0.438
4425, 0.1430, 0.463
4426, 0.1446, 0.447
4427, 0.1628, 0.446
4428, 0.1341, 0.438
4429, 0.0861, 0.446
4430, 0.0866, 0.434
4431, 0.1082, 0.434
4432, 0.0970, 0.435
4433, 0.1499, 0.447
4434, 0.1190, 0.441
4435, 0.1188, 0.436
4436, 0.1460, 0.441
4437, 0.0704, 0.438
4438, 0.1817, 0.434
4439, 0.0795, 0.434
4440, 0.0822, 0.430
4441, 0.1133, 0.451
4442, 0.1562, 0.439
4443, 0.1900, 0.438
4444, 0.1605, 0.436
4445, 0.1187, 0.435
4446, 0.1229, 0.440
4447, 0.1355, 0.436
4448, 0.0815, 0.451
4449, 0.1162, 0.448
4450, 0.0668, 0.442
4451, 0.0564, 0.425
4452, 0.1040, 0.421
4453, 0.1277, 0.453
4454, 0.1367, 0.435
4455, 0.0932, 0.432
4456, 0.1928, 0.437
4457, 0.1022, 0.438
4458, 0.1014, 0.441
4459, 0.1553, 0.433
4460, 0.1610, 0.454
4461, 0.1148, 0.462
4462, 0.1169, 0.427
4463, 0.1318, 0.529
4464, 0.1553, 0.449
4465, 0.0441, 0.451
4466, 0.1676, 0.439
4467, 0.1614, 0.456
4468, 0.1252, 0.434
4469, 0.1067, 0.463
4470, 0.1319, 0.434
4471, 0.1398, 0.436
4472, 0.1140, 0.438
4473, 0.1364, 0.446
4474, 0.0728, 0.434
4475, 0.1320, 0.446
4476, 0.1899, 0.449
4477, 0.1227, 0.447
4478, 0.1648, 0.441
4479, 0.2258, 0.440
4480, 0.1191, 0.462
4481, 0.1824, 0.435
4482, 0.1565, 0.440
4483, 0.1546, 0.432
4484, 0.1332, 0.435
4485, 0.1274, 0.437
4486, 0.0987, 0.446
4487, 0.0438, 0.429
4488, 0.1345, 0.432
4489, 0.1237, 0.438
4490, 0.1061, 0.438
4491, 0.1895, 0.431
4492, 0.0279, 0.444
4493, 0.1547, 0.443
4494, 0.1068, 0.459
4495, 0.1116, 0.440
4496, 0.1001, 0.433
4497, 0.0987, 0.437
4498, 0.1585, 0.438
4499, 0.1222, 0.437
4500, 0.0865, 0.443
4501, 0.1443, 0.437
4502, 0.0889, 0.433
4503, 0.1327, 0.434
4504, 0.0943, 0.433
4505, 0.0935, 0.437
4506, 0.1469, 0.449
4507, 0.1560, 0.440
4508, 0.1183, 0.440
4509, 0.1725, 0.443
4510, 0.0736, 0.452
4511, 0.0839, 0.438
4512, 0.0957, 0.442
4513, 0.1250, 0.434
4514, 0.0914, 0.435
4515, 0.1031, 0.440
4516, 0.1471, 0.430
4517, 0.1855, 0.435
4518, 0.1181, 0.436
4519, 0.0499, 0.448
4520, 0.0854, 0.458
4521, 0.0792, 0.448
4522, 0.1349, 0.438
4523, 0.2114, 0.438
4524, 0.1405, 0.443
4525, 0.0878, 0.446
4526, 0.1235, 0.450
4527, 0.1240, 0.448
4528, 0.0666, 0.452
4529, 0.1221, 0.460
4530, 0.0729, 0.452
4531, 0.0880, 0.451
4532, 0.1452, 0.447
4533, 0.0859, 0.451
4534, 0.1007, 0.448
4535, 0.1274, 0.446
4536, 0.1105, 0.455
4537, 0.1347, 0.453
4538, 0.1061, 0.472
4539, 0.1026, 0.456
4540, 0.1571, 0.456
4541, 0.0604, 0.458
4542, 0.1610, 0.472
4543, 0.1435, 0.454
4544, 0.1742, 0.454
4545, 0.0962, 0.483
4546, 0.1367, 0.483
4547, 0.1356, 0.453
4548, 0.1311, 0.442
4549, 0.0853, 0.459
4550, 0.1606, 0.465
4551, 0.1527, 0.460
4552, 0.1009, 0.424
4553, 0.1321, 0.422
4554, 0.1142, 0.423
4555, 0.1768, 0.430
4556, 0.1269, 0.435
4557, 0.1115, 0.463
4558, 0.0765, 0.451
4559, 0.1144, 0.437
4560, 0.1649, 0.434
4561, 0.1057, 0.467
4562, 0.1254, 0.432
4563, 0.1765, 0.433
4564, 0.1091, 0.431
4565, 0.1326, 0.427
4566, 0.1591, 0.447
4567, 0.1498, 0.429
4568, 0.1072, 0.425
4569, 0.1109, 0.426
4570, 0.1110, 0.420
4571, 0.1105, 0.553
4572, 0.1042, 0.427
4573, 0.1277, 0.414
4574, 0.1342, 0.418
4575, 0.1498, 0.435
4576, 0.1083, 0.442
4577, 0.0908, 0.441
4578, 0.1515, 0.443
4579, 0.1251, 0.431
4580, 0.1711, 0.424
4581, 0.1134, 0.460
4582, 0.1613, 0.447
4583, 0.1110, 0.415
4584, 0.1817, 0.415
4585, 0.1468, 0.427
4586, 0.1422, 0.431
4587, 0.1888, 0.450
4588, 0.1543, 0.431
4589, 0.0995, 0.431
4590, 0.1017, 0.425
4591, 0.1240, 0.448
4592, 0.0394, 0.436
4593, 0.0554, 0.450
4594, 0.0801, 0.442
4595, 0.1138, 0.437
4596, 0.0884, 0.436
4597, 0.1914, 0.457
4598, 0.1029, 0.436
4599, 0.1949, 0.447
4600, 0.1619, 0.431
4601, 0.1635, 0.423
4602, 0.1115, 0.429
4603, 0.1304, 0.435
4604, 0.1098, 0.437
4605, 0.1393, 0.453
4606, 0.1236, 0.459
4607, 0.1403, 0.467
4608, 0.1521, 0.445
4609, 0.1215, 0.426
4610, 0.1280, 0.482
4611, 0.1048, 0.461
4612, 0.1532, 0.451
4613, 0.0859, 0.459
4614, 0.1406, 0.451
4615, 0.0937, 0.434
4616, 0.1036, 0.433
4617, 0.1718, 0.433
4618, 0.1740, 0.450
4619, 0.0571, 0.447
4620, 0.1627, 0.473
4621, 0.1186, 0.453
4622, 0.1233, 0.448
4623, 0.0981, 0.448
4624, 0.1099, 0.435
4625, 0.1189, 0.457
4626, 0.1355, 0.437
4627, 0.1799, 0.452
4628, 0.1931, 0.436
4629, 0.1123, 0.424
4630, 0.0987, 0.429
4631, 0.1164, 0.421
4632, 0.1159, 0.424
4633, 0.1687, 0.444
4634, 0.0841, 0.438
4635, 0.0819, 0.449
4636, 0.1632, 0.443
4637, 0.0766, 0.452
4638, 0.1357, 0.454
4639, 0.0781, 0.446
4640, 0.2058, 0.430
4641, 0.1166, 0.446
4642, 0.1587, 0.447
4643, 0.1192, 0.454
4644, 0.1073, 0.444
4645, 0.0845, 0.442
4646, 0.1174, 0.454
4647, 0.0804, 0.427
4648, 0.1777, 0.432
4649, 0.0884, 0.425
4650, 0.1245, 0.425
4651, 0.0906, 0.447
4652, 0.1044, 0.440
4653, 0.0833, 0.443
4654, 0.1067, 0.440
4655, 0.1223, 0.440
4656, 0.1263, 0.422
4657, 0.0904, 0.434
4658, 0.1525, 0.436
4659, 0.1039, 0.450
4660, 0.1746, 0.449
4661, 0.1347, 0.449
4662, 0.0936, 0.444
4663, 0.1331, 0.451
4664, 0.2472, 0.456
4665, 0.1437, 0.425
4666, 0.1067, 0.428
4667, 0.1666, 0.431
4668, 0.0882, 0.449
4669, 0.1377, 0.439
4670, 0.1011, 0.439
4671, 0.1576, 0.440
4672, 0.0782, 0.445
4673, 0.1003, 0.444
4674, 0.1277, 0.446
4675, 0.1326, 0.440
4676, 0.0824, 0.452
4677, 0.1201, 0.436
4678, 0.1120, 0.444
4679, 0.1719, 0.443
4680, 0.1948, 0.440
4681, 0.0860, 0.444
4682, 0.1652, 0.439
4683, 0.1585, 0.453
4684, 0.1383, 0.449
4685, 0.1826, 0.450
4686, 0.1367, 0.443
4687, 0.1843, 0.443
4688, 0.1745, 0.435
4689, 0.1775, 0.431
4690, 0.1391, 0.440
4691, 0.1326, 0.445
4692, 0.1254, 0.445
4693, 0.1993, 0.434
4694, 0.1216, 0.442
4695, 0.1617, 0.441
4696, 0.0954, 0.471
4697, 0.0968, 0.454
4698, 0.0934, 0.450
4699, 0.2102, 0.446
4700, 0.1278, 0.444
4701, 0.1547, 0.438
4702, 0.1688, 0.460
4703, 0.1382, 0.441
4704, 0.1621, 0.442
4705, 0.1096, 0.456
4706, 0.1418, 0.431
4707, 0.0917, 0.449
4708, 0.0970, 0.447
4709, 0.1207, 0.461
4710, 0.0756, 0.439
4711, 0.0691, 0.439
4712, 0.1153, 0.438
4713, 0.1585, 0.463
4714, 0.1925, 0.462
4715, 0.1713, 0.442
4716, 0.0967, 0.444
4717, 0.1370, 0.448
4718, 0.1065, 0.456
4719, 0.1147, 0.444
4720, 0.0553, 0.440
4721, 0.1192, 0.441
4722, 0.1122, 0.498
4723, 0.0984, 0.445
4724, 0.1165, 0.448
4725, 0.1776, 0.443
4726, 0.1054, 0.444
4727, 0.0805, 0.446
4728, 0.0906, 0.466
4729, 0.1083, 0.451
4730, 0.1121, 0.452
4731, 0.1407, 0.444
4732, 0.1446, 0.455
4733, 0.1143, 0.453
4734, 0.1511, 0.445
4735, 0.1415, 0.447
4736, 0.1241, 0.442
4737, 0.0771, 0.442
4738, 0.1383, 0.462
4739, 0.1075, 0.475
4740, 0.1418, 0.515
4741, 0.1008, 0.442
4742, 0.1411, 0.454
4743, 0.2285, 0.489
4744, 0.1111, 0.439
4745, 0.0765, 0.457
4746, 0.1523, 0.445
4747, 0.1676, 0.442
4748, 0.2119, 0.453
4749, 0.1492, 0.508
4750, 0.1637, 0.421
4751, 0.0569, 0.422
4752, 0.0905, 0.423
4753, 0.0979, 0.419
4754, 0.1208, 0.430
4755, 0.1789, 0.450
4756, 0.1187, 0.440
4757, 0.1708, 0.436
4758, 0.1274, 0.419
4759, 0.1100, 0.422
4760, 0.1092, 0.430
4761, 0.1144, 0.426
4762, 0.1194, 0.420
4763, 0.1730, 0.460
4764, 0.0947, 0.454
4765, 0.2210, 0.454
4766, 0.0806, 0.449
4767, 0.1055, 0.444
4768, 0.1435, 0.455
4769, 0.1535, 0.465
4770, 0.1278, 0.487
4771, 0.1142, 0.449
4772, 0.1722, 0.467
4773, 0.1434, 0.444
4774, 0.1306, 0.440
4775, 0.1464, 0.431
4776, 0.1338, 0.455
4777, 0.1078, 0.460
4778, 0.1504, 0.456
4779, 0.1463, 0.448
4780, 0.1736, 0.446
4781, 0.1289, 0.443
4782, 0.1224, 0.444
4783, 0.1364, 0.443
4784, 0.1466, 0.439
4785, 0.3125, 0.441
4786, 0.1814, 0.437
4787, 0.1625, 0.441
4788, 0.1546, 0.441
4789, 0.0907, 0.445
4790, 0.1541, 0.438
4791, 0.0994, 0.447
4792, 0.1629, 0.474
4793, 0.1620, 0.442
4794, 0.1296, 0.444
4795, 0.1303, 0.445
4796, 0.1691, 0.443
4797, 0.2317, 0.446
4798, 0.1327, 0.450
4799, 0.1319, 0.444
4800, 0.1488, 0.437
4801, 0.1509, 0.437
4802, 0.0995, 0.438
4803, 0.0962, 0.441
4804, 0.1432, 0.445
4805, 0.2224, 0.490
4806, 0.1420, 0.440
4807, 0.1554, 0.437
4808, 0.1400, 0.442
4809, 0.1233, 0.442
4810, 0.1757, 0.441
4811, 0.1636, 0.455
4812, 0.1813, 0.455
4813, 0.0953, 0.447
4814, 0.0846, 0.447
4815, 0.1007, 0.450
4816, 0.1195, 0.439
4817, 0.1049, 0.443
4818, 0.0969, 0.444
4819, 0.1889, 0.424
4820, 0.1085, 0.432
4821, 0.1295, 0.426
4822, 0.1082, 0.441
4823, 0.2542, 0.441
4824, 0.0896, 0.435
4825, 0.1087, 0.445
4826, 0.0814, 0.440
4827, 0.0990, 0.452
4828, 0.1077, 0.447
4829, 0.1350, 0.430
4830, 0.1247, 0.432
4831, 0.1238, 0.431
4832, 0.1482, 0.432
4833, 0.1532, 0.431
4834, 0.1189, 0.435
4835, 0.1724, 0.428
4836, 0.1470, 0.442
4837, 0.1195, 0.444
4838, 0.1456, 0.429
4839, 0.1970, 0.436
4840, 0.0948, 0.437
4841, 0.1267, 0.438
4842, 0.1628, 0.435
4843, 0.1270, 0.432
4844, 0.2233, 0.432
4845, 0.1125, 0.430
4846, 0.1032, 0.434
4847, 0.1561, 0.436
4848, 0.1314, 0.433
4849, 0.1629, 0.434
4850, 0.1120, 0.435
4851, 0.1315, 0.442
4852, 0.0867, 0.433
4853, 0.0878, 0.446
4854, 0.1207, 0.447
4855, 0.1523, 0.444
4856, 0.1318, 0.436
4857, 0.1426, 0.437
4858, 0.1078, 0.436
4859, 0.1651, 0.446
4860, 0.1095, 0.448
4861, 0.1333, 0.431
4862, 0.1338, 0.431
4863, 0.1083, 0.438
4864, 0.1404, 0.435
4865, 0.1093, 0.439
4866, 0.0905, 0.432
4867, 0.1211, 0.432
4868, 0.1721, 0.430
4869, 0.1558, 0.435
4870, 0.1178, 0.431
4871, 0.1671, 0.430
4872, 0.1251, 0.435
4873, 0.0884, 0.442
4874, 0.1309, 0.437
4875, 0.1465, 0.434
4876, 0.1162, 0.445
4877, 0.1622, 0.468
4878, 0.1530, 0.442
4879, 0.1893, 0.452
4880, 0.1098, 0.448
4881, 0.1396, 0.447
4882, 0.2040, 0.437
4883, 0.1735, 0.435
4884, 0.1971, 0.431
4885, 0.1225, 0.437
4886, 0.1521, 0.460
4887, 0.1160, 0.436
4888, 0.1402, 0.442
4889, 0.0909, 0.437
4890, 0.2931, 0.437
4891, 0.1443, 0.432
4892, 0.1151, 0.445
4893, 0.2288, 0.433
4894, 0.0635, 0.430
4895, 0.1658, 0.442
4896, 0.0607, 0.431
4897, 0.0896, 0.430
4898, 0.1108, 0.432
4899, 0.1798, 0.436
4900, 0.1140, 0.434
4901, 0.1375, 0.438
4902, 0.1325, 0.440
4903, 0.1683, 0.442
4904, 0.0593, 0.443
4905, 0.0666, 0.444
4906, 0.1444, 0.452
4907, 0.1098, 0.455
4908, 0.1631, 0.447
4909, 0.1767, 0.443
4910, 0.1325, 0.440
4911, 0.1752, 0.443
4912, 0.0322, 0.438
4913, 0.0299, 0.443
4914, 0.1355, 0.447
4915, 0.1073, 0.437
4916, 0.1229, 0.439
4917, 0.1205, 0.438
4918, 0.1869, 0.443
4919, 0.1116, 0.443
4920, 0.1227, 0.437
4921, 0.1755, 0.439
4922, 0.1314, 0.440
4923, 0.1853, 0.440
4924, 0.2157, 0.428
4925, 0.1391, 0.442
4926, 0.0809, 0.443
4927, 0.1519, 0.447
4928, 0.1353, 0.447
4929, 0.0340, 0.440
4930, 0.1074, 0.446
4931, 0.1079, 0.441
4932, 0.1644, 0.446
4933, 0.2050, 0.535
4934, 0.1303, 0.448
4935, 0.1901, 0.449
4936, 0.1292, 0.450
4937, 0.1235, 0.446
4938, 0.0686, 0.468
4939, 0.1285, 0.433
4940, 0.1813, 0.445
4941, 0.1776, 0.438
4942, 0.1997, 0.439
4943, 0.0667, 0.435
4944, 0.1285, 0.441
4945, 0.1323, 0.449
4946, 0.0660, 0.443
4947, 0.1553, 0.444
4948, 0.1438, 0.447
4949, 0.1062, 0.442
4950, 0.1373, 0.444
4951, 0.0936, 0.451
4952, 0.1294, 0.453
4953, 0.1107, 0.454
4954, 0.0926, 0.455
4955, 0.0693, 0.470
4956, 0.1345, 0.459
4957, 0.1225, 0.433
4958, 0.1245, 0.441
4959, 0.1263, 0.428
4960, 0.1373, 0.435
4961, 0.2183, 0.448
4962, 0.0672, 0.443
4963, 0.1235, 0.446
4964, 0.0964, 0.448
4965, 0.1344, 0.443
4966, 0.1629, 0.444
4967, 0.1003, 0.448
4968, 0.1194, 0.445
4969, 0.1468, 0.462
4970, 0.0271, 0.443
4971, 0.1032, 0.449
4972, 0.0933, 0.441
4973, 0.1244, 0.450
4974, 0.1048, 0.451
4975, 0.0968, 0.461
4976, 0.0540, 0.464
4977, 0.1179, 0.462
4978, 0.0793, 0.458
4979, 0.1195, 0.443
4980, 0.0638, 0.438
4981, 0.1107, 0.437
4982, 0.0609, 0.452
4983, 0.0781, 0.441
4984, 0.0775, 0.450
4985, 0.1263, 0.446
4986, 0.1079, 0.446
4987, 0.1491, 0.439
4988, 0.1244, 0.444
4989, 0.1197, 0.444
4990, 0.1774, 0.439
4991, 0.1470, 0.437
4992, 0.1224, 0.439
4993, 0.1202, 0.446
4994, 0.0692, 0.438
4995, 0.0568, 0.438
4996, 0.1307, 0.440
4997, 0.1457, 0.441
4998, 0.1709, 0.443
4999, 0.1016, 0.444
5000, 0.1060, 0.444
