0, 0.4957, 1.886
1, 0.5025, 0.415
2, 0.5019, 0.427
3, 0.4861, 0.427
4, 0.5003, 0.425
5, 0.4957, 0.423
6, 0.4782, 0.417
7, 0.4829, 0.424
8, 0.4999, 0.426
9, 0.4949, 0.429
10, 0.5090, 0.442
11, 0.5025, 0.480
12, 0.4894, 0.417
13, 0.4997, 0.421
14, 0.4824, 0.419
15, 0.5047, 0.418
16, 0.4890, 0.421
17, 0.4749, 0.440
18, 0.4877, 0.417
19, 0.4738, 0.416
20, 0.5020, 0.436
21, 0.5087, 0.438
22, 0.4970, 0.440
23, 0.4753, 0.449
24, 0.4825, 0.433
25, 0.5021, 0.431
26, 0.5028, 0.435
27, 0.4931, 0.451
28, 0.4906, 0.428
29, 0.5189, 0.429
30, 0.4961, 0.437
31, 0.4951, 0.425
32, 0.4921, 0.422
33, 0.4910, 0.430
34, 0.4862, 0.428
35, 0.4817, 0.465
36, 0.4956, 0.436
37, 0.4870, 0.440
38, 0.4819, 0.440
39, 0.4937, 0.442
40, 0.5002, 0.424
41, 0.4963, 0.439
42, 0.4927, 0.418
43, 0.4954, 0.422
44, 0.4893, 0.425
45, 0.4914, 0.437
46, 0.4954, 0.430
47, 0.4996, 0.426
48, 0.4893, 0.416
49, 0.4870, 0.414
50, 0.4998, 0.415
51, 0.4856, 0.415
52, 0.4840, 0.416
53, 0.4937, 0.419
54, 0.5004, 0.428
55, 0.4895, 0.423
56, 0.4730, 0.415
57, 0.4850, 0.412
58, 0.4943, 0.416
59, 0.4971, 0.412
60, 0.4913, 0.416
61, 0.4916, 0.419
62, 0.4942, 0.430
63, 0.4897, 0.419
64, 0.4935, 0.419
65, 0.4985, 0.410
66, 0.5006, 0.417
67, 0.4957, 0.414
68, 0.4841, 0.413
69, 0.4893, 0.416
70, 0.5002, 0.426
71, 0.4885, 0.411
72, 0.5032, 0.418
73, 0.5037, 0.414
74, 0.4884, 0.431
75, 0.4900, 0.415
76, 0.4843, 0.410
77, 0.4839, 0.417
78, 0.4869, 0.419
79, 0.4875, 0.411
80, 0.4880, 0.417
81, 0.4917, 0.448
82, 0.4779, 0.449
83, 0.5048, 0.414
84, 0.4947, 0.412
85, 0.4932, 0.415
86, 0.4825, 0.420
87, 0.4832, 0.414
88, 0.4903, 0.418
89, 0.4975, 0.420
90, 0.5033, 0.427
91, 0.5055, 0.431
92, 0.4975, 0.427
93, 0.4921, 0.426
94, 0.4871, 0.412
95, 0.4941, 0.420
96, 0.5013, 0.418
97, 0.5135, 0.431
98, 0.4968, 0.432
99, 0.4934, 0.424
100, 0.4909, 0.419
101, 0.4980, 0.418
102, 0.4826, 0.411
103, 0.4910, 0.418
104, 0.4952, 0.417
105, 0.4961, 0.418
106, 0.4950, 0.416
107, 0.4869, 0.412
108, 0.4950, 0.411
109, 0.5023, 0.423
110, 0.4992, 0.413
111, 0.4905, 0.428
112, 0.4994, 0.413
113, 0.4983, 0.414
114, 0.4978, 0.426
115, 0.4894, 0.410
116, 0.4791, 0.425
117, 0.4848, 0.418
118, 0.4915, 0.430
119, 0.4972, 0.419
120, 0.4772, 0.419
121, 0.5095, 0.417
122, 0.4999, 0.414
123, 0.4887, 0.414
124, 0.4874, 0.415
125, 0.4887, 0.427
126, 0.4978, 0.426
127, 0.4970, 0.415
128, 0.4842, 0.413
129, 0.4862, 0.427
130, 0.4786, 0.421
131, 0.4781, 0.427
132, 0.4941, 0.416
133, 0.4862, 0.421
134, 0.4965, 0.415
135, 0.4861, 0.410
136, 0.4938, 0.415
137, 0.4973, 0.416
138, 0.4922, 0.421
139, 0.5008, 0.439
140, 0.4913, 0.419
141, 0.4871, 0.411
142, 0.4963, 0.419
143, 0.4965, 0.416
144, 0.5020, 0.419
145, 0.4963, 0.411
146, 0.4897, 0.414
147, 0.5121, 0.410
148, 0.4966, 0.419
149, 0.4994, 0.420
150, 0.5030, 0.411
151, 0.5019, 0.408
152, 0.4958, 0.424
153, 0.4961, 0.411
154, 0.5090, 0.412
155, 0.5009, 0.409
156, 0.5104, 0.414
157, 0.5069, 0.419
158, 0.4847, 0.415
159, 0.4995, 0.415
160, 0.4923, 0.420
161, 0.4916, 0.416
162, 0.4929, 0.421
163, 0.4786, 0.423
164, 0.4796, 0.418
165, 0.4923, 0.417
166, 0.4970, 0.437
167, 0.5033, 0.420
168, 0.4898, 0.424
169, 0.4808, 0.423
170, 0.4847, 0.424
171, 0.4899, 0.418
172, 0.4923, 0.418
173, 0.4907, 0.420
174, 0.4748, 0.417
175, 0.5054, 0.421
176, 0.4986, 0.422
177, 0.4966, 0.425
178, 0.4826, 0.431
179, 0.4875, 0.440
180, 0.4926, 0.448
181, 0.4940, 0.455
182, 0.4892, 0.452
183, 0.4975, 0.437
184, 0.5010, 0.426
185, 0.5078, 0.426
186, 0.5062, 0.434
187, 0.4775, 0.427
188, 0.4936, 0.428
189, 0.4972, 0.457
190, 0.4874, 0.418
191, 0.4880, 0.416
192, 0.5009, 0.421
193, 0.4906, 0.438
194, 0.4901, 0.454
195, 0.4964, 0.433
196, 0.4963, 0.441
197, 0.4863, 0.457
198, 0.4984, 0.438
199, 0.4935, 0.432
200, 0.4940, 0.420
201, 0.4997, 0.416
202, 0.5073, 0.441
203, 0.5116, 0.427
204, 0.5124, 0.429
205, 0.4880, 0.443
206, 0.4968, 0.436
207, 0.5012, 0.421
208, 0.5060, 0.427
209, 0.5018, 0.434
210, 0.4993, 0.487
211, 0.4757, 0.428
212, 0.4979, 0.434
213, 0.4718, 0.426
214, 0.4638, 0.418
215, 0.4899, 0.421
216, 0.5045, 0.423
217, 0.4950, 0.425
218, 0.4937, 0.443
219, 0.4984, 0.458
220, 0.4892, 0.462
221, 0.4962, 0.419
222, 0.5096, 0.427
223, 0.4862, 0.437
224, 0.4799, 0.416
225, 0.5016, 0.430
226, 0.5042, 0.432
227, 0.4891, 0.419
228, 0.4961, 0.417
229, 0.4823, 0.413
230, 0.4964, 0.421
231, 0.4936, 0.415
232, 0.4955, 0.416
233, 0.4927, 0.427
234, 0.4938, 0.419
235, 0.4936, 0.420
236, 0.5033, 0.449
237, 0.4892, 0.438
238, 0.4779, 0.421
239, 0.4966, 0.424
240, 0.5064, 0.417
241, 0.4959, 0.420
242, 0.4861, 0.417
243, 0.4904, 0.411
244, 0.4874, 0.428
245, 0.4913, 0.427
246, 0.4934, 0.422
247, 0.4851, 0.427
248, 0.4891, 0.431
249, 0.4945, 0.410
250, 0.4827, 0.429
251, 0.4847, 0.430
252, 0.4972, 0.436
253, 0.4914, 0.444
254, 0.4984, 0.434
255, 0.5008, 0.415
256, 0.5003, 0.433
257, 0.4990, 0.426
258, 0.4823, 0.413
259, 0.4920, 0.421
260, 0.4841, 0.415
261, 0.4885, 0.430
262, 0.5106, 0.428
263, 0.4991, 0.418
264, 0.5059, 0.416
265, 0.4968, 0.431
266, 0.4844, 0.420
267, 0.5147, 0.426
268, 0.4904, 0.419
269, 0.4969, 0.418
270, 0.4950, 0.426
271, 0.4974, 0.414
272, 0.4786, 0.420
273, 0.4844, 0.433
274, 0.4867, 0.416
275, 0.4888, 0.418
276, 0.4994, 0.424
277, 0.4957, 0.410
278, 0.5012, 0.414
279, 0.5039, 0.452
280, 0.4795, 0.420
281, 0.4974, 0.415
282, 0.4922, 0.426
283, 0.5042, 0.413
284, 0.4901, 0.428
285, 0.5017, 0.418
286, 0.4822, 0.419
287, 0.5029, 0.421
288, 0.4779, 0.412
289, 0.4951, 0.418
290, 0.5038, 0.455
291, 0.4975, 0.417
292, 0.4991, 0.414
293, 0.4946, 0.417
294, 0.4893, 0.414
295, 0.4940, 0.424
296, 0.5065, 0.441
297, 0.4862, 0.427
298, 0.4949, 0.414
299, 0.4990, 0.417
300, 0.4919, 0.422
301, 0.4877, 0.417
302, 0.5085, 0.417
303, 0.4878, 0.417
304, 0.5012, 0.421
305, 0.4942, 0.415
306, 0.4762, 0.423
307, 0.4895, 0.428
308, 0.4864, 0.424
309, 0.5051, 0.417
310, 0.4909, 0.428
311, 0.4868, 0.417
312, 0.4946, 0.431
313, 0.4941, 0.425
314, 0.4884, 0.412
315, 0.4941, 0.412
316, 0.4833, 0.423
317, 0.5046, 0.420
318, 0.5124, 0.431
319, 0.4855, 0.418
320, 0.5121, 0.411
321, 0.4863, 0.420
322, 0.4946, 0.418
323, 0.4986, 0.465
324, 0.4866, 0.419
325, 0.4881, 0.412
326, 0.5016, 0.416
327, 0.4801, 0.453
328, 0.4907, 0.420
329, 0.4971, 0.418
330, 0.4969, 0.418
331, 0.4882, 0.416
332, 0.4953, 0.415
333, 0.5093, 0.417
334, 0.5026, 0.419
335, 0.4793, 0.423
336, 0.4914, 0.414
337, 0.5083, 0.416
338, 0.5126, 0.441
339, 0.5018, 0.441
340, 0.4837, 0.455
341, 0.4879, 0.423
342, 0.4824, 0.435
343, 0.4881, 0.423
344, 0.5019, 0.429
345, 0.4975, 0.418
346, 0.4819, 0.424
347, 0.4945, 0.411
348, 0.4879, 0.413
349, 0.4801, 0.415
350, 0.4915, 0.411
351, 0.4959, 0.410
352, 0.4936, 0.410
353, 0.4773, 0.409
354, 0.4778, 0.449
355, 0.4929, 0.420
356, 0.4875, 0.447
357, 0.4830, 0.485
358, 0.4983, 0.425
359, 0.4847, 0.448
360, 0.4974, 0.450
361, 0.4922, 0.449
362, 0.5019, 0.449
363, 0.4970, 0.445
364, 0.4992, 0.443
365, 0.4946, 0.445
366, 0.5068, 0.439
367, 0.5048, 0.437
368, 0.5176, 0.439
369, 0.5038, 0.437
370, 0.5123, 0.414
371, 0.4968, 0.431
372, 0.4879, 0.438
373, 0.4927, 0.435
374, 0.4965, 0.435
375, 0.4911, 0.441
376, 0.4861, 0.440
377, 0.4930, 0.443
378, 0.4876, 0.450
379, 0.4826, 0.463
380, 0.4866, 0.450
381, 0.5062, 0.456
382, 0.5089, 0.450
383, 0.5051, 0.451
384, 0.4928, 0.451
385, 0.4935, 0.453
386, 0.4980, 0.454
387, 0.4840, 0.458
388, 0.4865, 0.571
389, 0.4980, 0.435
390, 0.5103, 0.436
391, 0.4818, 0.441
392, 0.4963, 0.444
393, 0.5000, 0.457
394, 0.4935, 0.460
395, 0.5016, 0.439
396, 0.4978, 0.435
397, 0.4998, 0.453
398, 0.5051, 0.441
399, 0.5061, 0.438
400, 0.5108, 0.448
401, 0.5006, 0.423
402, 0.5043, 0.455
403, 0.4892, 0.432
404, 0.4867, 0.447
405, 0.4931, 0.460
406, 0.4707, 0.433
407, 0.4830, 0.415
408, 0.4976, 0.452
409, 0.4971, 0.453
410, 0.4911, 0.573
411, 0.5066, 0.430
412, 0.4974, 0.429
413, 0.4797, 0.432
414, 0.4999, 0.435
415, 0.4860, 0.422
416, 0.4979, 0.426
417, 0.5028, 0.421
418, 0.4812, 0.429
419, 0.4852, 0.434
420, 0.4937, 0.429
421, 0.4890, 0.432
422, 0.4914, 0.453
423, 0.4834, 0.448
424, 0.4975, 0.466
425, 0.5051, 0.450
426, 0.4766, 0.456
427, 0.4965, 0.449
428, 0.5040, 0.443
429, 0.4854, 0.449
430, 0.4651, 0.434
431, 0.4913, 0.424
432, 0.5081, 0.423
433, 0.4804, 0.424
434, 0.4839, 0.419
435, 0.4946, 0.422
436, 0.4965, 0.419
437, 0.4827, 0.434
438, 0.4869, 0.443
439, 0.5029, 0.450
440, 0.4857, 0.436
441, 0.4846, 0.428
442, 0.4821, 0.444
443, 0.4927, 0.435
444, 0.4989, 0.427
445, 0.4936, 0.440
446, 0.4845, 0.441
447, 0.4918, 0.419
448, 0.4934, 0.421
449, 0.4925, 0.425
450, 0.5038, 0.431
451, 0.5005, 0.424
452, 0.4989, 0.422
453, 0.4769, 0.429
454, 0.4897, 0.434
455, 0.4954, 0.442
456, 0.4928, 0.425
457, 0.4848, 0.430
458, 0.4999, 0.428
459, 0.4919, 0.425
460, 0.5129, 0.422
461, 0.4945, 0.438
462, 0.5027, 0.424
463, 0.4954, 0.421
464, 0.5010, 0.426
465, 0.4961, 0.423
466, 0.5109, 0.420
467, 0.4856, 0.451
468, 0.5036, 0.447
469, 0.4963, 0.451
470, 0.5034, 0.451
471, 0.4923, 0.452
472, 0.4957, 0.417
473, 0.4944, 0.414
474, 0.5144, 0.417
475, 0.4902, 0.451
476, 0.4913, 0.445
477, 0.5014, 0.444
478, 0.5218, 0.416
479, 0.5238, 0.421
480, 0.5079, 0.442
481, 0.4980, 0.436
482, 0.4948, 0.432
483, 0.5004, 0.434
484, 0.5006, 0.438
485, 0.4979, 0.427
486, 0.4886, 0.448
487, 0.4875, 0.451
488, 0.4854, 0.422
489, 0.5005, 0.419
490, 0.5072, 0.430
491, 0.4813, 0.423
492, 0.4908, 0.415
493, 0.4975, 0.429
494, 0.4952, 0.430
495, 0.4780, 0.430
496, 0.4877, 0.429
497, 0.4916, 0.425
498, 0.4799, 0.451
499, 0.4826, 0.419
500, 0.4884, 0.417
501, 0.4905, 0.452
502, 0.5027, 0.426
503, 0.4907, 0.435
504, 0.4920, 0.428
505, 0.4761, 0.416
506, 0.4891, 0.446
507, 0.4849, 0.453
508, 0.4930, 0.417
509, 0.4875, 0.413
510, 0.4971, 0.417
511, 0.5003, 0.418
512, 0.4944, 0.413
513, 0.4899, 0.418
514, 0.4905, 0.411
515, 0.4953, 0.416
516, 0.4864, 0.419
517, 0.5018, 0.424
518, 0.5075, 0.429
519, 0.4780, 0.422
520, 0.4852, 0.421
521, 0.4926, 0.414
522, 0.5042, 0.424
523, 0.5022, 0.426
524, 0.4871, 0.415
525, 0.4987, 0.422
526, 0.5023, 0.415
527, 0.4812, 0.422
528, 0.4971, 0.420
529, 0.5039, 0.415
530, 0.4990, 0.431
531, 0.4976, 0.445
532, 0.4752, 0.421
533, 0.5004, 0.483
534, 0.5125, 0.417
535, 0.4925, 0.423
536, 0.4818, 0.427
537, 0.4976, 0.419
538, 0.4880, 0.422
539, 0.4822, 0.418
540, 0.4900, 0.431
541, 0.4961, 0.432
542, 0.4766, 0.429
543, 0.4827, 0.419
544, 0.4951, 0.421
545, 0.5006, 0.435
546, 0.4803, 0.429
547, 0.4827, 0.479
548, 0.5027, 0.427
549, 0.5011, 0.432
550, 0.4910, 0.445
551, 0.4970, 0.426
552, 0.4879, 0.433
553, 0.4718, 0.417
554, 0.4949, 0.418
555, 0.4939, 0.418
556, 0.4817, 0.423
557, 0.5019, 0.422
558, 0.4926, 0.427
559, 0.4823, 0.417
560, 0.4883, 0.456
561, 0.4894, 0.453
562, 0.4918, 0.427
563, 0.4889, 0.437
564, 0.5006, 0.435
565, 0.5055, 0.428
566, 0.4977, 0.439
567, 0.4950, 0.457
568, 0.4915, 0.450
569, 0.4811, 0.446
570, 0.4959, 0.444
571, 0.4782, 0.467
572, 0.4925, 0.483
573, 0.4916, 0.472
574, 0.4886, 0.459
575, 0.4889, 0.450
576, 0.4818, 0.431
577, 0.4878, 0.522
578, 0.4933, 0.460
579, 0.4670, 0.425
580, 0.4971, 0.444
581, 0.4858, 0.457
582, 0.4771, 0.463
583, 0.4990, 0.448
584, 0.4808, 0.461
585, 0.4900, 0.464
586, 0.4853, 0.461
587, 0.4822, 0.450
588, 0.4969, 0.440
589, 0.5063, 0.442
590, 0.5111, 0.457
591, 0.4794, 0.529
592, 0.4858, 0.453
593, 0.4949, 0.436
594, 0.4889, 0.446
595, 0.5017, 0.466
596, 0.5083, 0.459
597, 0.4914, 0.425
598, 0.4990, 0.459
599, 0.4762, 0.428
600, 0.4935, 0.440
601, 0.4773, 0.429
602, 0.4705, 0.455
603, 0.4915, 0.433
604, 0.4770, 0.468
605, 0.4850, 0.462
606, 0.4952, 0.460
607, 0.5010, 0.468
608, 0.5039, 0.455
609, 0.4929, 0.434
610, 0.4913, 0.556
611, 0.4947, 0.433
612, 0.5069, 0.446
613, 0.4958, 0.439
614, 0.4961, 0.459
615, 0.4971, 0.463
616, 0.5087, 0.463
617, 0.5040, 0.457
618, 0.4922, 0.467
619, 0.4904, 0.463
620, 0.4674, 0.463
621, 0.4858, 0.462
622, 0.4976, 0.472
623, 0.4867, 0.453
624, 0.5053, 0.459
625, 0.5111, 0.484
626, 0.5245, 0.488
627, 0.5093, 0.454
628, 0.5137, 0.453
629, 0.5049, 0.446
630, 0.5037, 0.454
631, 0.5116, 0.447
632, 0.4843, 0.456
633, 0.4994, 0.449
634, 0.4903, 0.448
635, 0.4923, 0.454
636, 0.5026, 0.451
637, 0.5083, 0.464
638, 0.4892, 0.455
639, 0.4913, 0.422
640, 0.4867, 0.429
641, 0.4928, 0.433
642, 0.5077, 0.438
643, 0.4910, 0.457
644, 0.4924, 0.447
645, 0.4885, 0.445
646, 0.4895, 0.446
647, 0.4897, 0.451
648, 0.4910, 0.450
649, 0.4971, 0.446
650, 0.4927, 0.420
651, 0.5014, 0.451
652, 0.4963, 0.447
653, 0.4879, 0.447
654, 0.4798, 0.445
655, 0.4779, 0.456
656, 0.4817, 0.451
657, 0.4822, 0.454
658, 0.4892, 0.456
659, 0.4889, 0.452
660, 0.4948, 0.456
661, 0.5117, 0.446
662, 0.5073, 0.452
663, 0.5001, 0.469
664, 0.5095, 0.460
665, 0.4823, 0.452
666, 0.5071, 0.425
667, 0.4902, 0.453
668, 0.4966, 0.432
669, 0.5034, 0.441
670, 0.5048, 0.437
671, 0.4877, 0.456
672, 0.4918, 0.454
673, 0.4970, 0.462
674, 0.4985, 0.459
675, 0.5007, 0.453
676, 0.4973, 0.455
677, 0.4974, 0.468
678, 0.5003, 0.428
679, 0.4916, 0.450
680, 0.4942, 0.455
681, 0.4907, 0.450
682, 0.4921, 0.456
683, 0.5111, 0.448
684, 0.4973, 0.437
685, 0.4954, 0.452
686, 0.4955, 0.458
687, 0.5072, 0.468
688, 0.4958, 0.456
689, 0.5106, 0.426
690, 0.5054, 0.419
691, 0.5152, 0.443
692, 0.4914, 0.453
693, 0.4860, 0.450
694, 0.4855, 0.455
695, 0.5025, 0.467
696, 0.4943, 0.460
697, 0.4828, 0.452
698, 0.4964, 0.454
699, 0.4905, 0.458
700, 0.4709, 0.449
701, 0.4908, 0.458
702, 0.4944, 0.463
703, 0.4836, 0.463
704, 0.5054, 0.460
705, 0.4952, 0.454
706, 0.4958, 0.450
707, 0.4996, 0.452
708, 0.4975, 0.442
709, 0.4817, 0.453
710, 0.4740, 0.451
711, 0.4882, 0.451
712, 0.4812, 0.453
713, 0.4920, 0.451
714, 0.4923, 0.453
715, 0.4810, 0.448
716, 0.5004, 0.465
717, 0.4963, 0.464
718, 0.4899, 0.452
719, 0.5023, 0.453
720, 0.4884, 0.448
721, 0.4945, 0.447
722, 0.4888, 0.461
723, 0.4845, 0.450
724, 0.4983, 0.451
725, 0.4915, 0.454
726, 0.5058, 0.450
727, 0.5020, 0.444
728, 0.4965, 0.459
729, 0.4930, 0.453
730, 0.4907, 0.450
731, 0.4747, 0.448
732, 0.5014, 0.461
733, 0.4858, 0.450
734, 0.4848, 0.476
735, 0.4939, 0.449
736, 0.4874, 0.444
737, 0.4868, 0.446
738, 0.4999, 0.449
739, 0.4999, 0.452
740, 0.4822, 0.450
741, 0.4966, 0.445
742, 0.4978, 0.451
743, 0.4880, 0.459
744, 0.4910, 0.450
745, 0.4975, 0.454
746, 0.5029, 0.445
747, 0.4966, 0.449
748, 0.4948, 0.457
749, 0.4931, 0.459
750, 0.4843, 0.455
751, 0.5053, 0.454
752, 0.4839, 0.463
753, 0.4870, 0.484
754, 0.4918, 0.449
755, 0.4981, 0.452
756, 0.5024, 0.450
757, 0.5029, 0.450
758, 0.4729, 0.449
759, 0.4818, 0.451
760, 0.4914, 0.452
761, 0.4908, 0.451
762, 0.5024, 0.450
763, 0.4991, 0.446
764, 0.5016, 0.446
765, 0.4975, 0.451
766, 0.4812, 0.450
767, 0.4908, 0.456
768, 0.4992, 0.456
769, 0.4878, 0.453
770, 0.4866, 0.477
771, 0.4920, 0.450
772, 0.4776, 0.450
773, 0.5156, 0.452
774, 0.4864, 0.448
775, 0.4994, 0.451
776, 0.4750, 0.449
777, 0.4862, 0.454
778, 0.4903, 0.453
779, 0.4885, 0.548
780, 0.5022, 0.452
781, 0.5059, 0.450
782, 0.5073, 0.450
783, 0.4942, 0.451
784, 0.4939, 0.452
785, 0.4857, 0.453
786, 0.4948, 0.447
787, 0.4825, 0.448
788, 0.4937, 0.442
789, 0.4873, 0.453
790, 0.4874, 0.453
791, 0.5074, 0.449
792, 0.4983, 0.449
793, 0.5003, 0.447
794, 0.4948, 0.444
795, 0.4941, 0.447
796, 0.4973, 0.450
797, 0.5108, 0.452
798, 0.4896, 0.454
799, 0.4849, 0.455
800, 0.4849, 0.450
801, 0.4966, 0.443
802, 0.5012, 0.450
803, 0.5012, 0.454
804, 0.5019, 0.450
805, 0.4921, 0.460
806, 0.4971, 0.453
807, 0.5046, 0.460
808, 0.5035, 0.452
809, 0.5069, 0.481
810, 0.5099, 0.464
811, 0.5005, 0.456
812, 0.5051, 0.460
813, 0.5080, 0.449
814, 0.4926, 0.462
815, 0.4942, 0.454
816, 0.4857, 0.446
817, 0.4839, 0.453
818, 0.4957, 0.457
819, 0.5009, 0.459
820, 0.4790, 0.465
821, 0.4896, 0.441
822, 0.5107, 0.447
823, 0.4955, 0.440
824, 0.4915, 0.446
825, 0.4828, 0.443
826, 0.4911, 0.439
827, 0.4930, 0.445
828, 0.4840, 0.446
829, 0.5131, 0.449
830, 0.5041, 0.443
831, 0.4968, 0.440
832, 0.4865, 0.441
833, 0.4871, 0.440
834, 0.4889, 0.443
835, 0.4940, 0.455
836, 0.4800, 0.443
837, 0.4854, 0.443
838, 0.4949, 0.440
839, 0.4713, 0.443
840, 0.4990, 0.441
841, 0.5014, 0.439
842, 0.4746, 0.441
843, 0.4867, 0.442
844, 0.4884, 0.450
845, 0.4947, 0.444
846, 0.4939, 0.444
847, 0.5019, 0.444
848, 0.4963, 0.443
849, 0.4938, 0.450
850, 0.4948, 0.443
851, 0.4903, 0.449
852, 0.4912, 0.454
853, 0.4962, 0.443
854, 0.5019, 0.444
855, 0.4864, 0.446
856, 0.5044, 0.445
857, 0.4892, 0.438
858, 0.4949, 0.440
859, 0.4835, 0.443
860, 0.5023, 0.439
861, 0.4908, 0.442
862, 0.4845, 0.442
863, 0.4999, 0.448
864, 0.4940, 0.444
865, 0.4922, 0.436
866, 0.4820, 0.445
867, 0.4902, 0.453
868, 0.5040, 0.443
869, 0.4963, 0.446
870, 0.5034, 0.446
871, 0.4850, 0.446
872, 0.4861, 0.445
873, 0.4981, 0.441
874, 0.4923, 0.439
875, 0.4861, 0.445
876, 0.4910, 0.444
877, 0.4798, 0.451
878, 0.4731, 0.442
879, 0.4996, 0.438
880, 0.4979, 0.441
881, 0.5007, 0.438
882, 0.4788, 0.447
883, 0.4980, 0.446
884, 0.4862, 0.425
885, 0.4928, 0.450
886, 0.4933, 0.448
887, 0.5015, 0.451
888, 0.5014, 0.449
889, 0.5008, 0.446
890, 0.4850, 0.442
891, 0.4951, 0.444
892, 0.4772, 0.449
893, 0.4970, 0.438
894, 0.4861, 0.442
895, 0.4776, 0.443
896, 0.4976, 0.442
897, 0.4829, 0.443
898, 0.4911, 0.442
899, 0.4814, 0.448
900, 0.4827, 0.449
901, 0.4981, 0.462
902, 0.5078, 0.442
903, 0.4971, 0.444
904, 0.4827, 0.444
905, 0.4886, 0.443
906, 0.4842, 0.485
907, 0.4870, 0.449
908, 0.4851, 0.448
909, 0.4996, 0.452
910, 0.4893, 0.448
911, 0.5053, 0.448
912, 0.4976, 0.448
913, 0.4885, 0.445
914, 0.4769, 0.449
915, 0.4844, 0.461
916, 0.4901, 0.459
917, 0.4950, 0.461
918, 0.4930, 0.455
919, 0.5057, 0.456
920, 0.4979, 0.460
921, 0.4911, 0.450
922, 0.4960, 0.453
923, 0.4999, 0.456
924, 0.5160, 0.456
925, 0.4879, 0.452
926, 0.4997, 0.452
927, 0.4775, 0.456
928, 0.4956, 0.445
929, 0.4905, 0.456
930, 0.5028, 0.449
931, 0.4869, 0.447
932, 0.4858, 0.454
933, 0.4965, 0.460
934, 0.4953, 0.461
935, 0.4963, 0.460
936, 0.5005, 0.455
937, 0.4875, 0.457
938, 0.4928, 0.463
939, 0.4969, 0.454
940, 0.5042, 0.449
941, 0.4952, 0.448
942, 0.4968, 0.449
943, 0.4747, 0.450
944, 0.4807, 0.446
945, 0.4816, 0.441
946, 0.4836, 0.444
947, 0.4880, 0.449
948, 0.5115, 0.450
949, 0.4986, 0.453
950, 0.4840, 0.452
951, 0.4878, 0.449
952, 0.4879, 0.448
953, 0.5031, 0.448
954, 0.4842, 0.447
955, 0.4959, 0.442
956, 0.5051, 0.437
957, 0.4959, 0.440
958, 0.4962, 0.442
959, 0.4874, 0.440
960, 0.4938, 0.439
961, 0.4786, 0.443
962, 0.4796, 0.443
963, 0.4799, 0.444
964, 0.4866, 0.439
965, 0.4865, 0.438
966, 0.5092, 0.441
967, 0.5176, 0.443
968, 0.4919, 0.443
969, 0.4942, 0.438
970, 0.4929, 0.443
971, 0.5083, 0.529
972, 0.4946, 0.451
973, 0.4877, 0.450
974, 0.5002, 0.454
975, 0.5043, 0.453
976, 0.4958, 0.451
977, 0.4955, 0.453
978, 0.4892, 0.455
979, 0.4995, 0.451
980, 0.5037, 0.452
981, 0.4859, 0.450
982, 0.4988, 0.455
983, 0.4930, 0.452
984, 0.5043, 0.449
985, 0.5053, 0.447
986, 0.4919, 0.441
987, 0.4946, 0.443
988, 0.4893, 0.441
989, 0.4958, 0.446
990, 0.4904, 0.469
991, 0.4919, 0.462
992, 0.4884, 0.461
993, 0.4909, 0.458
994, 0.4939, 0.465
995, 0.4949, 0.450
996, 0.4972, 0.452
997, 0.4935, 0.456
998, 0.4935, 0.454
999, 0.4903, 0.468
1000, 0.4740, 0.454
1001, 0.4860, 0.442
1002, 0.4903, 0.456
1003, 0.4873, 0.455
1004, 0.4891, 0.454
1005, 0.4879, 0.472
1006, 0.4850, 0.452
1007, 0.4873, 0.455
1008, 0.4961, 0.456
1009, 0.4940, 0.455
1010, 0.4773, 0.586
1011, 0.4839, 0.456
1012, 0.4829, 0.456
1013, 0.4982, 0.457
1014, 0.4803, 0.463
1015, 0.4948, 0.452
1016, 0.4826, 0.459
1017, 0.4962, 0.451
1018, 0.4927, 0.454
1019, 0.5050, 0.453
1020, 0.5005, 0.451
1021, 0.5000, 0.449
1022, 0.5060, 0.460
1023, 0.4962, 0.458
1024, 0.5008, 0.454
1025, 0.4891, 0.465
1026, 0.4911, 0.449
1027, 0.5011, 0.436
1028, 0.4803, 0.450
1029, 0.4907, 0.447
1030, 0.5030, 0.450
1031, 0.4860, 0.449
1032, 0.4828, 0.448
1033, 0.4951, 0.439
1034, 0.4936, 0.455
1035, 0.4847, 0.444
1036, 0.4957, 0.441
1037, 0.4944, 0.441
1038, 0.5026, 0.447
1039, 0.4871, 0.454
1040, 0.4807, 0.449
1041, 0.4837, 0.448
1042, 0.4975, 0.444
1043, 0.4954, 0.444
1044, 0.4758, 0.446
1045, 0.4951, 0.445
1046, 0.4935, 0.443
1047, 0.5000, 0.443
1048, 0.4997, 0.449
1049, 0.4882, 0.445
1050, 0.5031, 0.440
1051, 0.4888, 0.441
1052, 0.4891, 0.441
1053, 0.4952, 0.441
1054, 0.4914, 0.448
1055, 0.5064, 0.444
1056, 0.4667, 0.444
1057, 0.4856, 0.444
1058, 0.4887, 0.450
1059, 0.4932, 0.450
1060, 0.4921, 0.448
1061, 0.4919, 0.450
1062, 0.4819, 0.448
1063, 0.4998, 0.446
1064, 0.4981, 0.461
1065, 0.4903, 0.443
1066, 0.5076, 0.437
1067, 0.5015, 0.438
1068, 0.4922, 0.443
1069, 0.4959, 0.451
1070, 0.4943, 0.446
1071, 0.4912, 0.442
1072, 0.4884, 0.443
1073, 0.4961, 0.455
1074, 0.5032, 0.446
1075, 0.4915, 0.449
1076, 0.4737, 0.447
1077, 0.4792, 0.448
1078, 0.5049, 0.453
1079, 0.4854, 0.449
1080, 0.4918, 0.451
1081, 0.4867, 0.447
1082, 0.4874, 0.449
1083, 0.4982, 0.441
1084, 0.4982, 0.440
1085, 0.4987, 0.442
1086, 0.4813, 0.441
1087, 0.5027, 0.442
1088, 0.4936, 0.448
1089, 0.5066, 0.444
1090, 0.5063, 0.444
1091, 0.5058, 0.445
1092, 0.4908, 0.443
1093, 0.4774, 0.448
1094, 0.4960, 0.448
1095, 0.4945, 0.444
1096, 0.4849, 0.447
1097, 0.4863, 0.453
1098, 0.4974, 0.443
1099, 0.4784, 0.441
1100, 0.4913, 0.442
1101, 0.5036, 0.452
1102, 0.4917, 0.443
1103, 0.4901, 0.450
1104, 0.5017, 0.446
1105, 0.5110, 0.451
1106, 0.5012, 0.459
1107, 0.4948, 0.445
1108, 0.5036, 0.444
1109, 0.5049, 0.451
1110, 0.5048, 0.456
1111, 0.5110, 0.451
1112, 0.4914, 0.456
1113, 0.4925, 0.446
1114, 0.4965, 0.447
1115, 0.4860, 0.444
1116, 0.4828, 0.447
1117, 0.4710, 0.453
1118, 0.4809, 0.459
1119, 0.4992, 0.464
1120, 0.4912, 0.450
1121, 0.5080, 0.454
1122, 0.5029, 0.453
1123, 0.5014, 0.465
1124, 0.4853, 0.454
1125, 0.4853, 0.443
1126, 0.5165, 0.448
1127, 0.5035, 0.447
1128, 0.4965, 0.449
1129, 0.4815, 0.448
1130, 0.4817, 0.451
1131, 0.4844, 0.446
1132, 0.4988, 0.453
1133, 0.4999, 0.450
1134, 0.4587, 0.465
1135, 0.4859, 0.449
1136, 0.4890, 0.459
1137, 0.4946, 0.457
1138, 0.5009, 0.461
1139, 0.4890, 0.456
1140, 0.4792, 0.451
1141, 0.5084, 0.454
1142, 0.5090, 0.459
1143, 0.5053, 0.537
1144, 0.4897, 0.449
1145, 0.4982, 0.451
1146, 0.4920, 0.429
1147, 0.4941, 0.432
1148, 0.4945, 0.428
1149, 0.4823, 0.449
1150, 0.4867, 0.449
1151, 0.4810, 0.454
1152, 0.4882, 0.466
1153, 0.5020, 0.452
1154, 0.4927, 0.451
1155, 0.4873, 0.451
1156, 0.4861, 0.477
1157, 0.4945, 0.461
1158, 0.4948, 0.449
1159, 0.4775, 0.452
1160, 0.4854, 0.500
1161, 0.4814, 0.453
1162, 0.4888, 0.456
1163, 0.4978, 0.458
1164, 0.5086, 0.451
1165, 0.5057, 0.451
1166, 0.4910, 0.450
1167, 0.5069, 0.455
1168, 0.4871, 0.455
1169, 0.4982, 0.460
1170, 0.5023, 0.450
1171, 0.4899, 0.452
1172, 0.4943, 0.446
1173, 0.4831, 0.449
1174, 0.4988, 0.463
1175, 0.4932, 0.477
1176, 0.5042, 0.456
1177, 0.4967, 0.451
1178, 0.5015, 0.449
1179, 0.4942, 0.448
1180, 0.4864, 0.462
1181, 0.4942, 0.491
1182, 0.5037, 0.465
1183, 0.4805, 0.457
1184, 0.4887, 0.459
1185, 0.4875, 0.454
1186, 0.4949, 0.456
1187, 0.5023, 0.459
1188, 0.4905, 0.456
1189, 0.4958, 0.456
1190, 0.4843, 0.458
1191, 0.4928, 0.454
1192, 0.4980, 0.448
1193, 0.4943, 0.448
1194, 0.4826, 0.447
1195, 0.5022, 0.449
1196, 0.4934, 0.446
1197, 0.4825, 0.444
1198, 0.4919, 0.456
1199, 0.4989, 0.456
1200, 0.4919, 0.451
1201, 0.4851, 0.444
1202, 0.4966, 0.455
1203, 0.4987, 0.452
1204, 0.4875, 0.451
1205, 0.4977, 0.459
1206, 0.4961, 0.466
1207, 0.4797, 0.455
1208, 0.4869, 0.449
1209, 0.4976, 0.464
1210, 0.4954, 0.517
1211, 0.4960, 0.453
1212, 0.4964, 0.459
1213, 0.4835, 0.461
1214, 0.4819, 0.462
1215, 0.4987, 0.461
1216, 0.4979, 0.460
1217, 0.5095, 0.452
1218, 0.5026, 0.452
1219, 0.4766, 0.450
1220, 0.4955, 0.454
1221, 0.4877, 0.458
1222, 0.4901, 0.450
1223, 0.4903, 0.453
1224, 0.4912, 0.454
1225, 0.4969, 0.453
1226, 0.4718, 0.446
1227, 0.4985, 0.450
1228, 0.5031, 0.454
1229, 0.4866, 0.449
1230, 0.4839, 0.450
1231, 0.4823, 0.451
1232, 0.4947, 0.458
1233, 0.5083, 0.441
1234, 0.4868, 0.446
1235, 0.5078, 0.450
1236, 0.4795, 0.460
1237, 0.5018, 0.449
1238, 0.4872, 0.450
1239, 0.4992, 0.451
1240, 0.4986, 0.451
1241, 0.5026, 0.448
1242, 0.4991, 0.451
1243, 0.4884, 0.448
1244, 0.5023, 0.449
1245, 0.5019, 0.450
1246, 0.4885, 0.449
1247, 0.4887, 0.463
1248, 0.4856, 0.448
1249, 0.4862, 0.450
1250, 0.4962, 0.453
1251, 0.4692, 0.455
1252, 0.4759, 0.440
1253, 0.5002, 0.443
1254, 0.4767, 0.445
1255, 0.5029, 0.443
1256, 0.5094, 0.442
1257, 0.4911, 0.440
1258, 0.4954, 0.443
1259, 0.4896, 0.442
1260, 0.5115, 0.446
1261, 0.4959, 0.442
1262, 0.4853, 0.439
1263, 0.4721, 0.446
1264, 0.4812, 0.441
1265, 0.5040, 0.443
1266, 0.4831, 0.446
1267, 0.4963, 0.444
1268, 0.5027, 0.440
1269, 0.4846, 0.443
1270, 0.4912, 0.447
1271, 0.4863, 0.445
1272, 0.5007, 0.441
1273, 0.5008, 0.440
1274, 0.4855, 0.443
1275, 0.4965, 0.438
1276, 0.4892, 0.448
1277, 0.4836, 0.460
1278, 0.4879, 0.448
1279, 0.4961, 0.444
1280, 0.5059, 0.447
1281, 0.5005, 0.447
1282, 0.5134, 0.445
1283, 0.4736, 0.446
1284, 0.5038, 0.441
1285, 0.4760, 0.442
1286, 0.4722, 0.448
1287, 0.4845, 0.446
1288, 0.4986, 0.443
1289, 0.4877, 0.443
1290, 0.5059, 0.439
1291, 0.4883, 0.437
1292, 0.5069, 0.442
1293, 0.5022, 0.444
1294, 0.4911, 0.454
1295, 0.4923, 0.449
1296, 0.4764, 0.442
1297, 0.5000, 0.446
1298, 0.5044, 0.448
1299, 0.5005, 0.448
1300, 0.4933, 0.446
1301, 0.4899, 0.442
1302, 0.5176, 0.446
1303, 0.4819, 0.441
1304, 0.4926, 0.442
1305, 0.5128, 0.447
1306, 0.4964, 0.447
1307, 0.4908, 0.446
1308, 0.4944, 0.457
1309, 0.4953, 0.451
1310, 0.4880, 0.448
1311, 0.5063, 0.451
1312, 0.4947, 0.452
1313, 0.4884, 0.446
1314, 0.5088, 0.446
1315, 0.4973, 0.445
1316, 0.4945, 0.450
1317, 0.4989, 0.452
1318, 0.4825, 0.456
1319, 0.4860, 0.455
1320, 0.4810, 0.450
1321, 0.4905, 0.447
1322, 0.5108, 0.450
1323, 0.4970, 0.450
1324, 0.5119, 0.444
1325, 0.4972, 0.452
1326, 0.4962, 0.449
1327, 0.5098, 0.450
1328, 0.4979, 0.449
1329, 0.4958, 0.445
1330, 0.4947, 0.458
1331, 0.4884, 0.444
1332, 0.5159, 0.441
1333, 0.4982, 0.454
1334, 0.4887, 0.458
1335, 0.4841, 0.460
1336, 0.5031, 0.452
1337, 0.4945, 0.446
1338, 0.5064, 0.455
1339, 0.4834, 0.467
1340, 0.4841, 0.457
1341, 0.4786, 0.454
1342, 0.4851, 0.463
1343, 0.4853, 0.448
1344, 0.4980, 0.450
1345, 0.4828, 0.447
1346, 0.4971, 0.495
1347, 0.4921, 0.479
1348, 0.5041, 0.448
1349, 0.4846, 0.447
1350, 0.4973, 0.443
1351, 0.4796, 0.446
1352, 0.4995, 0.451
1353, 0.5022, 0.449
1354, 0.5199, 0.456
1355, 0.4921, 0.440
1356, 0.4932, 0.439
1357, 0.4863, 0.436
1358, 0.5080, 0.455
1359, 0.4743, 0.452
1360, 0.4701, 0.452
1361, 0.5152, 0.458
1362, 0.5068, 0.460
1363, 0.4880, 0.454
1364, 0.4828, 0.462
1365, 0.4879, 0.452
1366, 0.4995, 0.444
1367, 0.5046, 0.447
1368, 0.5003, 0.450
1369, 0.5021, 0.448
1370, 0.4964, 0.456
1371, 0.4847, 0.457
1372, 0.5014, 0.452
1373, 0.4989, 0.471
1374, 0.5018, 0.458
1375, 0.5157, 0.472
1376, 0.5000, 0.459
1377, 0.4993, 0.458
1378, 0.5000, 0.461
1379, 0.5044, 0.452
1380, 0.5067, 0.454
1381, 0.4967, 0.449
1382, 0.5065, 0.450
1383, 0.5115, 0.448
1384, 0.4916, 0.459
1385, 0.4896, 0.450
1386, 0.4857, 0.455
1387, 0.4922, 0.453
1388, 0.4931, 0.456
1389, 0.5007, 0.441
1390, 0.4929, 0.451
1391, 0.4970, 0.451
1392, 0.4887, 0.459
1393, 0.4932, 0.457
1394, 0.4987, 0.455
1395, 0.4973, 0.453
1396, 0.4876, 0.463
1397, 0.4885, 0.449
1398, 0.4883, 0.448
1399, 0.5035, 0.450
1400, 0.4914, 0.451
1401, 0.4911, 0.445
1402, 0.4865, 0.457
1403, 0.5041, 0.459
1404, 0.5077, 0.451
1405, 0.5109, 0.469
1406, 0.5028, 0.461
1407, 0.4872, 0.453
1408, 0.5026, 0.466
1409, 0.4975, 0.465
1410, 0.4926, 0.477
1411, 0.4863, 0.455
1412, 0.5150, 0.460
1413, 0.4875, 0.458
1414, 0.4867, 0.459
1415, 0.4951, 0.453
1416, 0.4841, 0.460
1417, 0.4886, 0.461
1418, 0.4919, 0.451
1419, 0.4881, 0.454
1420, 0.4694, 0.464
1421, 0.4803, 0.452
1422, 0.4989, 0.445
1423, 0.4949, 0.462
1424, 0.4850, 0.447
1425, 0.4909, 0.443
1426, 0.4918, 0.445
1427, 0.5028, 0.445
1428, 0.4940, 0.441
1429, 0.4898, 0.438
1430, 0.4960, 0.445
1431, 0.5047, 0.447
1432, 0.5005, 0.448
1433, 0.5014, 0.446
1434, 0.4862, 0.445
1435, 0.4948, 0.443
1436, 0.4988, 0.449
1437, 0.4920, 0.448
1438, 0.5048, 0.440
1439, 0.5058, 0.442
1440, 0.4862, 0.445
1441, 0.4798, 0.452
1442, 0.5018, 0.452
1443, 0.4891, 0.444
1444, 0.4920, 0.443
1445, 0.5113, 0.441
1446, 0.4951, 0.460
1447, 0.5050, 0.452
1448, 0.4904, 0.450
1449, 0.4981, 0.443
1450, 0.4976, 0.444
1451, 0.4927, 0.451
1452, 0.4983, 0.445
1453, 0.4848, 0.449
1454, 0.5021, 0.444
1455, 0.4989, 0.456
1456, 0.4925, 0.443
1457, 0.5041, 0.453
1458, 0.5075, 0.445
1459, 0.4935, 0.442
1460, 0.4898, 0.440
1461, 0.4852, 0.442
1462, 0.4926, 0.445
1463, 0.5076, 0.448
1464, 0.4953, 0.446
1465, 0.5074, 0.444
1466, 0.4915, 0.445
1467, 0.5042, 0.444
1468, 0.5019, 0.448
1469, 0.4974, 0.443
1470, 0.5039, 0.443
1471, 0.5049, 0.442
1472, 0.4889, 0.449
1473, 0.4839, 0.447
1474, 0.4822, 0.448
1475, 0.5068, 0.445
1476, 0.4961, 0.493
1477, 0.4923, 0.448
1478, 0.5033, 0.449
1479, 0.4981, 0.449
1480, 0.4985, 0.449
1481, 0.4943, 0.450
1482, 0.4921, 0.450
1483, 0.4983, 0.462
1484, 0.4968, 0.452
1485, 0.4951, 0.448
1486, 0.4983, 0.458
1487, 0.4796, 0.455
1488, 0.4766, 0.448
1489, 0.4984, 0.452
1490, 0.4979, 0.449
1491, 0.4892, 0.452
1492, 0.5009, 0.450
1493, 0.4986, 0.450
1494, 0.5105, 0.451
1495, 0.4861, 0.452
1496, 0.5032, 0.451
1497, 0.4844, 0.454
1498, 0.5039, 0.457
1499, 0.4950, 0.454
1500, 0.5015, 0.451
1501, 0.4964, 0.455
1502, 0.5091, 0.449
1503, 0.5008, 0.459
1504, 0.4989, 0.446
1505, 0.5198, 0.441
1506, 0.5000, 0.446
1507, 0.4915, 0.453
1508, 0.5122, 0.449
1509, 0.4802, 0.452
1510, 0.4983, 0.459
1511, 0.4890, 0.455
1512, 0.4909, 0.455
1513, 0.4915, 0.456
1514, 0.4991, 0.458
1515, 0.5153, 0.459
1516, 0.5132, 0.454
1517, 0.5113, 0.456
1518, 0.5205, 0.448
1519, 0.5031, 0.445
1520, 0.4900, 0.451
1521, 0.4982, 0.450
1522, 0.4953, 0.449
1523, 0.4925, 0.465
1524, 0.4913, 0.464
1525, 0.4889, 0.451
1526, 0.4867, 0.463
1527, 0.4993, 0.443
1528, 0.5089, 0.449
1529, 0.5005, 0.458
1530, 0.4867, 0.455
1531, 0.4877, 0.454
1532, 0.4889, 0.453
1533, 0.5022, 0.453
1534, 0.4946, 0.446
1535, 0.5043, 0.451
1536, 0.5026, 0.567
1537, 0.5181, 0.527
1538, 0.5117, 0.449
1539, 0.4917, 0.450
1540, 0.4869, 0.463
1541, 0.4866, 0.449
1542, 0.4947, 0.450
1543, 0.4867, 0.447
1544, 0.4984, 0.450
1545, 0.4988, 0.450
1546, 0.4971, 0.456
1547, 0.5062, 0.462
1548, 0.5079, 0.446
1549, 0.4861, 0.451
1550, 0.4840, 0.445
1551, 0.5016, 0.450
1552, 0.4875, 0.457
1553, 0.4842, 0.457
1554, 0.5059, 0.457
1555, 0.4932, 0.457
1556, 0.4912, 0.456
1557, 0.4898, 0.457
1558, 0.4755, 0.454
1559, 0.4878, 0.465
1560, 0.4737, 0.451
1561, 0.4889, 0.447
1562, 0.4882, 0.447
1563, 0.4803, 0.442
1564, 0.4839, 0.446
1565, 0.4817, 0.452
1566, 0.5024, 0.449
1567, 0.4956, 0.455
1568, 0.5046, 0.459
1569, 0.5116, 0.455
1570, 0.4997, 0.454
1571, 0.4937, 0.459
1572, 0.4855, 0.452
1573, 0.4778, 0.453
1574, 0.4952, 0.458
1575, 0.4899, 0.460
1576, 0.4748, 0.454
1577, 0.4971, 0.452
1578, 0.4928, 0.452
1579, 0.5084, 0.452
1580, 0.5032, 0.452
1581, 0.4655, 0.446
1582, 0.4987, 0.445
1583, 0.4956, 0.444
1584, 0.4794, 0.451
1585, 0.4856, 0.452
1586, 0.4922, 0.448
1587, 0.4862, 0.449
1588, 0.4773, 0.459
1589, 0.5088, 0.452
1590, 0.5049, 0.452
1591, 0.4953, 0.449
1592, 0.5117, 0.448
1593, 0.5106, 0.445
1594, 0.4960, 0.440
1595, 0.4802, 0.443
1596, 0.4666, 0.447
1597, 0.4731, 0.447
1598, 0.4996, 0.449
1599, 0.4891, 0.446
1600, 0.4824, 0.459
1601, 0.4946, 0.439
1602, 0.4729, 0.450
1603, 0.4675, 0.455
1604, 0.4769, 0.452
1605, 0.4780, 0.465
1606, 0.4897, 0.451
1607, 0.4817, 0.454
1608, 0.4927, 0.452
1609, 0.4940, 0.457
1610, 0.4936, 0.571
1611, 0.4951, 0.451
1612, 0.4801, 0.459
1613, 0.4903, 0.454
1614, 0.5125, 0.456
1615, 0.5070, 0.452
1616, 0.4847, 0.452
1617, 0.4868, 0.453
1618, 0.5056, 0.459
1619, 0.4850, 0.453
1620, 0.4909, 0.465
1621, 0.5088, 0.458
1622, 0.4879, 0.451
1623, 0.4985, 0.457
1624, 0.4621, 0.463
1625, 0.4803, 0.459
1626, 0.5046, 0.451
1627, 0.4881, 0.469
1628, 0.5030, 0.454
1629, 0.4980, 0.451
1630, 0.4977, 0.446
1631, 0.4999, 0.448
1632, 0.5081, 0.446
1633, 0.4924, 0.442
1634, 0.4784, 0.445
1635, 0.4821, 0.448
1636, 0.4903, 0.442
1637, 0.4833, 0.446
1638, 0.4926, 0.449
1639, 0.4975, 0.449
1640, 0.4971, 0.451
1641, 0.4975, 0.447
1642, 0.4883, 0.449
1643, 0.4888, 0.450
1644, 0.4944, 0.449
1645, 0.4850, 0.447
1646, 0.4887, 0.441
1647, 0.5040, 0.442
1648, 0.4887, 0.441
1649, 0.4807, 0.447
1650, 0.4931, 0.447
1651, 0.5086, 0.442
1652, 0.5038, 0.444
1653, 0.4733, 0.450
1654, 0.4777, 0.446
1655, 0.4848, 0.445
1656, 0.4926, 0.452
1657, 0.4721, 0.444
1658, 0.4854, 0.437
1659, 0.4962, 0.445
1660, 0.4940, 0.442
1661, 0.4856, 0.451
1662, 0.4700, 0.446
1663, 0.4828, 0.437
1664, 0.4796, 0.446
1665, 0.4832, 0.446
1666, 0.5038, 0.446
1667, 0.4720, 0.446
1668, 0.4846, 0.443
1669, 0.4627, 0.450
1670, 0.4793, 0.451
1671, 0.4836, 0.451
1672, 0.4694, 0.456
1673, 0.4888, 0.453
1674, 0.4687, 0.449
1675, 0.4737, 0.447
1676, 0.4850, 0.462
1677, 0.4834, 0.457
1678, 0.5210, 0.452
1679, 0.5007, 0.454
1680, 0.4973, 0.457
1681, 0.5096, 0.466
1682, 0.4882, 0.455
1683, 0.4810, 0.454
1684, 0.4992, 0.452
1685, 0.4962, 0.451
1686, 0.4831, 0.450
1687, 0.4832, 0.450
1688, 0.4948, 0.460
1689, 0.4886, 0.445
1690, 0.4976, 0.449
1691, 0.4939, 0.444
1692, 0.4847, 0.444
1693, 0.4792, 0.447
1694, 0.5070, 0.454
1695, 0.4771, 0.457
1696, 0.4856, 0.451
1697, 0.4738, 0.454
1698, 0.4840, 0.457
1699, 0.5100, 0.454
1700, 0.4996, 0.458
1701, 0.4782, 0.453
1702, 0.5046, 0.465
1703, 0.4828, 0.461
1704, 0.4835, 0.455
1705, 0.4796, 0.456
1706, 0.4705, 0.453
1707, 0.4932, 0.446
1708, 0.4881, 0.454
1709, 0.4979, 0.452
1710, 0.4751, 0.454
1711, 0.4927, 0.459
1712, 0.4985, 0.460
1713, 0.4873, 0.460
1714, 0.4981, 0.450
1715, 0.4855, 0.457
1716, 0.4700, 0.462
1717, 0.4716, 0.451
1718, 0.4935, 0.451
1719, 0.4824, 0.456
1720, 0.4896, 0.452
1721, 0.4875, 0.458
1722, 0.4688, 0.463
1723, 0.4822, 0.464
1724, 0.4808, 0.445
1725, 0.4609, 0.450
1726, 0.4876, 0.490
1727, 0.4773, 0.469
1728, 0.4769, 0.450
1729, 0.4767, 0.454
1730, 0.4772, 0.455
1731, 0.4856, 0.453
1732, 0.4839, 0.453
1733, 0.4905, 0.457
1734, 0.4747, 0.460
1735, 0.4921, 0.455
1736, 0.5023, 0.473
1737, 0.4981, 0.464
1738, 0.5059, 0.452
1739, 0.5002, 0.449
1740, 0.4970, 0.449
1741, 0.4945, 0.447
1742, 0.4896, 0.443
1743, 0.4686, 0.441
1744, 0.5012, 0.449
1745, 0.4832, 0.453
1746, 0.4711, 0.457
1747, 0.4742, 0.451
1748, 0.4791, 0.452
1749, 0.4738, 0.452
1750, 0.4804, 0.457
1751, 0.4959, 0.460
1752, 0.4829, 0.460
1753, 0.5043, 0.453
1754, 0.4844, 0.451
1755, 0.5051, 0.452
1756, 0.4988, 0.451
1757, 0.4872, 0.450
1758, 0.4866, 0.461
1759, 0.4972, 0.452
1760, 0.5013, 0.448
1761, 0.4766, 0.455
1762, 0.4763, 0.445
1763, 0.4962, 0.444
1764, 0.4805, 0.445
1765, 0.4957, 0.453
1766, 0.4873, 0.450
1767, 0.5049, 0.451
1768, 0.4868, 0.449
1769, 0.5069, 0.447
1770, 0.4808, 0.452
1771, 0.4922, 0.454
1772, 0.4859, 0.449
1773, 0.4824, 0.449
1774, 0.5068, 0.448
1775, 0.4891, 0.459
1776, 0.4883, 0.452
1777, 0.4888, 0.448
1778, 0.4800, 0.450
1779, 0.4942, 0.451
1780, 0.4923, 0.451
1781, 0.4944, 0.451
1782, 0.5074, 0.456
1783, 0.4970, 0.454
1784, 0.4896, 0.452
1785, 0.4805, 0.458
1786, 0.4748, 0.457
1787, 0.4796, 0.455
1788, 0.4885, 0.455
1789, 0.4941, 0.452
1790, 0.4909, 0.452
1791, 0.4916, 0.454
1792, 0.4919, 0.448
1793, 0.4765, 0.452
1794, 0.4821, 0.448
1795, 0.5067, 0.456
1796, 0.5015, 0.450
1797, 0.4976, 0.458
1798, 0.4927, 0.446
1799, 0.5060, 0.448
1800, 0.4849, 0.456
1801, 0.4984, 0.442
1802, 0.4947, 0.465
1803, 0.4959, 0.455
1804, 0.4791, 0.453
1805, 0.4855, 0.460
1806, 0.4970, 0.452
1807, 0.4878, 0.448
1808, 0.4914, 0.449
1809, 0.4779, 0.445
1810, 0.4799, 0.512
1811, 0.4950, 0.450
1812, 0.4975, 0.450
1813, 0.5054, 0.454
1814, 0.4698, 0.446
1815, 0.4959, 0.449
1816, 0.5055, 0.446
1817, 0.4794, 0.449
1818, 0.4849, 0.456
1819, 0.4964, 0.460
1820, 0.4787, 0.461
1821, 0.4950, 0.455
1822, 0.4750, 0.450
1823, 0.4891, 0.456
1824, 0.4776, 0.458
1825, 0.4877, 0.457
1826, 0.4929, 0.456
1827, 0.4785, 0.454
1828, 0.4878, 0.444
1829, 0.4980, 0.445
1830, 0.5020, 0.448
1831, 0.5073, 0.441
1832, 0.4908, 0.441
1833, 0.4877, 0.445
1834, 0.5009, 0.451
1835, 0.5017, 0.447
1836, 0.4925, 0.444
1837, 0.5024, 0.443
1838, 0.4783, 0.439
1839, 0.4830, 0.453
1840, 0.4802, 0.450
1841, 0.5038, 0.445
1842, 0.4823, 0.445
1843, 0.5041, 0.451
1844, 0.4900, 0.443
1845, 0.4951, 0.447
1846, 0.4889, 0.443
1847, 0.4817, 0.441
1848, 0.4781, 0.441
1849, 0.4918, 0.446
1850, 0.4909, 0.448
1851, 0.4960, 0.512
1852, 0.4801, 0.443
1853, 0.4876, 0.442
1854, 0.4786, 0.456
1855, 0.4765, 0.442
1856, 0.4973, 0.443
1857, 0.4998, 0.441
1858, 0.5111, 0.443
1859, 0.5005, 0.443
1860, 0.4836, 0.459
1861, 0.5003, 0.448
1862, 0.4906, 0.450
1863, 0.4880, 0.448
1864, 0.4945, 0.444
1865, 0.4905, 0.453
1866, 0.4941, 0.455
1867, 0.4906, 0.457
1868, 0.5027, 0.464
1869, 0.5057, 0.456
1870, 0.4832, 0.454
1871, 0.5116, 0.453
1872, 0.4738, 0.450
1873, 0.4857, 0.447
1874, 0.4856, 0.454
1875, 0.4872, 0.449
1876, 0.4814, 0.452
1877, 0.4779, 0.449
1878, 0.4984, 0.453
1879, 0.4852, 0.453
1880, 0.4940, 0.447
1881, 0.4857, 0.450
1882, 0.4956, 0.465
1883, 0.5093, 0.463
1884, 0.4899, 0.455
1885, 0.4755, 0.454
1886, 0.4887, 0.456
1887, 0.4763, 0.450
1888, 0.4975, 0.459
1889, 0.5020, 0.449
1890, 0.4969, 0.448
1891, 0.4825, 0.449
1892, 0.4829, 0.449
1893, 0.4931, 0.456
1894, 0.4918, 0.446
1895, 0.4858, 0.446
1896, 0.4948, 0.448
1897, 0.5024, 0.454
1898, 0.4997, 0.456
1899, 0.4839, 0.455
1900, 0.5056, 0.453
1901, 0.5003, 0.449
1902, 0.5025, 0.455
1903, 0.4813, 0.449
1904, 0.4706, 0.453
1905, 0.5047, 0.456
1906, 0.4821, 0.448
1907, 0.4981, 0.452
1908, 0.4896, 0.454
1909, 0.5049, 0.448
1910, 0.4736, 0.451
1911, 0.5102, 0.477
1912, 0.4733, 0.458
1913, 0.4971, 0.471
1914, 0.4982, 0.464
1915, 0.4747, 0.455
1916, 0.4865, 0.476
1917, 0.4872, 0.470
1918, 0.4884, 0.455
1919, 0.4987, 0.457
1920, 0.4885, 0.455
1921, 0.5039, 0.457
1922, 0.4829, 0.451
1923, 0.4899, 0.467
1924, 0.4856, 0.462
1925, 0.4673, 0.459
1926, 0.4922, 0.453
1927, 0.4728, 0.445
1928, 0.4998, 0.451
1929, 0.4935, 0.457
1930, 0.5035, 0.458
1931, 0.4983, 0.451
1932, 0.4772, 0.454
1933, 0.5038, 0.447
1934, 0.4808, 0.447
1935, 0.4745, 0.453
1936, 0.4875, 0.442
1937, 0.5068, 0.439
1938, 0.5072, 0.459
1939, 0.5033, 0.451
1940, 0.5002, 0.445
1941, 0.4990, 0.454
1942, 0.4991, 0.449
1943, 0.4879, 0.451
1944, 0.4909, 0.465
1945, 0.4968, 0.460
1946, 0.4848, 0.449
1947, 0.5096, 0.453
1948, 0.4765, 0.455
1949, 0.4797, 0.453
1950, 0.4856, 0.445
1951, 0.5052, 0.450
1952, 0.4825, 0.451
1953, 0.4913, 0.451
1954, 0.4953, 0.452
1955, 0.4968, 0.453
1956, 0.5020, 0.447
1957, 0.5020, 0.449
1958, 0.4878, 0.452
1959, 0.4842, 0.450
1960, 0.4937, 0.455
1961, 0.4908, 0.448
1962, 0.4948, 0.452
1963, 0.4916, 0.453
1964, 0.4918, 0.456
1965, 0.4971, 0.454
1966, 0.5001, 0.455
1967, 0.4826, 0.445
1968, 0.4918, 0.456
1969, 0.4921, 0.445
1970, 0.4908, 0.449
1971, 0.4787, 0.448
1972, 0.4859, 0.448
1973, 0.4995, 0.451
1974, 0.4988, 0.450
1975, 0.4953, 0.448
1976, 0.5047, 0.457
1977, 0.4795, 0.449
1978, 0.4924, 0.450
1979, 0.4688, 0.448
1980, 0.4825, 0.465
1981, 0.4836, 0.453
1982, 0.5017, 0.450
1983, 0.4982, 0.453
1984, 0.4886, 0.447
1985, 0.5035, 0.448
1986, 0.5135, 0.448
1987, 0.5040, 0.448
1988, 0.5010, 0.448
1989, 0.4980, 0.449
1990, 0.4994, 0.448
1991, 0.4898, 0.448
1992, 0.4842, 0.448
1993, 0.4908, 0.456
1994, 0.5069, 0.455
1995, 0.5070, 0.455
1996, 0.5044, 0.455
1997, 0.4943, 0.453
1998, 0.4831, 0.455
1999, 0.5089, 0.456
2000, 0.4974, 0.447
2001, 0.4823, 0.436
2002, 0.4966, 0.466
2003, 0.4906, 0.453
2004, 0.4901, 0.452
2005, 0.4927, 0.453
2006, 0.5069, 0.458
2007, 0.4664, 0.454
2008, 0.4771, 0.456
2009, 0.5076, 0.458
2010, 0.4976, 0.512
2011, 0.4695, 0.464
2012, 0.4924, 0.456
2013, 0.4897, 0.450
2014, 0.4982, 0.452
2015, 0.4886, 0.455
2016, 0.4967, 0.451
2017, 0.5130, 0.458
2018, 0.4899, 0.455
2019, 0.4993, 0.457
2020, 0.5004, 0.453
2021, 0.5156, 0.451
2022, 0.4997, 0.448
2023, 0.5023, 0.447
2024, 0.4911, 0.452
2025, 0.4900, 0.448
2026, 0.4733, 0.447
2027, 0.4943, 0.439
2028, 0.4966, 0.448
2029, 0.5090, 0.442
2030, 0.5043, 0.449
2031, 0.4910, 0.449
2032, 0.4909, 0.449
2033, 0.5082, 0.451
2034, 0.4869, 0.451
2035, 0.4928, 0.444
2036, 0.4981, 0.447
2037, 0.4910, 0.450
2038, 0.4825, 0.451
2039, 0.4964, 0.446
2040, 0.4942, 0.447
2041, 0.4977, 0.442
2042, 0.4846, 0.446
2043, 0.4739, 0.443
2044, 0.4931, 0.453
2045, 0.4843, 0.428
2046, 0.4900, 0.424
2047, 0.4801, 0.452
2048, 0.4810, 0.446
2049, 0.4849, 0.464
2050, 0.5030, 0.459
2051, 0.5042, 0.452
2052, 0.5077, 0.451
2053, 0.4985, 0.448
2054, 0.4899, 0.450
2055, 0.4825, 0.453
2056, 0.4871, 0.454
2057, 0.4676, 0.450
2058, 0.5062, 0.452
2059, 0.4757, 0.462
2060, 0.4852, 0.458
2061, 0.4974, 0.451
2062, 0.4845, 0.450
2063, 0.4879, 0.451
2064, 0.5003, 0.454
2065, 0.4978, 0.448
2066, 0.4977, 0.452
2067, 0.4963, 0.447
2068, 0.5046, 0.451
2069, 0.4839, 0.447
2070, 0.5086, 0.449
2071, 0.5096, 0.450
2072, 0.4956, 0.450
2073, 0.5092, 0.448
2074, 0.5060, 0.453
2075, 0.4967, 0.453
2076, 0.4899, 0.458
2077, 0.4853, 0.455
2078, 0.4793, 0.449
2079, 0.4973, 0.453
2080, 0.4870, 0.452
2081, 0.4886, 0.450
2082, 0.4868, 0.459
2083, 0.4944, 0.457
2084, 0.5032, 0.452
2085, 0.4796, 0.446
2086, 0.4848, 0.448
2087, 0.4876, 0.454
2088, 0.4820, 0.452
2089, 0.4888, 0.461
2090, 0.5009, 0.451
2091, 0.5075, 0.457
2092, 0.4930, 0.453
2093, 0.4852, 0.454
2094, 0.4944, 0.451
2095, 0.4909, 0.457
2096, 0.5074, 0.455
2097, 0.5114, 0.453
2098, 0.4938, 0.455
2099, 0.5078, 0.449
2100, 0.5057, 0.469
2101, 0.5018, 0.477
2102, 0.4857, 0.451
2103, 0.4882, 0.463
2104, 0.5113, 0.461
2105, 0.5154, 0.460
2106, 0.4937, 0.571
2107, 0.5058, 0.451
2108, 0.5059, 0.449
2109, 0.4969, 0.450
2110, 0.4863, 0.448
2111, 0.5031, 0.458
2112, 0.4875, 0.459
2113, 0.5010, 0.457
2114, 0.4848, 0.453
2115, 0.4886, 0.466
2116, 0.5086, 0.457
2117, 0.5073, 0.468
2118, 0.5092, 0.464
2119, 0.5161, 0.447
2120, 0.5082, 0.443
2121, 0.5005, 0.447
2122, 0.4933, 0.443
2123, 0.4708, 0.448
2124, 0.4970, 0.450
2125, 0.4950, 0.447
2126, 0.5038, 0.443
2127, 0.5029, 0.447
2128, 0.4940, 0.446
2129, 0.4915, 0.455
2130, 0.5018, 0.444
2131, 0.5117, 0.450
2132, 0.4805, 0.437
2133, 0.4859, 0.453
2134, 0.4920, 0.447
2135, 0.4765, 0.456
2136, 0.4837, 0.459
2137, 0.4945, 0.454
2138, 0.4883, 0.451
2139, 0.4990, 0.451
2140, 0.4905, 0.452
2141, 0.5019, 0.459
2142, 0.4928, 0.458
2143, 0.5015, 0.449
2144, 0.4949, 0.447
2145, 0.4854, 0.447
2146, 0.4918, 0.445
2147, 0.4962, 0.456
2148, 0.4957, 0.453
2149, 0.4873, 0.460
2150, 0.4902, 0.455
2151, 0.5058, 0.448
2152, 0.4950, 0.457
2153, 0.4800, 0.450
2154, 0.4971, 0.452
2155, 0.4889, 0.449
2156, 0.4843, 0.467
2157, 0.4934, 0.447
2158, 0.4867, 0.450
2159, 0.4940, 0.454
2160, 0.4784, 0.453
2161, 0.4970, 0.447
2162, 0.4953, 0.447
2163, 0.5007, 0.453
2164, 0.5036, 0.458
2165, 0.4920, 0.450
2166, 0.4990, 0.452
2167, 0.4994, 0.461
2168, 0.4889, 0.458
2169, 0.5051, 0.457
2170, 0.4952, 0.454
2171, 0.4930, 0.458
2172, 0.4911, 0.457
2173, 0.4985, 0.457
2174, 0.4909, 0.446
2175, 0.4691, 0.451
2176, 0.4986, 0.445
2177, 0.4971, 0.445
2178, 0.4943, 0.457
2179, 0.4995, 0.464
2180, 0.4963, 0.450
2181, 0.4923, 0.461
2182, 0.4682, 0.453
2183, 0.4925, 0.450
2184, 0.4789, 0.454
2185, 0.4891, 0.468
2186, 0.4765, 0.458
2187, 0.4810, 0.450
2188, 0.4996, 0.458
2189, 0.4897, 0.454
2190, 0.4909, 0.446
2191, 0.4727, 0.447
2192, 0.4853, 0.448
2193, 0.5136, 0.458
2194, 0.4987, 0.454
2195, 0.5175, 0.452
2196, 0.4946, 0.456
2197, 0.5031, 0.459
2198, 0.5198, 0.459
2199, 0.5038, 0.448
2200, 0.4944, 0.455
2201, 0.4902, 0.439
2202, 0.5020, 0.450
2203, 0.4982, 0.452
2204, 0.5114, 0.465
2205, 0.4967, 0.460
2206, 0.5171, 0.446
2207, 0.5201, 0.452
2208, 0.4998, 0.452
2209, 0.5004, 0.472
2210, 0.4958, 0.450
2211, 0.5024, 0.451
2212, 0.5084, 0.450
2213, 0.4933, 0.449
2214, 0.5037, 0.444
2215, 0.4840, 0.454
2216, 0.4951, 0.456
2217, 0.4860, 0.467
2218, 0.4997, 0.457
2219, 0.5028, 0.452
2220, 0.5054, 0.451
2221, 0.4811, 0.453
2222, 0.4974, 0.441
2223, 0.5047, 0.448
2224, 0.4838, 0.447
2225, 0.4607, 0.446
2226, 0.5084, 0.447
2227, 0.4889, 0.444
2228, 0.5064, 0.447
2229, 0.5035, 0.445
2230, 0.4953, 0.510
2231, 0.4895, 0.446
2232, 0.4773, 0.436
2233, 0.4961, 0.442
2234, 0.4919, 0.437
2235, 0.4812, 0.443
2236, 0.5016, 0.452
2237, 0.4841, 0.447
2238, 0.4921, 0.450
2239, 0.4786, 0.468
2240, 0.4845, 0.452
2241, 0.4893, 0.457
2242, 0.4891, 0.449
2243, 0.4853, 0.448
2244, 0.5009, 0.456
2245, 0.4946, 0.453
2246, 0.4933, 0.453
2247, 0.4867, 0.448
2248, 0.4989, 0.453
2249, 0.5002, 0.451
2250, 0.4958, 0.448
2251, 0.4942, 0.452
2252, 0.4741, 0.453
2253, 0.4928, 0.446
2254, 0.4969, 0.460
2255, 0.4842, 0.453
2256, 0.4883, 0.448
2257, 0.4916, 0.449
2258, 0.4779, 0.457
2259, 0.4652, 0.447
2260, 0.4792, 0.446
2261, 0.4846, 0.448
2262, 0.4909, 0.458
2263, 0.4829, 0.453
2264, 0.4998, 0.450
2265, 0.4760, 0.449
2266, 0.4922, 0.454
2267, 0.4955, 0.455
2268, 0.4989, 0.444
2269, 0.4857, 0.447
2270, 0.4973, 0.461
2271, 0.4955, 0.448
2272, 0.4700, 0.447
2273, 0.4936, 0.462
2274, 0.4944, 0.458
2275, 0.4731, 0.456
2276, 0.4597, 0.459
2277, 0.4934, 0.450
2278, 0.4951, 0.451
2279, 0.4943, 0.451
2280, 0.4843, 0.449
2281, 0.4950, 0.452
2282, 0.4821, 0.449
2283, 0.4906, 0.459
2284, 0.4908, 0.459
2285, 0.4906, 0.453
2286, 0.4946, 0.448
2287, 0.5091, 0.453
2288, 0.5034, 0.454
2289, 0.4818, 0.453
2290, 0.4812, 0.468
2291, 0.4869, 0.452
2292, 0.4770, 0.452
2293, 0.4850, 0.464
2294, 0.5101, 0.455
2295, 0.4835, 0.542
2296, 0.4985, 0.448
2297, 0.4793, 0.449
2298, 0.4784, 0.454
2299, 0.4896, 0.452
2300, 0.4881, 0.458
2301, 0.5343, 0.452
2302, 0.4997, 0.474
2303, 0.4722, 0.451
2304, 0.4786, 0.453
2305, 0.4805, 0.454
2306, 0.5038, 0.460
2307, 0.4884, 0.463
2308, 0.4789, 0.453
2309, 0.4829, 0.459
2310, 0.5055, 0.452
2311, 0.5091, 0.451
2312, 0.4974, 0.449
2313, 0.5009, 0.449
2314, 0.4829, 0.446
2315, 0.4989, 0.452
2316, 0.4861, 0.454
2317, 0.4992, 0.443
2318, 0.5201, 0.448
2319, 0.4951, 0.449
2320, 0.4979, 0.452
2321, 0.4973, 0.453
2322, 0.4963, 0.446
2323, 0.4768, 0.446
2324, 0.4778, 0.451
2325, 0.4819, 0.463
2326, 0.4765, 0.457
2327, 0.4952, 0.449
2328, 0.5101, 0.452
2329, 0.5037, 0.442
2330, 0.4831, 0.445
2331, 0.4787, 0.446
2332, 0.4922, 0.445
2333, 0.4898, 0.437
2334, 0.4825, 0.517
2335, 0.4817, 0.441
2336, 0.5047, 0.437
2337, 0.4990, 0.447
2338, 0.4918, 0.448
2339, 0.5005, 0.452
2340, 0.5032, 0.454
2341, 0.4817, 0.442
2342, 0.4753, 0.456
2343, 0.4826, 0.460
2344, 0.4910, 0.457
2345, 0.4943, 0.453
2346, 0.4867, 0.451
2347, 0.4919, 0.450
2348, 0.4900, 0.453
2349, 0.4912, 0.453
2350, 0.4789, 0.456
2351, 0.4941, 0.451
2352, 0.4970, 0.458
2353, 0.4848, 0.452
2354, 0.4971, 0.455
2355, 0.4856, 0.451
2356, 0.4874, 0.447
2357, 0.4904, 0.450
2358, 0.4944, 0.446
2359, 0.4641, 0.450
2360, 0.5001, 0.456
2361, 0.4952, 0.463
2362, 0.5111, 0.449
2363, 0.4878, 0.469
2364, 0.4993, 0.448
2365, 0.4825, 0.448
2366, 0.4919, 0.465
2367, 0.4864, 0.451
2368, 0.4965, 0.448
2369, 0.4916, 0.450
2370, 0.4981, 0.458
2371, 0.4954, 0.452
2372, 0.4915, 0.451
2373, 0.4891, 0.445
2374, 0.4911, 0.451
2375, 0.4984, 0.455
2376, 0.4917, 0.455
2377, 0.4991, 0.458
2378, 0.4871, 0.454
2379, 0.4862, 0.455
2380, 0.4873, 0.451
2381, 0.4929, 0.453
2382, 0.4850, 0.457
2383, 0.4932, 0.456
2384, 0.4925, 0.451
2385, 0.4969, 0.456
2386, 0.5048, 0.456
2387, 0.4927, 0.451
2388, 0.4769, 0.449
2389, 0.4721, 0.442
2390, 0.4991, 0.445
2391, 0.4925, 0.451
2392, 0.4990, 0.453
2393, 0.5205, 0.463
2394, 0.4874, 0.463
2395, 0.4682, 0.457
2396, 0.4976, 0.448
2397, 0.4999, 0.455
2398, 0.5129, 0.452
2399, 0.4866, 0.449
2400, 0.4959, 0.460
2401, 0.4921, 0.443
2402, 0.4868, 0.450
2403, 0.4927, 0.452
2404, 0.4959, 0.465
2405, 0.4878, 0.475
2406, 0.5055, 0.456
2407, 0.4890, 0.449
2408, 0.5036, 0.452
2409, 0.5031, 0.455
2410, 0.4989, 0.467
2411, 0.5067, 0.453
2412, 0.4808, 0.448
2413, 0.4847, 0.447
2414, 0.4973, 0.462
2415, 0.5020, 0.451
2416, 0.5031, 0.452
2417, 0.5022, 0.446
2418, 0.4871, 0.456
2419, 0.4934, 0.454
2420, 0.4827, 0.457
2421, 0.4833, 0.457
2422, 0.4878, 0.453
2423, 0.4928, 0.452
2424, 0.4947, 0.451
2425, 0.5101, 0.457
2426, 0.5064, 0.461
2427, 0.5047, 0.465
2428, 0.4952, 0.446
2429, 0.5017, 0.442
2430, 0.4977, 0.454
2431, 0.5048, 0.449
2432, 0.4899, 0.453
2433, 0.5002, 0.449
2434, 0.5030, 0.452
2435, 0.5049, 0.447
2436, 0.5048, 0.455
2437, 0.5102, 0.449
2438, 0.4908, 0.451
2439, 0.4893, 0.449
2440, 0.4850, 0.452
2441, 0.4932, 0.453
2442, 0.4933, 0.460
2443, 0.4943, 0.457
2444, 0.4908, 0.464
2445, 0.4761, 0.452
2446, 0.4917, 0.452
2447, 0.4886, 0.443
2448, 0.4890, 0.448
2449, 0.4960, 0.445
2450, 0.4979, 0.445
2451, 0.4674, 0.455
2452, 0.4879, 0.452
2453, 0.5081, 0.453
2454, 0.4905, 0.458
2455, 0.4863, 0.448
2456, 0.4925, 0.461
2457, 0.4909, 0.451
2458, 0.5028, 0.449
2459, 0.5009, 0.451
2460, 0.4930, 0.451
2461, 0.4808, 0.449
2462, 0.4907, 0.443
2463, 0.4734, 0.446
2464, 0.4933, 0.450
2465, 0.4923, 0.449
2466, 0.5018, 0.447
2467, 0.5064, 0.448
2468, 0.4837, 0.454
2469, 0.5057, 0.467
2470, 0.4802, 0.452
2471, 0.4891, 0.451
2472, 0.5019, 0.449
2473, 0.4980, 0.460
2474, 0.4966, 0.451
2475, 0.4808, 0.448
2476, 0.4829, 0.450
2477, 0.5001, 0.447
2478, 0.5050, 0.458
2479, 0.4998, 0.449
2480, 0.4955, 0.465
2481, 0.5042, 0.450
2482, 0.4926, 0.458
2483, 0.5003, 0.451
2484, 0.4995, 0.492
2485, 0.5024, 0.457
2486, 0.4940, 0.452
2487, 0.4849, 0.454
2488, 0.5061, 0.454
2489, 0.4916, 0.447
2490, 0.4935, 0.455
2491, 0.4936, 0.449
2492, 0.5008, 0.450
2493, 0.5018, 0.461
2494, 0.4948, 0.456
2495, 0.5086, 0.454
2496, 0.4784, 0.451
2497, 0.4953, 0.463
2498, 0.5065, 0.451
2499, 0.5012, 0.463
2500, 0.5012, 0.468
2501, 0.4967, 0.450
2502, 0.4863, 0.449
2503, 0.4904, 0.445
2504, 0.5030, 0.450
2505, 0.4867, 0.454
2506, 0.5026, 0.447
2507, 0.4940, 0.452
2508, 0.5013, 0.450
2509, 0.4951, 0.449
2510, 0.5086, 0.451
2511, 0.4886, 0.440
2512, 0.4981, 0.443
2513, 0.4571, 0.457
2514, 0.4746, 0.443
2515, 0.4874, 0.446
2516, 0.4907, 0.444
2517, 0.5095, 0.443
2518, 0.5000, 0.444
2519, 0.5119, 0.446
2520, 0.4948, 0.444
2521, 0.4746, 0.444
2522, 0.5075, 0.447
2523, 0.4870, 0.450
2524, 0.4864, 0.453
2525, 0.4953, 0.445
2526, 0.4893, 0.437
2527, 0.5128, 0.452
2528, 0.4826, 0.443
2529, 0.5020, 0.448
2530, 0.4862, 0.448
2531, 0.4885, 0.445
2532, 0.4891, 0.443
2533, 0.4903, 0.445
2534, 0.5084, 0.444
2535, 0.4877, 0.440
2536, 0.4862, 0.455
2537, 0.5031, 0.442
2538, 0.4949, 0.440
2539, 0.5062, 0.441
2540, 0.4957, 0.450
2541, 0.4995, 0.449
2542, 0.4915, 0.450
2543, 0.4870, 0.444
2544, 0.4919, 0.454
2545, 0.4994, 0.450
2546, 0.4926, 0.455
2547, 0.4935, 0.448
2548, 0.4878, 0.453
2549, 0.5039, 0.462
2550, 0.5072, 0.457
2551, 0.4767, 0.450
2552, 0.4729, 0.454
2553, 0.4912, 0.452
2554, 0.4907, 0.451
2555, 0.4794, 0.460
2556, 0.5003, 0.449
2557, 0.4936, 0.452
2558, 0.4987, 0.456
2559, 0.4952, 0.455
2560, 0.5117, 0.449
2561, 0.4999, 0.467
2562, 0.4881, 0.452
2563, 0.4940, 0.455
2564, 0.4944, 0.457
2565, 0.4856, 0.451
2566, 0.4913, 0.458
2567, 0.4994, 0.457
2568, 0.5008, 0.458
2569, 0.4994, 0.452
2570, 0.5013, 0.462
2571, 0.4880, 0.447
2572, 0.5069, 0.463
2573, 0.4976, 0.456
2574, 0.4850, 0.451
2575, 0.4823, 0.459
2576, 0.5049, 0.448
2577, 0.5014, 0.452
2578, 0.5000, 0.452
2579, 0.4871, 0.460
2580, 0.4961, 0.448
2581, 0.4988, 0.453
2582, 0.4969, 0.448
2583, 0.5067, 0.458
2584, 0.4882, 0.451
2585, 0.4947, 0.449
2586, 0.4917, 0.448
2587, 0.5013, 0.451
2588, 0.5068, 0.450
2589, 0.4919, 0.450
2590, 0.4989, 0.449
2591, 0.4983, 0.447
2592, 0.4806, 0.446
2593, 0.5103, 0.441
2594, 0.4938, 0.444
2595, 0.4927, 0.458
2596, 0.4959, 0.448
2597, 0.4958, 0.443
2598, 0.5012, 0.445
2599, 0.4996, 0.454
2600, 0.5120, 0.463
2601, 0.5105, 0.452
2602, 0.4846, 0.456
2603, 0.4773, 0.459
2604, 0.5007, 0.458
2605, 0.5066, 0.469
2606, 0.5067, 0.458
2607, 0.4873, 0.470
2608, 0.5067, 0.452
2609, 0.5011, 0.452
2610, 0.5052, 0.538
2611, 0.5011, 0.450
2612, 0.4993, 0.451
2613, 0.5063, 0.445
2614, 0.4860, 0.445
2615, 0.4938, 0.452
2616, 0.5042, 0.503
2617, 0.5074, 0.442
2618, 0.5066, 0.450
2619, 0.5013, 0.452
2620, 0.4871, 0.452
2621, 0.4845, 0.453
2622, 0.4900, 0.454
2623, 0.5090, 0.452
2624, 0.5041, 0.445
2625, 0.5189, 0.446
2626, 0.5108, 0.448
2627, 0.5199, 0.448
2628, 0.4990, 0.456
2629, 0.4997, 0.449
2630, 0.5074, 0.446
2631, 0.4781, 0.452
2632, 0.4930, 0.449
2633, 0.4944, 0.445
2634, 0.4934, 0.451
2635, 0.4871, 0.447
2636, 0.4968, 0.451
2637, 0.5145, 0.448
2638, 0.4859, 0.452
2639, 0.4935, 0.444
2640, 0.4932, 0.451
2641, 0.4989, 0.448
2642, 0.4889, 0.457
2643, 0.4950, 0.459
2644, 0.4975, 0.452
2645, 0.4904, 0.451
2646, 0.5022, 0.453
2647, 0.4946, 0.453
2648, 0.5140, 0.453
2649, 0.4983, 0.454
2650, 0.4940, 0.454
2651, 0.4978, 0.451
2652, 0.4963, 0.452
2653, 0.5180, 0.451
2654, 0.4959, 0.447
2655, 0.4873, 0.446
2656, 0.4981, 0.447
2657, 0.4767, 0.457
2658, 0.4892, 0.452
2659, 0.4939, 0.450
2660, 0.5034, 0.463
2661, 0.4957, 0.448
2662, 0.5046, 0.455
2663, 0.5051, 0.448
2664, 0.5000, 0.463
2665, 0.4795, 0.441
2666, 0.4913, 0.448
2667, 0.4986, 0.450
2668, 0.4963, 0.462
2669, 0.5115, 0.449
2670, 0.4932, 0.463
2671, 0.4999, 0.452
2672, 0.5023, 0.449
2673, 0.4961, 0.446
2674, 0.4860, 0.452
2675, 0.4892, 0.472
2676, 0.5103, 0.465
2677, 0.5068, 0.449
2678, 0.4946, 0.449
2679, 0.5040, 0.452
2680, 0.5077, 0.458
2681, 0.4951, 0.453
2682, 0.4896, 0.448
2683, 0.4941, 0.466
2684, 0.4859, 0.459
2685, 0.4663, 0.460
2686, 0.4898, 0.451
2687, 0.5100, 0.456
2688, 0.4956, 0.449
2689, 0.4931, 0.448
2690, 0.4975, 0.456
2691, 0.4928, 0.455
2692, 0.5143, 0.452
2693, 0.5147, 0.445
2694, 0.4914, 0.446
2695, 0.5096, 0.453
2696, 0.4995, 0.456
2697, 0.5063, 0.443
2698, 0.4926, 0.441
2699, 0.4867, 0.445
2700, 0.4937, 0.443
2701, 0.4843, 0.443
2702, 0.4988, 0.440
2703, 0.4978, 0.452
2704, 0.4987, 0.441
2705, 0.4909, 0.443
2706, 0.4739, 0.455
2707, 0.5028, 0.443
2708, 0.4983, 0.448
2709, 0.5081, 0.452
2710, 0.5040, 0.442
2711, 0.5122, 0.440
2712, 0.4991, 0.437
2713, 0.4807, 0.442
2714, 0.5036, 0.443
2715, 0.4780, 0.444
2716, 0.4888, 0.441
2717, 0.4937, 0.436
2718, 0.4934, 0.443
2719, 0.4970, 0.443
2720, 0.5066, 0.448
2721, 0.5066, 0.453
2722, 0.5009, 0.442
2723, 0.5109, 0.443
2724, 0.4798, 0.444
2725, 0.5050, 0.447
2726, 0.5001, 0.444
2727, 0.4972, 0.440
2728, 0.5066, 0.442
2729, 0.4978, 0.447
2730, 0.5029, 0.450
2731, 0.5107, 0.450
2732, 0.4986, 0.446
2733, 0.5089, 0.430
2734, 0.4914, 0.423
2735, 0.4979, 0.455
2736, 0.5049, 0.442
2737, 0.4890, 0.444
2738, 0.4901, 0.443
2739, 0.5010, 0.441
2740, 0.5026, 0.441
2741, 0.5094, 0.443
2742, 0.5059, 0.448
2743, 0.5135, 0.448
2744, 0.4966, 0.446
2745, 0.4992, 0.452
2746, 0.4958, 0.450
2747, 0.5032, 0.442
2748, 0.4920, 0.435
2749, 0.4928, 0.448
2750, 0.5007, 0.446
2751, 0.5114, 0.444
2752, 0.5018, 0.447
2753, 0.4991, 0.445
2754, 0.4969, 0.446
2755, 0.5016, 0.449
2756, 0.5115, 0.444
2757, 0.4960, 0.446
2758, 0.5074, 0.456
2759, 0.5089, 0.457
2760, 0.4913, 0.437
2761, 0.5001, 0.442
2762, 0.4876, 0.465
2763, 0.4979, 0.454
2764, 0.5115, 0.456
2765, 0.5063, 0.450
2766, 0.4952, 0.452
2767, 0.5002, 0.455
2768, 0.5068, 0.451
2769, 0.4992, 0.467
2770, 0.5088, 0.451
2771, 0.5105, 0.454
2772, 0.5069, 0.464
2773, 0.4916, 0.454
2774, 0.5222, 0.455
2775, 0.4999, 0.451
2776, 0.4999, 0.448
2777, 0.4952, 0.448
2778, 0.4943, 0.452
2779, 0.5035, 0.451
2780, 0.4958, 0.449
2781, 0.5021, 0.445
2782, 0.4902, 0.454
2783, 0.4981, 0.448
2784, 0.5111, 0.446
2785, 0.5039, 0.449
2786, 0.4728, 0.449
2787, 0.5081, 0.451
2788, 0.4844, 0.454
2789, 0.5169, 0.456
2790, 0.5150, 0.451
2791, 0.5007, 0.449
2792, 0.5006, 0.454
2793, 0.4885, 0.452
2794, 0.4856, 0.454
2795, 0.5073, 0.456
2796, 0.4898, 0.464
2797, 0.5128, 0.450
2798, 0.4918, 0.454
2799, 0.4912, 0.456
2800, 0.4923, 0.454
2801, 0.5045, 0.437
2802, 0.4958, 0.456
2803, 0.5019, 0.507
2804, 0.5134, 0.452
2805, 0.4999, 0.468
2806, 0.5017, 0.455
2807, 0.5128, 0.454
2808, 0.5031, 0.451
2809, 0.5049, 0.456
2810, 0.5019, 0.465
2811, 0.4942, 0.446
2812, 0.5085, 0.486
2813, 0.4909, 0.457
2814, 0.4803, 0.512
2815, 0.4870, 0.455
2816, 0.5095, 0.443
2817, 0.4936, 0.442
2818, 0.4822, 0.451
2819, 0.4883, 0.447
2820, 0.4934, 0.453
2821, 0.4969, 0.459
2822, 0.4929, 0.449
2823, 0.4977, 0.458
2824, 0.4988, 0.452
2825, 0.5114, 0.450
2826, 0.4959, 0.452
2827, 0.4914, 0.451
2828, 0.5096, 0.457
2829, 0.4909, 0.451
2830, 0.5071, 0.456
2831, 0.4815, 0.457
2832, 0.4872, 0.461
2833, 0.4865, 0.444
2834, 0.5056, 0.445
2835, 0.5105, 0.455
2836, 0.4983, 0.452
2837, 0.5118, 0.452
2838, 0.5086, 0.447
2839, 0.4969, 0.451
2840, 0.4912, 0.449
2841, 0.5072, 0.454
2842, 0.4924, 0.455
2843, 0.5126, 0.456
2844, 0.5022, 0.448
2845, 0.5101, 0.451
2846, 0.5049, 0.453
2847, 0.5133, 0.458
2848, 0.5146, 0.449
2849, 0.5079, 0.447
2850, 0.4773, 0.449
2851, 0.4746, 0.436
2852, 0.4879, 0.438
2853, 0.4891, 0.437
2854, 0.4952, 0.444
2855, 0.4902, 0.438
2856, 0.4851, 0.449
2857, 0.4912, 0.435
2858, 0.4876, 0.455
2859, 0.5056, 0.459
2860, 0.4973, 0.457
2861, 0.4930, 0.456
2862, 0.4754, 0.456
2863, 0.4825, 0.458
2864, 0.4815, 0.455
2865, 0.4858, 0.478
2866, 0.4826, 0.444
2867, 0.5058, 0.451
2868, 0.4961, 0.455
2869, 0.5079, 0.459
2870, 0.5156, 0.456
2871, 0.4924, 0.458
2872, 0.4925, 0.487
2873, 0.4903, 0.454
2874, 0.4986, 0.456
2875, 0.5169, 0.457
2876, 0.5061, 0.447
2877, 0.4987, 0.450
2878, 0.5141, 0.452
2879, 0.4941, 0.451
2880, 0.4973, 0.471
2881, 0.4958, 0.483
2882, 0.4863, 0.444
2883, 0.4910, 0.448
2884, 0.4940, 0.453
2885, 0.5003, 0.449
2886, 0.4912, 0.446
2887, 0.5049, 0.441
2888, 0.4987, 0.448
2889, 0.5123, 0.451
2890, 0.4881, 0.447
2891, 0.4996, 0.444
2892, 0.4940, 0.449
2893, 0.4800, 0.448
2894, 0.5052, 0.446
2895, 0.4766, 0.457
2896, 0.4956, 0.450
2897, 0.4907, 0.452
2898, 0.4681, 0.444
2899, 0.4985, 0.443
2900, 0.5127, 0.457
2901, 0.5115, 0.443
2902, 0.5069, 0.447
2903, 0.4953, 0.441
2904, 0.4996, 0.442
2905, 0.4927, 0.443
2906, 0.4780, 0.451
2907, 0.4820, 0.445
2908, 0.4827, 0.443
2909, 0.4959, 0.447
2910, 0.4872, 0.448
2911, 0.4978, 0.441
2912, 0.5073, 0.443
2913, 0.4901, 0.447
2914, 0.4884, 0.457
2915, 0.5065, 0.446
2916, 0.4963, 0.453
2917, 0.4930, 0.442
2918, 0.4855, 0.441
2919, 0.4989, 0.442
2920, 0.4845, 0.442
2921, 0.4919, 0.444
2922, 0.5123, 0.440
2923, 0.4828, 0.457
2924, 0.4832, 0.446
2925, 0.4825, 0.444
2926, 0.4896, 0.449
2927, 0.4920, 0.442
2928, 0.4872, 0.442
2929, 0.4806, 0.443
2930, 0.4819, 0.446
2931, 0.4812, 0.447
2932, 0.4726, 0.448
2933, 0.4788, 0.449
2934, 0.4890, 0.440
2935, 0.4586, 0.446
2936, 0.4710, 0.446
2937, 0.4791, 0.446
2938, 0.4837, 0.445
2939, 0.4929, 0.450
2940, 0.4940, 0.447
2941, 0.4854, 0.447
2942, 0.4966, 0.444
2943, 0.4999, 0.443
2944, 0.4826, 0.440
2945, 0.4876, 0.453
2946, 0.4667, 0.442
2947, 0.4818, 0.446
2948, 0.4791, 0.450
2949, 0.4921, 0.447
2950, 0.5037, 0.447
2951, 0.4872, 0.452
2952, 0.4999, 0.453
2953, 0.4899, 0.452
2954, 0.4985, 0.448
2955, 0.4973, 0.452
2956, 0.4902, 0.449
2957, 0.4771, 0.449
2958, 0.5053, 0.449
2959, 0.4906, 0.454
2960, 0.4654, 0.455
2961, 0.4847, 0.453
2962, 0.4493, 0.449
2963, 0.4804, 0.451
2964, 0.4937, 0.449
2965, 0.4792, 0.449
2966, 0.4796, 0.453
2967, 0.4918, 0.450
2968, 0.4986, 0.450
2969, 0.5044, 0.447
2970, 0.4825, 0.449
2971, 0.4730, 0.455
2972, 0.4900, 0.448
2973, 0.4933, 0.449
2974, 0.4884, 0.448
2975, 0.4969, 0.453
2976, 0.4905, 0.449
2977, 0.4995, 0.463
2978, 0.4886, 0.458
2979, 0.4794, 0.470
2980, 0.4918, 0.458
2981, 0.5099, 0.456
2982, 0.5013, 0.466
2983, 0.4878, 0.458
2984, 0.5070, 0.456
2985, 0.4874, 0.458
2986, 0.4576, 0.449
2987, 0.4618, 0.449
2988, 0.4687, 0.453
2989, 0.4663, 0.453
2990, 0.4912, 0.456
2991, 0.4885, 0.450
2992, 0.5047, 0.452
2993, 0.4990, 0.460
2994, 0.4903, 0.448
2995, 0.4861, 0.449
2996, 0.4842, 0.446
2997, 0.5049, 0.449
2998, 0.5081, 0.446
2999, 0.4607, 0.450
3000, 0.4789, 0.448
3001, 0.5054, 0.434
3002, 0.4874, 0.443
3003, 0.5057, 0.448
3004, 0.4978, 0.451
3005, 0.5055, 0.460
3006, 0.5059, 0.451
3007, 0.4899, 0.447
3008, 0.4649, 0.448
3009, 0.5010, 0.454
3010, 0.5134, 0.464
3011, 0.4978, 0.450
3012, 0.4956, 0.456
3013, 0.4886, 0.454
3014, 0.4896, 0.505
3015, 0.4798, 0.451
3016, 0.4746, 0.448
3017, 0.4959, 0.441
3018, 0.4804, 0.442
3019, 0.4696, 0.450
3020, 0.4639, 0.452
3021, 0.4897, 0.449
3022, 0.5007, 0.455
3023, 0.4869, 0.452
3024, 0.5021, 0.449
3025, 0.4986, 0.448
3026, 0.4824, 0.453
3027, 0.4783, 0.457
3028, 0.4788, 0.449
3029, 0.4842, 0.450
3030, 0.4813, 0.452
3031, 0.5055, 0.450
3032, 0.5107, 0.447
3033, 0.4711, 0.438
3034, 0.4919, 0.446
3035, 0.4893, 0.457
3036, 0.4779, 0.450
3037, 0.4870, 0.450
3038, 0.4818, 0.455
3039, 0.5073, 0.454
3040, 0.4980, 0.460
3041, 0.4718, 0.455
3042, 0.4734, 0.454
3043, 0.4836, 0.452
3044, 0.5151, 0.457
3045, 0.5018, 0.454
3046, 0.4989, 0.448
3047, 0.4616, 0.448
3048, 0.4755, 0.446
3049, 0.4927, 0.448
3050, 0.5031, 0.439
3051, 0.4988, 0.463
3052, 0.5034, 0.458
3053, 0.4924, 0.461
3054, 0.4862, 0.465
3055, 0.5035, 0.504
3056, 0.4786, 0.452
3057, 0.5034, 0.460
3058, 0.5022, 0.452
3059, 0.4843, 0.459
3060, 0.4960, 0.457
3061, 0.4872, 0.460
3062, 0.4913, 0.463
3063, 0.5045, 0.455
3064, 0.4782, 0.457
3065, 0.4873, 0.444
3066, 0.5069, 0.442
3067, 0.4891, 0.444
3068, 0.4999, 0.447
3069, 0.5031, 0.449
3070, 0.5022, 0.446
3071, 0.4903, 0.454
3072, 0.4916, 0.449
3073, 0.5055, 0.449
3074, 0.4975, 0.449
3075, 0.4852, 0.444
3076, 0.5226, 0.445
3077, 0.4919, 0.445
3078, 0.4896, 0.442
3079, 0.4986, 0.443
3080, 0.5017, 0.439
3081, 0.5155, 0.437
3082, 0.4969, 0.440
3083, 0.5034, 0.445
3084, 0.5082, 0.443
3085, 0.5078, 0.446
3086, 0.4940, 0.454
3087, 0.5076, 0.445
3088, 0.4909, 0.444
3089, 0.4819, 0.444
3090, 0.4973, 0.441
3091, 0.4933, 0.446
3092, 0.4952, 0.445
3093, 0.4613, 0.443
3094, 0.4632, 0.446
3095, 0.4831, 0.447
3096, 0.4686, 0.440
3097, 0.4713, 0.442
3098, 0.4944, 0.441
3099, 0.4890, 0.442
3100, 0.4964, 0.441
3101, 0.5089, 0.452
3102, 0.4944, 0.443
3103, 0.4935, 0.443
3104, 0.4915, 0.446
3105, 0.4802, 0.446
3106, 0.5013, 0.445
3107, 0.5045, 0.442
3108, 0.4914, 0.441
3109, 0.4867, 0.447
3110, 0.4714, 0.447
3111, 0.4887, 0.446
3112, 0.4893, 0.443
3113, 0.5024, 0.442
3114, 0.4932, 0.448
3115, 0.4827, 0.445
3116, 0.4791, 0.457
3117, 0.4983, 0.448
3118, 0.4921, 0.444
3119, 0.4805, 0.444
3120, 0.5096, 0.448
3121, 0.4932, 0.459
3122, 0.4910, 0.445
3123, 0.4978, 0.448
3124, 0.5087, 0.453
3125, 0.4600, 0.440
3126, 0.5017, 0.444
3127, 0.5005, 0.443
3128, 0.5086, 0.443
3129, 0.4840, 0.443
3130, 0.4920, 0.450
3131, 0.5051, 0.445
3132, 0.4834, 0.442
3133, 0.5018, 0.443
3134, 0.5028, 0.443
3135, 0.4934, 0.447
3136, 0.4881, 0.447
3137, 0.5088, 0.445
3138, 0.5126, 0.449
3139, 0.4978, 0.449
3140, 0.4804, 0.453
3141, 0.4954, 0.443
3142, 0.4713, 0.444
3143, 0.4950, 0.457
3144, 0.4841, 0.500
3145, 0.4863, 0.441
3146, 0.4899, 0.440
3147, 0.4915, 0.443
3148, 0.4947, 0.442
3149, 0.4791, 0.471
3150, 0.4781, 0.447
3151, 0.4967, 0.445
3152, 0.5045, 0.452
3153, 0.5035, 0.454
3154, 0.4965, 0.458
3155, 0.4838, 0.451
3156, 0.4780, 0.451
3157, 0.4739, 0.454
3158, 0.4903, 0.451
3159, 0.4910, 0.453
3160, 0.4737, 0.453
3161, 0.4897, 0.452
3162, 0.4889, 0.449
3163, 0.4755, 0.459
3164, 0.4894, 0.460
3165, 0.4740, 0.447
3166, 0.4851, 0.450
3167, 0.4661, 0.441
3168, 0.4614, 0.447
3169, 0.4705, 0.448
3170, 0.4766, 0.454
3171, 0.4749, 0.448
3172, 0.4576, 0.454
3173, 0.4916, 0.467
3174, 0.4951, 0.451
3175, 0.4824, 0.452
3176, 0.4951, 0.472
3177, 0.4780, 0.464
3178, 0.4819, 0.456
3179, 0.4790, 0.448
3180, 0.4855, 0.450
3181, 0.5124, 0.463
3182, 0.4939, 0.446
3183, 0.4663, 0.444
3184, 0.4979, 0.441
3185, 0.4743, 0.456
3186, 0.4813, 0.532
3187, 0.4868, 0.461
3188, 0.4859, 0.447
3189, 0.4794, 0.450
3190, 0.4881, 0.451
3191, 0.4808, 0.450
3192, 0.4992, 0.449
3193, 0.4878, 0.451
3194, 0.4968, 0.450
3195, 0.4933, 0.447
3196, 0.5029, 0.449
3197, 0.4880, 0.448
3198, 0.4934, 0.448
3199, 0.5023, 0.445
3200, 0.5024, 0.445
3201, 0.4859, 0.439
3202, 0.4951, 0.451
3203, 0.4927, 0.451
3204, 0.5054, 0.447
3205, 0.5080, 0.465
3206, 0.5035, 0.451
3207, 0.4881, 0.445
3208, 0.4797, 0.444
3209, 0.4842, 0.449
3210, 0.4988, 0.462
3211, 0.4873, 0.449
3212, 0.4933, 0.452
3213, 0.4661, 0.447
3214, 0.4906, 0.447
3215, 0.5075, 0.510
3216, 0.4920, 0.445
3217, 0.4932, 0.443
3218, 0.5029, 0.452
3219, 0.4878, 0.452
3220, 0.4761, 0.452
3221, 0.4902, 0.453
3222, 0.4871, 0.464
3223, 0.4862, 0.455
3224, 0.4936, 0.448
3225, 0.4976, 0.449
3226, 0.4909, 0.449
3227, 0.4976, 0.452
3228, 0.4967, 0.454
3229, 0.4995, 0.448
3230, 0.4986, 0.450
3231, 0.5040, 0.449
3232, 0.4825, 0.458
3233, 0.4780, 0.444
3234, 0.4885, 0.446
3235, 0.4999, 0.449
3236, 0.5089, 0.454
3237, 0.4971, 0.458
3238, 0.4879, 0.460
3239, 0.4883, 0.457
3240, 0.4861, 0.450
3241, 0.4839, 0.458
3242, 0.4904, 0.463
3243, 0.4798, 0.452
3244, 0.4806, 0.450
3245, 0.4929, 0.447
3246, 0.4854, 0.488
3247, 0.4935, 0.451
3248, 0.4929, 0.456
3249, 0.4889, 0.438
3250, 0.5016, 0.448
3251, 0.4876, 0.452
3252, 0.4983, 0.452
3253, 0.4959, 0.456
3254, 0.4698, 0.466
3255, 0.4907, 0.459
3256, 0.4973, 0.485
3257, 0.5062, 0.455
3258, 0.4937, 0.453
3259, 0.4913, 0.461
3260, 0.4830, 0.455
3261, 0.4871, 0.461
3262, 0.4960, 0.453
3263, 0.4770, 0.450
3264, 0.4757, 0.446
3265, 0.4825, 0.440
3266, 0.4850, 0.442
3267, 0.4997, 0.444
3268, 0.4875, 0.445
3269, 0.4762, 0.442
3270, 0.5081, 0.441
3271, 0.5019, 0.444
3272, 0.4935, 0.448
3273, 0.4947, 0.447
3274, 0.4997, 0.447
3275, 0.4934, 0.461
3276, 0.4926, 0.450
3277, 0.4863, 0.445
3278, 0.4939, 0.445
3279, 0.4888, 0.439
3280, 0.4944, 0.437
3281, 0.5035, 0.438
3282, 0.4891, 0.444
3283, 0.4872, 0.446
3284, 0.4965, 0.444
3285, 0.4927, 0.443
3286, 0.4872, 0.449
3287, 0.4979, 0.447
3288, 0.5019, 0.445
3289, 0.4962, 0.447
3290, 0.4742, 0.445
3291, 0.4918, 0.456
3292, 0.4997, 0.443
3293, 0.4883, 0.455
3294, 0.4971, 0.441
3295, 0.4956, 0.439
3296, 0.5072, 0.444
3297, 0.5042, 0.439
3298, 0.4693, 0.440
3299, 0.4903, 0.445
3300, 0.4879, 0.460
3301, 0.4899, 0.443
3302, 0.4901, 0.459
3303, 0.5049, 0.458
3304, 0.4901, 0.448
3305, 0.4949, 0.447
3306, 0.4977, 0.450
3307, 0.4946, 0.457
3308, 0.5032, 0.443
3309, 0.4885, 0.442
3310, 0.4588, 0.445
3311, 0.4880, 0.441
3312, 0.5012, 0.448
3313, 0.5053, 0.446
3314, 0.4733, 0.446
3315, 0.4719, 0.444
3316, 0.4954, 0.440
3317, 0.5027, 0.462
3318, 0.4815, 0.443
3319, 0.4901, 0.450
3320, 0.4939, 0.443
3321, 0.4798, 0.445
3322, 0.4954, 0.443
3323, 0.4917, 0.454
3324, 0.4935, 0.443
3325, 0.5034, 0.446
3326, 0.4995, 0.444
3327, 0.4879, 0.441
3328, 0.4975, 0.441
3329, 0.4844, 0.446
3330, 0.4908, 0.447
3331, 0.5008, 0.447
3332, 0.4935, 0.448
3333, 0.5016, 0.453
3334, 0.4779, 0.445
3335, 0.4918, 0.446
3336, 0.4979, 0.443
3337, 0.4888, 0.443
3338, 0.5005, 0.447
3339, 0.5065, 0.442
3340, 0.4968, 0.447
3341, 0.4891, 0.446
3342, 0.5006, 0.447
3343, 0.4821, 0.443
3344, 0.4962, 0.439
3345, 0.4870, 0.443
3346, 0.4853, 0.444
3347, 0.5146, 0.441
3348, 0.5109, 0.443
3349, 0.5013, 0.444
3350, 0.4917, 0.460
3351, 0.4904, 0.450
3352, 0.4948, 0.451
3353, 0.4890, 0.440
3354, 0.4732, 0.450
3355, 0.4992, 0.457
3356, 0.4999, 0.452
3357, 0.4885, 0.452
3358, 0.5023, 0.455
3359, 0.5101, 0.453
3360, 0.4972, 0.454
3361, 0.4935, 0.455
3362, 0.4852, 0.458
3363, 0.4781, 0.452
3364, 0.4938, 0.450
3365, 0.4975, 0.458
3366, 0.5047, 0.455
3367, 0.4926, 0.469
3368, 0.4971, 0.449
3369, 0.4931, 0.452
3370, 0.4811, 0.449
3371, 0.4954, 0.453
3372, 0.4788, 0.455
3373, 0.4938, 0.454
3374, 0.4868, 0.451
3375, 0.5008, 0.449
3376, 0.4732, 0.455
3377, 0.4844, 0.448
3378, 0.4914, 0.449
3379, 0.4858, 0.448
3380, 0.5016, 0.446
3381, 0.5166, 0.443
3382, 0.4901, 0.455
3383, 0.4807, 0.482
3384, 0.4795, 0.449
3385, 0.4828, 0.449
3386, 0.4869, 0.448
3387, 0.4869, 0.449
3388, 0.5071, 0.448
3389, 0.5012, 0.445
3390, 0.4938, 0.447
3391, 0.4831, 0.449
3392, 0.4975, 0.444
3393, 0.4931, 0.449
3394, 0.4752, 0.445
3395, 0.4933, 0.445
3396, 0.5026, 0.448
3397, 0.5022, 0.448
3398, 0.5034, 0.447
3399, 0.5174, 0.449
3400, 0.4826, 0.447
3401, 0.4942, 0.441
3402, 0.4933, 0.449
3403, 0.4798, 0.453
3404, 0.4978, 0.451
3405, 0.4803, 0.452
3406, 0.4825, 0.452
3407, 0.4692, 0.452
3408, 0.5077, 0.450
3409, 0.5056, 0.456
3410, 0.4982, 0.457
3411, 0.4944, 0.460
3412, 0.4961, 0.448
3413, 0.4997, 0.449
3414, 0.4907, 0.449
3415, 0.5134, 0.495
3416, 0.5089, 0.446
3417, 0.4863, 0.448
3418, 0.4864, 0.450
3419, 0.4966, 0.449
3420, 0.4999, 0.450
3421, 0.5068, 0.450
3422, 0.5048, 0.453
3423, 0.5051, 0.450
3424, 0.4953, 0.449
3425, 0.4820, 0.453
3426, 0.5054, 0.457
3427, 0.4808, 0.451
3428, 0.4874, 0.447
3429, 0.4950, 0.462
3430, 0.5069, 0.469
3431, 0.4960, 0.456
3432, 0.5085, 0.450
3433, 0.4959, 0.460
3434, 0.5100, 0.451
3435, 0.5035, 0.451
3436, 0.4981, 0.451
3437, 0.5007, 0.468
3438, 0.5011, 0.536
3439, 0.4866, 0.461
3440, 0.5044, 0.454
3441, 0.5126, 0.465
3442, 0.5177, 0.455
3443, 0.4978, 0.458
3444, 0.4865, 0.455
3445, 0.5019, 0.457
3446, 0.5056, 0.459
3447, 0.4892, 0.469
3448, 0.4951, 0.455
3449, 0.4955, 0.453
3450, 0.4817, 0.459
3451, 0.4654, 0.452
3452, 0.4817, 0.458
3453, 0.4730, 0.456
3454, 0.4680, 0.458
3455, 0.4884, 0.457
3456, 0.5011, 0.451
3457, 0.5185, 0.457
3458, 0.5077, 0.464
3459, 0.4844, 0.455
3460, 0.4847, 0.448
3461, 0.4761, 0.460
3462, 0.5030, 0.449
3463, 0.4866, 0.449
3464, 0.4950, 0.450
3465, 0.4890, 0.432
3466, 0.4888, 0.462
3467, 0.4980, 0.452
3468, 0.5096, 0.458
3469, 0.4866, 0.447
3470, 0.5032, 0.450
3471, 0.4905, 0.450
3472, 0.4932, 0.453
3473, 0.5105, 0.460
3474, 0.4899, 0.451
3475, 0.4799, 0.452
3476, 0.4884, 0.452
3477, 0.4845, 0.448
3478, 0.4980, 0.444
3479, 0.4815, 0.449
3480, 0.5058, 0.448
3481, 0.5020, 0.451
3482, 0.5101, 0.467
3483, 0.4897, 0.449
3484, 0.5154, 0.452
3485, 0.4940, 0.451
3486, 0.4982, 0.451
3487, 0.5000, 0.454
3488, 0.4833, 0.453
3489, 0.4987, 0.450
3490, 0.4962, 0.483
3491, 0.4782, 0.451
3492, 0.4909, 0.452
3493, 0.4933, 0.464
3494, 0.4826, 0.452
3495, 0.4843, 0.446
3496, 0.5019, 0.448
3497, 0.5040, 0.471
3498, 0.4787, 0.448
3499, 0.4750, 0.454
3500, 0.4920, 0.451
3501, 0.5078, 0.455
3502, 0.4937, 0.452
3503, 0.5045, 0.447
3504, 0.5108, 0.446
3505, 0.5066, 0.455
3506, 0.5088, 0.453
3507, 0.5054, 0.451
3508, 0.4848, 0.456
3509, 0.5102, 0.452
3510, 0.4827, 0.446
3511, 0.4997, 0.456
3512, 0.4876, 0.453
3513, 0.5085, 0.451
3514, 0.5050, 0.465
3515, 0.5054, 0.451
3516, 0.4952, 0.458
3517, 0.4546, 0.445
3518, 0.5103, 0.439
3519, 0.5056, 0.456
3520, 0.5099, 0.447
3521, 0.4944, 0.456
3522, 0.4861, 0.450
3523, 0.5062, 0.442
3524, 0.4990, 0.442
3525, 0.5025, 0.444
3526, 0.4860, 0.439
3527, 0.5136, 0.445
3528, 0.5059, 0.458
3529, 0.5067, 0.446
3530, 0.4794, 0.440
3531, 0.4853, 0.441
3532, 0.4821, 0.454
3533, 0.4858, 0.442
3534, 0.4923, 0.443
3535, 0.4942, 0.444
3536, 0.4944, 0.444
3537, 0.4955, 0.457
3538, 0.4774, 0.456
3539, 0.5134, 0.445
3540, 0.5151, 0.443
3541, 0.5157, 0.445
3542, 0.5048, 0.449
3543, 0.4906, 0.443
3544, 0.4752, 0.445
3545, 0.4951, 0.449
3546, 0.5071, 0.446
3547, 0.4952, 0.444
3548, 0.5020, 0.441
3549, 0.4898, 0.443
3550, 0.4966, 0.445
3551, 0.5070, 0.443
3552, 0.4844, 0.456
3553, 0.4966, 0.443
3554, 0.4953, 0.444
3555, 0.4887, 0.451
3556, 0.5010, 0.447
3557, 0.4985, 0.446
3558, 0.5054, 0.449
3559, 0.5060, 0.451
3560, 0.4993, 0.455
3561, 0.4876, 0.455
3562, 0.5185, 0.456
3563, 0.4933, 0.450
3564, 0.4742, 0.450
3565, 0.5026, 0.454
3566, 0.5079, 0.458
3567, 0.5039, 0.449
3568, 0.4983, 0.456
3569, 0.4851, 0.454
3570, 0.5026, 0.451
3571, 0.5014, 0.460
3572, 0.4889, 0.463
3573, 0.4884, 0.507
3574, 0.4928, 0.452
3575, 0.4905, 0.451
3576, 0.4969, 0.451
3577, 0.4982, 0.449
3578, 0.5001, 0.446
3579, 0.4955, 0.446
3580, 0.5032, 0.443
3581, 0.4867, 0.439
3582, 0.5078, 0.443
3583, 0.5118, 0.447
3584, 0.5089, 0.446
3585, 0.4888, 0.442
3586, 0.4902, 0.448
3587, 0.5078, 0.445
3588, 0.5002, 0.446
3589, 0.5152, 0.448
3590, 0.4969, 0.441
3591, 0.4841, 0.438
3592, 0.5027, 0.438
3593, 0.5059, 0.438
3594, 0.5016, 0.437
3595, 0.4751, 0.438
3596, 0.5050, 0.435
3597, 0.5041, 0.436
3598, 0.5109, 0.434
3599, 0.4878, 0.437
3600, 0.5077, 0.434
3601, 0.5109, 0.428
3602, 0.5161, 0.448
3603, 0.4924, 0.446
3604, 0.5084, 0.452
3605, 0.5088, 0.467
3606, 0.4709, 0.454
3607, 0.4739, 0.453
3608, 0.4823, 0.452
3609, 0.4851, 0.452
3610, 0.5016, 0.453
3611, 0.4951, 0.452
3612, 0.5139, 0.450
3613, 0.4912, 0.452
3614, 0.5125, 0.532
3615, 0.4917, 0.452
3616, 0.4859, 0.448
3617, 0.4983, 0.442
3618, 0.4813, 0.452
3619, 0.4769, 0.455
3620, 0.4881, 0.456
3621, 0.4855, 0.451
3622, 0.5045, 0.452
3623, 0.4939, 0.454
3624, 0.4933, 0.465
3625, 0.4992, 0.466
3626, 0.4943, 0.466
3627, 0.4894, 0.480
3628, 0.5025, 0.457
3629, 0.5076, 0.455
3630, 0.5039, 0.452
3631, 0.5087, 0.466
3632, 0.4945, 0.453
3633, 0.4741, 0.447
3634, 0.5017, 0.458
3635, 0.5096, 0.465
3636, 0.5021, 0.457
3637, 0.5003, 0.456
3638, 0.4969, 0.457
3639, 0.4988, 0.463
3640, 0.4892, 0.463
3641, 0.4699, 0.463
3642, 0.5040, 0.459
3643, 0.5101, 0.456
3644, 0.4887, 0.445
3645, 0.5154, 0.456
3646, 0.5000, 0.449
3647, 0.4959, 0.438
3648, 0.5023, 0.449
3649, 0.4944, 0.444
3650, 0.5098, 0.457
3651, 0.5037, 0.445
3652, 0.4897, 0.445
3653, 0.4773, 0.445
3654, 0.4787, 0.456
3655, 0.4909, 0.448
3656, 0.4840, 0.457
3657, 0.4936, 0.462
3658, 0.5090, 0.460
3659, 0.4967, 0.444
3660, 0.4892, 0.457
3661, 0.5033, 0.449
3662, 0.5087, 0.444
3663, 0.5028, 0.445
3664, 0.4904, 0.443
3665, 0.4975, 0.439
3666, 0.5081, 0.449
3667, 0.5140, 0.448
3668, 0.5088, 0.444
3669, 0.5143, 0.450
3670, 0.4832, 0.443
3671, 0.5013, 0.441
3672, 0.4728, 0.449
3673, 0.5058, 0.453
3674, 0.5255, 0.448
3675, 0.5210, 0.457
3676, 0.5086, 0.450
3677, 0.4901, 0.445
3678, 0.5078, 0.447
3679, 0.4971, 0.438
3680, 0.4996, 0.440
3681, 0.4832, 0.439
3682, 0.4945, 0.438
3683, 0.5035, 0.446
3684, 0.4954, 0.442
3685, 0.4855, 0.443
3686, 0.5126, 0.439
3687, 0.4973, 0.442
3688, 0.4988, 0.443
3689, 0.4840, 0.446
3690, 0.4753, 0.445
3691, 0.5126, 0.441
3692, 0.5105, 0.442
3693, 0.4971, 0.449
3694, 0.5090, 0.446
3695, 0.4877, 0.443
3696, 0.4998, 0.441
3697, 0.5180, 0.436
3698, 0.5211, 0.444
3699, 0.5075, 0.445
3700, 0.5070, 0.444
3701, 0.5108, 0.455
3702, 0.4835, 0.443
3703, 0.4999, 0.447
3704, 0.4922, 0.443
3705, 0.4748, 0.450
3706, 0.5012, 0.445
3707, 0.4988, 0.438
3708, 0.4939, 0.446
3709, 0.4859, 0.445
3710, 0.5043, 0.439
3711, 0.4927, 0.442
3712, 0.4855, 0.441
3713, 0.4724, 0.440
3714, 0.4895, 0.440
3715, 0.4924, 0.439
3716, 0.5018, 0.453
3717, 0.5033, 0.446
3718, 0.5050, 0.460
3719, 0.5073, 0.444
3720, 0.4776, 0.460
3721, 0.4936, 0.443
3722, 0.5019, 0.450
3723, 0.4809, 0.444
3724, 0.4862, 0.445
3725, 0.4922, 0.446
3726, 0.5125, 0.445
3727, 0.5029, 0.451
3728, 0.5016, 0.453
3729, 0.5036, 0.451
3730, 0.5115, 0.454
3731, 0.4921, 0.443
3732, 0.5027, 0.446
3733, 0.4885, 0.447
3734, 0.4880, 0.441
3735, 0.4800, 0.445
3736, 0.4944, 0.442
3737, 0.4736, 0.443
3738, 0.4599, 0.445
3739, 0.4715, 0.447
3740, 0.5036, 0.444
3741, 0.4840, 0.445
3742, 0.4901, 0.445
3743, 0.4893, 0.441
3744, 0.5089, 0.444
3745, 0.4959, 0.456
3746, 0.4915, 0.442
3747, 0.5043, 0.440
3748, 0.5025, 0.444
3749, 0.4958, 0.447
3750, 0.4914, 0.459
3751, 0.4983, 0.449
3752, 0.5028, 0.455
3753, 0.4865, 0.450
3754, 0.4897, 0.454
3755, 0.5048, 0.447
3756, 0.4912, 0.446
3757, 0.4974, 0.448
3758, 0.5086, 0.450
3759, 0.4903, 0.456
3760, 0.5038, 0.468
3761, 0.5139, 0.432
3762, 0.5093, 0.440
3763, 0.4908, 0.437
3764, 0.5116, 0.452
3765, 0.4964, 0.434
3766, 0.4897, 0.435
3767, 0.4871, 0.437
3768, 0.4983, 0.448
3769, 0.4862, 0.435
3770, 0.4972, 0.453
3771, 0.4966, 0.451
3772, 0.4920, 0.449
3773, 0.4981, 0.439
3774, 0.4934, 0.441
3775, 0.5078, 0.440
3776, 0.5120, 0.440
3777, 0.5055, 0.441
3778, 0.5008, 0.441
3779, 0.5081, 0.443
3780, 0.4955, 0.441
3781, 0.5042, 0.442
3782, 0.5111, 0.442
3783, 0.5036, 0.441
3784, 0.5083, 0.443
3785, 0.4880, 0.443
3786, 0.4997, 0.438
3787, 0.4884, 0.437
3788, 0.5239, 0.438
3789, 0.5230, 0.437
3790, 0.5101, 0.438
3791, 0.4990, 0.436
3792, 0.5203, 0.437
3793, 0.5132, 0.439
3794, 0.5080, 0.438
3795, 0.5021, 0.439
3796, 0.4966, 0.439
3797, 0.5050, 0.438
3798, 0.4926, 0.439
3799, 0.4828, 0.442
3800, 0.4945, 0.436
3801, 0.4834, 0.430
3802, 0.5080, 0.439
3803, 0.5155, 0.438
3804, 0.5208, 0.441
3805, 0.5057, 0.449
3806, 0.4947, 0.446
3807, 0.4982, 0.443
3808, 0.5110, 0.449
3809, 0.5015, 0.448
3810, 0.4961, 0.453
3811, 0.4740, 0.440
3812, 0.4944, 0.435
3813, 0.4983, 0.440
3814, 0.5010, 0.475
3815, 0.5107, 0.511
3816, 0.4887, 0.436
3817, 0.5106, 0.435
3818, 0.4882, 0.436
3819, 0.5072, 0.434
3820, 0.5005, 0.441
3821, 0.4920, 0.442
3822, 0.4821, 0.454
3823, 0.4888, 0.450
3824, 0.5011, 0.452
3825, 0.5135, 0.448
3826, 0.5122, 0.453
3827, 0.4935, 0.446
3828, 0.4904, 0.446
3829, 0.4855, 0.451
3830, 0.4966, 0.453
3831, 0.4911, 0.448
3832, 0.4934, 0.453
3833, 0.5132, 0.451
3834, 0.5075, 0.448
3835, 0.5084, 0.446
3836, 0.5254, 0.448
3837, 0.4932, 0.449
3838, 0.5000, 0.447
3839, 0.4963, 0.448
3840, 0.4954, 0.448
3841, 0.5120, 0.446
3842, 0.4908, 0.448
3843, 0.4926, 0.443
3844, 0.5083, 0.446
3845, 0.4972, 0.444
3846, 0.4974, 0.445
3847, 0.5024, 0.458
3848, 0.4938, 0.446
3849, 0.5006, 0.438
3850, 0.4964, 0.450
3851, 0.4912, 0.440
3852, 0.5011, 0.462
3853, 0.4892, 0.448
3854, 0.4918, 0.444
3855, 0.4868, 0.443
3856, 0.4886, 0.442
3857, 0.4973, 0.444
3858, 0.4846, 0.443
3859, 0.4848, 0.445
3860, 0.4855, 0.440
3861, 0.4953, 0.440
3862, 0.4952, 0.445
3863, 0.4964, 0.442
3864, 0.5021, 0.452
3865, 0.5052, 0.444
3866, 0.4945, 0.451
3867, 0.4957, 0.446
3868, 0.5125, 0.460
3869, 0.4992, 0.446
3870, 0.4976, 0.445
3871, 0.4865, 0.444
3872, 0.4813, 0.448
3873, 0.4924, 0.446
3874, 0.5010, 0.444
3875, 0.4852, 0.444
3876, 0.4912, 0.438
3877, 0.4978, 0.440
3878, 0.5031, 0.445
3879, 0.5100, 0.443
3880, 0.4854, 0.443
3881, 0.4936, 0.440
3882, 0.5072, 0.435
3883, 0.4889, 0.442
3884, 0.4882, 0.445
3885, 0.4971, 0.449
3886, 0.5114, 0.455
3887, 0.5060, 0.449
3888, 0.4847, 0.446
3889, 0.4952, 0.444
3890, 0.4895, 0.445
3891, 0.4995, 0.445
3892, 0.4920, 0.447
3893, 0.5014, 0.443
3894, 0.4920, 0.443
3895, 0.4755, 0.440
3896, 0.4889, 0.454
3897, 0.5077, 0.437
3898, 0.5140, 0.431
3899, 0.5061, 0.434
3900, 0.4994, 0.447
3901, 0.4987, 0.441
3902, 0.4677, 0.440
3903, 0.4971, 0.444
3904, 0.4958, 0.437
3905, 0.5194, 0.442
3906, 0.4995, 0.442
3907, 0.4896, 0.448
3908, 0.4987, 0.444
3909, 0.5013, 0.449
3910, 0.5171, 0.448
3911, 0.4968, 0.447
3912, 0.5187, 0.449
3913, 0.5157, 0.462
3914, 0.5182, 0.447
3915, 0.5031, 0.459
3916, 0.4877, 0.454
3917, 0.4914, 0.447
3918, 0.4891, 0.454
3919, 0.4801, 0.453
3920, 0.4700, 0.446
3921, 0.4981, 0.442
3922, 0.4910, 0.446
3923, 0.4879, 0.442
3924, 0.4982, 0.448
3925, 0.5013, 0.442
3926, 0.5018, 0.447
3927, 0.5003, 0.447
3928, 0.4975, 0.449
3929, 0.4920, 0.453
3930, 0.4988, 0.453
3931, 0.4878, 0.454
3932, 0.4834, 0.451
3933, 0.5020, 0.453
3934, 0.4918, 0.450
3935, 0.4668, 0.445
3936, 0.4857, 0.452
3937, 0.4818, 0.452
3938, 0.4918, 0.459
3939, 0.4845, 0.449
3940, 0.5115, 0.451
3941, 0.4871, 0.456
3942, 0.4991, 0.451
3943, 0.5024, 0.452
3944, 0.4984, 0.455
3945, 0.5010, 0.453
3946, 0.5038, 0.450
3947, 0.5051, 0.453
3948, 0.4906, 0.452
3949, 0.5000, 0.450
3950, 0.5084, 0.452
3951, 0.5047, 0.459
3952, 0.4887, 0.454
3953, 0.4747, 0.451
3954, 0.4858, 0.448
3955, 0.4946, 0.445
3956, 0.4798, 0.455
3957, 0.4796, 0.531
3958, 0.5064, 0.447
3959, 0.4881, 0.449
3960, 0.4842, 0.448
3961, 0.4973, 0.449
3962, 0.4828, 0.449
3963, 0.4869, 0.452
3964, 0.5105, 0.448
3965, 0.4969, 0.447
3966, 0.5005, 0.448
3967, 0.5067, 0.449
3968, 0.5011, 0.449
3969, 0.4970, 0.452
3970, 0.4800, 0.445
3971, 0.4944, 0.444
3972, 0.4790, 0.447
3973, 0.4866, 0.448
3974, 0.4939, 0.446
3975, 0.4883, 0.445
3976, 0.4997, 0.445
3977, 0.5223, 0.446
3978, 0.4873, 0.446
3979, 0.5090, 0.445
3980, 0.5077, 0.445
3981, 0.4877, 0.444
3982, 0.4820, 0.444
3983, 0.4656, 0.444
3984, 0.4815, 0.444
3985, 0.4738, 0.444
3986, 0.4965, 0.438
3987, 0.5031, 0.441
3988, 0.4964, 0.445
3989, 0.5236, 0.440
3990, 0.5000, 0.442
3991, 0.5083, 0.443
3992, 0.5033, 0.449
3993, 0.4849, 0.464
3994, 0.5028, 0.447
3995, 0.4935, 0.453
3996, 0.4872, 0.450
3997, 0.4817, 0.458
3998, 0.4847, 0.452
3999, 0.4904, 0.453
4000, 0.5132, 0.451
4001, 0.4783, 0.442
4002, 0.5016, 0.452
4003, 0.4958, 0.454
4004, 0.5118, 0.459
4005, 0.4990, 0.460
4006, 0.5008, 0.442
4007, 0.4949, 0.445
4008, 0.5012, 0.449
4009, 0.5038, 0.449
4010, 0.4875, 0.450
4011, 0.4911, 0.451
4012, 0.5081, 0.447
4013, 0.4949, 0.454
4014, 0.4795, 0.620
4015, 0.4956, 0.455
4016, 0.4946, 0.451
4017, 0.4874, 0.447
4018, 0.4905, 0.455
4019, 0.4959, 0.477
4020, 0.4794, 0.487
4021, 0.4841, 0.471
4022, 0.4888, 0.458
4023, 0.5032, 0.456
4024, 0.4925, 0.453
4025, 0.4829, 0.449
4026, 0.4875, 0.447
4027, 0.4835, 0.451
4028, 0.4962, 0.445
4029, 0.4837, 0.447
4030, 0.4772, 0.451
4031, 0.4834, 0.455
4032, 0.4875, 0.446
4033, 0.4928, 0.475
4034, 0.4923, 0.451
4035, 0.4973, 0.447
4036, 0.4826, 0.456
4037, 0.4867, 0.447
4038, 0.4989, 0.442
4039, 0.4926, 0.445
4040, 0.4868, 0.445
4041, 0.5151, 0.447
4042, 0.4877, 0.446
4043, 0.5008, 0.443
4044, 0.5095, 0.445
4045, 0.4937, 0.449
4046, 0.4964, 0.447
4047, 0.4873, 0.442
4048, 0.4904, 0.445
4049, 0.4939, 0.447
4050, 0.4925, 0.468
4051, 0.5002, 0.445
4052, 0.5165, 0.460
4053, 0.4976, 0.454
4054, 0.5019, 0.443
4055, 0.4897, 0.446
4056, 0.5002, 0.443
4057, 0.4856, 0.443
4058, 0.4918, 0.441
4059, 0.4921, 0.440
4060, 0.4906, 0.453
4061, 0.4934, 0.443
4062, 0.4978, 0.448
4063, 0.4863, 0.443
4064, 0.4858, 0.444
4065, 0.4968, 0.446
4066, 0.5058, 0.448
4067, 0.5122, 0.442
4068, 0.4979, 0.447
4069, 0.5027, 0.443
4070, 0.4910, 0.443
4071, 0.4960, 0.445
4072, 0.4978, 0.448
4073, 0.4872, 0.439
4074, 0.5030, 0.444
4075, 0.5081, 0.444
4076, 0.4996, 0.446
4077, 0.4989, 0.432
4078, 0.5070, 0.448
4079, 0.5009, 0.451
4080, 0.4976, 0.446
4081, 0.5037, 0.443
4082, 0.4945, 0.448
4083, 0.5248, 0.450
4084, 0.4965, 0.445
4085, 0.5001, 0.447
4086, 0.4974, 0.446
4087, 0.4894, 0.446
4088, 0.5011, 0.443
4089, 0.5105, 0.446
4090, 0.4971, 0.444
4091, 0.4874, 0.441
4092, 0.4928, 0.442
4093, 0.4957, 0.448
4094, 0.4892, 0.451
4095, 0.5131, 0.451
4096, 0.4893, 0.443
4097, 0.4946, 0.445
4098, 0.5069, 0.458
4099, 0.4969, 0.447
4100, 0.4986, 0.442
4101, 0.4877, 0.454
4102, 0.5031, 0.458
4103, 0.4931, 0.446
4104, 0.4999, 0.452
4105, 0.4947, 0.446
4106, 0.5079, 0.445
4107, 0.4992, 0.444
4108, 0.4996, 0.445
4109, 0.5058, 0.446
4110, 0.5086, 0.452
4111, 0.4967, 0.449
4112, 0.4993, 0.445
4113, 0.5034, 0.443
4114, 0.4833, 0.451
4115, 0.5083, 0.442
4116, 0.5048, 0.445
4117, 0.5005, 0.452
4118, 0.5019, 0.451
4119, 0.4935, 0.446
4120, 0.4963, 0.448
4121, 0.5171, 0.449
4122, 0.4982, 0.444
4123, 0.4955, 0.442
4124, 0.4880, 0.447
4125, 0.4831, 0.447
4126, 0.4999, 0.446
4127, 0.4953, 0.442
4128, 0.5035, 0.446
4129, 0.4947, 0.441
4130, 0.5136, 0.448
4131, 0.4944, 0.438
4132, 0.4965, 0.442
4133, 0.5047, 0.448
4134, 0.5077, 0.450
4135, 0.5029, 0.449
4136, 0.4994, 0.451
4137, 0.4904, 0.456
4138, 0.4859, 0.449
4139, 0.4873, 0.449
4140, 0.4922, 0.447
4141, 0.4929, 0.446
4142, 0.5080, 0.447
4143, 0.4831, 0.450
4144, 0.5006, 0.444
4145, 0.4909, 0.447
4146, 0.4876, 0.445
4147, 0.4994, 0.454
4148, 0.5153, 0.446
4149, 0.4904, 0.444
4150, 0.4945, 0.435
4151, 0.5080, 0.421
4152, 0.4806, 0.434
4153, 0.4999, 0.424
4154, 0.4854, 0.417
4155, 0.4990, 0.446
4156, 0.4873, 0.460
4157, 0.4979, 0.461
4158, 0.4973, 0.484
4159, 0.5041, 0.447
4160, 0.5046, 0.445
4161, 0.4920, 0.446
4162, 0.5027, 0.445
4163, 0.4971, 0.448
4164, 0.4942, 0.442
4165, 0.4782, 0.442
4166, 0.4994, 0.446
4167, 0.4963, 0.446
4168, 0.5132, 0.444
4169, 0.5080, 0.446
4170, 0.4799, 0.444
4171, 0.4949, 0.444
4172, 0.4911, 0.443
4173, 0.4959, 0.449
4174, 0.4948, 0.448
4175, 0.4777, 0.447
4176, 0.5013, 0.446
4177, 0.4999, 0.446
4178, 0.4759, 0.446
4179, 0.5038, 0.448
4180, 0.5020, 0.445
4181, 0.4994, 0.443
4182, 0.5006, 0.443
4183, 0.5057, 0.445
4184, 0.4833, 0.444
4185, 0.4832, 0.445
4186, 0.5046, 0.443
4187, 0.4958, 0.446
4188, 0.4910, 0.444
4189, 0.4997, 0.447
4190, 0.4907, 0.447
4191, 0.5007, 0.448
4192, 0.5052, 0.447
4193, 0.4978, 0.448
4194, 0.4869, 0.441
4195, 0.4940, 0.453
4196, 0.4886, 0.464
4197, 0.5042, 0.451
4198, 0.4944, 0.463
4199, 0.4790, 0.450
4200, 0.5040, 0.451
4201, 0.5184, 0.443
4202, 0.4897, 0.455
4203, 0.4993, 0.454
4204, 0.4984, 0.451
4205, 0.5006, 0.449
4206, 0.4927, 0.553
4207, 0.5077, 0.456
4208, 0.5151, 0.453
4209, 0.4920, 0.455
4210, 0.4880, 0.449
4211, 0.4939, 0.452
4212, 0.5096, 0.452
4213, 0.5035, 0.459
4214, 0.5125, 0.452
4215, 0.4955, 0.465
4216, 0.4887, 0.460
4217, 0.4916, 0.451
4218, 0.4957, 0.447
4219, 0.4979, 0.447
4220, 0.4989, 0.439
4221, 0.5071, 0.448
4222, 0.5036, 0.448
4223, 0.5117, 0.456
4224, 0.4980, 0.452
4225, 0.5066, 0.457
4226, 0.4858, 0.451
4227, 0.4850, 0.449
4228, 0.4842, 0.451
4229, 0.5029, 0.455
4230, 0.4977, 0.447
4231, 0.4990, 0.451
4232, 0.5024, 0.443
4233, 0.4817, 0.441
4234, 0.4934, 0.449
4235, 0.4991, 0.442
4236, 0.4969, 0.448
4237, 0.4919, 0.456
4238, 0.5040, 0.445
4239, 0.5046, 0.445
4240, 0.5033, 0.452
4241, 0.5176, 0.464
4242, 0.5001, 0.446
4243, 0.5135, 0.449
4244, 0.5061, 0.448
4245, 0.4835, 0.445
4246, 0.4893, 0.441
4247, 0.5093, 0.446
4248, 0.4977, 0.442
4249, 0.5006, 0.440
4250, 0.5165, 0.444
4251, 0.5016, 0.446
4252, 0.4996, 0.445
4253, 0.4960, 0.444
4254, 0.4982, 0.448
4255, 0.5093, 0.448
4256, 0.5027, 0.450
4257, 0.5031, 0.442
4258, 0.5021, 0.445
4259, 0.5060, 0.444
4260, 0.5031, 0.445
4261, 0.5137, 0.449
4262, 0.5058, 0.445
4263, 0.4873, 0.439
4264, 0.4928, 0.443
4265, 0.4866, 0.440
4266, 0.4994, 0.443
4267, 0.5063, 0.452
4268, 0.4917, 0.440
4269, 0.5127, 0.443
4270, 0.5079, 0.445
4271, 0.4963, 0.440
4272, 0.5007, 0.446
4273, 0.4889, 0.451
4274, 0.5032, 0.449
4275, 0.4946, 0.456
4276, 0.5038, 0.451
4277, 0.5095, 0.451
4278, 0.4937, 0.451
4279, 0.5080, 0.454
4280, 0.4999, 0.447
4281, 0.5011, 0.452
4282, 0.5035, 0.453
4283, 0.4856, 0.446
4284, 0.4999, 0.450
4285, 0.5112, 0.451
4286, 0.5112, 0.450
4287, 0.5062, 0.456
4288, 0.5049, 0.451
4289, 0.4922, 0.454
4290, 0.5007, 0.453
4291, 0.4959, 0.452
4292, 0.5133, 0.452
4293, 0.4919, 0.454
4294, 0.4868, 0.459
4295, 0.5003, 0.448
4296, 0.4934, 0.465
4297, 0.4967, 0.456
4298, 0.5004, 0.458
4299, 0.5033, 0.452
4300, 0.5106, 0.455
4301, 0.5043, 0.450
4302, 0.5014, 0.460
4303, 0.4982, 0.450
4304, 0.4888, 0.451
4305, 0.4914, 0.453
4306, 0.4948, 0.451
4307, 0.5065, 0.457
4308, 0.5028, 0.454
4309, 0.4858, 0.456
4310, 0.4918, 0.450
4311, 0.5134, 0.448
4312, 0.5122, 0.453
4313, 0.4893, 0.454
4314, 0.4927, 0.452
4315, 0.4978, 0.456
4316, 0.4993, 0.449
4317, 0.4994, 0.450
4318, 0.5086, 0.460
4319, 0.5201, 0.448
4320, 0.4971, 0.442
4321, 0.5194, 0.440
4322, 0.4879, 0.458
4323, 0.5083, 0.445
4324, 0.5038, 0.441
4325, 0.4900, 0.450
4326, 0.4965, 0.444
4327, 0.5024, 0.446
4328, 0.4892, 0.461
4329, 0.4956, 0.447
4330, 0.4885, 0.445
4331, 0.4922, 0.442
4332, 0.4949, 0.446
4333, 0.4887, 0.457
4334, 0.5060, 0.456
4335, 0.4931, 0.448
4336, 0.4930, 0.441
4337, 0.5009, 0.442
4338, 0.4938, 0.446
4339, 0.4962, 0.443
4340, 0.4972, 0.443
4341, 0.5049, 0.447
4342, 0.5031, 0.497
4343, 0.5007, 0.440
4344, 0.5086, 0.447
4345, 0.5071, 0.513
4346, 0.5167, 0.451
4347, 0.5126, 0.450
4348, 0.5084, 0.452
4349, 0.5128, 0.455
4350, 0.5052, 0.451
4351, 0.5098, 0.453
4352, 0.5147, 0.450
4353, 0.4964, 0.447
4354, 0.5120, 0.449
4355, 0.5103, 0.452
4356, 0.4943, 0.450
4357, 0.5041, 0.449
4358, 0.5019, 0.448
4359, 0.5042, 0.449
4360, 0.5083, 0.449
4361, 0.4938, 0.446
4362, 0.4964, 0.450
4363, 0.5005, 0.449
4364, 0.4967, 0.451
4365, 0.5012, 0.450
4366, 0.5183, 0.450
4367, 0.4865, 0.450
4368, 0.5019, 0.448
4369, 0.4890, 0.447
4370, 0.5112, 0.451
4371, 0.4990, 0.454
4372, 0.5038, 0.449
4373, 0.5096, 0.449
4374, 0.4974, 0.450
4375, 0.5013, 0.448
4376, 0.5213, 0.450
4377, 0.5179, 0.449
4378, 0.4999, 0.450
4379, 0.5076, 0.448
4380, 0.5072, 0.452
4381, 0.4997, 0.447
4382, 0.4998, 0.448
4383, 0.4987, 0.451
4384, 0.4922, 0.451
4385, 0.4935, 0.454
4386, 0.5064, 0.452
4387, 0.4982, 0.450
4388, 0.5072, 0.452
4389, 0.4957, 0.465
4390, 0.5098, 0.449
4391, 0.5152, 0.451
4392, 0.4944, 0.452
4393, 0.5177, 0.455
4394, 0.5034, 0.467
4395, 0.4865, 0.447
4396, 0.5066, 0.447
4397, 0.5031, 0.455
4398, 0.4879, 0.493
4399, 0.4996, 0.453
4400, 0.5035, 0.455
4401, 0.5041, 0.440
4402, 0.4985, 0.453
4403, 0.5077, 0.453
4404, 0.4906, 0.455
4405, 0.4970, 0.470
4406, 0.4811, 0.453
4407, 0.5059, 0.466
4408, 0.4962, 0.455
4409, 0.4941, 0.473
4410, 0.4945, 0.453
4411, 0.4795, 0.452
4412, 0.4907, 0.451
4413, 0.5064, 0.450
4414, 0.5027, 0.463
4415, 0.4974, 0.458
4416, 0.5095, 0.445
4417, 0.4987, 0.452
4418, 0.5059, 0.457
4419, 0.5023, 0.457
4420, 0.4936, 0.458
4421, 0.4975, 0.458
4422, 0.5068, 0.468
4423, 0.4985, 0.465
4424, 0.5033, 0.456
4425, 0.4979, 0.451
4426, 0.5003, 0.451
4427, 0.5068, 0.457
4428, 0.5042, 0.454
4429, 0.5102, 0.449
4430, 0.4997, 0.449
4431, 0.4946, 0.446
4432, 0.5004, 0.446
4433, 0.5079, 0.445
4434, 0.4996, 0.443
4435, 0.4926, 0.447
4436, 0.5036, 0.449
4437, 0.5073, 0.446
4438, 0.5104, 0.451
4439, 0.4828, 0.444
4440, 0.5033, 0.446
4441, 0.5085, 0.449
4442, 0.5055, 0.451
4443, 0.4946, 0.445
4444, 0.4888, 0.446
4445, 0.5049, 0.445
4446, 0.5170, 0.446
4447, 0.5076, 0.444
4448, 0.4994, 0.442
4449, 0.5064, 0.442
4450, 0.4978, 0.441
4451, 0.4977, 0.441
4452, 0.4953, 0.452
4453, 0.5021, 0.454
4454, 0.5016, 0.445
4455, 0.4950, 0.447
4456, 0.4896, 0.442
4457, 0.4932, 0.451
4458, 0.5005, 0.448
4459, 0.4978, 0.437
4460, 0.4934, 0.444
4461, 0.5044, 0.447
4462, 0.5126, 0.451
4463, 0.5076, 0.454
4464, 0.4978, 0.444
4465, 0.5061, 0.447
4466, 0.4994, 0.441
4467, 0.5103, 0.448
4468, 0.4938, 0.445
4469, 0.5020, 0.445
4470, 0.5172, 0.456
4471, 0.5060, 0.443
4472, 0.4986, 0.446
4473, 0.5031, 0.445
4474, 0.5004, 0.436
4475, 0.5038, 0.444
4476, 0.5037, 0.448
4477, 0.4896, 0.443
4478, 0.4814, 0.458
4479, 0.4898, 0.457
4480, 0.5031, 0.447
4481, 0.5082, 0.450
4482, 0.5094, 0.455
4483, 0.5089, 0.457
4484, 0.5133, 0.453
4485, 0.5072, 0.450
4486, 0.5010, 0.452
4487, 0.5020, 0.445
4488, 0.5063, 0.444
4489, 0.5082, 0.449
4490, 0.4892, 0.444
4491, 0.4986, 0.442
4492, 0.5019, 0.449
4493, 0.4913, 0.447
4494, 0.5057, 0.445
4495, 0.4946, 0.445
4496, 0.5052, 0.443
4497, 0.4897, 0.449
4498, 0.4977, 0.448
4499, 0.4961, 0.446
4500, 0.4918, 0.443
4501, 0.5052, 0.442
4502, 0.5081, 0.442
4503, 0.4935, 0.448
4504, 0.5074, 0.445
4505, 0.5192, 0.447
4506, 0.5008, 0.445
4507, 0.4864, 0.442
4508, 0.4868, 0.442
4509, 0.4972, 0.446
4510, 0.5004, 0.443
4511, 0.5010, 0.443
4512, 0.4954, 0.441
4513, 0.5065, 0.454
4514, 0.5039, 0.447
4515, 0.5074, 0.447
4516, 0.5044, 0.443
4517, 0.4989, 0.445
4518, 0.5022, 0.443
4519, 0.5053, 0.447
4520, 0.5021, 0.444
4521, 0.5071, 0.445
4522, 0.5097, 0.450
4523, 0.5037, 0.447
4524, 0.5143, 0.450
4525, 0.4839, 0.444
4526, 0.5038, 0.443
4527, 0.5018, 0.444
4528, 0.4967, 0.446
4529, 0.4966, 0.446
4530, 0.5065, 0.448
4531, 0.5027, 0.445
4532, 0.5036, 0.442
4533, 0.4934, 0.445
4534, 0.4958, 0.443
4535, 0.4929, 0.456
4536, 0.4985, 0.452
4537, 0.5027, 0.446
4538, 0.5127, 0.504
4539, 0.5032, 0.446
4540, 0.5058, 0.444
4541, 0.5022, 0.450
4542, 0.5080, 0.452
4543, 0.5092, 0.456
4544, 0.4897, 0.455
4545, 0.5085, 0.457
4546, 0.4943, 0.466
4547, 0.5003, 0.451
4548, 0.4937, 0.450
4549, 0.5123, 0.457
4550, 0.4982, 0.453
4551, 0.5034, 0.450
4552, 0.5067, 0.450
4553, 0.4958, 0.450
4554, 0.5071, 0.450
4555, 0.4904, 0.447
4556, 0.5102, 0.449
4557, 0.4952, 0.449
4558, 0.5044, 0.450
4559, 0.4962, 0.446
4560, 0.5220, 0.446
4561, 0.5041, 0.448
4562, 0.5120, 0.452
4563, 0.5127, 0.450
4564, 0.5104, 0.452
4565, 0.4941, 0.450
4566, 0.5006, 0.450
4567, 0.4959, 0.451
4568, 0.5058, 0.452
4569, 0.5056, 0.450
4570, 0.4966, 0.448
4571, 0.5130, 0.449
4572, 0.5064, 0.450
4573, 0.5068, 0.447
4574, 0.5051, 0.452
4575, 0.4906, 0.458
4576, 0.5082, 0.456
4577, 0.5052, 0.449
4578, 0.5118, 0.448
4579, 0.4853, 0.458
4580, 0.4991, 0.448
4581, 0.5019, 0.447
4582, 0.4987, 0.448
4583, 0.5081, 0.440
4584, 0.4909, 0.456
4585, 0.5041, 0.432
4586, 0.5023, 0.439
4587, 0.5020, 0.439
4588, 0.4913, 0.444
4589, 0.4903, 0.500
4590, 0.4949, 0.445
4591, 0.4981, 0.445
4592, 0.4997, 0.441
4593, 0.5019, 0.444
4594, 0.4980, 0.441
4595, 0.4955, 0.439
4596, 0.4921, 0.450
4597, 0.5123, 0.448
4598, 0.5037, 0.450
4599, 0.4972, 0.450
4600, 0.5069, 0.461
4601, 0.4963, 0.452
4602, 0.4909, 0.455
4603, 0.5215, 0.448
4604, 0.4722, 0.446
4605, 0.4862, 0.448
4606, 0.5001, 0.455
4607, 0.5101, 0.452
4608, 0.5038, 0.480
4609, 0.5060, 0.482
4610, 0.4934, 0.575
4611, 0.4985, 0.446
4612, 0.5095, 0.453
4613, 0.5074, 0.450
4614, 0.5115, 0.449
4615, 0.5058, 0.454
4616, 0.4969, 0.455
4617, 0.4962, 0.454
4618, 0.4871, 0.450
4619, 0.4795, 0.446
4620, 0.5007, 0.445
4621, 0.5135, 0.446
4622, 0.4899, 0.452
4623, 0.5026, 0.450
4624, 0.4856, 0.461
4625, 0.5024, 0.459
4626, 0.4939, 0.453
4627, 0.4992, 0.455
4628, 0.5079, 0.454
4629, 0.4985, 0.456
4630, 0.4989, 0.457
4631, 0.5152, 0.453
4632, 0.5146, 0.453
4633, 0.4930, 0.449
4634, 0.5009, 0.442
4635, 0.4816, 0.448
4636, 0.4876, 0.445
4637, 0.4970, 0.447
4638, 0.4938, 0.442
4639, 0.4960, 0.445
4640, 0.4935, 0.448
4641, 0.5047, 0.448
4642, 0.5113, 0.445
4643, 0.5032, 0.446
4644, 0.5066, 0.457
4645, 0.4926, 0.447
4646, 0.4980, 0.448
4647, 0.5000, 0.449
4648, 0.5049, 0.448
4649, 0.5014, 0.449
4650, 0.5011, 0.446
4651, 0.5013, 0.445
4652, 0.4987, 0.438
4653, 0.5005, 0.440
4654, 0.4840, 0.454
4655, 0.5110, 0.447
4656, 0.5052, 0.445
4657, 0.4990, 0.444
4658, 0.5010, 0.445
4659, 0.4955, 0.444
4660, 0.4980, 0.448
4661, 0.4987, 0.449
4662, 0.4980, 0.441
4663, 0.5106, 0.450
4664, 0.4983, 0.446
4665, 0.5081, 0.447
4666, 0.5028, 0.442
4667, 0.4955, 0.451
4668, 0.5142, 0.436
4669, 0.5082, 0.439
4670, 0.5087, 0.443
4671, 0.5062, 0.441
4672, 0.4955, 0.439
4673, 0.5105, 0.436
4674, 0.5066, 0.438
4675, 0.4954, 0.440
4676, 0.4884, 0.449
4677, 0.5037, 0.447
4678, 0.5035, 0.439
4679, 0.5117, 0.443
4680, 0.5241, 0.441
4681, 0.5031, 0.436
4682, 0.5079, 0.435
4683, 0.5062, 0.437
4684, 0.5044, 0.438
4685, 0.5051, 0.448
4686, 0.5084, 0.442
4687, 0.5063, 0.441
4688, 0.5047, 0.449
4689, 0.4928, 0.447
4690, 0.5021, 0.441
4691, 0.4934, 0.447
4692, 0.5109, 0.446
4693, 0.4992, 0.442
4694, 0.5040, 0.448
4695, 0.5054, 0.440
4696, 0.5058, 0.445
4697, 0.5074, 0.444
4698, 0.5049, 0.444
4699, 0.5022, 0.446
4700, 0.4914, 0.437
4701, 0.4950, 0.444
4702, 0.5038, 0.445
4703, 0.4973, 0.443
4704, 0.5022, 0.446
4705, 0.5168, 0.443
4706, 0.4999, 0.440
4707, 0.4988, 0.445
4708, 0.5042, 0.449
4709, 0.5025, 0.445
4710, 0.4984, 0.452
4711, 0.5069, 0.459
4712, 0.5199, 0.453
4713, 0.4958, 0.442
4714, 0.5042, 0.446
4715, 0.4925, 0.435
4716, 0.5087, 0.439
4717, 0.4999, 0.440
4718, 0.4989, 0.452
4719, 0.5019, 0.442
4720, 0.5149, 0.452
4721, 0.5076, 0.504
4722, 0.4923, 0.484
4723, 0.5000, 0.448
4724, 0.4967, 0.452
4725, 0.5138, 0.443
4726, 0.4934, 0.458
4727, 0.5046, 0.449
4728, 0.4976, 0.446
4729, 0.5059, 0.443
4730, 0.4922, 0.448
4731, 0.5012, 0.464
4732, 0.4942, 0.439
4733, 0.4853, 0.440
4734, 0.4970, 0.447
4735, 0.5037, 0.448
4736, 0.5053, 0.497
4737, 0.5033, 0.446
4738, 0.5084, 0.454
4739, 0.4992, 0.465
4740, 0.5002, 0.438
4741, 0.5020, 0.439
4742, 0.5066, 0.454
4743, 0.5049, 0.454
4744, 0.4946, 0.458
4745, 0.4977, 0.463
4746, 0.4922, 0.447
4747, 0.5007, 0.451
4748, 0.4933, 0.441
4749, 0.5174, 0.444
4750, 0.5058, 0.465
4751, 0.5112, 0.469
4752, 0.5097, 0.455
4753, 0.5112, 0.449
4754, 0.5086, 0.451
4755, 0.5039, 0.452
4756, 0.5042, 0.448
4757, 0.4966, 0.450
4758, 0.5033, 0.452
4759, 0.4882, 0.452
4760, 0.5096, 0.535
4761, 0.5079, 0.447
4762, 0.4975, 0.447
4763, 0.5087, 0.445
4764, 0.4948, 0.441
4765, 0.5177, 0.444
4766, 0.5043, 0.439
4767, 0.5061, 0.439
4768, 0.4963, 0.443
4769, 0.5122, 0.449
4770, 0.5027, 0.457
4771, 0.5104, 0.445
4772, 0.5074, 0.446
4773, 0.5115, 0.452
4774, 0.5108, 0.457
4775, 0.5098, 0.454
4776, 0.4960, 0.456
4777, 0.5044, 0.457
4778, 0.5113, 0.454
4779, 0.4998, 0.447
4780, 0.5066, 0.448
4781, 0.5093, 0.446
4782, 0.5079, 0.462
4783, 0.5027, 0.448
4784, 0.5077, 0.448
4785, 0.5039, 0.449
4786, 0.5037, 0.451
4787, 0.5013, 0.451
4788, 0.4941, 0.443
4789, 0.4964, 0.451
4790, 0.5021, 0.450
4791, 0.5007, 0.451
4792, 0.5044, 0.448
4793, 0.4963, 0.461
4794, 0.5068, 0.453
4795, 0.5117, 0.455
4796, 0.5176, 0.447
4797, 0.4897, 0.461
4798, 0.5045, 0.450
4799, 0.4969, 0.449
4800, 0.5049, 0.450
4801, 0.4989, 0.442
4802, 0.4970, 0.454
4803, 0.5164, 0.453
4804, 0.4975, 0.449
4805, 0.4987, 0.459
4806, 0.5005, 0.450
4807, 0.5119, 0.451
4808, 0.4996, 0.445
4809, 0.5037, 0.450
4810, 0.4969, 0.530
4811, 0.5076, 0.454
4812, 0.5216, 0.444
4813, 0.5131, 0.456
4814, 0.5060, 0.450
4815, 0.5048, 0.451
4816, 0.5068, 0.442
4817, 0.4990, 0.449
4818, 0.4825, 0.451
4819, 0.5005, 0.457
4820, 0.5106, 0.454
4821, 0.4975, 0.458
4822, 0.5031, 0.448
4823, 0.5029, 0.450
4824, 0.5036, 0.448
4825, 0.5095, 0.445
4826, 0.4894, 0.450
4827, 0.4980, 0.445
4828, 0.5134, 0.448
4829, 0.5007, 0.446
4830, 0.5015, 0.444
4831, 0.5047, 0.447
4832, 0.5025, 0.443
4833, 0.5205, 0.442
4834, 0.5100, 0.449
4835, 0.5096, 0.441
4836, 0.4940, 0.442
4837, 0.4950, 0.443
4838, 0.5116, 0.443
4839, 0.4909, 0.446
4840, 0.4994, 0.439
4841, 0.4941, 0.446
4842, 0.5241, 0.445
4843, 0.5024, 0.447
4844, 0.5105, 0.445
4845, 0.5132, 0.448
4846, 0.5007, 0.446
4847, 0.5079, 0.445
4848, 0.5058, 0.440
4849, 0.5163, 0.443
4850, 0.4981, 0.444
4851, 0.4995, 0.437
4852, 0.4975, 0.442
4853, 0.4937, 0.444
4854, 0.4936, 0.444
4855, 0.5126, 0.443
4856, 0.5122, 0.439
4857, 0.5117, 0.440
4858, 0.4929, 0.444
4859, 0.5213, 0.444
4860, 0.4969, 0.444
4861, 0.4876, 0.447
4862, 0.5076, 0.446
4863, 0.4943, 0.447
4864, 0.5067, 0.443
4865, 0.5188, 0.442
4866, 0.5122, 0.442
4867, 0.4992, 0.440
4868, 0.4931, 0.445
4869, 0.5035, 0.444
4870, 0.5046, 0.453
4871, 0.4962, 0.447
4872, 0.5075, 0.447
4873, 0.5222, 0.435
4874, 0.5092, 0.435
4875, 0.5047, 0.446
4876, 0.4981, 0.445
4877, 0.5019, 0.441
4878, 0.5127, 0.446
4879, 0.5065, 0.459
4880, 0.4986, 0.441
4881, 0.5046, 0.453
4882, 0.5086, 0.461
4883, 0.5115, 0.438
4884, 0.4846, 0.447
4885, 0.5046, 0.446
4886, 0.4914, 0.446
4887, 0.4866, 0.449
4888, 0.4956, 0.445
4889, 0.4948, 0.441
4890, 0.4838, 0.514
4891, 0.4844, 0.451
4892, 0.4958, 0.446
4893, 0.4930, 0.457
4894, 0.5090, 0.446
4895, 0.4782, 0.450
4896, 0.5060, 0.440
4897, 0.4948, 0.439
4898, 0.4808, 0.439
4899, 0.4886, 0.442
4900, 0.4707, 0.460
4901, 0.4846, 0.455
4902, 0.4798, 0.432
4903, 0.5008, 0.429
4904, 0.5149, 0.429
4905, 0.4937, 0.434
4906, 0.4864, 0.427
4907, 0.4905, 0.457
4908, 0.4953, 0.453
4909, 0.4973, 0.460
4910, 0.4976, 0.453
4911, 0.4904, 0.454
4912, 0.5160, 0.449
4913, 0.5028, 0.450
4914, 0.5130, 0.454
4915, 0.4996, 0.453
4916, 0.5012, 0.460
4917, 0.4963, 0.456
4918, 0.4794, 0.462
4919, 0.4860, 0.459
4920, 0.4910, 0.457
4921, 0.4996, 0.447
4922, 0.4896, 0.451
4923, 0.5034, 0.457
4924, 0.4928, 0.452
4925, 0.4863, 0.456
4926, 0.5005, 0.456
4927, 0.5106, 0.457
4928, 0.4778, 0.453
4929, 0.4972, 0.446
4930, 0.5038, 0.448
4931, 0.4809, 0.448
4932, 0.4946, 0.440
4933, 0.4914, 0.445
4934, 0.4774, 0.454
4935, 0.4792, 0.451
4936, 0.4697, 0.459
4937, 0.4860, 0.454
4938, 0.4883, 0.450
4939, 0.4873, 0.447
4940, 0.4792, 0.454
4941, 0.4750, 0.471
4942, 0.4910, 0.452
4943, 0.4925, 0.452
4944, 0.4764, 0.450
4945, 0.4849, 0.524
4946, 0.4882, 0.456
4947, 0.4897, 0.448
4948, 0.4907, 0.440
4949, 0.4881, 0.445
4950, 0.4774, 0.448
4951, 0.4849, 0.445
4952, 0.4877, 0.449
4953, 0.4933, 0.443
4954, 0.4926, 0.449
4955, 0.4961, 0.446
4956, 0.4997, 0.453
4957, 0.5032, 0.451
4958, 0.4933, 0.454
4959, 0.4933, 0.462
4960, 0.4903, 0.456
4961, 0.4776, 0.453
4962, 0.5001, 0.453
4963, 0.5000, 0.455
4964, 0.4845, 0.456
4965, 0.4865, 0.457
4966, 0.4943, 0.454
4967, 0.4914, 0.451
4968, 0.4795, 0.463
4969, 0.4996, 0.459
4970, 0.4963, 0.449
4971, 0.4926, 0.453
4972, 0.4921, 0.456
4973, 0.5085, 0.456
4974, 0.4880, 0.452
4975, 0.4984, 0.459
4976, 0.4972, 0.452
4977, 0.4862, 0.460
4978, 0.4789, 0.452
4979, 0.4959, 0.452
4980, 0.4971, 0.456
4981, 0.4947, 0.458
4982, 0.4911, 0.457
4983, 0.4931, 0.451
4984, 0.4880, 0.452
4985, 0.4787, 0.450
4986, 0.4971, 0.458
4987, 0.4891, 0.452
4988, 0.4901, 0.455
4989, 0.5002, 0.452
4990, 0.4817, 0.449
4991, 0.4904, 0.455
4992, 0.5046, 0.451
4993, 0.4955, 0.450
4994, 0.4874, 0.457
4995, 0.4864, 0.456
4996, 0.4878, 0.456
4997, 0.4823, 0.465
4998, 0.4962, 0.459
4999, 0.4685, 0.456
5000, 0.4724, 0.455
