0, 0.4970, 1.666
1, 0.4997, 0.397
2, 0.4950, 0.429
3, 0.4938, 0.419
4, 0.4600, 0.417
5, 0.4686, 0.424
6, 0.5009, 0.421
7, 0.4948, 0.434
8, 0.4954, 0.488
9, 0.5024, 0.408
10, 0.4820, 0.414
11, 0.5028, 0.414
12, 0.5209, 0.406
13, 0.5042, 0.415
14, 0.4919, 0.409
15, 0.5140, 0.401
16, 0.5088, 0.398
17, 0.5086, 0.403
18, 0.4965, 0.420
19, 0.4983, 0.412
20, 0.5155, 0.395
21, 0.4882, 0.398
22, 0.5014, 0.406
23, 0.5054, 0.393
24, 0.4975, 0.394
25, 0.5050, 0.394
26, 0.4933, 0.392
27, 0.5015, 0.395
28, 0.4859, 0.402
29, 0.4810, 0.411
30, 0.4802, 0.404
31, 0.5043, 0.391
32, 0.5008, 0.392
33, 0.5126, 0.389
34, 0.4716, 0.389
35, 0.4869, 0.390
36, 0.5249, 0.392
37, 0.5061, 0.406
38, 0.5018, 0.403
39, 0.5007, 0.393
40, 0.4970, 0.395
41, 0.5103, 0.397
42, 0.5223, 0.401
43, 0.4870, 0.404
44, 0.5279, 0.394
45, 0.4840, 0.398
46, 0.5050, 0.392
47, 0.5056, 0.394
48, 0.4948, 0.392
49, 0.5007, 0.403
50, 0.5116, 0.416
51, 0.4922, 0.391
52, 0.4907, 0.393
53, 0.4925, 0.402
54, 0.4732, 0.405
55, 0.5420, 0.395
56, 0.5101, 0.395
57, 0.4756, 0.396
58, 0.5258, 0.394
59, 0.5045, 0.392
60, 0.4824, 0.392
61, 0.5090, 0.393
62, 0.5138, 0.393
63, 0.4780, 0.394
64, 0.5030, 0.392
65, 0.5124, 0.392
66, 0.4924, 0.388
67, 0.5179, 0.394
68, 0.4985, 0.391
69, 0.5176, 0.390
70, 0.4911, 0.389
71, 0.5029, 0.392
72, 0.4723, 0.390
73, 0.4880, 0.393
74, 0.5306, 0.393
75, 0.4945, 0.395
76, 0.4788, 0.393
77, 0.4912, 0.393
78, 0.5137, 0.390
79, 0.5101, 0.391
80, 0.5166, 0.391
81, 0.4861, 0.391
82, 0.4527, 0.393
83, 0.4582, 0.393
84, 0.5106, 0.412
85, 0.5371, 0.409
86, 0.4900, 0.409
87, 0.4508, 0.408
88, 0.5340, 0.397
89, 0.5135, 0.408
90, 0.4907, 0.401
91, 0.4857, 0.396
92, 0.5346, 0.398
93, 0.5193, 0.399
94, 0.4914, 0.397
95, 0.5018, 0.395
96, 0.4715, 0.398
97, 0.4715, 0.397
98, 0.5011, 0.392
99, 0.5127, 0.391
100, 0.5230, 0.391
101, 0.5137, 0.392
102, 0.5231, 0.389
103, 0.5072, 0.393
104, 0.5103, 0.400
105, 0.5012, 0.395
106, 0.5018, 0.406
107, 0.5020, 0.396
108, 0.4895, 0.399
109, 0.5119, 0.399
110, 0.5052, 0.395
111, 0.4867, 0.404
112, 0.5017, 0.406
113, 0.5123, 0.396
114, 0.4895, 0.410
115, 0.5109, 0.412
116, 0.5103, 0.409
117, 0.5129, 0.414
118, 0.4971, 0.398
119, 0.4893, 0.398
120, 0.5047, 0.402
121, 0.5227, 0.400
122, 0.4923, 0.395
123, 0.5033, 0.398
124, 0.5113, 0.403
125, 0.5134, 0.402
126, 0.5009, 0.399
127, 0.5058, 0.390
128, 0.4825, 0.395
129, 0.4860, 0.401
130, 0.4772, 0.420
131, 0.5035, 0.392
132, 0.5132, 0.391
133, 0.4874, 0.391
134, 0.5044, 0.397
135, 0.4995, 0.396
136, 0.4946, 0.395
137, 0.4886, 0.393
138, 0.5102, 0.392
139, 0.5002, 0.394
140, 0.5015, 0.395
141, 0.4804, 0.393
142, 0.4802, 0.406
143, 0.5010, 0.410
144, 0.4858, 0.395
145, 0.4832, 0.400
146, 0.4937, 0.428
147, 0.5482, 0.396
148, 0.5101, 0.394
149, 0.4938, 0.393
150, 0.4943, 0.395
151, 0.5110, 0.396
152, 0.5016, 0.393
153, 0.5255, 0.392
154, 0.5040, 0.393
155, 0.4943, 0.395
156, 0.5080, 0.394
157, 0.5158, 0.395
158, 0.4929, 0.395
159, 0.5024, 0.395
160, 0.4741, 0.427
161, 0.4977, 0.400
162, 0.4929, 0.400
163, 0.4928, 0.394
164, 0.5346, 0.393
165, 0.5293, 0.393
166, 0.4869, 0.394
167, 0.4766, 0.396
168, 0.5031, 0.395
169, 0.4997, 0.392
170, 0.4898, 0.393
171, 0.4795, 0.393
172, 0.5075, 0.394
173, 0.5031, 0.392
174, 0.4978, 0.393
175, 0.4859, 0.395
176, 0.5183, 0.396
177, 0.5014, 0.432
178, 0.5165, 0.460
179, 0.4969, 0.445
180, 0.5009, 0.448
181, 0.4963, 0.447
182, 0.4835, 0.450
183, 0.4877, 0.449
184, 0.5032, 0.451
185, 0.4871, 0.450
186, 0.4973, 0.448
187, 0.5104, 0.447
188, 0.4931, 0.451
189, 0.4844, 0.448
190, 0.4817, 0.448
191, 0.4954, 0.447
192, 0.4865, 0.452
193, 0.5258, 0.451
194, 0.4866, 0.450
195, 0.5336, 0.448
196, 0.5107, 0.449
197, 0.4892, 0.449
198, 0.5238, 0.446
199, 0.4664, 0.444
200, 0.4750, 0.443
201, 0.4986, 0.428
202, 0.5385, 0.419
203, 0.4918, 0.406
204, 0.4891, 0.402
205, 0.5278, 0.415
206, 0.5058, 0.429
207, 0.4894, 0.429
208, 0.5405, 0.465
209, 0.5051, 0.405
210, 0.5008, 0.410
211, 0.4791, 0.409
212, 0.5061, 0.409
213, 0.5002, 0.407
214, 0.5000, 0.404
215, 0.5365, 0.405
216, 0.4989, 0.400
217, 0.5076, 0.413
218, 0.4972, 0.402
219, 0.4711, 0.395
220, 0.5275, 0.393
221, 0.5123, 0.408
222, 0.5001, 0.393
223, 0.4979, 0.391
224, 0.5027, 0.388
225, 0.5093, 0.392
226, 0.4875, 0.392
227, 0.4945, 0.391
228, 0.4692, 0.392
229, 0.4894, 0.390
230, 0.4990, 0.392
231, 0.4985, 0.391
232, 0.4952, 0.389
233, 0.5020, 0.390
234, 0.4855, 0.394
235, 0.4912, 0.396
236, 0.4792, 0.394
237, 0.4574, 0.394
238, 0.5150, 0.390
239, 0.5224, 0.391
240, 0.5359, 0.392
241, 0.5101, 0.391
242, 0.5299, 0.390
243, 0.4763, 0.390
244, 0.4944, 0.392
245, 0.4918, 0.392
246, 0.4870, 0.391
247, 0.5130, 0.388
248, 0.4973, 0.389
249, 0.5100, 0.389
250, 0.5189, 0.392
251, 0.5004, 0.395
252, 0.4721, 0.392
253, 0.4914, 0.395
254, 0.4915, 0.394
255, 0.5205, 0.391
256, 0.5014, 0.389
257, 0.4954, 0.392
258, 0.4930, 0.391
259, 0.4901, 0.391
260, 0.5106, 0.391
261, 0.4833, 0.389
262, 0.4963, 0.392
263, 0.5016, 0.392
264, 0.5437, 0.402
265, 0.4738, 0.389
266, 0.4949, 0.390
267, 0.4770, 0.392
268, 0.4930, 0.395
269, 0.4440, 0.394
270, 0.4637, 0.387
271, 0.5767, 0.391
272, 0.4832, 0.390
273, 0.4981, 0.391
274, 0.4896, 0.402
275, 0.4820, 0.392
276, 0.4717, 0.394
277, 0.4663, 0.391
278, 0.4754, 0.392
279, 0.4764, 0.388
280, 0.5213, 0.391
281, 0.4565, 0.389
282, 0.4683, 0.391
283, 0.4392, 0.392
284, 0.4315, 0.392
285, 0.4269, 0.395
286, 0.5238, 0.392
287, 0.4648, 0.391
288, 0.4762, 0.388
289, 0.4651, 0.391
290, 0.4729, 0.391
291, 0.4163, 0.392
292, 0.3193, 0.392
293, 0.3526, 0.388
294, 0.3909, 0.390
295, 0.5272, 0.391
296, 0.3895, 0.391
297, 0.4502, 0.389
298, 0.4274, 0.389
299, 0.3557, 0.391
300, 0.3826, 0.408
301, 0.3960, 0.395
302, 0.3567, 0.389
303, 0.2551, 0.393
304, 0.2436, 0.391
305, 0.3548, 0.390
306, 0.4831, 0.388
307, 0.2415, 0.392
308, 0.3807, 0.391
309, 0.3773, 0.394
310, 0.3484, 0.386
311, 0.3561, 0.402
312, 0.3252, 0.392
313, 0.4361, 0.393
314, 0.4266, 0.388
315, 0.3350, 0.391
316, 0.3501, 0.392
317, 0.4042, 0.396
318, 0.2786, 0.391
319, 0.4045, 0.393
320, 0.4074, 0.393
321, 0.4627, 0.391
322, 0.3768, 0.390
323, 0.2694, 0.393
324, 0.3265, 0.391
325, 0.3722, 0.392
326, 0.4080, 0.393
327, 0.4471, 0.391
328, 0.4013, 0.394
329, 0.3263, 0.411
330, 0.2680, 0.393
331, 0.3037, 0.391
332, 0.4304, 0.391
333, 0.2642, 0.394
334, 0.3165, 0.389
335, 0.2533, 0.394
336, 0.3032, 0.396
337, 0.2527, 0.392
338, 0.2788, 0.392
339, 0.2294, 0.393
340, 0.3246, 0.393
341, 0.3296, 0.396
342, 0.2869, 0.394
343, 0.2039, 0.397
344, 0.2557, 0.396
345, 0.3381, 0.395
346, 0.2710, 0.395
347, 0.3376, 0.394
348, 0.4092, 0.393
349, 0.3526, 0.408
350, 0.3115, 0.409
351, 0.3079, 0.395
352, 0.2137, 0.395
353, 0.2698, 0.393
354, 0.2996, 0.393
355, 0.3720, 0.422
356, 0.3498, 0.440
357, 0.2542, 0.447
358, 0.3505, 0.452
359, 0.3943, 0.451
360, 0.3685, 0.453
361, 0.4156, 0.423
362, 0.4242, 0.452
363, 0.3088, 0.428
364, 0.3399, 0.398
365, 0.2732, 0.404
366, 0.3897, 0.392
367, 0.3238, 0.390
368, 0.3022, 0.397
369, 0.2770, 0.395
370, 0.2650, 0.393
371, 0.2693, 0.403
372, 0.2474, 0.418
373, 0.3087, 0.418
374, 0.3218, 0.414
375, 0.2761, 0.420
376, 0.2975, 0.410
377, 0.3238, 0.409
378, 0.2804, 0.408
379, 0.1910, 0.406
380, 0.1625, 0.400
381, 0.2545, 0.395
382, 0.3200, 0.401
383, 0.2186, 0.402
384, 0.3404, 0.395
385, 0.4668, 0.396
386, 0.3326, 0.395
387, 0.2886, 0.398
388, 0.4258, 0.394
389, 0.3484, 0.392
390, 0.2764, 0.391
391, 0.3233, 0.393
392, 0.2438, 0.395
393, 0.3653, 0.399
394, 0.2848, 0.392
395, 0.2817, 0.393
396, 0.2934, 0.392
397, 0.3202, 0.394
398, 0.3397, 0.394
399, 0.3002, 0.393
400, 0.3165, 0.396
401, 0.3903, 0.383
402, 0.2396, 0.399
403, 0.2946, 0.396
404, 0.2295, 0.396
405, 0.3043, 0.404
406, 0.2540, 0.396
407, 0.2543, 0.399
408, 0.3543, 0.406
409, 0.2346, 0.453
410, 0.3037, 0.389
411, 0.3002, 0.389
412, 0.3039, 0.389
413, 0.2760, 0.388
414, 0.3488, 0.389
415, 0.2939, 0.393
416, 0.3829, 0.392
417, 0.3589, 0.397
418, 0.3638, 0.403
419, 0.3961, 0.391
420, 0.2409, 0.390
421, 0.2591, 0.392
422, 0.3858, 0.391
423, 0.2763, 0.395
424, 0.2328, 0.401
425, 0.2642, 0.389
426, 0.2202, 0.390
427, 0.2760, 0.391
428, 0.2384, 0.391
429, 0.3134, 0.391
430, 0.4362, 0.393
431, 0.3653, 0.393
432, 0.3306, 0.391
433, 0.3152, 0.389
434, 0.3617, 0.386
435, 0.2854, 0.391
436, 0.2192, 0.392
437, 0.3024, 0.393
438, 0.3254, 0.389
439, 0.2654, 0.394
440, 0.2826, 0.396
441, 0.2421, 0.391
442, 0.3607, 0.390
443, 0.3592, 0.387
444, 0.2479, 0.390
445, 0.1937, 0.391
446, 0.2559, 0.392
447, 0.2719, 0.392
448, 0.3639, 0.392
449, 0.2718, 0.391
450, 0.2621, 0.390
451, 0.2274, 0.391
452, 0.3102, 0.387
453, 0.2574, 0.392
454, 0.2426, 0.390
455, 0.3249, 0.395
456, 0.2297, 0.397
457, 0.3481, 0.388
458, 0.2526, 0.390
459, 0.2499, 0.390
460, 0.3667, 0.391
461, 0.2841, 0.390
462, 0.2970, 0.392
463, 0.2522, 0.393
464, 0.2245, 0.393
465, 0.3831, 0.390
466, 0.2036, 0.387
467, 0.2527, 0.391
468, 0.1409, 0.392
469, 0.2877, 0.392
470, 0.1847, 0.390
471, 0.1868, 0.395
472, 0.3405, 0.395
473, 0.2469, 0.390
474, 0.3403, 0.390
475, 0.2505, 0.386
476, 0.2904, 0.390
477, 0.4273, 0.391
478, 0.2535, 0.393
479, 0.2480, 0.392
480, 0.1914, 0.394
481, 0.1433, 0.391
482, 0.3638, 0.390
483, 0.3467, 0.391
484, 0.2578, 0.387
485, 0.2557, 0.391
486, 0.2535, 0.391
487, 0.1894, 0.406
488, 0.2846, 0.395
489, 0.3037, 0.396
490, 0.2616, 0.403
491, 0.2009, 0.393
492, 0.3193, 0.391
493, 0.2411, 0.389
494, 0.3635, 0.391
495, 0.2775, 0.393
496, 0.2201, 0.394
497, 0.3254, 0.392
498, 0.1850, 0.390
499, 0.1924, 0.391
500, 0.3253, 0.391
501, 0.2741, 0.392
502, 0.1821, 0.387
503, 0.2163, 0.391
504, 0.2463, 0.395
505, 0.2417, 0.391
506, 0.3361, 0.390
507, 0.3388, 0.389
508, 0.2294, 0.394
509, 0.2627, 0.390
510, 0.2425, 0.391
511, 0.3666, 0.390
512, 0.3172, 0.393
513, 0.3110, 0.405
514, 0.3152, 0.391
515, 0.3261, 0.391
516, 0.2450, 0.392
517, 0.2456, 0.400
518, 0.2148, 0.393
519, 0.4474, 0.393
520, 0.4196, 0.397
521, 0.2138, 0.391
522, 0.2160, 0.391
523, 0.3098, 0.387
524, 0.2378, 0.389
525, 0.3048, 0.390
526, 0.2001, 0.392
527, 0.2733, 0.389
528, 0.3010, 0.394
529, 0.2696, 0.388
530, 0.2706, 0.420
531, 0.2562, 0.392
532, 0.1388, 0.393
533, 0.2071, 0.395
534, 0.2213, 0.394
535, 0.3191, 0.433
536, 0.1985, 0.454
537, 0.3109, 0.443
538, 0.4071, 0.438
539, 0.3976, 0.446
540, 0.3148, 0.446
541, 0.2880, 0.447
542, 0.2324, 0.441
543, 0.3253, 0.448
544, 0.2390, 0.451
545, 0.2655, 0.453
546, 0.2250, 0.453
547, 0.2116, 0.451
548, 0.3163, 0.451
549, 0.2402, 0.452
550, 0.2072, 0.450
551, 0.3188, 0.445
552, 0.3521, 0.448
553, 0.2587, 0.448
554, 0.2643, 0.447
555, 0.2644, 0.451
556, 0.3908, 0.448
557, 0.4992, 0.444
558, 0.2993, 0.440
559, 0.2133, 0.441
560, 0.2727, 0.437
561, 0.2634, 0.440
562, 0.2320, 0.442
563, 0.3365, 0.442
564, 0.3202, 0.438
565, 0.2976, 0.440
566, 0.1982, 0.439
567, 0.2418, 0.444
568, 0.2037, 0.445
569, 0.1971, 0.447
570, 0.2037, 0.446
571, 0.2915, 0.446
572, 0.2287, 0.446
573, 0.2363, 0.443
574, 0.2289, 0.440
575, 0.2608, 0.442
576, 0.2589, 0.438
577, 0.1933, 0.440
578, 0.2252, 0.441
579, 0.2860, 0.445
580, 0.2370, 0.441
581, 0.2998, 0.440
582, 0.2299, 0.441
583, 0.2148, 0.444
584, 0.3065, 0.447
585, 0.2778, 0.447
586, 0.2074, 0.447
587, 0.2243, 0.448
588, 0.2359, 0.447
589, 0.4302, 0.444
590, 0.4037, 0.440
591, 0.1910, 0.442
592, 0.3276, 0.441
593, 0.2751, 0.440
594, 0.2241, 0.440
595, 0.1973, 0.441
596, 0.2383, 0.442
597, 0.1472, 0.442
598, 0.1995, 0.440
599, 0.2800, 0.443
600, 0.2251, 0.448
601, 0.2345, 0.429
602, 0.2402, 0.421
603, 0.2964, 0.408
604, 0.2639, 0.415
605, 0.1834, 0.414
606, 0.1964, 0.431
607, 0.2393, 0.433
608, 0.2400, 0.489
609, 0.2606, 0.402
610, 0.2880, 0.399
611, 0.3724, 0.399
612, 0.1700, 0.410
613, 0.2683, 0.413
614, 0.2034, 0.415
615, 0.3139, 0.406
616, 0.1917, 0.414
617, 0.2631, 0.405
618, 0.2627, 0.408
619, 0.2631, 0.399
620, 0.2487, 0.396
621, 0.1905, 0.395
622, 0.2174, 0.395
623, 0.4981, 0.395
624, 0.3359, 0.392
625, 0.2774, 0.396
626, 0.3202, 0.402
627, 0.2370, 0.404
628, 0.2559, 0.398
629, 0.1692, 0.388
630, 0.2545, 0.397
631, 0.1628, 0.396
632, 0.2441, 0.396
633, 0.2858, 0.389
634, 0.2144, 0.396
635, 0.3230, 0.397
636, 0.2025, 0.399
637, 0.1659, 0.399
638, 0.1880, 0.392
639, 0.3831, 0.395
640, 0.2999, 0.396
641, 0.3224, 0.394
642, 0.2973, 0.393
643, 0.2111, 0.390
644, 0.2377, 0.391
645, 0.1533, 0.396
646, 0.1834, 0.392
647, 0.2129, 0.387
648, 0.2155, 0.396
649, 0.2855, 0.390
650, 0.1624, 0.390
651, 0.3016, 0.392
652, 0.2563, 0.395
653, 0.2157, 0.393
654, 0.2821, 0.395
655, 0.2821, 0.399
656, 0.2301, 0.400
657, 0.2254, 0.391
658, 0.1826, 0.392
659, 0.1654, 0.396
660, 0.2253, 0.390
661, 0.2396, 0.391
662, 0.1992, 0.392
663, 0.1603, 0.395
664, 0.2718, 0.400
665, 0.1724, 0.390
666, 0.2947, 0.398
667, 0.2497, 0.406
668, 0.2546, 0.390
669, 0.2117, 0.389
670, 0.2406, 0.410
671, 0.2443, 0.391
672, 0.1757, 0.394
673, 0.3118, 0.393
674, 0.1900, 0.393
675, 0.2574, 0.391
676, 0.2075, 0.386
677, 0.1674, 0.390
678, 0.1801, 0.390
679, 0.2718, 0.391
680, 0.2036, 0.388
681, 0.2705, 0.391
682, 0.2705, 0.392
683, 0.1525, 0.394
684, 0.1730, 0.392
685, 0.2242, 0.389
686, 0.2415, 0.391
687, 0.2052, 0.407
688, 0.2173, 0.395
689, 0.2114, 0.393
690, 0.2559, 0.392
691, 0.2404, 0.407
692, 0.2735, 0.400
693, 0.2444, 0.396
694, 0.2706, 0.389
695, 0.1715, 0.396
696, 0.2726, 0.391
697, 0.2195, 0.390
698, 0.2166, 0.393
699, 0.1780, 0.391
700, 0.2077, 0.391
701, 0.1683, 0.390
702, 0.2019, 0.405
703, 0.1586, 0.390
704, 0.1505, 0.396
705, 0.2503, 0.393
706, 0.2989, 0.392
707, 0.2006, 0.394
708, 0.1958, 0.397
709, 0.1774, 0.391
710, 0.1308, 0.391
711, 0.3836, 0.391
712, 0.2448, 0.391
713, 0.3646, 0.388
714, 0.2968, 0.390
715, 0.2911, 0.391
716, 0.2058, 0.403
717, 0.2206, 0.391
718, 0.1637, 0.406
719, 0.2718, 0.391
720, 0.2355, 0.393
721, 0.2797, 0.394
722, 0.2834, 0.388
723, 0.2587, 0.393
724, 0.1808, 0.392
725, 0.2150, 0.393
726, 0.2620, 0.389
727, 0.2563, 0.391
728, 0.3126, 0.392
729, 0.2625, 0.389
730, 0.2751, 0.389
731, 0.2511, 0.387
732, 0.2238, 0.388
733, 0.2657, 0.392
734, 0.1704, 0.390
735, 0.1789, 0.414
736, 0.1529, 0.396
737, 0.1766, 0.389
738, 0.2266, 0.390
739, 0.2833, 0.393
740, 0.2590, 0.393
741, 0.3123, 0.396
742, 0.2415, 0.396
743, 0.1931, 0.393
744, 0.2380, 0.394
745, 0.1538, 0.393
746, 0.1522, 0.392
747, 0.2204, 0.393
748, 0.2470, 0.392
749, 0.2529, 0.396
750, 0.2699, 0.398
751, 0.2721, 0.396
752, 0.2744, 0.407
753, 0.1817, 0.407
754, 0.2097, 0.395
755, 0.3282, 0.395
756, 0.1786, 0.395
757, 0.2435, 0.395
758, 0.2277, 0.396
759, 0.1791, 0.393
760, 0.2102, 0.393
761, 0.1815, 0.392
762, 0.1988, 0.396
763, 0.2729, 0.393
764, 0.2500, 0.394
765, 0.3084, 0.395
766, 0.2581, 0.397
767, 0.2599, 0.396
768, 0.2048, 0.426
769, 0.1538, 0.448
770, 0.3031, 0.444
771, 0.2486, 0.417
772, 0.2235, 0.443
773, 0.2386, 0.444
774, 0.2200, 0.451
775, 0.1540, 0.448
776, 0.2920, 0.451
777, 0.2701, 0.446
778, 0.2384, 0.445
779, 0.2384, 0.447
780, 0.2243, 0.447
781, 0.2329, 0.448
782, 0.2211, 0.438
783, 0.2158, 0.425
784, 0.1972, 0.449
785, 0.2636, 0.447
786, 0.2687, 0.451
787, 0.4152, 0.449
788, 0.2871, 0.447
789, 0.2262, 0.449
790, 0.2130, 0.445
791, 0.1663, 0.445
792, 0.1813, 0.441
793, 0.2631, 0.441
794, 0.2632, 0.440
795, 0.1802, 0.441
796, 0.2276, 0.438
797, 0.2741, 0.442
798, 0.2332, 0.451
799, 0.2134, 0.453
800, 0.2016, 0.444
801, 0.2955, 0.425
802, 0.1736, 0.419
803, 0.2379, 0.419
804, 0.2052, 0.421
805, 0.1872, 0.431
806, 0.2786, 0.429
807, 0.2558, 0.436
808, 0.2050, 0.466
809, 0.1098, 0.418
810, 0.1654, 0.415
811, 0.1987, 0.411
812, 0.1600, 0.402
813, 0.1897, 0.411
814, 0.2004, 0.414
815, 0.1941, 0.404
816, 0.1755, 0.401
817, 0.2371, 0.415
818, 0.2233, 0.409
819, 0.2383, 0.420
820, 0.2283, 0.410
821, 0.2285, 0.413
822, 0.2132, 0.407
823, 0.2634, 0.395
824, 0.2695, 0.397
825, 0.1788, 0.397
826, 0.1380, 0.401
827, 0.2117, 0.404
828, 0.1442, 0.402
829, 0.1986, 0.394
830, 0.2038, 0.407
831, 0.1791, 0.393
832, 0.1871, 0.399
833, 0.2697, 0.393
834, 0.1932, 0.391
835, 0.1657, 0.393
836, 0.2099, 0.395
837, 0.2000, 0.394
838, 0.2573, 0.410
839, 0.2118, 0.394
840, 0.2386, 0.417
841, 0.2772, 0.408
842, 0.1440, 0.398
843, 0.2341, 0.396
844, 0.1850, 0.404
845, 0.1492, 0.395
846, 0.1922, 0.393
847, 0.2174, 0.391
848, 0.1803, 0.391
849, 0.2638, 0.390
850, 0.2610, 0.399
851, 0.2324, 0.392
852, 0.2170, 0.394
853, 0.1676, 0.394
854, 0.2060, 0.394
855, 0.1944, 0.395
856, 0.1251, 0.395
857, 0.2596, 0.394
858, 0.2062, 0.392
859, 0.2265, 0.398
860, 0.1919, 0.393
861, 0.2243, 0.392
862, 0.2338, 0.407
863, 0.2910, 0.395
864, 0.2030, 0.406
865, 0.3410, 0.390
866, 0.1931, 0.393
867, 0.3016, 0.397
868, 0.2345, 0.394
869, 0.2236, 0.394
870, 0.2096, 0.411
871, 0.1570, 0.399
872, 0.1857, 0.402
873, 0.2704, 0.394
874, 0.2123, 0.402
875, 0.1034, 0.413
876, 0.1421, 0.407
877, 0.1648, 0.400
878, 0.2666, 0.393
879, 0.3676, 0.397
880, 0.1533, 0.393
881, 0.2448, 0.392
882, 0.1527, 0.394
883, 0.1144, 0.399
884, 0.2016, 0.405
885, 0.2003, 0.396
886, 0.2041, 0.392
887, 0.1634, 0.389
888, 0.3384, 0.410
889, 0.1805, 0.394
890, 0.1972, 0.391
891, 0.2901, 0.398
892, 0.2425, 0.411
893, 0.2003, 0.392
894, 0.2317, 0.398
895, 0.1150, 0.393
896, 0.0828, 0.394
897, 0.1850, 0.400
898, 0.2239, 0.407
899, 0.1795, 0.414
900, 0.2442, 0.405
901, 0.1621, 0.396
902, 0.1307, 0.412
903, 0.2802, 0.411
904, 0.2102, 0.400
905, 0.1673, 0.397
906, 0.1357, 0.401
907, 0.2368, 0.399
908, 0.1580, 0.406
909, 0.2013, 0.411
910, 0.1803, 0.419
911, 0.2012, 0.401
912, 0.1629, 0.396
913, 0.2161, 0.398
914, 0.2657, 0.401
915, 0.1910, 0.410
916, 0.1698, 0.404
917, 0.1804, 0.406
918, 0.2071, 0.392
919, 0.1431, 0.400
920, 0.2173, 0.404
921, 0.2334, 0.404
922, 0.2746, 0.406
923, 0.2314, 0.417
924, 0.1360, 0.409
925, 0.1905, 0.398
926, 0.2324, 0.410
927, 0.1817, 0.407
928, 0.2454, 0.401
929, 0.1697, 0.399
930, 0.1291, 0.389
931, 0.1931, 0.395
932, 0.1389, 0.398
933, 0.1840, 0.404
934, 0.2092, 0.402
935, 0.1394, 0.393
936, 0.1948, 0.400
937, 0.3326, 0.400
938, 0.1764, 0.395
939, 0.1611, 0.406
940, 0.2323, 0.412
941, 0.3163, 0.398
942, 0.1682, 0.397
943, 0.2741, 0.396
944, 0.1766, 0.397
945, 0.2567, 0.395
946, 0.2676, 0.407
947, 0.2463, 0.406
948, 0.1540, 0.393
949, 0.2158, 0.393
950, 0.1612, 0.392
951, 0.2085, 0.394
952, 0.2229, 0.396
953, 0.0756, 0.393
954, 0.1887, 0.390
955, 0.1807, 0.389
956, 0.3250, 0.391
957, 0.1906, 0.398
958, 0.2102, 0.397
959, 0.1889, 0.396
960, 0.2006, 0.398
961, 0.1508, 0.394
962, 0.2354, 0.396
963, 0.3128, 0.399
964, 0.2512, 0.398
965, 0.1767, 0.394
966, 0.3616, 0.395
967, 0.1478, 0.394
968, 0.1947, 0.395
969, 0.2291, 0.396
970, 0.2108, 0.407
971, 0.1641, 0.410
972, 0.1827, 0.396
973, 0.1761, 0.397
974, 0.1464, 0.396
975, 0.1453, 0.396
976, 0.1995, 0.397
977, 0.2174, 0.394
978, 0.2128, 0.393
979, 0.1573, 0.393
980, 0.1873, 0.392
981, 0.2318, 0.392
982, 0.2799, 0.394
983, 0.2715, 0.393
984, 0.2175, 0.395
985, 0.2618, 0.395
986, 0.2094, 0.392
987, 0.1638, 0.395
988, 0.2665, 0.397
989, 0.1989, 0.398
990, 0.1812, 0.397
991, 0.2266, 0.395
992, 0.2321, 0.414
993, 0.2294, 0.424
994, 0.1957, 0.449
995, 0.1305, 0.442
996, 0.1477, 0.447
997, 0.1768, 0.448
998, 0.2165, 0.449
999, 0.2267, 0.449
1000, 0.1821, 0.450
1001, 0.2238, 0.425
1002, 0.2311, 0.400
1003, 0.2078, 0.400
1004, 0.1664, 0.393
1005, 0.1471, 0.413
1006, 0.2178, 0.417
1007, 0.1533, 0.416
1008, 0.2270, 0.437
1009, 0.2193, 0.411
1010, 0.2350, 0.414
1011, 0.1825, 0.411
1012, 0.2108, 0.420
1013, 0.2633, 0.422
1014, 0.2345, 0.423
1015, 0.2498, 0.410
1016, 0.4656, 0.413
1017, 0.2945, 0.403
1018, 0.1751, 0.403
1019, 0.2503, 0.394
1020, 0.3184, 0.392
1021, 0.3367, 0.408
1022, 0.2226, 0.396
1023, 0.2371, 0.400
1024, 0.1389, 0.397
1025, 0.2210, 0.406
1026, 0.2260, 0.399
1027, 0.1913, 0.401
1028, 0.2536, 0.393
1029, 0.1607, 0.400
1030, 0.2511, 0.392
1031, 0.1447, 0.390
1032, 0.2016, 0.391
1033, 0.2759, 0.388
1034, 0.1757, 0.392
1035, 0.1921, 0.396
1036, 0.2559, 0.393
1037, 0.2107, 0.390
1038, 0.1775, 0.402
1039, 0.1821, 0.402
1040, 0.2166, 0.406
1041, 0.1446, 0.390
1042, 0.2234, 0.399
1043, 0.1555, 0.391
1044, 0.1597, 0.391
1045, 0.2523, 0.390
1046, 0.1681, 0.393
1047, 0.2179, 0.393
1048, 0.2227, 0.391
1049, 0.0871, 0.391
1050, 0.1428, 0.389
1051, 0.1363, 0.396
1052, 0.1646, 0.398
1053, 0.2951, 0.392
1054, 0.1787, 0.390
1055, 0.1803, 0.392
1056, 0.0840, 0.393
1057, 0.2488, 0.392
1058, 0.1705, 0.387
1059, 0.1682, 0.391
1060, 0.2033, 0.392
1061, 0.2067, 0.391
1062, 0.1569, 0.388
1063, 0.1323, 0.394
1064, 0.2743, 0.392
1065, 0.2640, 0.392
1066, 0.2068, 0.387
1067, 0.2628, 0.391
1068, 0.2317, 0.391
1069, 0.2089, 0.393
1070, 0.2698, 0.392
1071, 0.1197, 0.389
1072, 0.2697, 0.394
1073, 0.1400, 0.393
1074, 0.2325, 0.390
1075, 0.2352, 0.390
1076, 0.2117, 0.392
1077, 0.1958, 0.408
1078, 0.2138, 0.393
1079, 0.1609, 0.408
1080, 0.1848, 0.393
1081, 0.2192, 0.396
1082, 0.1571, 0.389
1083, 0.1179, 0.391
1084, 0.1632, 0.389
1085, 0.1902, 0.389
1086, 0.2368, 0.392
1087, 0.2888, 0.401
1088, 0.1777, 0.395
1089, 0.2166, 0.390
1090, 0.2050, 0.392
1091, 0.1508, 0.393
1092, 0.1857, 0.397
1093, 0.1249, 0.392
1094, 0.1620, 0.395
1095, 0.1526, 0.395
1096, 0.1204, 0.408
1097, 0.1384, 0.388
1098, 0.2011, 0.397
1099, 0.1340, 0.402
1100, 0.2245, 0.389
1101, 0.1435, 0.391
1102, 0.2054, 0.390
1103, 0.2287, 0.392
1104, 0.1360, 0.393
1105, 0.1431, 0.407
1106, 0.2311, 0.390
1107, 0.2182, 0.392
1108, 0.1587, 0.392
1109, 0.1718, 0.392
1110, 0.1235, 0.394
1111, 0.1599, 0.390
1112, 0.3094, 0.393
1113, 0.2024, 0.391
1114, 0.2172, 0.404
1115, 0.1901, 0.390
1116, 0.1795, 0.390
1117, 0.1879, 0.399
1118, 0.1940, 0.394
1119, 0.2154, 0.389
1120, 0.2172, 0.394
1121, 0.1683, 0.391
1122, 0.2069, 0.391
1123, 0.2362, 0.390
1124, 0.1963, 0.389
1125, 0.1588, 0.391
1126, 0.1349, 0.393
1127, 0.1871, 0.409
1128, 0.1884, 0.399
1129, 0.2224, 0.394
1130, 0.1673, 0.392
1131, 0.2042, 0.391
1132, 0.1953, 0.392
1133, 0.1418, 0.390
1134, 0.3404, 0.423
1135, 0.3072, 0.441
1136, 0.1002, 0.445
1137, 0.1764, 0.448
1138, 0.1728, 0.445
1139, 0.2953, 0.443
1140, 0.2238, 0.446
1141, 0.1646, 0.448
1142, 0.1156, 0.457
1143, 0.1265, 0.456
1144, 0.2357, 0.458
1145, 0.1865, 0.451
1146, 0.2823, 0.451
1147, 0.1606, 0.448
1148, 0.2013, 0.449
1149, 0.1705, 0.452
1150, 0.1064, 0.449
1151, 0.2360, 0.448
1152, 0.1611, 0.448
1153, 0.1330, 0.448
1154, 0.1277, 0.448
1155, 0.1832, 0.446
1156, 0.1492, 0.445
1157, 0.2369, 0.441
1158, 0.2833, 0.440
1159, 0.2041, 0.441
1160, 0.2485, 0.440
1161, 0.2219, 0.440
1162, 0.1934, 0.441
1163, 0.2333, 0.438
1164, 0.2620, 0.438
1165, 0.2463, 0.437
1166, 0.1794, 0.443
1167, 0.1634, 0.445
1168, 0.1451, 0.447
1169, 0.2370, 0.447
1170, 0.1626, 0.447
1171, 0.2046, 0.446
1172, 0.1993, 0.445
1173, 0.1781, 0.441
1174, 0.1841, 0.440
1175, 0.2254, 0.442
1176, 0.2716, 0.441
1177, 0.1926, 0.441
1178, 0.1559, 0.441
1179, 0.1244, 0.441
1180, 0.1659, 0.426
1181, 0.1760, 0.438
1182, 0.2381, 0.442
1183, 0.1232, 0.447
1184, 0.1317, 0.446
1185, 0.1846, 0.446
1186, 0.1918, 0.445
1187, 0.1568, 0.448
1188, 0.2249, 0.444
1189, 0.1442, 0.439
1190, 0.2061, 0.441
1191, 0.2871, 0.403
1192, 0.0917, 0.413
1193, 0.1967, 0.411
1194, 0.1680, 0.404
1195, 0.1941, 0.404
1196, 0.2305, 0.409
1197, 0.1704, 0.407
1198, 0.1574, 0.407
1199, 0.1366, 0.422
1200, 0.1971, 0.418
1201, 0.0898, 0.397
1202, 0.1547, 0.415
1203, 0.1059, 0.424
1204, 0.1511, 0.419
1205, 0.2100, 0.428
1206, 0.2339, 0.419
1207, 0.1252, 0.403
1208, 0.2583, 0.413
1209, 0.1414, 0.400
1210, 0.2045, 0.392
1211, 0.1793, 0.400
1212, 0.1142, 0.402
1213, 0.1610, 0.399
1214, 0.2040, 0.400
1215, 0.2306, 0.396
1216, 0.2475, 0.398
1217, 0.1487, 0.396
1218, 0.1390, 0.394
1219, 0.1965, 0.396
1220, 0.2322, 0.394
1221, 0.0949, 0.398
1222, 0.1486, 0.397
1223, 0.1691, 0.397
1224, 0.1557, 0.403
1225, 0.1255, 0.402
1226, 0.1707, 0.403
1227, 0.2843, 0.392
1228, 0.1608, 0.391
1229, 0.2252, 0.399
1230, 0.1383, 0.396
1231, 0.2164, 0.400
1232, 0.1996, 0.398
1233, 0.1323, 0.396
1234, 0.2185, 0.396
1235, 0.2493, 0.398
1236, 0.2037, 0.398
1237, 0.2561, 0.398
1238, 0.1692, 0.395
1239, 0.2897, 0.394
1240, 0.2521, 0.394
1241, 0.1787, 0.407
1242, 0.2120, 0.396
1243, 0.1971, 0.407
1244, 0.2387, 0.390
1245, 0.2530, 0.404
1246, 0.1886, 0.395
1247, 0.2129, 0.396
1248, 0.2006, 0.394
1249, 0.2046, 0.391
1250, 0.2089, 0.404
1251, 0.2150, 0.403
1252, 0.2839, 0.407
1253, 0.2616, 0.408
1254, 0.2278, 0.397
1255, 0.2404, 0.401
1256, 0.2432, 0.392
1257, 0.1825, 0.392
1258, 0.2207, 0.394
1259, 0.1929, 0.405
1260, 0.1511, 0.392
1261, 0.1630, 0.391
1262, 0.2986, 0.390
1263, 0.1613, 0.396
1264, 0.2490, 0.394
1265, 0.1783, 0.391
1266, 0.1747, 0.390
1267, 0.2016, 0.400
1268, 0.1725, 0.403
1269, 0.1649, 0.394
1270, 0.2664, 0.391
1271, 0.1722, 0.396
1272, 0.2516, 0.395
1273, 0.2042, 0.393
1274, 0.2047, 0.401
1275, 0.2229, 0.396
1276, 0.2413, 0.399
1277, 0.2510, 0.407
1278, 0.2047, 0.391
1279, 0.1403, 0.397
1280, 0.0945, 0.418
1281, 0.2287, 0.402
1282, 0.1440, 0.392
1283, 0.1754, 0.394
1284, 0.2480, 0.403
1285, 0.1744, 0.403
1286, 0.1518, 0.396
1287, 0.1906, 0.397
1288, 0.2384, 0.391
1289, 0.1656, 0.393
1290, 0.1130, 0.404
1291, 0.0775, 0.395
1292, 0.2514, 0.393
1293, 0.1872, 0.393
1294, 0.2094, 0.391
1295, 0.1754, 0.394
1296, 0.1799, 0.394
1297, 0.1338, 0.391
1298, 0.2023, 0.407
1299, 0.2120, 0.393
1300, 0.1874, 0.398
1301, 0.1365, 0.402
1302, 0.1690, 0.394
1303, 0.2078, 0.393
1304, 0.1838, 0.393
1305, 0.2376, 0.401
1306, 0.2341, 0.404
1307, 0.1746, 0.392
1308, 0.1729, 0.393
1309, 0.1695, 0.394
1310, 0.2040, 0.393
1311, 0.1379, 0.402
1312, 0.1398, 0.395
1313, 0.2652, 0.391
1314, 0.2071, 0.390
1315, 0.1270, 0.390
1316, 0.1955, 0.391
1317, 0.2704, 0.393
1318, 0.2184, 0.393
1319, 0.1770, 0.407
1320, 0.1318, 0.393
1321, 0.2190, 0.393
1322, 0.1815, 0.395
1323, 0.1698, 0.404
1324, 0.1913, 0.393
1325, 0.1766, 0.397
1326, 0.1346, 0.393
1327, 0.1593, 0.394
1328, 0.1261, 0.395
1329, 0.1386, 0.391
1330, 0.2974, 0.400
1331, 0.2293, 0.402
1332, 0.1516, 0.400
1333, 0.2248, 0.398
1334, 0.2132, 0.392
1335, 0.2162, 0.393
1336, 0.1703, 0.394
1337, 0.1809, 0.392
1338, 0.1395, 0.395
1339, 0.1584, 0.398
1340, 0.1892, 0.399
1341, 0.2295, 0.398
1342, 0.2393, 0.396
1343, 0.2026, 0.398
1344, 0.1651, 0.395
1345, 0.1279, 0.393
1346, 0.1545, 0.391
1347, 0.1548, 0.393
1348, 0.1509, 0.407
1349, 0.1929, 0.406
1350, 0.1526, 0.394
1351, 0.3363, 0.396
1352, 0.0725, 0.395
1353, 0.1951, 0.392
1354, 0.1965, 0.394
1355, 0.1655, 0.396
1356, 0.2315, 0.396
1357, 0.1473, 0.394
1358, 0.1879, 0.396
1359, 0.2231, 0.396
1360, 0.2217, 0.395
1361, 0.1374, 0.423
1362, 0.1713, 0.440
1363, 0.1859, 0.444
1364, 0.2247, 0.440
1365, 0.1637, 0.442
1366, 0.1730, 0.446
1367, 0.1554, 0.450
1368, 0.2430, 0.449
1369, 0.1539, 0.446
1370, 0.1832, 0.448
1371, 0.2276, 0.402
1372, 0.1929, 0.410
1373, 0.2000, 0.398
1374, 0.1499, 0.398
1375, 0.2002, 0.398
1376, 0.1872, 0.398
1377, 0.2296, 0.408
1378, 0.1963, 0.414
1379, 0.1839, 0.425
1380, 0.3782, 0.418
1381, 0.1729, 0.416
1382, 0.2413, 0.408
1383, 0.2636, 0.405
1384, 0.2429, 0.406
1385, 0.2477, 0.411
1386, 0.2342, 0.413
1387, 0.1934, 0.440
1388, 0.1693, 0.429
1389, 0.2299, 0.453
1390, 0.1380, 0.447
1391, 0.0455, 0.453
1392, 0.1121, 0.455
1393, 0.1808, 0.453
1394, 0.1678, 0.452
1395, 0.2270, 0.453
1396, 0.3606, 0.456
1397, 0.2696, 0.451
1398, 0.1586, 0.445
1399, 0.1318, 0.446
1400, 0.3000, 0.445
1401, 0.2030, 0.427
1402, 0.2134, 0.417
1403, 0.1255, 0.422
1404, 0.1603, 0.409
1405, 0.1762, 0.422
1406, 0.1644, 0.420
1407, 0.1874, 0.425
1408, 0.1940, 0.461
1409, 0.2044, 0.422
1410, 0.2826, 0.416
1411, 0.1891, 0.415
1412, 0.1548, 0.409
1413, 0.2883, 0.410
1414, 0.2228, 0.409
1415, 0.1846, 0.408
1416, 0.2071, 0.402
1417, 0.1715, 0.408
1418, 0.2123, 0.412
1419, 0.1543, 0.412
1420, 0.1510, 0.401
1421, 0.2310, 0.399
1422, 0.2859, 0.415
1423, 0.2488, 0.404
1424, 0.1836, 0.399
1425, 0.1406, 0.402
1426, 0.1692, 0.400
1427, 0.1398, 0.399
1428, 0.2490, 0.399
1429, 0.1537, 0.390
1430, 0.1775, 0.397
1431, 0.2262, 0.399
1432, 0.1704, 0.398
1433, 0.1996, 0.401
1434, 0.1664, 0.397
1435, 0.1853, 0.396
1436, 0.1824, 0.427
1437, 0.2184, 0.422
1438, 0.1557, 0.399
1439, 0.1055, 0.390
1440, 0.1773, 0.396
1441, 0.1921, 0.404
1442, 0.1605, 0.398
1443, 0.1625, 0.405
1444, 0.1444, 0.407
1445, 0.2103, 0.413
1446, 0.1195, 0.405
1447, 0.1995, 0.391
1448, 0.1483, 0.391
1449, 0.1876, 0.392
1450, 0.2008, 0.396
1451, 0.1283, 0.405
1452, 0.1504, 0.390
1453, 0.1903, 0.396
1454, 0.1990, 0.404
1455, 0.2045, 0.411
1456, 0.2154, 0.406
1457, 0.1700, 0.397
1458, 0.2448, 0.404
1459, 0.1177, 0.419
1460, 0.0969, 0.405
1461, 0.1689, 0.407
1462, 0.1710, 0.407
1463, 0.2360, 0.397
1464, 0.2406, 0.393
1465, 0.1438, 0.394
1466, 0.1547, 0.394
1467, 0.1329, 0.392
1468, 0.1211, 0.392
1469, 0.2201, 0.395
1470, 0.2152, 0.409
1471, 0.1571, 0.418
1472, 0.1672, 0.397
1473, 0.2107, 0.397
1474, 0.1444, 0.399
1475, 0.1464, 0.394
1476, 0.2180, 0.392
1477, 0.1892, 0.393
1478, 0.2105, 0.395
1479, 0.1760, 0.392
1480, 0.1787, 0.393
1481, 0.2145, 0.408
1482, 0.1541, 0.392
1483, 0.1982, 0.398
1484, 0.2439, 0.401
1485, 0.1800, 0.396
1486, 0.1661, 0.396
1487, 0.1171, 0.401
1488, 0.1829, 0.397
1489, 0.1554, 0.401
1490, 0.1787, 0.397
1491, 0.1211, 0.395
1492, 0.1995, 0.399
1493, 0.1935, 0.402
1494, 0.1105, 0.397
1495, 0.1532, 0.400
1496, 0.1545, 0.400
1497, 0.1761, 0.398
1498, 0.2050, 0.396
1499, 0.2433, 0.402
1500, 0.1795, 0.401
1501, 0.2437, 0.399
1502, 0.1518, 0.393
1503, 0.1918, 0.400
1504, 0.2167, 0.403
1505, 0.2259, 0.401
1506, 0.1946, 0.396
1507, 0.1082, 0.403
1508, 0.2376, 0.401
1509, 0.1303, 0.401
1510, 0.2460, 0.392
1511, 0.1240, 0.397
1512, 0.1581, 0.393
1513, 0.1488, 0.407
1514, 0.1421, 0.404
1515, 0.1441, 0.406
1516, 0.1023, 0.397
1517, 0.1372, 0.397
1518, 0.1525, 0.399
1519, 0.2041, 0.411
1520, 0.1517, 0.398
1521, 0.1331, 0.395
1522, 0.1674, 0.403
1523, 0.2010, 0.480
1524, 0.1852, 0.399
1525, 0.2817, 0.397
1526, 0.1971, 0.397
1527, 0.1959, 0.394
1528, 0.1688, 0.395
1529, 0.2003, 0.395
1530, 0.2167, 0.398
1531, 0.1708, 0.395
1532, 0.1304, 0.393
1533, 0.2164, 0.393
1534, 0.1212, 0.396
1535, 0.1305, 0.397
1536, 0.1156, 0.399
1537, 0.1453, 0.395
1538, 0.1260, 0.402
1539, 0.1521, 0.395
1540, 0.1225, 0.396
1541, 0.1076, 0.396
1542, 0.1333, 0.396
1543, 0.1627, 0.397
1544, 0.1450, 0.396
1545, 0.0965, 0.393
1546, 0.1454, 0.393
1547, 0.2285, 0.394
1548, 0.1403, 0.393
1549, 0.2620, 0.393
1550, 0.2117, 0.395
1551, 0.1565, 0.395
1552, 0.1706, 0.409
1553, 0.1613, 0.409
1554, 0.1444, 0.396
1555, 0.1544, 0.396
1556, 0.1809, 0.397
1557, 0.0928, 0.395
1558, 0.0979, 0.395
1559, 0.1935, 0.397
1560, 0.0893, 0.397
1561, 0.1759, 0.393
1562, 0.2516, 0.394
1563, 0.1644, 0.394
1564, 0.1438, 0.395
1565, 0.1738, 0.394
1566, 0.2309, 0.395
1567, 0.2144, 0.396
1568, 0.1676, 0.394
1569, 0.1914, 0.394
1570, 0.1687, 0.399
1571, 0.1657, 0.396
1572, 0.1714, 0.395
1573, 0.1243, 0.395
1574, 0.1433, 0.395
1575, 0.1032, 0.395
1576, 0.1579, 0.395
1577, 0.1610, 0.393
1578, 0.2123, 0.396
1579, 0.1728, 0.398
1580, 0.1123, 0.387
1581, 0.1359, 0.388
1582, 0.2334, 0.392
1583, 0.1716, 0.396
1584, 0.0542, 0.396
1585, 0.1087, 0.393
1586, 0.1252, 0.395
1587, 0.1251, 0.398
1588, 0.1411, 0.396
1589, 0.1171, 0.395
1590, 0.2063, 0.396
1591, 0.1617, 0.397
1592, 0.1515, 0.397
1593, 0.1972, 0.393
1594, 0.1578, 0.395
1595, 0.1640, 0.462
1596, 0.1432, 0.408
1597, 0.1121, 0.391
1598, 0.1372, 0.392
1599, 0.1861, 0.395
1600, 0.1289, 0.395
1601, 0.1670, 0.385
1602, 0.1199, 0.398
1603, 0.1895, 0.399
1604, 0.1153, 0.410
1605, 0.1655, 0.418
1606, 0.1289, 0.399
1607, 0.1497, 0.403
1608, 0.2536, 0.407
1609, 0.1661, 0.474
1610, 0.0549, 0.392
1611, 0.2048, 0.397
1612, 0.1372, 0.395
1613, 0.1341, 0.388
1614, 0.1572, 0.396
1615, 0.1277, 0.395
1616, 0.1434, 0.394
1617, 0.1518, 0.398
1618, 0.1798, 0.392
1619, 0.1816, 0.399
1620, 0.1685, 0.396
1621, 0.1402, 0.393
1622, 0.3054, 0.395
1623, 0.1811, 0.395
1624, 0.1521, 0.411
1625, 0.1875, 0.399
1626, 0.2167, 0.391
1627, 0.2304, 0.391
1628, 0.1533, 0.389
1629, 0.1608, 0.392
1630, 0.1229, 0.391
1631, 0.1830, 0.392
1632, 0.1690, 0.392
1633, 0.1109, 0.408
1634, 0.2389, 0.389
1635, 0.1810, 0.396
1636, 0.1816, 0.392
1637, 0.2246, 0.387
1638, 0.2577, 0.389
1639, 0.1782, 0.389
1640, 0.1729, 0.389
1641, 0.2941, 0.388
1642, 0.1838, 0.389
1643, 0.1471, 0.397
1644, 0.1784, 0.386
1645, 0.1462, 0.389
1646, 0.1880, 0.389
1647, 0.2279, 0.392
1648, 0.1943, 0.390
1649, 0.1422, 0.391
1650, 0.1868, 0.404
1651, 0.1733, 0.391
1652, 0.2487, 0.393
1653, 0.1326, 0.388
1654, 0.2115, 0.393
1655, 0.2081, 0.394
1656, 0.1203, 0.391
1657, 0.1399, 0.403
1658, 0.0766, 0.387
1659, 0.2053, 0.389
1660, 0.1571, 0.389
1661, 0.1061, 0.389
1662, 0.2389, 0.388
1663, 0.1840, 0.392
1664, 0.1268, 0.392
1665, 0.0861, 0.390
1666, 0.2032, 0.391
1667, 0.1860, 0.389
1668, 0.1530, 0.393
1669, 0.1992, 0.389
1670, 0.1215, 0.398
1671, 0.2663, 0.415
1672, 0.2648, 0.389
1673, 0.1791, 0.394
1674, 0.1225, 0.394
1675, 0.1854, 0.393
1676, 0.1669, 0.387
1677, 0.1465, 0.390
1678, 0.1233, 0.390
1679, 0.1576, 0.392
1680, 0.1932, 0.389
1681, 0.2549, 0.390
1682, 0.2055, 0.396
1683, 0.2259, 0.393
1684, 0.1560, 0.388
1685, 0.1418, 0.389
1686, 0.1864, 0.390
1687, 0.1787, 0.394
1688, 0.2006, 0.391
1689, 0.1679, 0.389
1690, 0.1711, 0.392
1691, 0.1901, 0.391
1692, 0.1319, 0.388
1693, 0.1633, 0.389
1694, 0.1228, 0.389
1695, 0.1660, 0.391
1696, 0.1337, 0.389
1697, 0.1366, 0.389
1698, 0.1200, 0.392
1699, 0.1197, 0.393
1700, 0.2289, 0.390
1701, 0.1614, 0.388
1702, 0.2278, 0.390
1703, 0.1495, 0.393
1704, 0.2257, 0.389
1705, 0.1636, 0.389
1706, 0.1894, 0.391
1707, 0.1466, 0.395
1708, 0.1657, 0.389
1709, 0.1432, 0.403
1710, 0.1474, 0.388
1711, 0.1624, 0.391
1712, 0.1220, 0.388
1713, 0.2042, 0.389
1714, 0.1436, 0.392
1715, 0.1062, 0.407
1716, 0.1116, 0.388
1717, 0.1489, 0.390
1718, 0.1810, 0.391
1719, 0.2244, 0.392
1720, 0.1970, 0.390
1721, 0.1313, 0.389
1722, 0.1984, 0.390
1723, 0.1929, 0.392
1724, 0.1311, 0.389
1725, 0.1173, 0.388
1726, 0.1523, 0.388
1727, 0.1356, 0.392
1728, 0.0807, 0.413
1729, 0.1814, 0.391
1730, 0.1083, 0.395
1731, 0.0991, 0.397
1732, 0.1330, 0.396
1733, 0.1387, 0.389
1734, 0.1392, 0.391
1735, 0.1645, 0.405
1736, 0.1229, 0.405
1737, 0.2175, 0.391
1738, 0.2395, 0.393
1739, 0.1756, 0.395
1740, 0.1769, 0.395
1741, 0.1981, 0.393
1742, 0.2118, 0.396
1743, 0.1784, 0.400
1744, 0.1355, 0.395
1745, 0.1589, 0.396
1746, 0.1999, 0.397
1747, 0.2038, 0.396
1748, 0.0896, 0.409
1749, 0.1954, 0.407
1750, 0.1321, 0.395
1751, 0.1568, 0.395
1752, 0.2239, 0.395
1753, 0.2302, 0.393
1754, 0.1347, 0.394
1755, 0.1336, 0.394
1756, 0.1871, 0.389
1757, 0.1354, 0.392
1758, 0.0903, 0.396
1759, 0.1303, 0.399
1760, 0.1831, 0.398
1761, 0.2108, 0.398
1762, 0.1131, 0.399
1763, 0.2169, 0.402
1764, 0.2381, 0.401
1765, 0.2459, 0.397
1766, 0.1155, 0.398
1767, 0.2907, 0.397
1768, 0.3474, 0.398
1769, 0.3170, 0.395
1770, 0.1890, 0.395
1771, 0.1857, 0.406
1772, 0.2058, 0.406
1773, 0.1581, 0.393
1774, 0.1095, 0.395
1775, 0.1976, 0.398
1776, 0.1362, 0.400
1777, 0.1395, 0.396
1778, 0.1098, 0.397
1779, 0.1339, 0.397
1780, 0.2389, 0.396
1781, 0.1854, 0.388
1782, 0.1865, 0.392
1783, 0.1580, 0.396
1784, 0.2081, 0.395
1785, 0.1478, 0.407
1786, 0.2019, 0.407
1787, 0.1898, 0.393
1788, 0.1137, 0.394
1789, 0.1697, 0.395
1790, 0.1901, 0.395
1791, 0.1376, 0.391
1792, 0.1963, 0.394
1793, 0.1997, 0.395
1794, 0.1555, 0.396
1795, 0.1547, 0.396
1796, 0.1551, 0.408
1797, 0.1957, 0.409
1798, 0.1150, 0.397
1799, 0.1849, 0.395
1800, 0.1352, 0.394
1801, 0.1316, 0.385
1802, 0.1509, 0.395
1803, 0.2063, 0.396
1804, 0.1119, 0.394
1805, 0.1633, 0.400
1806, 0.2016, 0.410
1807, 0.2040, 0.422
1808, 0.1342, 0.420
1809, 0.1731, 0.458
1810, 0.1689, 0.392
1811, 0.1188, 0.392
1812, 0.1817, 0.391
1813, 0.1414, 0.389
1814, 0.1616, 0.391
1815, 0.1171, 0.389
1816, 0.2260, 0.401
1817, 0.2374, 0.396
1818, 0.1419, 0.393
1819, 0.1554, 0.397
1820, 0.1169, 0.391
1821, 0.1282, 0.396
1822, 0.0692, 0.407
1823, 0.0988, 0.394
1824, 0.1381, 0.399
1825, 0.1335, 0.397
1826, 0.3038, 0.408
1827, 0.1749, 0.407
1828, 0.1829, 0.398
1829, 0.2849, 0.396
1830, 0.2239, 0.397
1831, 0.2106, 0.405
1832, 0.1976, 0.393
1833, 0.1809, 0.400
1834, 0.1651, 0.389
1835, 0.1531, 0.391
1836, 0.2111, 0.391
1837, 0.3167, 0.391
1838, 0.2118, 0.393
1839, 0.0950, 0.392
1840, 0.1323, 0.389
1841, 0.1731, 0.411
1842, 0.1803, 0.396
1843, 0.1515, 0.394
1844, 0.1488, 0.393
1845, 0.1240, 0.396
1846, 0.1847, 0.393
1847, 0.1543, 0.392
1848, 0.0506, 0.393
1849, 0.1195, 0.392
1850, 0.1082, 0.391
1851, 0.1934, 0.391
1852, 0.1608, 0.407
1853, 0.1291, 0.412
1854, 0.0634, 0.395
1855, 0.0967, 0.394
1856, 0.1313, 0.390
1857, 0.1284, 0.391
1858, 0.0672, 0.388
1859, 0.2271, 0.392
1860, 0.1276, 0.395
1861, 0.0947, 0.396
1862, 0.1409, 0.390
1863, 0.1043, 0.393
1864, 0.1573, 0.393
1865, 0.1413, 0.393
1866, 0.1169, 0.390
1867, 0.1480, 0.392
1868, 0.1726, 0.391
1869, 0.3021, 0.393
1870, 0.2170, 0.391
1871, 0.1205, 0.393
1872, 0.2306, 0.392
1873, 0.0970, 0.399
1874, 0.1599, 0.388
1875, 0.1913, 0.394
1876, 0.1439, 0.394
1877, 0.1185, 0.395
1878, 0.2663, 0.391
1879, 0.1560, 0.395
1880, 0.1454, 0.392
1881, 0.1331, 0.393
1882, 0.2286, 0.390
1883, 0.1414, 0.391
1884, 0.1212, 0.390
1885, 0.1840, 0.394
1886, 0.1270, 0.391
1887, 0.0936, 0.392
1888, 0.1781, 0.392
1889, 0.2034, 0.393
1890, 0.2311, 0.394
1891, 0.2240, 0.398
1892, 0.1544, 0.394
1893, 0.1636, 0.394
1894, 0.1499, 0.395
1895, 0.1688, 0.394
1896, 0.0612, 0.393
1897, 0.1598, 0.390
1898, 0.0690, 0.395
1899, 0.1002, 0.393
1900, 0.1180, 0.391
1901, 0.0857, 0.392
1902, 0.1895, 0.395
1903, 0.1983, 0.393
1904, 0.2385, 0.393
1905, 0.0766, 0.389
1906, 0.1051, 0.390
1907, 0.1392, 0.392
1908, 0.1643, 0.393
1909, 0.1116, 0.389
1910, 0.0920, 0.395
1911, 0.1085, 0.394
1912, 0.1468, 0.392
1913, 0.1433, 0.388
1914, 0.1403, 0.391
1915, 0.1807, 0.390
1916, 0.1830, 0.390
1917, 0.1600, 0.389
1918, 0.2293, 0.394
1919, 0.2230, 0.392
1920, 0.1126, 0.407
1921, 0.2103, 0.392
1922, 0.2042, 0.392
1923, 0.1904, 0.394
1924, 0.2488, 0.395
1925, 0.2208, 0.395
1926, 0.2878, 0.396
1927, 0.2767, 0.394
1928, 0.1879, 0.394
1929, 0.1636, 0.392
1930, 0.0978, 0.390
1931, 0.2289, 0.391
1932, 0.1329, 0.391
1933, 0.1629, 0.393
1934, 0.1046, 0.396
1935, 0.1208, 0.397
1936, 0.1963, 0.390
1937, 0.1700, 0.392
1938, 0.1690, 0.394
1939, 0.1074, 0.393
1940, 0.1793, 0.396
1941, 0.2973, 0.389
1942, 0.1953, 0.395
1943, 0.1663, 0.396
1944, 0.4001, 0.395
1945, 0.1560, 0.394
1946, 0.1929, 0.395
1947, 0.1915, 0.395
1948, 0.1146, 0.394
1949, 0.1715, 0.395
1950, 0.0807, 0.393
1951, 0.1777, 0.405
1952, 0.2274, 0.410
1953, 0.1347, 0.393
1954, 0.1487, 0.395
1955, 0.1319, 0.396
1956, 0.1221, 0.409
1957, 0.1186, 0.408
1958, 0.1534, 0.396
1959, 0.2212, 0.395
1960, 0.1766, 0.395
1961, 0.3065, 0.395
1962, 0.1889, 0.396
1963, 0.1705, 0.393
1964, 0.1289, 0.393
1965, 0.0930, 0.406
1966, 0.1384, 0.409
1967, 0.0983, 0.396
1968, 0.1691, 0.395
1969, 0.2489, 0.394
1970, 0.1898, 0.395
1971, 0.1585, 0.394
1972, 0.1431, 0.389
1973, 0.1826, 0.389
1974, 0.0661, 0.397
1975, 0.1793, 0.394
1976, 0.0624, 0.394
1977, 0.1943, 0.393
1978, 0.1464, 0.396
1979, 0.1603, 0.398
1980, 0.1255, 0.397
1981, 0.1596, 0.392
1982, 0.1876, 0.393
1983, 0.1632, 0.395
1984, 0.1266, 0.397
1985, 0.1234, 0.390
1986, 0.1880, 0.394
1987, 0.1388, 0.407
1988, 0.1558, 0.408
1989, 0.1453, 0.396
1990, 0.1099, 0.396
1991, 0.2062, 0.394
1992, 0.2539, 0.389
1993, 0.1538, 0.388
1994, 0.1607, 0.394
1995, 0.2686, 0.396
1996, 0.2134, 0.409
1997, 0.2077, 0.406
1998, 0.2152, 0.390
1999, 0.1323, 0.390
2000, 0.0869, 0.403
2001, 0.0960, 0.393
2002, 0.1630, 0.397
2003, 0.1732, 0.397
2004, 0.0998, 0.395
2005, 0.1190, 0.410
2006, 0.1463, 0.399
2007, 0.0858, 0.408
2008, 0.2580, 0.466
2009, 0.1963, 0.448
2010, 0.1994, 0.426
2011, 0.1434, 0.428
2012, 0.3092, 0.400
2013, 0.1800, 0.390
2014, 0.1648, 0.397
2015, 0.1820, 0.414
2016, 0.1593, 0.407
2017, 0.1492, 0.415
2018, 0.2133, 0.401
2019, 0.1512, 0.397
2020, 0.1418, 0.398
2021, 0.1221, 0.395
2022, 0.1771, 0.399
2023, 0.1642, 0.389
2024, 0.1362, 0.395
2025, 0.1114, 0.406
2026, 0.1450, 0.417
2027, 0.1668, 0.423
2028, 0.1573, 0.403
2029, 0.1536, 0.406
2030, 0.0962, 0.404
2031, 0.1425, 0.399
2032, 0.0979, 0.395
2033, 0.1862, 0.391
2034, 0.1513, 0.404
2035, 0.1339, 0.395
2036, 0.1852, 0.398
2037, 0.2059, 0.407
2038, 0.1779, 0.403
2039, 0.1456, 0.402
2040, 0.1314, 0.395
2041, 0.3293, 0.397
2042, 0.3677, 0.398
2043, 0.1216, 0.398
2044, 0.1456, 0.395
2045, 0.1030, 0.399
2046, 0.1250, 0.397
2047, 0.1907, 0.396
2048, 0.1446, 0.392
2049, 0.1387, 0.401
2050, 0.1678, 0.402
2051, 0.0476, 0.402
2052, 0.1322, 0.398
2053, 0.1698, 0.401
2054, 0.1692, 0.401
2055, 0.0886, 0.400
2056, 0.1504, 0.399
2057, 0.1662, 0.397
2058, 0.1684, 0.401
2059, 0.1888, 0.398
2060, 0.1305, 0.397
2061, 0.2262, 0.394
2062, 0.1202, 0.408
2063, 0.0487, 0.398
2064, 0.2307, 0.398
2065, 0.2379, 0.395
2066, 0.1630, 0.402
2067, 0.2492, 0.396
2068, 0.1694, 0.393
2069, 0.2063, 0.393
2070, 0.1665, 0.394
2071, 0.2052, 0.400
2072, 0.1731, 0.401
2073, 0.1710, 0.392
2074, 0.1011, 0.394
2075, 0.1836, 0.393
2076, 0.1244, 0.390
2077, 0.1056, 0.390
2078, 0.1448, 0.392
2079, 0.1861, 0.407
2080, 0.1105, 0.392
2081, 0.2154, 0.392
2082, 0.1434, 0.394
2083, 0.0695, 0.393
2084, 0.0660, 0.392
2085, 0.1308, 0.393
2086, 0.0899, 0.393
2087, 0.1076, 0.404
2088, 0.1281, 0.390
2089, 0.1667, 0.392
2090, 0.1405, 0.407
2091, 0.1562, 0.404
2092, 0.1785, 0.401
2093, 0.1363, 0.400
2094, 0.1298, 0.401
2095, 0.0970, 0.400
2096, 0.1303, 0.415
2097, 0.2101, 0.431
2098, 0.2135, 0.445
2099, 0.2259, 0.431
2100, 0.0901, 0.414
2101, 0.1267, 0.402
2102, 0.1576, 0.401
2103, 0.2200, 0.405
2104, 0.1414, 0.394
2105, 0.1347, 0.395
2106, 0.1288, 0.405
2107, 0.1976, 0.403
2108, 0.1009, 0.420
2109, 0.1151, 0.417
2110, 0.1885, 0.402
2111, 0.1556, 0.406
2112, 0.1777, 0.390
2113, 0.1039, 0.405
2114, 0.1313, 0.413
2115, 0.0958, 0.422
2116, 0.3340, 0.401
2117, 0.1670, 0.402
2118, 0.1300, 0.399
2119, 0.2182, 0.401
2120, 0.1837, 0.397
2121, 0.1610, 0.403
2122, 0.1773, 0.404
2123, 0.1154, 0.396
2124, 0.1865, 0.421
2125, 0.1205, 0.406
2126, 0.1996, 0.417
2127, 0.1027, 0.393
2128, 0.1209, 0.416
2129, 0.2054, 0.440
2130, 0.1229, 0.441
2131, 0.1335, 0.436
2132, 0.1256, 0.442
2133, 0.1064, 0.447
2134, 0.1825, 0.452
2135, 0.1852, 0.448
2136, 0.1688, 0.454
2137, 0.2533, 0.450
2138, 0.1669, 0.453
2139, 0.0597, 0.455
2140, 0.1651, 0.452
2141, 0.2345, 0.452
2142, 0.1317, 0.451
2143, 0.1511, 0.459
2144, 0.1335, 0.449
2145, 0.1619, 0.446
2146, 0.1016, 0.440
2147, 0.1471, 0.450
2148, 0.1660, 0.448
2149, 0.1629, 0.448
2150, 0.1203, 0.445
2151, 0.1525, 0.444
2152, 0.1449, 0.442
2153, 0.1628, 0.439
2154, 0.2020, 0.413
2155, 0.2407, 0.414
2156, 0.1668, 0.407
2157, 0.2124, 0.404
2158, 0.1790, 0.408
2159, 0.2149, 0.403
2160, 0.2050, 0.407
2161, 0.2130, 0.421
2162, 0.1824, 0.412
2163, 0.2360, 0.417
2164, 0.1238, 0.418
2165, 0.1584, 0.421
2166, 0.1149, 0.413
2167, 0.1191, 0.413
2168, 0.3147, 0.409
2169, 0.1083, 0.400
2170, 0.1576, 0.398
2171, 0.1832, 0.395
2172, 0.2041, 0.396
2173, 0.2505, 0.395
2174, 0.2798, 0.396
2175, 0.2201, 0.397
2176, 0.2086, 0.426
2177, 0.2360, 0.441
2178, 0.2156, 0.440
2179, 0.1237, 0.446
2180, 0.1729, 0.446
2181, 0.1286, 0.445
2182, 0.1181, 0.446
2183, 0.0804, 0.445
2184, 0.2223, 0.447
2185, 0.1967, 0.450
2186, 0.1084, 0.454
2187, 0.1402, 0.449
2188, 0.1170, 0.448
2189, 0.1364, 0.454
2190, 0.1506, 0.451
2191, 0.2216, 0.451
2192, 0.2431, 0.448
2193, 0.1494, 0.446
2194, 0.1333, 0.446
2195, 0.1158, 0.444
2196, 0.1486, 0.448
2197, 0.1425, 0.447
2198, 0.2284, 0.444
2199, 0.1588, 0.439
2200, 0.1783, 0.440
2201, 0.1660, 0.415
2202, 0.1055, 0.420
2203, 0.1223, 0.418
2204, 0.2026, 0.441
2205, 0.1563, 0.428
2206, 0.1325, 0.431
2207, 0.0754, 0.432
2208, 0.1271, 0.506
2209, 0.1820, 0.424
2210, 0.1599, 0.415
2211, 0.1539, 0.422
2212, 0.2413, 0.423
2213, 0.2011, 0.419
2214, 0.1873, 0.423
2215, 0.1778, 0.418
2216, 0.1177, 0.406
2217, 0.1245, 0.407
2218, 0.1739, 0.408
2219, 0.1654, 0.405
2220, 0.1159, 0.403
2221, 0.2409, 0.405
2222, 0.1803, 0.397
2223, 0.1528, 0.400
2224, 0.1564, 0.420
2225, 0.1483, 0.424
2226, 0.1522, 0.429
2227, 0.1375, 0.423
2228, 0.1696, 0.391
2229, 0.2013, 0.393
2230, 0.1617, 0.391
2231, 0.1768, 0.391
2232, 0.1161, 0.394
2233, 0.1801, 0.422
2234, 0.2190, 0.429
2235, 0.1323, 0.444
2236, 0.0940, 0.418
2237, 0.2036, 0.428
2238, 0.1380, 0.439
2239, 0.1807, 0.426
2240, 0.1431, 0.444
2241, 0.1492, 0.436
2242, 0.1710, 0.438
2243, 0.1084, 0.398
2244, 0.1583, 0.392
2245, 0.1680, 0.388
2246, 0.1315, 0.394
2247, 0.1963, 0.401
2248, 0.1055, 0.417
2249, 0.1091, 0.415
2250, 0.2285, 0.433
2251, 0.1372, 0.438
2252, 0.1321, 0.407
2253, 0.2146, 0.399
2254, 0.1720, 0.402
2255, 0.1562, 0.403
2256, 0.1525, 0.414
2257, 0.1474, 0.429
2258, 0.1079, 0.420
2259, 0.1251, 0.444
2260, 0.1097, 0.398
2261, 0.2135, 0.393
2262, 0.2037, 0.391
2263, 0.1788, 0.393
2264, 0.1558, 0.404
2265, 0.2347, 0.392
2266, 0.2256, 0.413
2267, 0.1339, 0.432
2268, 0.2738, 0.431
2269, 0.1197, 0.430
2270, 0.0818, 0.400
2271, 0.1533, 0.407
2272, 0.1683, 0.391
2273, 0.1347, 0.398
2274, 0.1984, 0.398
2275, 0.1482, 0.410
2276, 0.1643, 0.421
2277, 0.1507, 0.394
2278, 0.1324, 0.398
2279, 0.1377, 0.391
2280, 0.2201, 0.392
2281, 0.2125, 0.391
2282, 0.2502, 0.393
2283, 0.1644, 0.407
2284, 0.1841, 0.422
2285, 0.1014, 0.400
2286, 0.2292, 0.396
2287, 0.1534, 0.397
2288, 0.1773, 0.397
2289, 0.2266, 0.392
2290, 0.1581, 0.424
2291, 0.1522, 0.399
2292, 0.1782, 0.391
2293, 0.1539, 0.391
2294, 0.1871, 0.392
2295, 0.2228, 0.391
2296, 0.1500, 0.390
2297, 0.1867, 0.391
2298, 0.1975, 0.417
2299, 0.1915, 0.395
2300, 0.1430, 0.389
2301, 0.1358, 0.426
2302, 0.1311, 0.390
2303, 0.1564, 0.396
2304, 0.1857, 0.397
2305, 0.1541, 0.393
2306, 0.1800, 0.403
2307, 0.1850, 0.400
2308, 0.1450, 0.389
2309, 0.1596, 0.392
2310, 0.1805, 0.392
2311, 0.2682, 0.387
2312, 0.1263, 0.391
2313, 0.1137, 0.390
2314, 0.2052, 0.398
2315, 0.1099, 0.398
2316, 0.1670, 0.389
2317, 0.4735, 0.389
2318, 0.1861, 0.403
2319, 0.1147, 0.391
2320, 0.0758, 0.397
2321, 0.1157, 0.391
2322, 0.1728, 0.402
2323, 0.1151, 0.393
2324, 0.1942, 0.386
2325, 0.1747, 0.393
2326, 0.1232, 0.392
2327, 0.1857, 0.391
2328, 0.1658, 0.392
2329, 0.1120, 0.391
2330, 0.2789, 0.394
2331, 0.2143, 0.393
2332, 0.3105, 0.390
2333, 0.1841, 0.390
2334, 0.1451, 0.389
2335, 0.2505, 0.450
2336, 0.1715, 0.448
2337, 0.1144, 0.448
2338, 0.2291, 0.443
2339, 0.1484, 0.452
2340, 0.2094, 0.455
2341, 0.1492, 0.452
2342, 0.1687, 0.456
2343, 0.1580, 0.451
2344, 0.1851, 0.448
2345, 0.1433, 0.446
2346, 0.2048, 0.451
2347, 0.1781, 0.453
2348, 0.1823, 0.449
2349, 0.1738, 0.447
2350, 0.2594, 0.452
2351, 0.1236, 0.449
2352, 0.1567, 0.449
2353, 0.1188, 0.445
2354, 0.1472, 0.446
2355, 0.1207, 0.445
2356, 0.0982, 0.443
2357, 0.2330, 0.439
2358, 0.0768, 0.440
2359, 0.2446, 0.439
2360, 0.1650, 0.439
2361, 0.1452, 0.439
2362, 0.1554, 0.439
2363, 0.1499, 0.439
2364, 0.1317, 0.439
2365, 0.1829, 0.440
2366, 0.2009, 0.418
2367, 0.1611, 0.422
2368, 0.1995, 0.448
2369, 0.1931, 0.421
2370, 0.1393, 0.448
2371, 0.1186, 0.447
2372, 0.0842, 0.447
2373, 0.1268, 0.414
2374, 0.1378, 0.436
2375, 0.2983, 0.438
2376, 0.1700, 0.439
2377, 0.1474, 0.436
2378, 0.1550, 0.437
2379, 0.1949, 0.437
2380, 0.1714, 0.438
2381, 0.2038, 0.438
2382, 0.2044, 0.448
2383, 0.2074, 0.452
2384, 0.1426, 0.447
2385, 0.1283, 0.445
2386, 0.1688, 0.443
2387, 0.1575, 0.442
2388, 0.1496, 0.426
2389, 0.1330, 0.423
2390, 0.1165, 0.422
2391, 0.2462, 0.438
2392, 0.3390, 0.438
2393, 0.1855, 0.444
2394, 0.1203, 0.440
2395, 0.1553, 0.439
2396, 0.1614, 0.437
2397, 0.2553, 0.436
2398, 0.1943, 0.420
2399, 0.1637, 0.420
2400, 0.1227, 0.442
2401, 0.0713, 0.426
2402, 0.2648, 0.426
2403, 0.2134, 0.426
2404, 0.2328, 0.420
2405, 0.2274, 0.432
2406, 0.1676, 0.529
2407, 0.1924, 0.438
2408, 0.1150, 0.498
2409, 0.1726, 0.422
2410, 0.1733, 0.417
2411, 0.2068, 0.436
2412, 0.1839, 0.443
2413, 0.1386, 0.453
2414, 0.1834, 0.410
2415, 0.1241, 0.405
2416, 0.1405, 0.434
2417, 0.2113, 0.419
2418, 0.0830, 0.447
2419, 0.1337, 0.438
2420, 0.1364, 0.429
2421, 0.2469, 0.427
2422, 0.2434, 0.429
2423, 0.1823, 0.421
2424, 0.1161, 0.432
2425, 0.0950, 0.424
2426, 0.2079, 0.460
2427, 0.2111, 0.439
2428, 0.0790, 0.442
2429, 0.1583, 0.428
2430, 0.1793, 0.403
2431, 0.1252, 0.390
2432, 0.1455, 0.393
2433, 0.1796, 0.398
2434, 0.1442, 0.397
2435, 0.1435, 0.398
2436, 0.1695, 0.394
2437, 0.1720, 0.397
2438, 0.0931, 0.397
2439, 0.1288, 0.410
2440, 0.1739, 0.393
2441, 0.2051, 0.394
2442, 0.1878, 0.416
2443, 0.1626, 0.422
2444, 0.1912, 0.426
2445, 0.2126, 0.434
2446, 0.1529, 0.397
2447, 0.2227, 0.423
2448, 0.1685, 0.433
2449, 0.2109, 0.423
2450, 0.2630, 0.424
2451, 0.1974, 0.393
2452, 0.1496, 0.392
2453, 0.1598, 0.392
2454, 0.1693, 0.388
2455, 0.2004, 0.392
2456, 0.0888, 0.395
2457, 0.1238, 0.399
2458, 0.2244, 0.394
2459, 0.1316, 0.418
2460, 0.0997, 0.407
2461, 0.1446, 0.425
2462, 0.0879, 0.399
2463, 0.1534, 0.396
2464, 0.1835, 0.396
2465, 0.1296, 0.394
2466, 0.0843, 0.397
2467, 0.0956, 0.401
2468, 0.1089, 0.432
2469, 0.0967, 0.398
2470, 0.0977, 0.395
2471, 0.1664, 0.389
2472, 0.1829, 0.393
2473, 0.0739, 0.393
2474, 0.1516, 0.409
2475, 0.1462, 0.405
2476, 0.1117, 0.393
2477, 0.1786, 0.395
2478, 0.1418, 0.402
2479, 0.1038, 0.411
2480, 0.1757, 0.397
2481, 0.1426, 0.395
2482, 0.2262, 0.392
2483, 0.2526, 0.405
2484, 0.2135, 0.395
2485, 0.1361, 0.436
2486, 0.1329, 0.433
2487, 0.1695, 0.401
2488, 0.1385, 0.392
2489, 0.0920, 0.394
2490, 0.2172, 0.393
2491, 0.1875, 0.398
2492, 0.1945, 0.423
2493, 0.1671, 0.395
2494, 0.1535, 0.402
2495, 0.1123, 0.401
2496, 0.2252, 0.397
2497, 0.0974, 0.397
2498, 0.2334, 0.397
2499, 0.2170, 0.405
2500, 0.1976, 0.405
2501, 0.1363, 0.425
2502, 0.1435, 0.424
2503, 0.2567, 0.398
2504, 0.1769, 0.389
2505, 0.0731, 0.395
2506, 0.0535, 0.395
2507, 0.1298, 0.398
2508, 0.1774, 0.418
2509, 0.1520, 0.412
2510, 0.1421, 0.396
2511, 0.1656, 0.395
2512, 0.1208, 0.405
2513, 0.1410, 0.394
2514, 0.1168, 0.407
2515, 0.1435, 0.408
2516, 0.1821, 0.422
2517, 0.1712, 0.420
2518, 0.1257, 0.399
2519, 0.1427, 0.400
2520, 0.1333, 0.406
2521, 0.1685, 0.396
2522, 0.1376, 0.406
2523, 0.1490, 0.394
2524, 0.1318, 0.399
2525, 0.0669, 0.396
2526, 0.1495, 0.398
2527, 0.1414, 0.396
2528, 0.1637, 0.396
2529, 0.1886, 0.401
2530, 0.2729, 0.392
2531, 0.2556, 0.427
2532, 0.1043, 0.448
2533, 0.1229, 0.437
2534, 0.2057, 0.444
2535, 0.1472, 0.455
2536, 0.0995, 0.458
2537, 0.1762, 0.455
2538, 0.1144, 0.450
2539, 0.1715, 0.453
2540, 0.1890, 0.447
2541, 0.1162, 0.450
2542, 0.1626, 0.449
2543, 0.1294, 0.450
2544, 0.0828, 0.452
2545, 0.1486, 0.453
2546, 0.1563, 0.448
2547, 0.1185, 0.447
2548, 0.1517, 0.455
2549, 0.1875, 0.448
2550, 0.1789, 0.443
2551, 0.1900, 0.443
2552, 0.1745, 0.440
2553, 0.0954, 0.441
2554, 0.1604, 0.427
2555, 0.1419, 0.447
2556, 0.1874, 0.442
2557, 0.1428, 0.449
2558, 0.0651, 0.444
2559, 0.1151, 0.440
2560, 0.2033, 0.439
2561, 0.1384, 0.442
2562, 0.2180, 0.445
2563, 0.1569, 0.447
2564, 0.1603, 0.446
2565, 0.1581, 0.449
2566, 0.1437, 0.443
2567, 0.1714, 0.437
2568, 0.1655, 0.420
2569, 0.2335, 0.452
2570, 0.1685, 0.453
2571, 0.1723, 0.440
2572, 0.1719, 0.441
2573, 0.1352, 0.443
2574, 0.0968, 0.426
2575, 0.1290, 0.418
2576, 0.1489, 0.445
2577, 0.1404, 0.445
2578, 0.1920, 0.441
2579, 0.1397, 0.446
2580, 0.1114, 0.445
2581, 0.1724, 0.446
2582, 0.0613, 0.444
2583, 0.2664, 0.449
2584, 0.1564, 0.444
2585, 0.1930, 0.440
2586, 0.1129, 0.439
2587, 0.1837, 0.441
2588, 0.1542, 0.440
2589, 0.1592, 0.442
2590, 0.1826, 0.453
2591, 0.1089, 0.452
2592, 0.1321, 0.442
2593, 0.1750, 0.440
2594, 0.1239, 0.442
2595, 0.1480, 0.445
2596, 0.1287, 0.446
2597, 0.1396, 0.446
2598, 0.1146, 0.443
2599, 0.2046, 0.441
2600, 0.1274, 0.440
2601, 0.1508, 0.425
2602, 0.1695, 0.418
2603, 0.1825, 0.419
2604, 0.1815, 0.418
2605, 0.1315, 0.430
2606, 0.1478, 0.422
2607, 0.1586, 0.420
2608, 0.1991, 0.452
2609, 0.1407, 0.416
2610, 0.2030, 0.417
2611, 0.1717, 0.420
2612, 0.1449, 0.427
2613, 0.1710, 0.426
2614, 0.1739, 0.425
2615, 0.1860, 0.416
2616, 0.0962, 0.414
2617, 0.1860, 0.412
2618, 0.1914, 0.416
2619, 0.2025, 0.415
2620, 0.1888, 0.417
2621, 0.1909, 0.419
2622, 0.1365, 0.427
2623, 0.0932, 0.423
2624, 0.1407, 0.417
2625, 0.1744, 0.417
2626, 0.1027, 0.421
2627, 0.1021, 0.419
2628, 0.1436, 0.411
2629, 0.1610, 0.419
2630, 0.2482, 0.419
2631, 0.1300, 0.416
2632, 0.1573, 0.414
2633, 0.1391, 0.409
2634, 0.2039, 0.419
2635, 0.1934, 0.421
2636, 0.2243, 0.427
2637, 0.1827, 0.437
2638, 0.0777, 0.425
2639, 0.1614, 0.425
2640, 0.1804, 0.428
2641, 0.1379, 0.435
2642, 0.1178, 0.428
2643, 0.1099, 0.425
2644, 0.1171, 0.425
2645, 0.2068, 0.437
2646, 0.1549, 0.423
2647, 0.1272, 0.417
2648, 0.1573, 0.429
2649, 0.0969, 0.438
2650, 0.1526, 0.445
2651, 0.0891, 0.420
2652, 0.0692, 0.441
2653, 0.1750, 0.435
2654, 0.1566, 0.430
2655, 0.2424, 0.426
2656, 0.1636, 0.440
2657, 0.2146, 0.438
2658, 0.1741, 0.422
2659, 0.1887, 0.426
2660, 0.1729, 0.441
2661, 0.1095, 0.430
2662, 0.1710, 0.431
2663, 0.0996, 0.428
2664, 0.1385, 0.429
2665, 0.2247, 0.432
2666, 0.1224, 0.418
2667, 0.1741, 0.424
2668, 0.1609, 0.424
2669, 0.1269, 0.437
2670, 0.1736, 0.423
2671, 0.1865, 0.423
2672, 0.1175, 0.418
2673, 0.1623, 0.445
2674, 0.2577, 0.436
2675, 0.1495, 0.443
2676, 0.1124, 0.422
2677, 0.1701, 0.439
2678, 0.1294, 0.432
2679, 0.1115, 0.420
2680, 0.1063, 0.431
2681, 0.1445, 0.425
2682, 0.1949, 0.394
2683, 0.1254, 0.398
2684, 0.0715, 0.410
2685, 0.1982, 0.414
2686, 0.1755, 0.428
2687, 0.1119, 0.417
2688, 0.1384, 0.419
2689, 0.2073, 0.411
2690, 0.1975, 0.396
2691, 0.1893, 0.406
2692, 0.1122, 0.405
2693, 0.0910, 0.416
2694, 0.1151, 0.433
2695, 0.1792, 0.426
2696, 0.0638, 0.417
2697, 0.1250, 0.419
2698, 0.1959, 0.395
2699, 0.1693, 0.397
2700, 0.4923, 0.455
2701, 0.1684, 0.445
2702, 0.1850, 0.432
2703, 0.1557, 0.431
2704, 0.2026, 0.447
2705, 0.2090, 0.430
2706, 0.1713, 0.432
2707, 0.0971, 0.432
2708, 0.1761, 0.447
2709, 0.2461, 0.437
2710, 0.1489, 0.431
2711, 0.1549, 0.442
2712, 0.1511, 0.412
2713, 0.1409, 0.425
2714, 0.1311, 0.397
2715, 0.1384, 0.424
2716, 0.1811, 0.409
2717, 0.1350, 0.417
2718, 0.1705, 0.425
2719, 0.1583, 0.443
2720, 0.1236, 0.439
2721, 0.1272, 0.437
2722, 0.1466, 0.447
2723, 0.1054, 0.449
2724, 0.1570, 0.439
2725, 0.1485, 0.443
2726, 0.1406, 0.439
2727, 0.1777, 0.440
2728, 0.1326, 0.438
2729, 0.1135, 0.440
2730, 0.1445, 0.452
2731, 0.0724, 0.447
2732, 0.0934, 0.435
2733, 0.1695, 0.440
2734, 0.2079, 0.446
2735, 0.2252, 0.445
2736, 0.1785, 0.445
2737, 0.1993, 0.440
2738, 0.1511, 0.440
2739, 0.0749, 0.437
2740, 0.0841, 0.441
2741, 0.0858, 0.443
2742, 0.1537, 0.442
2743, 0.0581, 0.440
2744, 0.1215, 0.440
2745, 0.1567, 0.440
2746, 0.0970, 0.439
2747, 0.2377, 0.439
2748, 0.2299, 0.438
2749, 0.1585, 0.440
2750, 0.0602, 0.444
2751, 0.1227, 0.445
2752, 0.1899, 0.446
2753, 0.1425, 0.444
2754, 0.2086, 0.442
2755, 0.1993, 0.442
2756, 0.1326, 0.438
2757, 0.2415, 0.444
2758, 0.1329, 0.443
2759, 0.1515, 0.439
2760, 0.1109, 0.440
2761, 0.1553, 0.439
2762, 0.1071, 0.440
2763, 0.1298, 0.440
2764, 0.1548, 0.438
2765, 0.1417, 0.440
2766, 0.1551, 0.445
2767, 0.1402, 0.445
2768, 0.1158, 0.444
2769, 0.1073, 0.443
2770, 0.1067, 0.421
2771, 0.1326, 0.441
2772, 0.1180, 0.441
2773, 0.0882, 0.442
2774, 0.1084, 0.446
2775, 0.2138, 0.440
2776, 0.1749, 0.438
2777, 0.2081, 0.439
2778, 0.1346, 0.439
2779, 0.1089, 0.440
2780, 0.0908, 0.439
2781, 0.1012, 0.441
2782, 0.1545, 0.444
2783, 0.1343, 0.443
2784, 0.1333, 0.443
2785, 0.0947, 0.455
2786, 0.1495, 0.452
2787, 0.1898, 0.440
2788, 0.1339, 0.441
2789, 0.1224, 0.442
2790, 0.2353, 0.443
2791, 0.2306, 0.439
2792, 0.1057, 0.441
2793, 0.1535, 0.439
2794, 0.1214, 0.438
2795, 0.1797, 0.440
2796, 0.1293, 0.441
2797, 0.2161, 0.443
2798, 0.0967, 0.445
2799, 0.1528, 0.443
2800, 0.0917, 0.442
2801, 0.1307, 0.424
2802, 0.0782, 0.416
2803, 0.0613, 0.421
2804, 0.2405, 0.418
2805, 0.2109, 0.425
2806, 0.1156, 0.423
2807, 0.1090, 0.426
2808, 0.1267, 0.437
2809, 0.1026, 0.445
2810, 0.1049, 0.415
2811, 0.1131, 0.418
2812, 0.1660, 0.417
2813, 0.1238, 0.415
2814, 0.1431, 0.419
2815, 0.1899, 0.417
2816, 0.1426, 0.414
2817, 0.1999, 0.413
2818, 0.1989, 0.419
2819, 0.1734, 0.418
2820, 0.1208, 0.420
2821, 0.2072, 0.420
2822, 0.1547, 0.436
2823, 0.0831, 0.414
2824, 0.1378, 0.425
2825, 0.1823, 0.427
2826, 0.0898, 0.423
2827, 0.1382, 0.413
2828, 0.1329, 0.418
2829, 0.1368, 0.420
2830, 0.1301, 0.422
2831, 0.1046, 0.412
2832, 0.0667, 0.431
2833, 0.1127, 0.415
2834, 0.0903, 0.415
2835, 0.1039, 0.419
2836, 0.1516, 0.421
2837, 0.0998, 0.425
2838, 0.0954, 0.422
2839, 0.1806, 0.415
2840, 0.0926, 0.421
2841, 0.1214, 0.421
2842, 0.1520, 0.416
2843, 0.1205, 0.412
2844, 0.1757, 0.418
2845, 0.0822, 0.420
2846, 0.0914, 0.421
2847, 0.1928, 0.415
2848, 0.1129, 0.415
2849, 0.1399, 0.425
2850, 0.1142, 0.416
2851, 0.1891, 0.419
2852, 0.1671, 0.414
2853, 0.1177, 0.417
2854, 0.0935, 0.419
2855, 0.1234, 0.417
2856, 0.1313, 0.415
2857, 0.2891, 0.419
2858, 0.2461, 0.417
2859, 0.2325, 0.418
2860, 0.1797, 0.413
2861, 0.2140, 0.420
2862, 0.2048, 0.421
2863, 0.1170, 0.417
2864, 0.1018, 0.412
2865, 0.1749, 0.416
2866, 0.1570, 0.418
2867, 0.1064, 0.430
2868, 0.1290, 0.419
2869, 0.1270, 0.426
2870, 0.1144, 0.418
2871, 0.0734, 0.411
2872, 0.1407, 0.418
2873, 0.1619, 0.417
2874, 0.1331, 0.416
2875, 0.0913, 0.414
2876, 0.1020, 0.421
2877, 0.1301, 0.421
2878, 0.1559, 0.419
2879, 0.1600, 0.412
2880, 0.1639, 0.418
2881, 0.1869, 0.418
2882, 0.1438, 0.417
2883, 0.1228, 0.416
2884, 0.1244, 0.421
2885, 0.0671, 0.417
2886, 0.1961, 0.418
2887, 0.1792, 0.413
2888, 0.0924, 0.416
2889, 0.1412, 0.415
2890, 0.1571, 0.413
2891, 0.1241, 0.418
2892, 0.1836, 0.416
2893, 0.0968, 0.419
2894, 0.1721, 0.420
2895, 0.2185, 0.417
2896, 0.1812, 0.414
2897, 0.2680, 0.417
2898, 0.1150, 0.415
2899, 0.1238, 0.418
2900, 0.1303, 0.418
2901, 0.1840, 0.415
2902, 0.1695, 0.418
2903, 0.1666, 0.414
2904, 0.1356, 0.416
2905, 0.1090, 0.401
2906, 0.2022, 0.400
2907, 0.1865, 0.403
2908, 0.2195, 0.422
2909, 0.0786, 0.412
2910, 0.1808, 0.432
2911, 0.1371, 0.418
2912, 0.1706, 0.422
2913, 0.1692, 0.418
2914, 0.1176, 0.428
2915, 0.1659, 0.422
2916, 0.0920, 0.418
2917, 0.0757, 0.421
2918, 0.1098, 0.416
2919, 0.1318, 0.459
2920, 0.1277, 0.435
2921, 0.0922, 0.442
2922, 0.1090, 0.444
2923, 0.1506, 0.444
2924, 0.0631, 0.447
2925, 0.0592, 0.443
2926, 0.1019, 0.441
2927, 0.0415, 0.416
2928, 0.1392, 0.441
2929, 0.1115, 0.440
2930, 0.1041, 0.441
2931, 0.1359, 0.441
2932, 0.0665, 0.447
2933, 0.0482, 0.442
2934, 0.1535, 0.451
2935, 0.1426, 0.445
2936, 0.2157, 0.440
2937, 0.1897, 0.440
2938, 0.0887, 0.439
2939, 0.0678, 0.441
2940, 0.0746, 0.444
2941, 0.1104, 0.442
2942, 0.1225, 0.456
2943, 0.1113, 0.455
2944, 0.2222, 0.440
2945, 0.1173, 0.439
2946, 0.1373, 0.439
2947, 0.1736, 0.442
2948, 0.1078, 0.442
2949, 0.1748, 0.443
2950, 0.1985, 0.444
2951, 0.1394, 0.442
2952, 0.1765, 0.439
2953, 0.1334, 0.440
2954, 0.1043, 0.440
2955, 0.1740, 0.443
2956, 0.1395, 0.445
2957, 0.1464, 0.443
2958, 0.1411, 0.443
2959, 0.1522, 0.440
2960, 0.1225, 0.441
2961, 0.1977, 0.438
2962, 0.1167, 0.440
2963, 0.1344, 0.443
2964, 0.1088, 0.443
2965, 0.2171, 0.441
2966, 0.1086, 0.420
2967, 0.0881, 0.443
2968, 0.1802, 0.441
2969, 0.1636, 0.440
2970, 0.1213, 0.439
2971, 0.1396, 0.442
2972, 0.1144, 0.445
2973, 0.1480, 0.444
2974, 0.1579, 0.444
2975, 0.1013, 0.439
2976, 0.1348, 0.439
2977, 0.1542, 0.438
2978, 0.1961, 0.438
2979, 0.2430, 0.442
2980, 0.1105, 0.443
2981, 0.1620, 0.451
2982, 0.1186, 0.456
2983, 0.0989, 0.446
2984, 0.1752, 0.444
2985, 0.1473, 0.440
2986, 0.0999, 0.438
2987, 0.0807, 0.442
2988, 0.1874, 0.443
2989, 0.1928, 0.442
2990, 0.1317, 0.441
2991, 0.1043, 0.441
2992, 0.1616, 0.441
2993, 0.0883, 0.438
2994, 0.1402, 0.440
2995, 0.1714, 0.442
2996, 0.2287, 0.443
2997, 0.2126, 0.442
2998, 0.1968, 0.442
2999, 0.1055, 0.446
3000, 0.1464, 0.443
3001, 0.1516, 0.426
3002, 0.1122, 0.419
3003, 0.1282, 0.420
3004, 0.2109, 0.422
3005, 0.1563, 0.426
3006, 0.1256, 0.423
3007, 0.1650, 0.423
3008, 0.1166, 0.438
3009, 0.1767, 0.435
3010, 0.1123, 0.415
3011, 0.1579, 0.419
3012, 0.0942, 0.424
3013, 0.1236, 0.417
3014, 0.1556, 0.417
3015, 0.1716, 0.422
3016, 0.1144, 0.417
3017, 0.1582, 0.423
3018, 0.1568, 0.415
3019, 0.1991, 0.415
3020, 0.1404, 0.421
3021, 0.1661, 0.420
3022, 0.1319, 0.421
3023, 0.1346, 0.414
3024, 0.1115, 0.422
3025, 0.1633, 0.430
3026, 0.2076, 0.417
3027, 0.1191, 0.417
3028, 0.1860, 0.428
3029, 0.0655, 0.417
3030, 0.0838, 0.419
3031, 0.1497, 0.417
3032, 0.1291, 0.417
3033, 0.1806, 0.415
3034, 0.2042, 0.422
3035, 0.1211, 0.440
3036, 0.1644, 0.437
3037, 0.1330, 0.421
3038, 0.1533, 0.437
3039, 0.2769, 0.440
3040, 0.1442, 0.444
3041, 0.1458, 0.420
3042, 0.0726, 0.420
3043, 0.1500, 0.444
3044, 0.0700, 0.440
3045, 0.1412, 0.432
3046, 0.1829, 0.417
3047, 0.1268, 0.419
3048, 0.1632, 0.416
3049, 0.1040, 0.413
3050, 0.0790, 0.413
3051, 0.2998, 0.421
3052, 0.1396, 0.445
3053, 0.1052, 0.433
3054, 0.0916, 0.423
3055, 0.1376, 0.422
3056, 0.1878, 0.443
3057, 0.1805, 0.425
3058, 0.1384, 0.426
3059, 0.1322, 0.426
3060, 0.1588, 0.442
3061, 0.1537, 0.422
3062, 0.2063, 0.418
3063, 0.1459, 0.425
3064, 0.1991, 0.440
3065, 0.1736, 0.427
3066, 0.1299, 0.427
3067, 0.0856, 0.428
3068, 0.1237, 0.443
3069, 0.1303, 0.424
3070, 0.0815, 0.418
3071, 0.1114, 0.418
3072, 0.1304, 0.441
3073, 0.1195, 0.422
3074, 0.0801, 0.421
3075, 0.1608, 0.419
3076, 0.1455, 0.444
3077, 0.1941, 0.423
3078, 0.1329, 0.441
3079, 0.0809, 0.419
3080, 0.1271, 0.398
3081, 0.1190, 0.420
3082, 0.0645, 0.435
3083, 0.1362, 0.432
3084, 0.1025, 0.438
3085, 0.1495, 0.427
3086, 0.2296, 0.428
3087, 0.2185, 0.432
3088, 0.2275, 0.435
3089, 0.2017, 0.437
3090, 0.1799, 0.428
3091, 0.1229, 0.435
3092, 0.2002, 0.420
3093, 0.1450, 0.424
3094, 0.2122, 0.425
3095, 0.1938, 0.422
3096, 0.1061, 0.425
3097, 0.1116, 0.421
3098, 0.1732, 0.419
3099, 0.1551, 0.420
3100, 0.0944, 0.417
3101, 0.0675, 0.419
3102, 0.0794, 0.422
3103, 0.1423, 0.415
3104, 0.1933, 0.434
3105, 0.2275, 0.421
3106, 0.0658, 0.425
3107, 0.2230, 0.415
3108, 0.1455, 0.425
3109, 0.1631, 0.417
3110, 0.0847, 0.424
3111, 0.2046, 0.415
3112, 0.1801, 0.425
3113, 0.1276, 0.427
3114, 0.1671, 0.427
3115, 0.1389, 0.416
3116, 0.1956, 0.422
3117, 0.2022, 0.428
3118, 0.1434, 0.437
3119, 0.1984, 0.444
3120, 0.1178, 0.436
3121, 0.1598, 0.441
3122, 0.1440, 0.442
3123, 0.0885, 0.441
3124, 0.1593, 0.443
3125, 0.0914, 0.443
3126, 0.1247, 0.441
3127, 0.1465, 0.441
3128, 0.1048, 0.442
3129, 0.1776, 0.440
3130, 0.1135, 0.439
3131, 0.0865, 0.444
3132, 0.1439, 0.445
3133, 0.1442, 0.445
3134, 0.0793, 0.441
3135, 0.2208, 0.439
3136, 0.1122, 0.441
3137, 0.2380, 0.441
3138, 0.1139, 0.439
3139, 0.1921, 0.444
3140, 0.1813, 0.443
3141, 0.0927, 0.443
3142, 0.0731, 0.441
3143, 0.1498, 0.439
3144, 0.1717, 0.441
3145, 0.1365, 0.441
3146, 0.1568, 0.439
3147, 0.1084, 0.443
3148, 0.1073, 0.445
3149, 0.1566, 0.445
3150, 0.1980, 0.442
3151, 0.1461, 0.439
3152, 0.0934, 0.442
3153, 0.2337, 0.441
3154, 0.0821, 0.439
3155, 0.1010, 0.443
3156, 0.0573, 0.443
3157, 0.1276, 0.443
3158, 0.1673, 0.442
3159, 0.1289, 0.417
3160, 0.1242, 0.429
3161, 0.2826, 0.439
3162, 0.1576, 0.436
3163, 0.1125, 0.444
3164, 0.0701, 0.443
3165, 0.0656, 0.444
3166, 0.0442, 0.442
3167, 0.0343, 0.440
3168, 0.0680, 0.440
3169, 0.0925, 0.441
3170, 0.0922, 0.438
3171, 0.0922, 0.442
3172, 0.0994, 0.442
3173, 0.1317, 0.443
3174, 0.1814, 0.443
3175, 0.1630, 0.439
3176, 0.1732, 0.441
3177, 0.2071, 0.443
3178, 0.0938, 0.437
3179, 0.1027, 0.440
3180, 0.1725, 0.441
3181, 0.1886, 0.441
3182, 0.1299, 0.443
3183, 0.1573, 0.439
3184, 0.2075, 0.441
3185, 0.2020, 0.440
3186, 0.1093, 0.437
3187, 0.0949, 0.441
3188, 0.0967, 0.440
3189, 0.0728, 0.441
3190, 0.0327, 0.442
3191, 0.1464, 0.438
3192, 0.1577, 0.441
3193, 0.2050, 0.443
3194, 0.1221, 0.440
3195, 0.1341, 0.443
3196, 0.0526, 0.442
3197, 0.0820, 0.442
3198, 0.1470, 0.441
3199, 0.3101, 0.437
3200, 0.1093, 0.427
3201, 0.1991, 0.415
3202, 0.2400, 0.421
3203, 0.0820, 0.419
3204, 0.0288, 0.419
3205, 0.0974, 0.429
3206, 0.0965, 0.431
3207, 0.2672, 0.417
3208, 0.2189, 0.446
3209, 0.2700, 0.429
3210, 0.2032, 0.419
3211, 0.0989, 0.421
3212, 0.1737, 0.421
3213, 0.1040, 0.417
3214, 0.1538, 0.422
3215, 0.1074, 0.424
3216, 0.1685, 0.429
3217, 0.1606, 0.425
3218, 0.0762, 0.414
3219, 0.1132, 0.414
3220, 0.0859, 0.433
3221, 0.1255, 0.419
3222, 0.2054, 0.424
3223, 0.2224, 0.413
3224, 0.1919, 0.418
3225, 0.1196, 0.419
3226, 0.1275, 0.427
3227, 0.1344, 0.422
3228, 0.0815, 0.422
3229, 0.0713, 0.433
3230, 0.0976, 0.422
3231, 0.1637, 0.414
3232, 0.0420, 0.422
3233, 0.0594, 0.416
3234, 0.0824, 0.420
3235, 0.1244, 0.416
3236, 0.1041, 0.418
3237, 0.1540, 0.417
3238, 0.1528, 0.422
3239, 0.1006, 0.411
3240, 0.2032, 0.417
3241, 0.1984, 0.419
3242, 0.1456, 0.415
3243, 0.1149, 0.419
3244, 0.0843, 0.421
3245, 0.0712, 0.420
3246, 0.1628, 0.421
3247, 0.1331, 0.411
3248, 0.1236, 0.419
3249, 0.1060, 0.416
3250, 0.1684, 0.415
3251, 0.1325, 0.416
3252, 0.1085, 0.417
3253, 0.1884, 0.415
3254, 0.1413, 0.414
3255, 0.1439, 0.414
3256, 0.2666, 0.420
3257, 0.1810, 0.422
3258, 0.2102, 0.414
3259, 0.1297, 0.420
3260, 0.1118, 0.426
3261, 0.1410, 0.433
3262, 0.1132, 0.419
3263, 0.1446, 0.413
3264, 0.1587, 0.418
3265, 0.2240, 0.415
3266, 0.0836, 0.415
3267, 0.1803, 0.414
3268, 0.2102, 0.417
3269, 0.2052, 0.431
3270, 0.1618, 0.418
3271, 0.1204, 0.412
3272, 0.1176, 0.420
3273, 0.1801, 0.420
3274, 0.1364, 0.413
3275, 0.1767, 0.414
3276, 0.1818, 0.420
3277, 0.1829, 0.421
3278, 0.1211, 0.423
3279, 0.1341, 0.416
3280, 0.1340, 0.418
3281, 0.1149, 0.418
3282, 0.1606, 0.416
3283, 0.1608, 0.416
3284, 0.1514, 0.429
3285, 0.1574, 0.415
3286, 0.1519, 0.422
3287, 0.1437, 0.409
3288, 0.1353, 0.418
3289, 0.0988, 0.425
3290, 0.2301, 0.415
3291, 0.1428, 0.414
3292, 0.1962, 0.423
3293, 0.0506, 0.420
3294, 0.1182, 0.421
3295, 0.0788, 0.414
3296, 0.1172, 0.417
3297, 0.0706, 0.416
3298, 0.0618, 0.416
3299, 0.1127, 0.415
3300, 0.1373, 0.417
3301, 0.1309, 0.415
3302, 0.1535, 0.417
3303, 0.1051, 0.411
3304, 0.1161, 0.427
3305, 0.1329, 0.420
3306, 0.1818, 0.415
3307, 0.2151, 0.418
3308, 0.1392, 0.419
3309, 0.1204, 0.418
3310, 0.1263, 0.421
3311, 0.1074, 0.414
3312, 0.1417, 0.410
3313, 0.1456, 0.417
3314, 0.1248, 0.416
3315, 0.1756, 0.418
3316, 0.1637, 0.415
3317, 0.1380, 0.414
3318, 0.1919, 0.415
3319, 0.1086, 0.478
3320, 0.1829, 0.444
3321, 0.1243, 0.441
3322, 0.1360, 0.435
3323, 0.1571, 0.443
3324, 0.0956, 0.442
3325, 0.1896, 0.443
3326, 0.1601, 0.442
3327, 0.1065, 0.437
3328, 0.1368, 0.440
3329, 0.1021, 0.405
3330, 0.1787, 0.415
3331, 0.1745, 0.410
3332, 0.2354, 0.412
3333, 0.1271, 0.408
3334, 0.1527, 0.412
3335, 0.1641, 0.417
3336, 0.1148, 0.413
3337, 0.1619, 0.421
3338, 0.1302, 0.408
3339, 0.1071, 0.415
3340, 0.0821, 0.416
3341, 0.1127, 0.415
3342, 0.1281, 0.418
3343, 0.1436, 0.406
3344, 0.1113, 0.407
3345, 0.0999, 0.406
3346, 0.1430, 0.402
3347, 0.2775, 0.398
3348, 0.1762, 0.396
3349, 0.1533, 0.396
3350, 0.1251, 0.396
3351, 0.1100, 0.396
3352, 0.0920, 0.427
3353, 0.1275, 0.444
3354, 0.1635, 0.444
3355, 0.1514, 0.448
3356, 0.1766, 0.447
3357, 0.2021, 0.444
3358, 0.2420, 0.415
3359, 0.1610, 0.397
3360, 0.1066, 0.403
3361, 0.1514, 0.399
3362, 0.1732, 0.405
3363, 0.0964, 0.399
3364, 0.1722, 0.399
3365, 0.1369, 0.398
3366, 0.1843, 0.397
3367, 0.0898, 0.398
3368, 0.0726, 0.407
3369, 0.1287, 0.422
3370, 0.1774, 0.416
3371, 0.2083, 0.420
3372, 0.0871, 0.418
3373, 0.1012, 0.411
3374, 0.0663, 0.405
3375, 0.0829, 0.400
3376, 0.0436, 0.396
3377, 0.1357, 0.397
3378, 0.1151, 0.399
3379, 0.1163, 0.393
3380, 0.1066, 0.395
3381, 0.1533, 0.397
3382, 0.1910, 0.396
3383, 0.0733, 0.391
3384, 0.0321, 0.390
3385, 0.1195, 0.395
3386, 0.0742, 0.393
3387, 0.0650, 0.394
3388, 0.1356, 0.395
3389, 0.0869, 0.393
3390, 0.1382, 0.393
3391, 0.1251, 0.395
3392, 0.0989, 0.395
3393, 0.1104, 0.397
3394, 0.0908, 0.406
3395, 0.1055, 0.409
3396, 0.1749, 0.399
3397, 0.1215, 0.395
3398, 0.0965, 0.395
3399, 0.1097, 0.407
3400, 0.1496, 0.409
3401, 0.2777, 0.387
3402, 0.1413, 0.398
3403, 0.0860, 0.397
3404, 0.0933, 0.396
3405, 0.0944, 0.406
3406, 0.0854, 0.395
3407, 0.0881, 0.396
3408, 0.1937, 0.404
3409, 0.1647, 0.483
3410, 0.1368, 0.398
3411, 0.1736, 0.400
3412, 0.0791, 0.432
3413, 0.1535, 0.424
3414, 0.1155, 0.422
3415, 0.1059, 0.428
3416, 0.2644, 0.426
3417, 0.1068, 0.433
3418, 0.0555, 0.445
3419, 0.0935, 0.444
3420, 0.1591, 0.434
3421, 0.0854, 0.435
3422, 0.1144, 0.431
3423, 0.1374, 0.444
3424, 0.0829, 0.438
3425, 0.1342, 0.425
3426, 0.1023, 0.427
3427, 0.1199, 0.431
3428, 0.1704, 0.425
3429, 0.1923, 0.432
3430, 0.1402, 0.430
3431, 0.1726, 0.445
3432, 0.1332, 0.429
3433, 0.1950, 0.423
3434, 0.1517, 0.428
3435, 0.1900, 0.447
3436, 0.0645, 0.428
3437, 0.1169, 0.428
3438, 0.2070, 0.435
3439, 0.1496, 0.444
3440, 0.1337, 0.432
3441, 0.1296, 0.424
3442, 0.1507, 0.419
3443, 0.1059, 0.438
3444, 0.1135, 0.421
3445, 0.1399, 0.428
3446, 0.1960, 0.420
3447, 0.1749, 0.445
3448, 0.1178, 0.425
3449, 0.1189, 0.418
3450, 0.1336, 0.419
3451, 0.1297, 0.429
3452, 0.1326, 0.432
3453, 0.0863, 0.422
3454, 0.1212, 0.420
3455, 0.1322, 0.444
3456, 0.1214, 0.428
3457, 0.1603, 0.417
3458, 0.1373, 0.434
3459, 0.0511, 0.429
3460, 0.2072, 0.423
3461, 0.1289, 0.427
3462, 0.1357, 0.442
3463, 0.1407, 0.439
3464, 0.1883, 0.418
3465, 0.2105, 0.426
3466, 0.0786, 0.438
3467, 0.1570, 0.433
3468, 0.0628, 0.422
3469, 0.1315, 0.423
3470, 0.1427, 0.433
3471, 0.1520, 0.418
3472, 0.0889, 0.421
3473, 0.1034, 0.418
3474, 0.1405, 0.435
3475, 0.0463, 0.424
3476, 0.1447, 0.429
3477, 0.1495, 0.428
3478, 0.1998, 0.441
3479, 0.1327, 0.429
3480, 0.1254, 0.426
3481, 0.0771, 0.427
3482, 0.1298, 0.438
3483, 0.1864, 0.425
3484, 0.0863, 0.418
3485, 0.1073, 0.425
3486, 0.1333, 0.436
3487, 0.1725, 0.438
3488, 0.1449, 0.433
3489, 0.2047, 0.425
3490, 0.1379, 0.447
3491, 0.0833, 0.429
3492, 0.0787, 0.427
3493, 0.0782, 0.424
3494, 0.1579, 0.437
3495, 0.1219, 0.427
3496, 0.1899, 0.420
3497, 0.1475, 0.417
3498, 0.1695, 0.412
3499, 0.1222, 0.435
3500, 0.1314, 0.432
3501, 0.1380, 0.440
3502, 0.1866, 0.442
3503, 0.1582, 0.440
3504, 0.1510, 0.435
3505, 0.2525, 0.433
3506, 0.0997, 0.442
3507, 0.1636, 0.430
3508, 0.1598, 0.402
3509, 0.1717, 0.399
3510, 0.1145, 0.396
3511, 0.1133, 0.395
3512, 0.1496, 0.417
3513, 0.0903, 0.397
3514, 0.1551, 0.403
3515, 0.2481, 0.416
3516, 0.2165, 0.399
3517, 0.0970, 0.414
3518, 0.1925, 0.429
3519, 0.1140, 0.394
3520, 0.1498, 0.405
3521, 0.1266, 0.414
3522, 0.1366, 0.406
3523, 0.1321, 0.399
3524, 0.0884, 0.428
3525, 0.1220, 0.446
3526, 0.1390, 0.444
3527, 0.0665, 0.446
3528, 0.1465, 0.444
3529, 0.2095, 0.447
3530, 0.1366, 0.451
3531, 0.0857, 0.448
3532, 0.1426, 0.452
3533, 0.1392, 0.461
3534, 0.1212, 0.453
3535, 0.1930, 0.448
3536, 0.2342, 0.451
3537, 0.1103, 0.447
3538, 0.0974, 0.446
3539, 0.1553, 0.448
3540, 0.1773, 0.449
3541, 0.1877, 0.445
3542, 0.1029, 0.445
3543, 0.1352, 0.444
3544, 0.1074, 0.440
3545, 0.1199, 0.440
3546, 0.0709, 0.440
3547, 0.1509, 0.440
3548, 0.1099, 0.440
3549, 0.0989, 0.439
3550, 0.1310, 0.442
3551, 0.0990, 0.443
3552, 0.1458, 0.439
3553, 0.1151, 0.438
3554, 0.0971, 0.440
3555, 0.1095, 0.438
3556, 0.1907, 0.441
3557, 0.1200, 0.445
3558, 0.1751, 0.446
3559, 0.1475, 0.444
3560, 0.1312, 0.443
3561, 0.1212, 0.441
3562, 0.1546, 0.440
3563, 0.1741, 0.440
3564, 0.0671, 0.440
3565, 0.1338, 0.440
3566, 0.1116, 0.440
3567, 0.1043, 0.442
3568, 0.2699, 0.440
3569, 0.1015, 0.438
3570, 0.1609, 0.440
3571, 0.1244, 0.439
3572, 0.1662, 0.442
3573, 0.0970, 0.445
3574, 0.1122, 0.443
3575, 0.1461, 0.441
3576, 0.1720, 0.438
3577, 0.1099, 0.438
3578, 0.1114, 0.440
3579, 0.1752, 0.440
3580, 0.1680, 0.438
3581, 0.1658, 0.442
3582, 0.1054, 0.444
3583, 0.0935, 0.442
3584, 0.1093, 0.440
3585, 0.1192, 0.438
3586, 0.1379, 0.440
3587, 0.1560, 0.440
3588, 0.1240, 0.439
3589, 0.0364, 0.443
3590, 0.1295, 0.441
3591, 0.1176, 0.441
3592, 0.2015, 0.441
3593, 0.1774, 0.441
3594, 0.1044, 0.439
3595, 0.0751, 0.441
3596, 0.1123, 0.442
3597, 0.1223, 0.442
3598, 0.1799, 0.446
3599, 0.2141, 0.444
3600, 0.0709, 0.442
3601, 0.1795, 0.424
3602, 0.0920, 0.416
3603, 0.1427, 0.417
3604, 0.1818, 0.418
3605, 0.1044, 0.421
3606, 0.1122, 0.418
3607, 0.1323, 0.428
3608, 0.1413, 0.434
3609, 0.1061, 0.415
3610, 0.1059, 0.410
3611, 0.1554, 0.412
3612, 0.1347, 0.414
3613, 0.1459, 0.414
3614, 0.1491, 0.439
3615, 0.1797, 0.419
3616, 0.1588, 0.415
3617, 0.1602, 0.414
3618, 0.0768, 0.412
3619, 0.1192, 0.416
3620, 0.0898, 0.419
3621, 0.1212, 0.428
3622, 0.0857, 0.419
3623, 0.0963, 0.416
3624, 0.0783, 0.421
3625, 0.1527, 0.421
3626, 0.1724, 0.421
3627, 0.1110, 0.416
3628, 0.1386, 0.417
3629, 0.1664, 0.417
3630, 0.2111, 0.419
3631, 0.1392, 0.420
3632, 0.0892, 0.416
3633, 0.1441, 0.416
3634, 0.1594, 0.413
3635, 0.2117, 0.419
3636, 0.1869, 0.417
3637, 0.1526, 0.419
3638, 0.0489, 0.418
3639, 0.1660, 0.419
3640, 0.1340, 0.421
3641, 0.1191, 0.421
3642, 0.1156, 0.418
3643, 0.0837, 0.417
3644, 0.1011, 0.418
3645, 0.1269, 0.415
3646, 0.2286, 0.418
3647, 0.1266, 0.419
3648, 0.2578, 0.420
3649, 0.2249, 0.413
3650, 0.1628, 0.417
3651, 0.0757, 0.418
3652, 0.1380, 0.417
3653, 0.1845, 0.414
3654, 0.1209, 0.422
3655, 0.0916, 0.417
3656, 0.1173, 0.419
3657, 0.0757, 0.421
3658, 0.1842, 0.415
3659, 0.1136, 0.415
3660, 0.1321, 0.413
3661, 0.1346, 0.416
3662, 0.1103, 0.419
3663, 0.1025, 0.419
3664, 0.0946, 0.415
3665, 0.0895, 0.429
3666, 0.2044, 0.431
3667, 0.1174, 0.421
3668, 0.1108, 0.412
3669, 0.2319, 0.435
3670, 0.1373, 0.426
3671, 0.1181, 0.420
3672, 0.0650, 0.423
3673, 0.2470, 0.436
3674, 0.1340, 0.416
3675, 0.1043, 0.416
3676, 0.0851, 0.422
3677, 0.0933, 0.419
3678, 0.0748, 0.421
3679, 0.1948, 0.433
3680, 0.1377, 0.418
3681, 0.0772, 0.418
3682, 0.1418, 0.415
3683, 0.1020, 0.432
3684, 0.1143, 0.413
3685, 0.0954, 0.422
3686, 0.1376, 0.424
3687, 0.2038, 0.417
3688, 0.2033, 0.416
3689, 0.1429, 0.425
3690, 0.1213, 0.427
3691, 0.2131, 0.428
3692, 0.0848, 0.417
3693, 0.1980, 0.436
3694, 0.2236, 0.424
3695, 0.1086, 0.412
3696, 0.1202, 0.419
3697, 0.1016, 0.418
3698, 0.1836, 0.421
3699, 0.1090, 0.410
3700, 0.1114, 0.416
3701, 0.1874, 0.418
3702, 0.1575, 0.420
3703, 0.1282, 0.416
3704, 0.0996, 0.432
3705, 0.1344, 0.421
3706, 0.1152, 0.417
3707, 0.2440, 0.418
3708, 0.1178, 0.418
3709, 0.0726, 0.419
3710, 0.0927, 0.417
3711, 0.1488, 0.425
3712, 0.1669, 0.421
3713, 0.1126, 0.469
3714, 0.1635, 0.407
3715, 0.1353, 0.432
3716, 0.1652, 0.432
3717, 0.1692, 0.434
3718, 0.1379, 0.441
3719, 0.1149, 0.439
3720, 0.1280, 0.440
3721, 0.2414, 0.442
3722, 0.2212, 0.437
3723, 0.1691, 0.436
3724, 0.1043, 0.435
3725, 0.1000, 0.437
3726, 0.1096, 0.437
3727, 0.1111, 0.435
3728, 0.1399, 0.440
3729, 0.1543, 0.453
3730, 0.1009, 0.448
3731, 0.1850, 0.439
3732, 0.1587, 0.436
3733, 0.1036, 0.440
3734, 0.1336, 0.439
3735, 0.1715, 0.435
3736, 0.1589, 0.439
3737, 0.1143, 0.441
3738, 0.0814, 0.437
3739, 0.2069, 0.441
3740, 0.2093, 0.438
3741, 0.1095, 0.441
3742, 0.2167, 0.439
3743, 0.1775, 0.437
3744, 0.2958, 0.441
3745, 0.1338, 0.442
3746, 0.1558, 0.439
3747, 0.2123, 0.439
3748, 0.1904, 0.437
3749, 0.1189, 0.441
3750, 0.0902, 0.440
3751, 0.1319, 0.437
3752, 0.1450, 0.439
3753, 0.1234, 0.440
3754, 0.1536, 0.439
3755, 0.1345, 0.439
3756, 0.1678, 0.437
3757, 0.1002, 0.441
3758, 0.1215, 0.438
3759, 0.0871, 0.436
3760, 0.0912, 0.440
3761, 0.1589, 0.438
3762, 0.1332, 0.436
3763, 0.1554, 0.439
3764, 0.1202, 0.438
3765, 0.1353, 0.438
3766, 0.0941, 0.440
3767, 0.1610, 0.437
3768, 0.1770, 0.441
3769, 0.0726, 0.441
3770, 0.1686, 0.438
3771, 0.1693, 0.438
3772, 0.1070, 0.439
3773, 0.1272, 0.441
3774, 0.0464, 0.439
3775, 0.0947, 0.437
3776, 0.1924, 0.440
3777, 0.2000, 0.440
3778, 0.1120, 0.437
3779, 0.1274, 0.440
3780, 0.1439, 0.439
3781, 0.1887, 0.442
3782, 0.2096, 0.432
3783, 0.2340, 0.416
3784, 0.1741, 0.414
3785, 0.2377, 0.414
3786, 0.1063, 0.409
3787, 0.1834, 0.412
3788, 0.1446, 0.415
3789, 0.0449, 0.413
3790, 0.0962, 0.423
3791, 0.1807, 0.409
3792, 0.1102, 0.416
3793, 0.1820, 0.418
3794, 0.1351, 0.405
3795, 0.1551, 0.413
3796, 0.1265, 0.414
3797, 0.1608, 0.412
3798, 0.1856, 0.412
3799, 0.2120, 0.402
3800, 0.1569, 0.400
3801, 0.0748, 0.387
3802, 0.0853, 0.398
3803, 0.0949, 0.399
3804, 0.1423, 0.398
3805, 0.1551, 0.398
3806, 0.1832, 0.450
3807, 0.1813, 0.425
3808, 0.0776, 0.444
3809, 0.2220, 0.439
3810, 0.2171, 0.423
3811, 0.1362, 0.415
3812, 0.1218, 0.414
3813, 0.0748, 0.416
3814, 0.1495, 0.439
3815, 0.1199, 0.431
3816, 0.1547, 0.439
3817, 0.1022, 0.418
3818, 0.1650, 0.422
3819, 0.1043, 0.444
3820, 0.2182, 0.425
3821, 0.1979, 0.424
3822, 0.1398, 0.419
3823, 0.1151, 0.423
3824, 0.1145, 0.425
3825, 0.1698, 0.423
3826, 0.1499, 0.421
3827, 0.1371, 0.422
3828, 0.1485, 0.426
3829, 0.1387, 0.417
3830, 0.0709, 0.412
3831, 0.0935, 0.418
3832, 0.1548, 0.417
3833, 0.1014, 0.417
3834, 0.1021, 0.425
3835, 0.1104, 0.418
3836, 0.1845, 0.418
3837, 0.1328, 0.416
3838, 0.1116, 0.433
3839, 0.1254, 0.416
3840, 0.0795, 0.436
3841, 0.1264, 0.419
3842, 0.0767, 0.424
3843, 0.1013, 0.423
3844, 0.1012, 0.419
3845, 0.0775, 0.412
3846, 0.0968, 0.418
3847, 0.1641, 0.421
3848, 0.1388, 0.417
3849, 0.1533, 0.414
3850, 0.1135, 0.418
3851, 0.1309, 0.419
3852, 0.1604, 0.417
3853, 0.0804, 0.427
3854, 0.0952, 0.416
3855, 0.1681, 0.418
3856, 0.0980, 0.419
3857, 0.1182, 0.423
3858, 0.1701, 0.422
3859, 0.1631, 0.424
3860, 0.1336, 0.416
3861, 0.1466, 0.433
3862, 0.1537, 0.431
3863, 0.1980, 0.428
3864, 0.1619, 0.425
3865, 0.1555, 0.424
3866, 0.1646, 0.416
3867, 0.0934, 0.414
3868, 0.1527, 0.417
3869, 0.1556, 0.416
3870, 0.1430, 0.432
3871, 0.0901, 0.412
3872, 0.1303, 0.434
3873, 0.2068, 0.422
3874, 0.1520, 0.433
3875, 0.1617, 0.424
3876, 0.1833, 0.423
3877, 0.2041, 0.420
3878, 0.1723, 0.429
3879, 0.1709, 0.418
3880, 0.1922, 0.420
3881, 0.1149, 0.418
3882, 0.1461, 0.413
3883, 0.1691, 0.419
3884, 0.3051, 0.418
3885, 0.1544, 0.422
3886, 0.1145, 0.414
3887, 0.2461, 0.423
3888, 0.1977, 0.420
3889, 0.2031, 0.420
3890, 0.1699, 0.422
3891, 0.1346, 0.424
3892, 0.1404, 0.422
3893, 0.1731, 0.419
3894, 0.1089, 0.427
3895, 0.1318, 0.418
3896, 0.1454, 0.418
3897, 0.1272, 0.415
3898, 0.1217, 0.418
3899, 0.1395, 0.419
3900, 0.1335, 0.414
3901, 0.1623, 0.416
3902, 0.0768, 0.417
3903, 0.0918, 0.416
3904, 0.0858, 0.416
3905, 0.0880, 0.428
3906, 0.0682, 0.421
3907, 0.1577, 0.427
3908, 0.1310, 0.416
3909, 0.1077, 0.420
3910, 0.1938, 0.420
3911, 0.1543, 0.435
3912, 0.0652, 0.439
3913, 0.2345, 0.439
3914, 0.1096, 0.430
3915, 0.1657, 0.437
3916, 0.1300, 0.437
3917, 0.1496, 0.435
3918, 0.2229, 0.436
3919, 0.1022, 0.435
3920, 0.1736, 0.441
3921, 0.1137, 0.444
3922, 0.1300, 0.440
3923, 0.1685, 0.443
3924, 0.1349, 0.408
3925, 0.1339, 0.421
3926, 0.1923, 0.415
3927, 0.1152, 0.415
3928, 0.0708, 0.416
3929, 0.1470, 0.414
3930, 0.1269, 0.412
3931, 0.1604, 0.413
3932, 0.1113, 0.420
3933, 0.1824, 0.411
3934, 0.1393, 0.410
3935, 0.0465, 0.411
3936, 0.1232, 0.415
3937, 0.1194, 0.420
3938, 0.1269, 0.410
3939, 0.1054, 0.417
3940, 0.1662, 0.414
3941, 0.1082, 0.403
3942, 0.0849, 0.401
3943, 0.0810, 0.400
3944, 0.1206, 0.398
3945, 0.1594, 0.402
3946, 0.1158, 0.403
3947, 0.1822, 0.399
3948, 0.0865, 0.399
3949, 0.0781, 0.399
3950, 0.2439, 0.396
3951, 0.1394, 0.422
3952, 0.1488, 0.387
3953, 0.1608, 0.391
3954, 0.1092, 0.396
3955, 0.1038, 0.396
3956, 0.1454, 0.393
3957, 0.1413, 0.398
3958, 0.1398, 0.399
3959, 0.2228, 0.396
3960, 0.1392, 0.395
3961, 0.1954, 0.400
3962, 0.1312, 0.404
3963, 0.0827, 0.399
3964, 0.1138, 0.396
3965, 0.1378, 0.397
3966, 0.1201, 0.409
3967, 0.1758, 0.421
3968, 0.1680, 0.408
3969, 0.1853, 0.394
3970, 0.1202, 0.407
3971, 0.1173, 0.408
3972, 0.0728, 0.393
3973, 0.1250, 0.395
3974, 0.2029, 0.396
3975, 0.1661, 0.395
3976, 0.0878, 0.394
3977, 0.0887, 0.397
3978, 0.0865, 0.399
3979, 0.1428, 0.399
3980, 0.1544, 0.395
3981, 0.0873, 0.397
3982, 0.0935, 0.397
3983, 0.1171, 0.395
3984, 0.2036, 0.394
3985, 0.1905, 0.394
3986, 0.0852, 0.394
3987, 0.1300, 0.394
3988, 0.1253, 0.394
3989, 0.0872, 0.389
3990, 0.1444, 0.395
3991, 0.1463, 0.396
3992, 0.1481, 0.395
3993, 0.1221, 0.396
3994, 0.1640, 0.397
3995, 0.0992, 0.398
3996, 0.1164, 0.397
3997, 0.0968, 0.402
3998, 0.1256, 0.402
3999, 0.2260, 0.395
4000, 0.1351, 0.396
4001, 0.1107, 0.383
4002, 0.2396, 0.395
4003, 0.0622, 0.396
4004, 0.1796, 0.407
4005, 0.2333, 0.411
4006, 0.2017, 0.401
4007, 0.1652, 0.398
4008, 0.1223, 0.398
4009, 0.1561, 0.466
4010, 0.1253, 0.402
4011, 0.1521, 0.400
4012, 0.1494, 0.392
4013, 0.1646, 0.391
4014, 0.2075, 0.398
4015, 0.1533, 0.397
4016, 0.1688, 0.394
4017, 0.0901, 0.391
4018, 0.0747, 0.422
4019, 0.1437, 0.416
4020, 0.0799, 0.416
4021, 0.1175, 0.422
4022, 0.1180, 0.424
4023, 0.1008, 0.429
4024, 0.2091, 0.421
4025, 0.1257, 0.435
4026, 0.1657, 0.422
4027, 0.0988, 0.425
4028, 0.1623, 0.436
4029, 0.1147, 0.432
4030, 0.0794, 0.395
4031, 0.1379, 0.391
4032, 0.1344, 0.385
4033, 0.1666, 0.420
4034, 0.1669, 0.396
4035, 0.1827, 0.404
4036, 0.1034, 0.410
4037, 0.1314, 0.420
4038, 0.1762, 0.402
4039, 0.1860, 0.409
4040, 0.1597, 0.420
4041, 0.1198, 0.416
4042, 0.1190, 0.423
4043, 0.1187, 0.420
4044, 0.1005, 0.427
4045, 0.0922, 0.416
4046, 0.1408, 0.424
4047, 0.1096, 0.424
4048, 0.1357, 0.424
4049, 0.1469, 0.443
4050, 0.1249, 0.429
4051, 0.1154, 0.430
4052, 0.1872, 0.424
4053, 0.1242, 0.437
4054, 0.1812, 0.443
4055, 0.1079, 0.431
4056, 0.1273, 0.426
4057, 0.1360, 0.443
4058, 0.1508, 0.432
4059, 0.1594, 0.429
4060, 0.1591, 0.434
4061, 0.1313, 0.443
4062, 0.2250, 0.433
4063, 0.1854, 0.442
4064, 0.1602, 0.421
4065, 0.1551, 0.437
4066, 0.0652, 0.427
4067, 0.1788, 0.428
4068, 0.1446, 0.431
4069, 0.0852, 0.436
4070, 0.0928, 0.426
4071, 0.1431, 0.423
4072, 0.0943, 0.425
4073, 0.0401, 0.440
4074, 0.1208, 0.421
4075, 0.1331, 0.422
4076, 0.0758, 0.436
4077, 0.2086, 0.429
4078, 0.0890, 0.425
4079, 0.1319, 0.425
4080, 0.1387, 0.432
4081, 0.0546, 0.426
4082, 0.1710, 0.444
4083, 0.1706, 0.431
4084, 0.1514, 0.439
4085, 0.1311, 0.423
4086, 0.1577, 0.405
4087, 0.0855, 0.401
4088, 0.0783, 0.402
4089, 0.1518, 0.414
4090, 0.2193, 0.417
4091, 0.1737, 0.422
4092, 0.1065, 0.430
4093, 0.1328, 0.421
4094, 0.1270, 0.425
4095, 0.1487, 0.426
4096, 0.1157, 0.440
4097, 0.1355, 0.434
4098, 0.1293, 0.421
4099, 0.1165, 0.425
4100, 0.1167, 0.447
4101, 0.1696, 0.422
4102, 0.1550, 0.423
4103, 0.0655, 0.428
4104, 0.1032, 0.449
4105, 0.1378, 0.435
4106, 0.1386, 0.433
4107, 0.1307, 0.426
4108, 0.0876, 0.444
4109, 0.1359, 0.422
4110, 0.0862, 0.419
4111, 0.1529, 0.421
4112, 0.1567, 0.435
4113, 0.1563, 0.422
4114, 0.2340, 0.421
4115, 0.1564, 0.427
4116, 0.0836, 0.436
4117, 0.1102, 0.431
4118, 0.1533, 0.432
4119, 0.1146, 0.473
4120, 0.1556, 0.438
4121, 0.1115, 0.436
4122, 0.1956, 0.437
4123, 0.1772, 0.440
4124, 0.1395, 0.446
4125, 0.1217, 0.444
4126, 0.1526, 0.443
4127, 0.1865, 0.438
4128, 0.1805, 0.441
4129, 0.1754, 0.440
4130, 0.1173, 0.441
4131, 0.1208, 0.444
4132, 0.1563, 0.441
4133, 0.1150, 0.444
4134, 0.1171, 0.446
4135, 0.1318, 0.443
4136, 0.1202, 0.439
4137, 0.1720, 0.439
4138, 0.1256, 0.439
4139, 0.1181, 0.441
4140, 0.1413, 0.444
4141, 0.1150, 0.444
4142, 0.0724, 0.442
4143, 0.0934, 0.441
4144, 0.0779, 0.439
4145, 0.2042, 0.440
4146, 0.0685, 0.441
4147, 0.1141, 0.440
4148, 0.2247, 0.440
4149, 0.2010, 0.444
4150, 0.0964, 0.446
4151, 0.0822, 0.445
4152, 0.0862, 0.441
4153, 0.2072, 0.439
4154, 0.1081, 0.440
4155, 0.0768, 0.441
4156, 0.1464, 0.444
4157, 0.0788, 0.442
4158, 0.1432, 0.445
4159, 0.1666, 0.443
4160, 0.2172, 0.443
4161, 0.0858, 0.441
4162, 0.1220, 0.441
4163, 0.2124, 0.442
4164, 0.1502, 0.442
4165, 0.0465, 0.443
4166, 0.1206, 0.445
4167, 0.0910, 0.442
4168, 0.1547, 0.439
4169, 0.1701, 0.440
4170, 0.1662, 0.441
4171, 0.1022, 0.443
4172, 0.1916, 0.443
4173, 0.1486, 0.444
4174, 0.2561, 0.445
4175, 0.1643, 0.440
4176, 0.2013, 0.407
4177, 0.1482, 0.415
4178, 0.0470, 0.403
4179, 0.0940, 0.406
4180, 0.1137, 0.407
4181, 0.1207, 0.409
4182, 0.1336, 0.415
4183, 0.1873, 0.410
4184, 0.1958, 0.410
4185, 0.0803, 0.408
4186, 0.1178, 0.403
4187, 0.2264, 0.409
4188, 0.1298, 0.416
4189, 0.1591, 0.413
4190, 0.0972, 0.416
4191, 0.1532, 0.410
4192, 0.1685, 0.406
4193, 0.2289, 0.400
4194, 0.0992, 0.396
4195, 0.1174, 0.395
4196, 0.1607, 0.396
4197, 0.1205, 0.396
4198, 0.1950, 0.396
4199, 0.1052, 0.426
4200, 0.1015, 0.445
4201, 0.1119, 0.417
4202, 0.1051, 0.423
4203, 0.1066, 0.419
4204, 0.1704, 0.419
4205, 0.1242, 0.421
4206, 0.1405, 0.416
4207, 0.0850, 0.419
4208, 0.1265, 0.459
4209, 0.1114, 0.427
4210, 0.1618, 0.422
4211, 0.1163, 0.421
4212, 0.1920, 0.420
4213, 0.1420, 0.421
4214, 0.0385, 0.423
4215, 0.0741, 0.423
4216, 0.1038, 0.423
4217, 0.0864, 0.420
4218, 0.1832, 0.414
4219, 0.1088, 0.422
4220, 0.1555, 0.416
4221, 0.0892, 0.417
4222, 0.1031, 0.417
4223, 0.1180, 0.413
4224, 0.1473, 0.418
4225, 0.1289, 0.418
4226, 0.2045, 0.418
4227, 0.1163, 0.415
4228, 0.2608, 0.429
4229, 0.0864, 0.415
4230, 0.1051, 0.412
4231, 0.1229, 0.414
4232, 0.1531, 0.418
4233, 0.1420, 0.422
4234, 0.1763, 0.419
4235, 0.1252, 0.416
4236, 0.1650, 0.411
4237, 0.1631, 0.418
4238, 0.0884, 0.434
4239, 0.0847, 0.428
4240, 0.0657, 0.411
4241, 0.0792, 0.418
4242, 0.0965, 0.426
4243, 0.1846, 0.417
4244, 0.1844, 0.415
4245, 0.1535, 0.415
4246, 0.1590, 0.415
4247, 0.1272, 0.410
4248, 0.1585, 0.417
4249, 0.1750, 0.419
4250, 0.0320, 0.418
4251, 0.0990, 0.416
4252, 0.0811, 0.418
4253, 0.1729, 0.417
4254, 0.1502, 0.428
4255, 0.1713, 0.415
4256, 0.1819, 0.419
4257, 0.1438, 0.417
4258, 0.0845, 0.416
4259, 0.1647, 0.412
4260, 0.1569, 0.417
4261, 0.1335, 0.432
4262, 0.1373, 0.414
4263, 0.1079, 0.411
4264, 0.1123, 0.418
4265, 0.1055, 0.421
4266, 0.1691, 0.425
4267, 0.1764, 0.418
4268, 0.1395, 0.425
4269, 0.1132, 0.415
4270, 0.1365, 0.415
4271, 0.1159, 0.417
4272, 0.2028, 0.416
4273, 0.2553, 0.417
4274, 0.1655, 0.411
4275, 0.1801, 0.417
4276, 0.0788, 0.418
4277, 0.0751, 0.414
4278, 0.1905, 0.411
4279, 0.2118, 0.416
4280, 0.1520, 0.421
4281, 0.1363, 0.428
4282, 0.1201, 0.445
4283, 0.1188, 0.440
4284, 0.1100, 0.427
4285, 0.2237, 0.419
4286, 0.1732, 0.441
4287, 0.1262, 0.417
4288, 0.1260, 0.415
4289, 0.1176, 0.429
4290, 0.1507, 0.411
4291, 0.1320, 0.420
4292, 0.1459, 0.420
4293, 0.1318, 0.417
4294, 0.1095, 0.411
4295, 0.1264, 0.432
4296, 0.1340, 0.436
4297, 0.0843, 0.433
4298, 0.0987, 0.416
4299, 0.1546, 0.417
4300, 0.0941, 0.428
4301, 0.1068, 0.413
4302, 0.1151, 0.417
4303, 0.1436, 0.431
4304, 0.1851, 0.417
4305, 0.1382, 0.415
4306, 0.1377, 0.418
4307, 0.1436, 0.418
4308, 0.1955, 0.418
4309, 0.0997, 0.414
4310, 0.2482, 0.417
4311, 0.1263, 0.416
4312, 0.1646, 0.417
4313, 0.1617, 0.421
4314, 0.1380, 0.416
4315, 0.1381, 0.416
4316, 0.1122, 0.424
4317, 0.1701, 0.435
4318, 0.1123, 0.435
4319, 0.1351, 0.439
4320, 0.1477, 0.438
4321, 0.1732, 0.441
4322, 0.2023, 0.440
4323, 0.1468, 0.444
4324, 0.1141, 0.442
4325, 0.1411, 0.441
4326, 0.1124, 0.440
4327, 0.1882, 0.439
4328, 0.2167, 0.443
4329, 0.1193, 0.451
4330, 0.2196, 0.447
4331, 0.1564, 0.448
4332, 0.1891, 0.447
4333, 0.1164, 0.446
4334, 0.1524, 0.442
4335, 0.1361, 0.441
4336, 0.2240, 0.440
4337, 0.1905, 0.439
4338, 0.1183, 0.439
4339, 0.1729, 0.441
4340, 0.1014, 0.439
4341, 0.1325, 0.441
4342, 0.0620, 0.440
4343, 0.1140, 0.440
4344, 0.1442, 0.443
4345, 0.1766, 0.442
4346, 0.1201, 0.441
4347, 0.0821, 0.445
4348, 0.1806, 0.444
4349, 0.1541, 0.448
4350, 0.2105, 0.443
4351, 0.1464, 0.440
4352, 0.2226, 0.441
4353, 0.2427, 0.441
4354, 0.1078, 0.441
4355, 0.1584, 0.443
4356, 0.1758, 0.426
4357, 0.1516, 0.441
4358, 0.1275, 0.441
4359, 0.1833, 0.440
4360, 0.1301, 0.443
4361, 0.1668, 0.444
4362, 0.1533, 0.441
4363, 0.1843, 0.454
4364, 0.1215, 0.456
4365, 0.0983, 0.447
4366, 0.1789, 0.443
4367, 0.0710, 0.441
4368, 0.1071, 0.442
4369, 0.1177, 0.441
4370, 0.1316, 0.441
4371, 0.2788, 0.441
4372, 0.1172, 0.441
4373, 0.0939, 0.441
4374, 0.1686, 0.443
4375, 0.1152, 0.439
4376, 0.0901, 0.447
4377, 0.1386, 0.442
4378, 0.0840, 0.441
4379, 0.1148, 0.441
4380, 0.0835, 0.442
4381, 0.1083, 0.443
4382, 0.1215, 0.445
4383, 0.1677, 0.443
4384, 0.1513, 0.441
4385, 0.1650, 0.441
4386, 0.1481, 0.439
4387, 0.2125, 0.441
4388, 0.1064, 0.440
4389, 0.1648, 0.441
4390, 0.0842, 0.442
4391, 0.0945, 0.440
4392, 0.0591, 0.442
4393, 0.2175, 0.443
4394, 0.2780, 0.406
4395, 0.1360, 0.419
4396, 0.1508, 0.412
4397, 0.0902, 0.411
4398, 0.1177, 0.414
4399, 0.1427, 0.410
4400, 0.1259, 0.410
4401, 0.0674, 0.394
4402, 0.1210, 0.412
4403, 0.1233, 0.405
4404, 0.2135, 0.403
4405, 0.0892, 0.424
4406, 0.1334, 0.425
4407, 0.1530, 0.424
4408, 0.1190, 0.441
4409, 0.2232, 0.427
4410, 0.1418, 0.430
4411, 0.0860, 0.428
4412, 0.1001, 0.423
4413, 0.1217, 0.422
4414, 0.1769, 0.423
4415, 0.1372, 0.424
4416, 0.1787, 0.427
4417, 0.2057, 0.422
4418, 0.0944, 0.415
4419, 0.1047, 0.423
4420, 0.1411, 0.419
4421, 0.1142, 0.434
4422, 0.1494, 0.420
4423, 0.0955, 0.421
4424, 0.1358, 0.423
4425, 0.1644, 0.420
4426, 0.1773, 0.423
4427, 0.1395, 0.420
4428, 0.1763, 0.419
4429, 0.0916, 0.429
4430, 0.1234, 0.420
4431, 0.1126, 0.418
4432, 0.0683, 0.423
4433, 0.1523, 0.418
4434, 0.1348, 0.415
4435, 0.1171, 0.422
4436, 0.1312, 0.416
4437, 0.1256, 0.420
4438, 0.2389, 0.439
4439, 0.1156, 0.425
4440, 0.1076, 0.420
4441, 0.0849, 0.420
4442, 0.1769, 0.442
4443, 0.1719, 0.425
4444, 0.1638, 0.432
4445, 0.1457, 0.427
4446, 0.1175, 0.435
4447, 0.1509, 0.422
4448, 0.1372, 0.425
4449, 0.1147, 0.427
4450, 0.0790, 0.441
4451, 0.0538, 0.425
4452, 0.1295, 0.423
4453, 0.1070, 0.421
4454, 0.1674, 0.439
4455, 0.1626, 0.427
4456, 0.1932, 0.422
4457, 0.1134, 0.421
4458, 0.1136, 0.415
4459, 0.1402, 0.423
4460, 0.1862, 0.418
4461, 0.0996, 0.418
4462, 0.1016, 0.414
4463, 0.1437, 0.417
4464, 0.1648, 0.417
4465, 0.0539, 0.418
4466, 0.1737, 0.418
4467, 0.1531, 0.419
4468, 0.1278, 0.419
4469, 0.1295, 0.415
4470, 0.1293, 0.418
4471, 0.1564, 0.414
4472, 0.1454, 0.416
4473, 0.1724, 0.418
4474, 0.0842, 0.418
4475, 0.1361, 0.419
4476, 0.2005, 0.421
4477, 0.1798, 0.431
4478, 0.1719, 0.417
4479, 0.1905, 0.415
4480, 0.1366, 0.416
4481, 0.1454, 0.418
4482, 0.1101, 0.416
4483, 0.1847, 0.414
4484, 0.1737, 0.420
4485, 0.1578, 0.425
4486, 0.1645, 0.419
4487, 0.0610, 0.415
4488, 0.1316, 0.429
4489, 0.1066, 0.419
4490, 0.1020, 0.418
4491, 0.1687, 0.417
4492, 0.0518, 0.424
4493, 0.1515, 0.432
4494, 0.0661, 0.418
4495, 0.1500, 0.414
4496, 0.1120, 0.417
4497, 0.0845, 0.417
4498, 0.2139, 0.430
4499, 0.0767, 0.418
4500, 0.0905, 0.419
4501, 0.1506, 0.416
4502, 0.0895, 0.419
4503, 0.1267, 0.420
4504, 0.0958, 0.412
4505, 0.0838, 0.419
4506, 0.1096, 0.416
4507, 0.1992, 0.419
4508, 0.1098, 0.417
4509, 0.1861, 0.435
4510, 0.0800, 0.418
4511, 0.1037, 0.418
4512, 0.1000, 0.415
4513, 0.1502, 0.421
4514, 0.1532, 0.417
4515, 0.1088, 0.419
4516, 0.0975, 0.425
4517, 0.1979, 0.414
4518, 0.1144, 0.433
4519, 0.0648, 0.414
4520, 0.1013, 0.431
4521, 0.0769, 0.439
4522, 0.1813, 0.435
4523, 0.2242, 0.438
4524, 0.1182, 0.445
4525, 0.0959, 0.441
4526, 0.1283, 0.439
4527, 0.1562, 0.438
4528, 0.0831, 0.436
4529, 0.1394, 0.440
4530, 0.1005, 0.439
4531, 0.1032, 0.443
4532, 0.1094, 0.443
4533, 0.1137, 0.441
4534, 0.1453, 0.442
4535, 0.1522, 0.420
4536, 0.1174, 0.445
4537, 0.1380, 0.443
4538, 0.1145, 0.438
4539, 0.1180, 0.441
4540, 0.1324, 0.446
4541, 0.0527, 0.440
4542, 0.1672, 0.442
4543, 0.1183, 0.439
4544, 0.2123, 0.437
4545, 0.1770, 0.440
4546, 0.1666, 0.439
4547, 0.1063, 0.440
4548, 0.1477, 0.445
4549, 0.1387, 0.442
4550, 0.1518, 0.453
4551, 0.1250, 0.455
4552, 0.0908, 0.446
4553, 0.1360, 0.444
4554, 0.1313, 0.439
4555, 0.1904, 0.442
4556, 0.1290, 0.443
4557, 0.1256, 0.442
4558, 0.1062, 0.442
4559, 0.1303, 0.438
4560, 0.1588, 0.438
4561, 0.1371, 0.441
4562, 0.1142, 0.440
4563, 0.1784, 0.444
4564, 0.1156, 0.444
4565, 0.0938, 0.442
4566, 0.1356, 0.442
4567, 0.1658, 0.441
4568, 0.1283, 0.447
4569, 0.0711, 0.441
4570, 0.1276, 0.440
4571, 0.1310, 0.443
4572, 0.0908, 0.442
4573, 0.1134, 0.441
4574, 0.1538, 0.441
4575, 0.1253, 0.438
4576, 0.1285, 0.437
4577, 0.1169, 0.439
4578, 0.1557, 0.440
4579, 0.0875, 0.444
4580, 0.1538, 0.442
4581, 0.1201, 0.441
4582, 0.1611, 0.442
4583, 0.1517, 0.442
4584, 0.1652, 0.447
4585, 0.1585, 0.443
4586, 0.1524, 0.443
4587, 0.2247, 0.445
4588, 0.1257, 0.443
4589, 0.1463, 0.439
4590, 0.1152, 0.441
4591, 0.1059, 0.438
4592, 0.0713, 0.439
4593, 0.0758, 0.440
4594, 0.1098, 0.440
4595, 0.1207, 0.443
4596, 0.0876, 0.443
4597, 0.1700, 0.442
4598, 0.1182, 0.440
4599, 0.1542, 0.440
4600, 0.1588, 0.442
4601, 0.1512, 0.426
4602, 0.1153, 0.421
4603, 0.1676, 0.421
4604, 0.1356, 0.421
4605, 0.1452, 0.428
4606, 0.1103, 0.428
4607, 0.1273, 0.418
4608, 0.1397, 0.445
4609, 0.1573, 0.422
4610, 0.1450, 0.418
4611, 0.0891, 0.419
4612, 0.1396, 0.420
4613, 0.1311, 0.414
4614, 0.1925, 0.416
4615, 0.0811, 0.419
4616, 0.1287, 0.417
4617, 0.1185, 0.414
4618, 0.2065, 0.413
4619, 0.0892, 0.418
4620, 0.1465, 0.421
4621, 0.1176, 0.420
4622, 0.1552, 0.425
4623, 0.1173, 0.415
4624, 0.1078, 0.419
4625, 0.1339, 0.420
4626, 0.1544, 0.417
4627, 0.1832, 0.419
4628, 0.1402, 0.419
4629, 0.1216, 0.419
4630, 0.1336, 0.428
4631, 0.1326, 0.415
4632, 0.1524, 0.415
4633, 0.1924, 0.412
4634, 0.0962, 0.415
4635, 0.1320, 0.418
4636, 0.1681, 0.415
4637, 0.1165, 0.432
4638, 0.1519, 0.417
4639, 0.1002, 0.416
4640, 0.2032, 0.414
4641, 0.1853, 0.421
4642, 0.1712, 0.419
4643, 0.1270, 0.419
4644, 0.1436, 0.414
4645, 0.0994, 0.418
4646, 0.1185, 0.418
4647, 0.1178, 0.416
4648, 0.1761, 0.414
4649, 0.1453, 0.409
4650, 0.1159, 0.414
4651, 0.0816, 0.420
4652, 0.1224, 0.431
4653, 0.0974, 0.415
4654, 0.0884, 0.418
4655, 0.1223, 0.416
4656, 0.1137, 0.419
4657, 0.1506, 0.418
4658, 0.1157, 0.416
4659, 0.0930, 0.417
4660, 0.1603, 0.415
4661, 0.1478, 0.418
4662, 0.0972, 0.422
4663, 0.1142, 0.443
4664, 0.2558, 0.416
4665, 0.2050, 0.414
4666, 0.1557, 0.410
4667, 0.1628, 0.439
4668, 0.1183, 0.429
4669, 0.1111, 0.424
4670, 0.1211, 0.426
4671, 0.1601, 0.424
4672, 0.0954, 0.434
4673, 0.1044, 0.418
4674, 0.1294, 0.423
4675, 0.1197, 0.432
4676, 0.1280, 0.419
4677, 0.1224, 0.415
4678, 0.1730, 0.420
4679, 0.1863, 0.417
4680, 0.2006, 0.415
4681, 0.0618, 0.416
4682, 0.1407, 0.416
4683, 0.1974, 0.421
4684, 0.1626, 0.421
4685, 0.1930, 0.422
4686, 0.1207, 0.437
4687, 0.1119, 0.417
4688, 0.1534, 0.415
4689, 0.2205, 0.421
4690, 0.1334, 0.420
4691, 0.1322, 0.423
4692, 0.1138, 0.415
4693, 0.1880, 0.419
4694, 0.1630, 0.419
4695, 0.1345, 0.416
4696, 0.0831, 0.414
4697, 0.0846, 0.417
4698, 0.0951, 0.416
4699, 0.2011, 0.419
4700, 0.1270, 0.420
4701, 0.1777, 0.420
4702, 0.1596, 0.422
4703, 0.1099, 0.413
4704, 0.1343, 0.420
4705, 0.1052, 0.424
4706, 0.1415, 0.421
4707, 0.0864, 0.414
4708, 0.0902, 0.417
4709, 0.1280, 0.418
4710, 0.1039, 0.419
4711, 0.0924, 0.413
4712, 0.1403, 0.418
4713, 0.1419, 0.426
4714, 0.1871, 0.416
4715, 0.1540, 0.422
4716, 0.1815, 0.418
4717, 0.1385, 0.442
4718, 0.1038, 0.445
4719, 0.1544, 0.439
4720, 0.0621, 0.443
4721, 0.1298, 0.443
4722, 0.0776, 0.439
4723, 0.1240, 0.439
4724, 0.1226, 0.439
4725, 0.1881, 0.440
4726, 0.0901, 0.443
4727, 0.1342, 0.440
4728, 0.0798, 0.440
4729, 0.0879, 0.439
4730, 0.1264, 0.439
4731, 0.1764, 0.443
4732, 0.1443, 0.445
4733, 0.1311, 0.446
4734, 0.1381, 0.443
4735, 0.1154, 0.440
4736, 0.1147, 0.443
4737, 0.0731, 0.444
4738, 0.1342, 0.441
4739, 0.1359, 0.442
4740, 0.1458, 0.441
4741, 0.0883, 0.443
4742, 0.2110, 0.442
4743, 0.2316, 0.439
4744, 0.1210, 0.441
4745, 0.1137, 0.443
4746, 0.1730, 0.443
4747, 0.1469, 0.443
4748, 0.1617, 0.446
4749, 0.1634, 0.446
4750, 0.1662, 0.443
4751, 0.0771, 0.439
4752, 0.1051, 0.442
4753, 0.1203, 0.447
4754, 0.1119, 0.445
4755, 0.1665, 0.442
4756, 0.0979, 0.441
4757, 0.1738, 0.445
4758, 0.1767, 0.442
4759, 0.1064, 0.440
4760, 0.0843, 0.440
4761, 0.1242, 0.441
4762, 0.1426, 0.441
4763, 0.1758, 0.444
4764, 0.1417, 0.445
4765, 0.2011, 0.444
4766, 0.1024, 0.443
4767, 0.1148, 0.440
4768, 0.1455, 0.443
4769, 0.1471, 0.443
4770, 0.1576, 0.442
4771, 0.1350, 0.442
4772, 0.1961, 0.441
4773, 0.1573, 0.441
4774, 0.1147, 0.441
4775, 0.1407, 0.440
4776, 0.1366, 0.441
4777, 0.1297, 0.440
4778, 0.1485, 0.439
4779, 0.1096, 0.444
4780, 0.1936, 0.446
4781, 0.1246, 0.447
4782, 0.1360, 0.440
4783, 0.1617, 0.440
4784, 0.0977, 0.443
4785, 0.3093, 0.443
4786, 0.1800, 0.440
4787, 0.1384, 0.443
4788, 0.1434, 0.442
4789, 0.1420, 0.442
4790, 0.1570, 0.444
4791, 0.1123, 0.439
4792, 0.1295, 0.440
4793, 0.1788, 0.440
4794, 0.1163, 0.439
4795, 0.1234, 0.441
4796, 0.2207, 0.445
4797, 0.2140, 0.445
4798, 0.1588, 0.444
4799, 0.1133, 0.442
4800, 0.1278, 0.445
4801, 0.1558, 0.426
4802, 0.1042, 0.418
4803, 0.0764, 0.420
4804, 0.1517, 0.420
4805, 0.2330, 0.421
4806, 0.1591, 0.422
4807, 0.1130, 0.416
4808, 0.1129, 0.456
4809, 0.1327, 0.418
4810, 0.1682, 0.417
4811, 0.1477, 0.420
4812, 0.1780, 0.423
4813, 0.1110, 0.417
4814, 0.0916, 0.419
4815, 0.1226, 0.418
4816, 0.1032, 0.417
4817, 0.0964, 0.415
4818, 0.0748, 0.413
4819, 0.1801, 0.412
4820, 0.2612, 0.419
4821, 0.0996, 0.418
4822, 0.1085, 0.419
4823, 0.2827, 0.412
4824, 0.1069, 0.417
4825, 0.1254, 0.419
4826, 0.0797, 0.417
4827, 0.1226, 0.416
4828, 0.1121, 0.423
4829, 0.1639, 0.435
4830, 0.1197, 0.435
4831, 0.0833, 0.413
4832, 0.1324, 0.417
4833, 0.1596, 0.432
4834, 0.1713, 0.415
4835, 0.1387, 0.417
4836, 0.1993, 0.426
4837, 0.1133, 0.417
4838, 0.1700, 0.417
4839, 0.1634, 0.417
4840, 0.1238, 0.418
4841, 0.1361, 0.418
4842, 0.1246, 0.413
4843, 0.1540, 0.422
4844, 0.2542, 0.422
4845, 0.1327, 0.428
4846, 0.1227, 0.422
4847, 0.1633, 0.419
4848, 0.1577, 0.418
4849, 0.1265, 0.415
4850, 0.1209, 0.414
4851, 0.1390, 0.430
4852, 0.0856, 0.419
4853, 0.1026, 0.418
4854, 0.1760, 0.427
4855, 0.1331, 0.418
4856, 0.1359, 0.417
4857, 0.1527, 0.414
4858, 0.1217, 0.418
4859, 0.1551, 0.428
4860, 0.0862, 0.422
4861, 0.1557, 0.419
4862, 0.1500, 0.423
4863, 0.1015, 0.417
4864, 0.1591, 0.417
4865, 0.0868, 0.416
4866, 0.1286, 0.416
4867, 0.1619, 0.418
4868, 0.1710, 0.419
4869, 0.1678, 0.412
4870, 0.0907, 0.420
4871, 0.1917, 0.419
4872, 0.1284, 0.418
4873, 0.1002, 0.415
4874, 0.1733, 0.414
4875, 0.1676, 0.417
4876, 0.0817, 0.420
4877, 0.1470, 0.418
4878, 0.1490, 0.422
4879, 0.1936, 0.419
4880, 0.1557, 0.419
4881, 0.1707, 0.431
4882, 0.2345, 0.413
4883, 0.2438, 0.420
4884, 0.2121, 0.418
4885, 0.1624, 0.417
4886, 0.1665, 0.417
4887, 0.1420, 0.417
4888, 0.1407, 0.419
4889, 0.0656, 0.419
4890, 0.2365, 0.412
4891, 0.2025, 0.420
4892, 0.1456, 0.421
4893, 0.1916, 0.419
4894, 0.0768, 0.418
4895, 0.2033, 0.424
4896, 0.0744, 0.419
4897, 0.1553, 0.420
4898, 0.1590, 0.413
4899, 0.1953, 0.419
4900, 0.1513, 0.419
4901, 0.1629, 0.419
4902, 0.1725, 0.418
4903, 0.1680, 0.415
4904, 0.0558, 0.417
4905, 0.0779, 0.416
4906, 0.1761, 0.415
4907, 0.1229, 0.420
4908, 0.1972, 0.421
4909, 0.1867, 0.414
4910, 0.1411, 0.421
4911, 0.1872, 0.419
4912, 0.0523, 0.419
4913, 0.0254, 0.418
4914, 0.1335, 0.428
4915, 0.1423, 0.446
4916, 0.1917, 0.442
4917, 0.1649, 0.442
4918, 0.1934, 0.440
4919, 0.1026, 0.439
4920, 0.1573, 0.441
4921, 0.2025, 0.436
4922, 0.1563, 0.436
4923, 0.2314, 0.439
4924, 0.2351, 0.443
4925, 0.1591, 0.442
4926, 0.1184, 0.441
4927, 0.1471, 0.441
4928, 0.1180, 0.441
4929, 0.0561, 0.442
4930, 0.1242, 0.441
4931, 0.1232, 0.445
4932, 0.1966, 0.444
4933, 0.2361, 0.443
4934, 0.1370, 0.442
4935, 0.1835, 0.440
4936, 0.1587, 0.443
4937, 0.1627, 0.440
4938, 0.0515, 0.439
4939, 0.1169, 0.440
4940, 0.1794, 0.442
4941, 0.2013, 0.441
4942, 0.1997, 0.442
4943, 0.0780, 0.437
4944, 0.1083, 0.441
4945, 0.1304, 0.442
4946, 0.0668, 0.442
4947, 0.1574, 0.444
4948, 0.1212, 0.446
4949, 0.1201, 0.443
4950, 0.1511, 0.443
4951, 0.1188, 0.442
4952, 0.1616, 0.441
4953, 0.1289, 0.441
4954, 0.1120, 0.440
4955, 0.0948, 0.442
4956, 0.1270, 0.441
4957, 0.1069, 0.441
4958, 0.1611, 0.442
4959, 0.1339, 0.439
4960, 0.0980, 0.442
4961, 0.2166, 0.407
4962, 0.0819, 0.418
4963, 0.1509, 0.423
4964, 0.1014, 0.415
4965, 0.2020, 0.414
4966, 0.1267, 0.411
4967, 0.1217, 0.405
4968, 0.1025, 0.406
4969, 0.1529, 0.409
4970, 0.0676, 0.408
4971, 0.1077, 0.410
4972, 0.0983, 0.414
4973, 0.1504, 0.417
4974, 0.1104, 0.412
4975, 0.1062, 0.405
4976, 0.0923, 0.410
4977, 0.1019, 0.411
4978, 0.0856, 0.404
4979, 0.1311, 0.401
4980, 0.0736, 0.396
4981, 0.1099, 0.396
4982, 0.0690, 0.396
4983, 0.0883, 0.396
4984, 0.1246, 0.395
4985, 0.1715, 0.396
4986, 0.1575, 0.397
4987, 0.1177, 0.396
4988, 0.2071, 0.392
4989, 0.1876, 0.393
4990, 0.1871, 0.421
4991, 0.1582, 0.443
4992, 0.1469, 0.440
4993, 0.1147, 0.448
4994, 0.0577, 0.457
4995, 0.0708, 0.458
4996, 0.1374, 0.452
4997, 0.1707, 0.448
4998, 0.1892, 0.453
4999, 0.1250, 0.450
5000, 0.1088, 0.451
