0, 0.4918, 2.243
1, 0.4988, 0.438
2, 0.5013, 0.442
3, 0.5030, 0.443
4, 0.4812, 0.442
5, 0.5135, 0.432
6, 0.5036, 0.449
7, 0.5015, 0.413
8, 0.5004, 0.404
9, 0.4990, 0.427
10, 0.4998, 0.434
11, 0.5008, 0.419
12, 0.4957, 0.576
13, 0.5000, 0.459
14, 0.4993, 0.430
15, 0.5015, 0.420
16, 0.4992, 0.429
17, 0.4973, 0.421
18, 0.4927, 0.433
19, 0.5064, 0.431
20, 0.5037, 0.438
21, 0.5024, 0.429
22, 0.4985, 0.434
23, 0.4963, 0.427
24, 0.4957, 0.434
25, 0.4975, 0.435
26, 0.5011, 0.424
27, 0.5014, 0.426
28, 0.4992, 0.423
29, 0.4993, 0.416
30, 0.5032, 0.439
31, 0.4989, 0.440
32, 0.5082, 0.423
33, 0.4979, 0.428
34, 0.5022, 0.423
35, 0.5008, 0.428
36, 0.4951, 0.415
37, 0.5028, 0.413
38, 0.4983, 0.415
39, 0.4997, 0.420
40, 0.4994, 0.415
41, 0.4995, 0.418
42, 0.5003, 0.414
43, 0.4934, 0.418
44, 0.4962, 0.422
45, 0.5027, 0.418
46, 0.4970, 0.441
47, 0.4978, 0.454
48, 0.4975, 0.452
49, 0.4955, 0.465
50, 0.4900, 0.426
51, 0.4980, 0.419
52, 0.4987, 0.420
53, 0.4960, 0.418
54, 0.5107, 0.417
55, 0.4946, 0.418
56, 0.4996, 0.420
57, 0.4692, 0.415
58, 0.4431, 0.416
59, 0.3516, 0.418
60, 0.4603, 0.417
61, 0.4545, 0.425
62, 0.3636, 0.417
63, 0.4185, 0.411
64, 0.3198, 0.419
65, 0.3550, 0.418
66, 0.4281, 0.437
67, 0.2301, 0.428
68, 0.3191, 0.447
69, 0.3758, 0.446
70, 0.4165, 0.457
71, 0.3519, 0.450
72, 0.3460, 0.451
73, 0.3636, 0.412
74, 0.2923, 0.413
75, 0.3382, 0.412
76, 0.4127, 0.413
77, 0.3551, 0.420
78, 0.2816, 0.417
79, 0.3305, 0.416
80, 0.2559, 0.415
81, 0.3502, 0.413
82, 0.3246, 0.419
83, 0.2892, 0.417
84, 0.2283, 0.419
85, 0.2701, 0.412
86, 0.3006, 0.427
87, 0.3855, 0.418
88, 0.3781, 0.431
89, 0.3804, 0.415
90, 0.4635, 0.417
91, 0.2680, 0.421
92, 0.3459, 0.416
93, 0.3197, 0.414
94, 0.3134, 0.421
95, 0.2848, 0.418
96, 0.2701, 0.417
97, 0.2930, 0.422
98, 0.2565, 0.434
99, 0.2692, 0.417
100, 0.3292, 0.414
101, 0.3671, 0.428
102, 0.2943, 0.420
103, 0.3671, 0.448
104, 0.3535, 0.417
105, 0.4807, 0.409
106, 0.3579, 0.410
107, 0.3836, 0.417
108, 0.3508, 0.430
109, 0.3175, 0.427
110, 0.3322, 0.429
111, 0.2477, 0.413
112, 0.2793, 0.446
113, 0.3243, 0.409
114, 0.3391, 0.417
115, 0.2714, 0.416
116, 0.2971, 0.421
117, 0.2877, 0.426
118, 0.3400, 0.416
119, 0.3530, 0.416
120, 0.3009, 0.425
121, 0.2283, 0.417
122, 0.2320, 0.423
123, 0.4018, 0.416
124, 0.2785, 0.418
125, 0.2128, 0.416
126, 0.2830, 0.436
127, 0.3385, 0.415
128, 0.3182, 0.432
129, 0.2572, 0.428
130, 0.4322, 0.421
131, 0.2853, 0.420
132, 0.3519, 0.415
133, 0.2433, 0.419
134, 0.2539, 0.411
135, 0.2639, 0.417
136, 0.2811, 0.416
137, 0.3612, 0.417
138, 0.2093, 0.420
139, 0.2676, 0.419
140, 0.2553, 0.431
141, 0.1218, 0.434
142, 0.2478, 0.416
143, 0.2242, 0.419
144, 0.3802, 0.414
145, 0.2894, 0.411
146, 0.2203, 0.410
147, 0.3085, 0.409
148, 0.3507, 0.410
149, 0.2983, 0.412
150, 0.2228, 0.408
151, 0.2407, 0.408
152, 0.3049, 0.407
153, 0.3200, 0.417
154, 0.3493, 0.417
155, 0.3757, 0.413
156, 0.2577, 0.432
157, 0.3626, 0.416
158, 0.1855, 0.412
159, 0.2521, 0.417
160, 0.2908, 0.424
161, 0.2773, 0.411
162, 0.3669, 0.423
163, 0.2972, 0.416
164, 0.3684, 0.417
165, 0.3154, 0.414
166, 0.3243, 0.422
167, 0.4078, 0.417
168, 0.3186, 0.413
169, 0.3176, 0.413
170, 0.2821, 0.413
171, 0.3756, 0.416
172, 0.4561, 0.413
173, 0.2697, 0.421
174, 0.3451, 0.427
175, 0.2833, 0.424
176, 0.2995, 0.427
177, 0.3618, 0.415
178, 0.2867, 0.422
179, 0.3691, 0.420
180, 0.2260, 0.419
181, 0.3547, 0.512
182, 0.2576, 0.425
183, 0.2431, 0.431
184, 0.3792, 0.427
185, 0.2416, 0.415
186, 0.2633, 0.421
187, 0.3354, 0.422
188, 0.2780, 0.422
189, 0.3249, 0.430
190, 0.2900, 0.427
191, 0.2602, 0.429
192, 0.3853, 0.427
193, 0.2821, 0.424
194, 0.2970, 0.429
195, 0.2484, 0.430
196, 0.3176, 0.428
197, 0.2766, 0.424
198, 0.2903, 0.434
199, 0.2196, 0.437
200, 0.3127, 0.417
201, 0.2846, 0.405
202, 0.2081, 0.420
203, 0.2136, 0.424
204, 0.2449, 0.428
205, 0.2992, 0.433
206, 0.2198, 0.432
207, 0.2619, 0.419
208, 0.2158, 0.426
209, 0.1840, 0.456
210, 0.2381, 0.579
211, 0.3485, 0.456
212, 0.2737, 0.457
213, 0.2347, 0.425
214, 0.2565, 0.418
215, 0.2072, 0.421
216, 0.2514, 0.420
217, 0.2325, 0.421
218, 0.3445, 0.432
219, 0.2859, 0.425
220, 0.3482, 0.464
221, 0.2578, 0.466
222, 0.3371, 0.460
223, 0.3002, 0.456
224, 0.3522, 0.463
225, 0.2505, 0.464
226, 0.3207, 0.423
227, 0.2709, 0.415
228, 0.3165, 0.419
229, 0.2698, 0.418
230, 0.1793, 0.429
231, 0.2164, 0.418
232, 0.4160, 0.417
233, 0.2047, 0.420
234, 0.2965, 0.416
235, 0.2390, 0.426
236, 0.1977, 0.416
237, 0.2076, 0.426
238, 0.2278, 0.433
239, 0.2007, 0.418
240, 0.2547, 0.414
241, 0.2989, 0.420
242, 0.2443, 0.416
243, 0.2707, 0.426
244, 0.2106, 0.416
245, 0.2564, 0.420
246, 0.2820, 0.428
247, 0.3628, 0.415
248, 0.3185, 0.420
249, 0.2509, 0.429
250, 0.2501, 0.420
251, 0.3189, 0.431
252, 0.2648, 0.412
253, 0.2910, 0.410
254, 0.3592, 0.416
255, 0.3139, 0.414
256, 0.3577, 0.436
257, 0.2875, 0.424
258, 0.3058, 0.419
259, 0.2761, 0.418
260, 0.3309, 0.427
261, 0.1873, 0.418
262, 0.3412, 0.417
263, 0.2114, 0.437
264, 0.3262, 0.418
265, 0.2797, 0.418
266, 0.2705, 0.418
267, 0.2910, 0.419
268, 0.2858, 0.422
269, 0.3381, 0.427
270, 0.2944, 0.417
271, 0.2420, 0.418
272, 0.2697, 0.414
273, 0.3077, 0.417
274, 0.2312, 0.424
275, 0.2711, 0.423
276, 0.2758, 0.412
277, 0.3560, 0.417
278, 0.2037, 0.416
279, 0.2447, 0.418
280, 0.3178, 0.423
281, 0.2782, 0.420
282, 0.2184, 0.423
283, 0.2193, 0.418
284, 0.1774, 0.419
285, 0.2488, 0.414
286, 0.3731, 0.417
287, 0.3067, 0.421
288, 0.2932, 0.421
289, 0.2902, 0.414
290, 0.3105, 0.415
291, 0.2731, 0.413
292, 0.2156, 0.414
293, 0.1939, 0.415
294, 0.3089, 0.416
295, 0.2013, 0.414
296, 0.2870, 0.421
297, 0.2395, 0.416
298, 0.2680, 0.421
299, 0.2077, 0.452
300, 0.2678, 0.420
301, 0.1974, 0.415
302, 0.2678, 0.437
303, 0.2265, 0.420
304, 0.2453, 0.434
305, 0.2272, 0.425
306, 0.1843, 0.413
307, 0.1980, 0.436
308, 0.2977, 0.415
309, 0.2653, 0.424
310, 0.1575, 0.421
311, 0.1502, 0.407
312, 0.2615, 0.415
313, 0.3033, 0.418
314, 0.3126, 0.422
315, 0.2978, 0.422
316, 0.1893, 0.416
317, 0.2109, 0.414
318, 0.2387, 0.422
319, 0.3436, 0.420
320, 0.2744, 0.415
321, 0.2833, 0.418
322, 0.2610, 0.411
323, 0.2529, 0.416
324, 0.2104, 0.428
325, 0.2576, 0.418
326, 0.2905, 0.417
327, 0.2972, 0.418
328, 0.3176, 0.418
329, 0.2401, 0.422
330, 0.2636, 0.423
331, 0.2311, 0.422
332, 0.2443, 0.415
333, 0.2096, 0.415
334, 0.1792, 0.413
335, 0.2602, 0.412
336, 0.1989, 0.414
337, 0.2166, 0.418
338, 0.2120, 0.411
339, 0.2179, 0.414
340, 0.1555, 0.415
341, 0.2066, 0.416
342, 0.1424, 0.422
343, 0.1731, 0.426
344, 0.2000, 0.427
345, 0.3042, 0.428
346, 0.1792, 0.428
347, 0.2609, 0.458
348, 0.2230, 0.437
349, 0.2676, 0.420
350, 0.1813, 0.440
351, 0.2498, 0.426
352, 0.2256, 0.423
353, 0.2508, 0.420
354, 0.2653, 0.417
355, 0.2741, 0.435
356, 0.3374, 0.419
357, 0.1650, 0.417
358, 0.3075, 0.428
359, 0.2149, 0.438
360, 0.2108, 0.426
361, 0.1675, 0.430
362, 0.2575, 0.428
363, 0.2011, 0.432
364, 0.2569, 0.527
365, 0.1409, 0.461
366, 0.1868, 0.455
367, 0.2334, 0.451
368, 0.3056, 0.450
369, 0.2421, 0.455
370, 0.2466, 0.430
371, 0.1355, 0.425
372, 0.2229, 0.457
373, 0.2029, 0.459
374, 0.2383, 0.454
375, 0.2675, 0.479
376, 0.2686, 0.456
377, 0.2312, 0.461
378, 0.2118, 0.455
379, 0.2288, 0.464
380, 0.1717, 0.457
381, 0.1483, 0.455
382, 0.2560, 0.452
383, 0.1423, 0.453
384, 0.2359, 0.543
385, 0.2895, 0.452
386, 0.3013, 0.430
387, 0.2767, 0.419
388, 0.2789, 0.432
389, 0.2808, 0.432
390, 0.1595, 0.422
391, 0.2101, 0.427
392, 0.1885, 0.447
393, 0.2013, 0.422
394, 0.2720, 0.428
395, 0.2037, 0.428
396, 0.2184, 0.432
397, 0.1830, 0.433
398, 0.2584, 0.435
399, 0.2283, 0.431
400, 0.2591, 0.450
401, 0.3816, 0.417
402, 0.2103, 0.426
403, 0.3248, 0.430
404, 0.1996, 0.427
405, 0.2443, 0.425
406, 0.2112, 0.445
407, 0.2089, 0.420
408, 0.3133, 0.427
409, 0.2301, 0.428
410, 0.2550, 0.421
411, 0.1927, 0.433
412, 0.2352, 0.530
413, 0.1904, 0.427
414, 0.2835, 0.424
415, 0.2310, 0.430
416, 0.2425, 0.422
417, 0.2669, 0.425
418, 0.2598, 0.419
419, 0.2643, 0.419
420, 0.1446, 0.444
421, 0.2629, 0.429
422, 0.3573, 0.424
423, 0.1940, 0.422
424, 0.2062, 0.416
425, 0.1869, 0.429
426, 0.2179, 0.420
427, 0.1822, 0.418
428, 0.2135, 0.440
429, 0.2245, 0.433
430, 0.4318, 0.412
431, 0.3494, 0.416
432, 0.2745, 0.417
433, 0.2119, 0.412
434, 0.1910, 0.417
435, 0.2787, 0.419
436, 0.2027, 0.418
437, 0.2016, 0.413
438, 0.2494, 0.412
439, 0.1747, 0.422
440, 0.1758, 0.420
441, 0.1836, 0.423
442, 0.2575, 0.426
443, 0.2521, 0.429
444, 0.1316, 0.420
445, 0.2447, 0.413
446, 0.1864, 0.414
447, 0.2731, 0.412
448, 0.2517, 0.429
449, 0.2105, 0.418
450, 0.2323, 0.423
451, 0.1641, 0.415
452, 0.3134, 0.413
453, 0.2808, 0.412
454, 0.2553, 0.451
455, 0.3020, 0.410
456, 0.1467, 0.417
457, 0.1848, 0.413
458, 0.2521, 0.422
459, 0.2369, 0.426
460, 0.3186, 0.473
461, 0.1282, 0.432
462, 0.2092, 0.421
463, 0.2137, 0.422
464, 0.2484, 0.425
465, 0.3721, 0.429
466, 0.1193, 0.414
467, 0.2767, 0.422
468, 0.1418, 0.436
469, 0.2090, 0.427
470, 0.1186, 0.433
471, 0.1537, 0.414
472, 0.2714, 0.453
473, 0.2207, 0.420
474, 0.3388, 0.426
475, 0.1962, 0.416
476, 0.2455, 0.413
477, 0.2055, 0.415
478, 0.2198, 0.415
479, 0.2089, 0.418
480, 0.1208, 0.418
481, 0.1398, 0.419
482, 0.2201, 0.419
483, 0.1956, 0.411
484, 0.1839, 0.411
485, 0.1851, 0.414
486, 0.2179, 0.417
487, 0.1936, 0.416
488, 0.1761, 0.430
489, 0.2447, 0.417
490, 0.1977, 0.425
491, 0.1848, 0.430
492, 0.2027, 0.426
493, 0.2227, 0.426
494, 0.2779, 0.414
495, 0.1819, 0.417
496, 0.1949, 0.418
497, 0.2331, 0.428
498, 0.1540, 0.425
499, 0.1512, 0.413
500, 0.2146, 0.450
501, 0.1961, 0.413
502, 0.1621, 0.413
503, 0.1555, 0.416
504, 0.1856, 0.414
505, 0.1757, 0.468
506, 0.3487, 0.423
507, 0.3099, 0.412
508, 0.1778, 0.418
509, 0.1799, 0.421
510, 0.1421, 0.427
511, 0.2657, 0.422
512, 0.1800, 0.421
513, 0.3312, 0.425
514, 0.2486, 0.425
515, 0.2008, 0.422
516, 0.1998, 0.415
517, 0.1743, 0.430
518, 0.1600, 0.418
519, 0.2493, 0.430
520, 0.1995, 0.419
521, 0.1441, 0.429
522, 0.1681, 0.429
523, 0.2071, 0.455
524, 0.1635, 0.465
525, 0.1915, 0.446
526, 0.1551, 0.422
527, 0.2786, 0.453
528, 0.3004, 0.492
529, 0.2783, 0.413
530, 0.1893, 0.420
531, 0.2614, 0.418
532, 0.1008, 0.423
533, 0.1965, 0.481
534, 0.1350, 0.425
535, 0.2802, 0.411
536, 0.2872, 0.412
537, 0.2457, 0.408
538, 0.2893, 0.412
539, 0.2593, 0.409
540, 0.2120, 0.408
541, 0.2147, 0.417
542, 0.1828, 0.420
543, 0.1876, 0.432
544, 0.2256, 0.429
545, 0.2344, 0.425
546, 0.1605, 0.421
547, 0.2184, 0.430
548, 0.2357, 0.424
549, 0.2065, 0.421
550, 0.1336, 0.438
551, 0.2234, 0.456
552, 0.2586, 0.461
553, 0.1832, 0.433
554, 0.2330, 0.419
555, 0.2673, 0.417
556, 0.2655, 0.419
557, 0.4565, 0.424
558, 0.1360, 0.424
559, 0.2155, 0.451
560, 0.2591, 0.424
561, 0.1945, 0.419
562, 0.2241, 0.423
563, 0.2338, 0.464
564, 0.2184, 0.458
565, 0.1712, 0.419
566, 0.2184, 0.418
567, 0.1405, 0.424
568, 0.2134, 0.424
569, 0.1664, 0.414
570, 0.1638, 0.418
571, 0.1693, 0.415
572, 0.1401, 0.418
573, 0.1210, 0.421
574, 0.1894, 0.427
575, 0.1939, 0.427
576, 0.1656, 0.433
577, 0.1577, 0.424
578, 0.1908, 0.425
579, 0.1876, 0.437
580, 0.1853, 0.425
581, 0.3051, 0.428
582, 0.2258, 0.428
583, 0.1930, 0.430
584, 0.2602, 0.443
585, 0.2188, 0.452
586, 0.2320, 0.425
587, 0.1915, 0.456
588, 0.1462, 0.424
589, 0.3076, 0.427
590, 0.2953, 0.503
591, 0.1439, 0.426
592, 0.2669, 0.417
593, 0.2798, 0.426
594, 0.1704, 0.423
595, 0.1849, 0.423
596, 0.2667, 0.431
597, 0.1325, 0.431
598, 0.1369, 0.437
599, 0.2914, 0.417
600, 0.1606, 0.431
601, 0.2554, 0.412
602, 0.2058, 0.452
603, 0.2850, 0.435
604, 0.2098, 0.418
605, 0.1519, 0.444
606, 0.1961, 0.448
607, 0.2312, 0.425
608, 0.2769, 0.431
609, 0.1502, 0.452
610, 0.1881, 0.468
611, 0.2521, 0.439
612, 0.1223, 0.429
613, 0.2004, 0.419
614, 0.1416, 0.439
615, 0.2248, 0.426
616, 0.1665, 0.425
617, 0.2226, 0.438
618, 0.1956, 0.450
619, 0.1830, 0.440
620, 0.2302, 0.442
621, 0.2166, 0.431
622, 0.1886, 0.437
623, 0.2176, 0.422
624, 0.2323, 0.424
625, 0.2143, 0.418
626, 0.2048, 0.416
627, 0.1208, 0.426
628, 0.1537, 0.418
629, 0.1491, 0.427
630, 0.1858, 0.418
631, 0.1079, 0.414
632, 0.1858, 0.433
633, 0.2312, 0.420
634, 0.2108, 0.422
635, 0.2620, 0.419
636, 0.1858, 0.453
637, 0.2011, 0.419
638, 0.1730, 0.414
639, 0.2615, 0.415
640, 0.2545, 0.412
641, 0.1522, 0.419
642, 0.2245, 0.419
643, 0.1798, 0.424
644, 0.1834, 0.429
645, 0.1511, 0.424
646, 0.1778, 0.411
647, 0.1996, 0.412
648, 0.1680, 0.418
649, 0.2698, 0.416
650, 0.1310, 0.408
651, 0.3121, 0.416
652, 0.1954, 0.417
653, 0.1820, 0.422
654, 0.1727, 0.416
655, 0.1782, 0.417
656, 0.1710, 0.416
657, 0.1527, 0.420
658, 0.1757, 0.451
659, 0.2037, 0.440
660, 0.2297, 0.432
661, 0.1841, 0.430
662, 0.1704, 0.424
663, 0.1670, 0.465
664, 0.2794, 0.422
665, 0.1637, 0.423
666, 0.2586, 0.423
667, 0.2567, 0.420
668, 0.2008, 0.436
669, 0.1658, 0.434
670, 0.2282, 0.424
671, 0.2528, 0.424
672, 0.1545, 0.444
673, 0.2738, 0.447
674, 0.1693, 0.440
675, 0.2051, 0.440
676, 0.2080, 0.444
677, 0.1495, 0.432
678, 0.1923, 0.432
679, 0.2682, 0.442
680, 0.2269, 0.431
681, 0.1862, 0.459
682, 0.2528, 0.417
683, 0.1442, 0.414
684, 0.1447, 0.430
685, 0.2227, 0.423
686, 0.2109, 0.429
687, 0.1736, 0.417
688, 0.2065, 0.413
689, 0.1906, 0.422
690, 0.1543, 0.423
691, 0.2192, 0.433
692, 0.2382, 0.423
693, 0.1890, 0.417
694, 0.2268, 0.418
695, 0.2195, 0.434
696, 0.1989, 0.416
697, 0.1279, 0.428
698, 0.2326, 0.442
699, 0.2000, 0.435
700, 0.1672, 0.421
701, 0.2021, 0.416
702, 0.2214, 0.415
703, 0.1589, 0.414
704, 0.1207, 0.421
705, 0.2732, 0.429
706, 0.3347, 0.420
707, 0.1911, 0.415
708, 0.1706, 0.418
709, 0.1934, 0.417
710, 0.1272, 0.419
711, 0.2757, 0.413
712, 0.2525, 0.425
713, 0.3331, 0.419
714, 0.2364, 0.432
715, 0.2304, 0.427
716, 0.2035, 0.417
717, 0.1772, 0.417
718, 0.1662, 0.413
719, 0.2638, 0.419
720, 0.1538, 0.417
721, 0.2585, 0.429
722, 0.3089, 0.427
723, 0.2027, 0.415
724, 0.1302, 0.411
725, 0.2372, 0.414
726, 0.2453, 0.418
727, 0.2676, 0.420
728, 0.2928, 0.420
729, 0.2071, 0.418
730, 0.2715, 0.432
731, 0.2442, 0.427
732, 0.2270, 0.419
733, 0.2353, 0.415
734, 0.1819, 0.416
735, 0.2034, 0.437
736, 0.1480, 0.440
737, 0.1693, 0.410
738, 0.2274, 0.422
739, 0.2120, 0.414
740, 0.2483, 0.414
741, 0.2901, 0.420
742, 0.1876, 0.412
743, 0.1330, 0.415
744, 0.2137, 0.412
745, 0.1671, 0.417
746, 0.1484, 0.413
747, 0.1949, 0.413
748, 0.2194, 0.411
749, 0.2046, 0.423
750, 0.2785, 0.411
751, 0.2379, 0.410
752, 0.2692, 0.411
753, 0.2113, 0.416
754, 0.1859, 0.415
755, 0.2484, 0.414
756, 0.1582, 0.417
757, 0.1968, 0.434
758, 0.2081, 0.413
759, 0.1416, 0.411
760, 0.2132, 0.422
761, 0.2358, 0.414
762, 0.1890, 0.415
763, 0.1931, 0.413
764, 0.2722, 0.413
765, 0.2794, 0.415
766, 0.2180, 0.413
767, 0.2172, 0.421
768, 0.1998, 0.419
769, 0.1622, 0.418
770, 0.2645, 0.423
771, 0.1927, 0.424
772, 0.1836, 0.415
773, 0.2123, 0.422
774, 0.2135, 0.416
775, 0.1372, 0.413
776, 0.2692, 0.406
777, 0.2405, 0.409
778, 0.2796, 0.415
779, 0.1942, 0.411
780, 0.2171, 0.412
781, 0.1773, 0.413
782, 0.1810, 0.414
783, 0.1985, 0.419
784, 0.2162, 0.416
785, 0.1864, 0.415
786, 0.2318, 0.421
787, 0.2734, 0.433
788, 0.2169, 0.429
789, 0.2050, 0.430
790, 0.2439, 0.420
791, 0.1758, 0.460
792, 0.1748, 0.468
793, 0.2068, 0.460
794, 0.2408, 0.430
795, 0.1891, 0.432
796, 0.2041, 0.424
797, 0.2041, 0.425
798, 0.1661, 0.421
799, 0.1990, 0.452
800, 0.1761, 0.530
801, 0.2315, 0.417
802, 0.1918, 0.421
803, 0.2204, 0.421
804, 0.1815, 0.419
805, 0.1770, 0.439
806, 0.2281, 0.430
807, 0.1964, 0.429
808, 0.2153, 0.432
809, 0.0982, 0.445
810, 0.1511, 0.531
811, 0.1874, 0.431
812, 0.1837, 0.426
813, 0.1598, 0.437
814, 0.2072, 0.425
815, 0.1793, 0.427
816, 0.1442, 0.426
817, 0.2180, 0.444
818, 0.1715, 0.422
819, 0.2001, 0.434
820, 0.2093, 0.426
821, 0.2213, 0.433
822, 0.1794, 0.425
823, 0.2967, 0.426
824, 0.2665, 0.424
825, 0.2233, 0.426
826, 0.1410, 0.419
827, 0.1810, 0.426
828, 0.1133, 0.424
829, 0.1874, 0.473
830, 0.1389, 0.475
831, 0.1285, 0.467
832, 0.1650, 0.471
833, 0.2658, 0.456
834, 0.1574, 0.433
835, 0.1576, 0.416
836, 0.1754, 0.436
837, 0.1818, 0.422
838, 0.2272, 0.413
839, 0.1699, 0.418
840, 0.1546, 0.419
841, 0.2476, 0.413
842, 0.1571, 0.424
843, 0.2146, 0.422
844, 0.1328, 0.435
845, 0.1360, 0.424
846, 0.1798, 0.421
847, 0.1819, 0.412
848, 0.1930, 0.421
849, 0.2492, 0.459
850, 0.2563, 0.449
851, 0.2385, 0.447
852, 0.2223, 0.449
853, 0.2113, 0.412
854, 0.1696, 0.416
855, 0.2049, 0.429
856, 0.1163, 0.426
857, 0.2292, 0.426
858, 0.1543, 0.420
859, 0.1787, 0.417
860, 0.1960, 0.420
861, 0.2083, 0.442
862, 0.2055, 0.420
863, 0.2584, 0.417
864, 0.1873, 0.414
865, 0.3128, 0.417
866, 0.2025, 0.433
867, 0.2419, 0.417
868, 0.2130, 0.418
869, 0.2208, 0.425
870, 0.1529, 0.415
871, 0.1932, 0.425
872, 0.1347, 0.415
873, 0.2204, 0.417
874, 0.2058, 0.417
875, 0.1083, 0.423
876, 0.1645, 0.422
877, 0.1685, 0.424
878, 0.2337, 0.418
879, 0.3033, 0.420
880, 0.1303, 0.419
881, 0.2329, 0.424
882, 0.1228, 0.430
883, 0.1494, 0.414
884, 0.1146, 0.424
885, 0.1345, 0.416
886, 0.2001, 0.413
887, 0.1189, 0.413
888, 0.2556, 0.427
889, 0.1565, 0.420
890, 0.1718, 0.422
891, 0.1679, 0.431
892, 0.1486, 0.420
893, 0.1555, 0.421
894, 0.2630, 0.416
895, 0.0675, 0.419
896, 0.0821, 0.423
897, 0.1746, 0.418
898, 0.1879, 0.419
899, 0.1779, 0.414
900, 0.2375, 0.454
901, 0.1582, 0.442
902, 0.1057, 0.418
903, 0.2891, 0.438
904, 0.1834, 0.419
905, 0.1143, 0.429
906, 0.1086, 0.417
907, 0.2700, 0.417
908, 0.1228, 0.426
909, 0.1851, 0.426
910, 0.1494, 0.418
911, 0.1424, 0.441
912, 0.2011, 0.419
913, 0.2141, 0.422
914, 0.2642, 0.426
915, 0.2302, 0.418
916, 0.1782, 0.428
917, 0.1415, 0.414
918, 0.2209, 0.423
919, 0.1609, 0.452
920, 0.2465, 0.416
921, 0.3148, 0.419
922, 0.2817, 0.422
923, 0.2621, 0.416
924, 0.1837, 0.452
925, 0.1805, 0.451
926, 0.1903, 0.451
927, 0.1776, 0.419
928, 0.2227, 0.426
929, 0.1519, 0.456
930, 0.1520, 0.457
931, 0.1598, 0.436
932, 0.1927, 0.416
933, 0.1648, 0.418
934, 0.2117, 0.427
935, 0.1345, 0.433
936, 0.1729, 0.464
937, 0.2584, 0.441
938, 0.2112, 0.428
939, 0.1574, 0.430
940, 0.2686, 0.430
941, 0.2943, 0.416
942, 0.1554, 0.428
943, 0.2616, 0.421
944, 0.1523, 0.430
945, 0.2187, 0.425
946, 0.2529, 0.409
947, 0.2414, 0.412
948, 0.2097, 0.418
949, 0.1787, 0.419
950, 0.1398, 0.415
951, 0.1996, 0.423
952, 0.1920, 0.411
953, 0.0700, 0.418
954, 0.1298, 0.449
955, 0.1482, 0.417
956, 0.2471, 0.414
957, 0.1772, 0.432
958, 0.2020, 0.412
959, 0.2077, 0.416
960, 0.2184, 0.411
961, 0.1456, 0.421
962, 0.1627, 0.417
963, 0.3104, 0.412
964, 0.2734, 0.420
965, 0.1596, 0.425
966, 0.3013, 0.417
967, 0.1670, 0.446
968, 0.1613, 0.459
969, 0.2493, 0.420
970, 0.2007, 0.420
971, 0.1931, 0.433
972, 0.1535, 0.430
973, 0.1106, 0.415
974, 0.0967, 0.410
975, 0.1059, 0.413
976, 0.1940, 0.409
977, 0.1812, 0.411
978, 0.2194, 0.410
979, 0.1342, 0.409
980, 0.1971, 0.415
981, 0.2327, 0.413
982, 0.2273, 0.409
983, 0.2438, 0.406
984, 0.2185, 0.416
985, 0.2938, 0.423
986, 0.2105, 0.422
987, 0.1611, 0.422
988, 0.2462, 0.424
989, 0.2262, 0.417
990, 0.2333, 0.415
991, 0.1959, 0.413
992, 0.2417, 0.421
993, 0.1760, 0.424
994, 0.1878, 0.423
995, 0.1265, 0.422
996, 0.1426, 0.420
997, 0.1720, 0.426
998, 0.2305, 0.422
999, 0.2193, 0.418
1000, 0.1511, 0.424
1001, 0.2667, 0.412
1002, 0.2246, 0.422
1003, 0.1796, 0.437
1004, 0.1483, 0.420
1005, 0.1464, 0.421
1006, 0.2175, 0.423
1007, 0.1680, 0.427
1008, 0.1589, 0.441
1009, 0.1822, 0.435
1010, 0.2440, 0.440
1011, 0.1855, 0.432
1012, 0.2141, 0.454
1013, 0.2039, 0.506
1014, 0.2437, 0.429
1015, 0.2302, 0.418
1016, 0.3515, 0.416
1017, 0.3123, 0.419
1018, 0.2808, 0.424
1019, 0.3357, 0.433
1020, 0.3047, 0.431
1021, 0.3560, 0.425
1022, 0.2241, 0.456
1023, 0.2239, 0.452
1024, 0.1320, 0.453
1025, 0.2296, 0.438
1026, 0.1982, 0.422
1027, 0.2493, 0.427
1028, 0.2318, 0.420
1029, 0.1801, 0.430
1030, 0.1690, 0.421
1031, 0.1231, 0.419
1032, 0.1666, 0.417
1033, 0.2312, 0.424
1034, 0.1835, 0.420
1035, 0.1738, 0.429
1036, 0.1749, 0.417
1037, 0.1694, 0.425
1038, 0.1791, 0.435
1039, 0.1510, 0.417
1040, 0.1470, 0.415
1041, 0.1474, 0.416
1042, 0.1859, 0.429
1043, 0.1356, 0.425
1044, 0.1443, 0.415
1045, 0.2189, 0.416
1046, 0.2041, 0.423
1047, 0.2270, 0.412
1048, 0.2085, 0.411
1049, 0.0651, 0.430
1050, 0.1224, 0.433
1051, 0.1502, 0.434
1052, 0.2305, 0.426
1053, 0.2879, 0.422
1054, 0.2352, 0.419
1055, 0.1616, 0.416
1056, 0.0816, 0.415
1057, 0.2004, 0.416
1058, 0.1522, 0.414
1059, 0.1795, 0.430
1060, 0.1653, 0.434
1061, 0.2415, 0.414
1062, 0.1501, 0.420
1063, 0.1623, 0.414
1064, 0.2328, 0.414
1065, 0.2647, 0.419
1066, 0.2121, 0.426
1067, 0.2800, 0.425
1068, 0.1789, 0.418
1069, 0.1886, 0.419
1070, 0.2499, 0.432
1071, 0.0730, 0.418
1072, 0.2697, 0.417
1073, 0.1422, 0.418
1074, 0.1883, 0.441
1075, 0.2011, 0.430
1076, 0.2066, 0.419
1077, 0.2387, 0.414
1078, 0.1637, 0.416
1079, 0.1627, 0.417
1080, 0.2039, 0.421
1081, 0.2210, 0.429
1082, 0.1940, 0.420
1083, 0.1294, 0.422
1084, 0.1300, 0.419
1085, 0.1636, 0.419
1086, 0.1990, 0.415
1087, 0.2438, 0.424
1088, 0.1668, 0.417
1089, 0.1996, 0.421
1090, 0.1820, 0.439
1091, 0.1423, 0.427
1092, 0.1827, 0.423
1093, 0.1350, 0.411
1094, 0.1224, 0.423
1095, 0.1035, 0.416
1096, 0.1338, 0.427
1097, 0.1202, 0.423
1098, 0.1538, 0.429
1099, 0.1605, 0.422
1100, 0.2142, 0.423
1101, 0.1635, 0.413
1102, 0.2173, 0.416
1103, 0.2106, 0.414
1104, 0.1650, 0.422
1105, 0.1318, 0.428
1106, 0.2517, 0.428
1107, 0.2463, 0.417
1108, 0.1395, 0.428
1109, 0.1485, 0.472
1110, 0.1507, 0.416
1111, 0.1549, 0.419
1112, 0.2543, 0.415
1113, 0.1640, 0.417
1114, 0.1731, 0.429
1115, 0.1577, 0.416
1116, 0.1989, 0.417
1117, 0.1717, 0.412
1118, 0.1698, 0.413
1119, 0.1802, 0.414
1120, 0.2403, 0.424
1121, 0.2019, 0.414
1122, 0.2268, 0.414
1123, 0.2181, 0.414
1124, 0.1720, 0.426
1125, 0.1411, 0.416
1126, 0.1310, 0.415
1127, 0.1814, 0.413
1128, 0.2107, 0.413
1129, 0.1862, 0.425
1130, 0.1402, 0.426
1131, 0.1847, 0.411
1132, 0.2313, 0.452
1133, 0.1545, 0.447
1134, 0.3039, 0.409
1135, 0.2425, 0.426
1136, 0.0792, 0.415
1137, 0.1643, 0.418
1138, 0.1439, 0.414
1139, 0.3008, 0.417
1140, 0.2501, 0.417
1141, 0.2231, 0.412
1142, 0.1338, 0.413
1143, 0.1414, 0.415
1144, 0.2446, 0.430
1145, 0.1474, 0.415
1146, 0.2476, 0.409
1147, 0.2072, 0.429
1148, 0.1911, 0.414
1149, 0.1755, 0.419
1150, 0.1203, 0.420
1151, 0.2239, 0.408
1152, 0.2494, 0.413
1153, 0.1375, 0.420
1154, 0.1290, 0.422
1155, 0.1684, 0.418
1156, 0.1252, 0.414
1157, 0.2272, 0.423
1158, 0.2330, 0.416
1159, 0.2523, 0.417
1160, 0.2739, 0.471
1161, 0.2053, 0.516
1162, 0.2170, 0.446
1163, 0.1714, 0.448
1164, 0.2882, 0.450
1165, 0.1786, 0.404
1166, 0.1518, 0.407
1167, 0.1399, 0.405
1168, 0.1412, 0.417
1169, 0.2313, 0.413
1170, 0.1928, 0.411
1171, 0.2324, 0.411
1172, 0.1380, 0.412
1173, 0.1967, 0.444
1174, 0.1755, 0.447
1175, 0.1972, 0.448
1176, 0.2384, 0.420
1177, 0.1941, 0.439
1178, 0.1735, 0.447
1179, 0.1791, 0.428
1180, 0.2082, 0.447
1181, 0.2073, 0.450
1182, 0.2562, 0.454
1183, 0.1158, 0.455
1184, 0.1098, 0.454
1185, 0.1707, 0.457
1186, 0.1657, 0.457
1187, 0.1398, 0.461
1188, 0.2271, 0.446
1189, 0.1232, 0.449
1190, 0.2304, 0.455
1191, 0.2582, 0.454
1192, 0.0761, 0.459
1193, 0.2061, 0.452
1194, 0.1684, 0.455
1195, 0.1128, 0.452
1196, 0.2045, 0.454
1197, 0.1875, 0.453
1198, 0.1452, 0.458
1199, 0.1245, 0.460
1200, 0.2242, 0.445
1201, 0.0937, 0.414
1202, 0.1163, 0.449
1203, 0.1071, 0.436
1204, 0.1545, 0.448
1205, 0.1949, 0.478
1206, 0.2188, 0.449
1207, 0.1396, 0.455
1208, 0.2601, 0.455
1209, 0.1678, 0.452
1210, 0.1790, 0.468
1211, 0.2344, 0.457
1212, 0.1550, 0.457
1213, 0.1618, 0.455
1214, 0.1507, 0.527
1215, 0.2121, 0.470
1216, 0.2124, 0.458
1217, 0.1564, 0.452
1218, 0.1444, 0.449
1219, 0.1869, 0.453
1220, 0.2074, 0.444
1221, 0.0941, 0.448
1222, 0.1552, 0.450
1223, 0.1602, 0.450
1224, 0.1607, 0.449
1225, 0.0894, 0.451
1226, 0.1214, 0.463
1227, 0.2964, 0.458
1228, 0.1443, 0.464
1229, 0.1863, 0.459
1230, 0.1400, 0.453
1231, 0.1729, 0.455
1232, 0.1625, 0.455
1233, 0.1503, 0.447
1234, 0.1829, 0.463
1235, 0.2729, 0.459
1236, 0.1635, 0.447
1237, 0.2047, 0.454
1238, 0.1640, 0.450
1239, 0.3048, 0.445
1240, 0.2132, 0.464
1241, 0.1995, 0.455
1242, 0.2196, 0.432
1243, 0.1802, 0.451
1244, 0.2165, 0.453
1245, 0.2234, 0.453
1246, 0.2216, 0.450
1247, 0.1992, 0.458
1248, 0.1931, 0.448
1249, 0.2318, 0.455
1250, 0.2059, 0.424
1251, 0.2216, 0.453
1252, 0.2882, 0.447
1253, 0.2838, 0.446
1254, 0.2025, 0.456
1255, 0.2623, 0.461
1256, 0.1711, 0.461
1257, 0.2302, 0.454
1258, 0.2181, 0.459
1259, 0.1933, 0.452
1260, 0.1555, 0.447
1261, 0.1263, 0.448
1262, 0.2569, 0.462
1263, 0.1667, 0.449
1264, 0.2005, 0.446
1265, 0.2090, 0.431
1266, 0.1331, 0.454
1267, 0.2094, 0.454
1268, 0.1752, 0.453
1269, 0.1621, 0.448
1270, 0.2626, 0.442
1271, 0.1815, 0.444
1272, 0.2545, 0.453
1273, 0.1988, 0.456
1274, 0.1593, 0.452
1275, 0.2662, 0.453
1276, 0.2368, 0.457
1277, 0.2181, 0.447
1278, 0.2031, 0.444
1279, 0.1607, 0.442
1280, 0.1143, 0.450
1281, 0.2159, 0.446
1282, 0.1527, 0.451
1283, 0.1573, 0.446
1284, 0.2141, 0.453
1285, 0.1625, 0.450
1286, 0.1714, 0.446
1287, 0.2328, 0.447
1288, 0.2389, 0.461
1289, 0.1131, 0.482
1290, 0.1211, 0.462
1291, 0.1069, 0.471
1292, 0.2370, 0.457
1293, 0.1381, 0.464
1294, 0.1879, 0.550
1295, 0.1013, 0.450
1296, 0.1418, 0.423
1297, 0.1458, 0.449
1298, 0.1322, 0.450
1299, 0.2175, 0.464
1300, 0.1567, 0.453
1301, 0.1679, 0.450
1302, 0.1774, 0.468
1303, 0.2523, 0.484
1304, 0.1986, 0.464
1305, 0.2249, 0.467
1306, 0.1812, 0.458
1307, 0.1380, 0.445
1308, 0.2064, 0.450
1309, 0.1372, 0.446
1310, 0.1899, 0.444
1311, 0.1280, 0.443
1312, 0.1557, 0.451
1313, 0.2393, 0.441
1314, 0.2801, 0.451
1315, 0.1414, 0.454
1316, 0.1580, 0.474
1317, 0.2433, 0.441
1318, 0.2236, 0.450
1319, 0.2016, 0.443
1320, 0.1305, 0.452
1321, 0.2091, 0.455
1322, 0.1040, 0.448
1323, 0.2066, 0.447
1324, 0.2325, 0.445
1325, 0.2125, 0.439
1326, 0.1048, 0.443
1327, 0.1233, 0.445
1328, 0.1167, 0.444
1329, 0.1488, 0.444
1330, 0.2647, 0.452
1331, 0.2766, 0.440
1332, 0.1766, 0.441
1333, 0.1712, 0.444
1334, 0.2041, 0.441
1335, 0.1515, 0.440
1336, 0.1795, 0.462
1337, 0.1832, 0.447
1338, 0.1709, 0.449
1339, 0.1594, 0.458
1340, 0.1878, 0.442
1341, 0.2646, 0.442
1342, 0.2529, 0.438
1343, 0.2321, 0.455
1344, 0.2332, 0.446
1345, 0.1345, 0.450
1346, 0.1448, 0.464
1347, 0.1345, 0.459
1348, 0.1605, 0.450
1349, 0.1065, 0.443
1350, 0.1946, 0.441
1351, 0.2235, 0.518
1352, 0.0894, 0.439
1353, 0.2146, 0.456
1354, 0.1584, 0.452
1355, 0.1461, 0.454
1356, 0.1883, 0.447
1357, 0.1421, 0.445
1358, 0.2403, 0.447
1359, 0.2159, 0.445
1360, 0.1670, 0.445
1361, 0.1385, 0.446
1362, 0.2199, 0.450
1363, 0.1836, 0.445
1364, 0.2166, 0.448
1365, 0.1650, 0.450
1366, 0.1971, 0.451
1367, 0.1790, 0.454
1368, 0.1937, 0.455
1369, 0.1598, 0.451
1370, 0.1756, 0.453
1371, 0.2188, 0.452
1372, 0.2399, 0.449
1373, 0.2196, 0.443
1374, 0.1417, 0.442
1375, 0.2128, 0.447
1376, 0.1760, 0.446
1377, 0.2166, 0.452
1378, 0.2184, 0.451
1379, 0.2108, 0.446
1380, 0.3627, 0.450
1381, 0.1918, 0.447
1382, 0.2395, 0.447
1383, 0.2585, 0.450
1384, 0.2693, 0.447
1385, 0.2432, 0.447
1386, 0.2221, 0.443
1387, 0.1596, 0.445
1388, 0.1812, 0.445
1389, 0.2762, 0.446
1390, 0.2163, 0.447
1391, 0.0941, 0.442
1392, 0.1280, 0.445
1393, 0.2226, 0.448
1394, 0.2108, 0.444
1395, 0.1927, 0.443
1396, 0.2977, 0.449
1397, 0.1957, 0.448
1398, 0.1841, 0.453
1399, 0.1709, 0.448
1400, 0.2437, 0.446
1401, 0.2089, 0.439
1402, 0.1851, 0.457
1403, 0.1200, 0.444
1404, 0.1220, 0.444
1405, 0.1851, 0.450
1406, 0.2229, 0.447
1407, 0.1910, 0.445
1408, 0.1645, 0.451
1409, 0.1819, 0.462
1410, 0.2313, 0.524
1411, 0.2139, 0.443
1412, 0.1785, 0.447
1413, 0.1798, 0.452
1414, 0.2483, 0.454
1415, 0.1746, 0.466
1416, 0.1942, 0.461
1417, 0.1763, 0.475
1418, 0.1860, 0.456
1419, 0.1340, 0.456
1420, 0.1344, 0.452
1421, 0.2711, 0.460
1422, 0.3129, 0.486
1423, 0.1987, 0.447
1424, 0.1386, 0.448
1425, 0.1751, 0.449
1426, 0.1689, 0.455
1427, 0.1292, 0.464
1428, 0.2104, 0.459
1429, 0.1369, 0.466
1430, 0.2015, 0.428
1431, 0.2146, 0.463
1432, 0.1463, 0.460
1433, 0.1884, 0.446
1434, 0.1592, 0.455
1435, 0.1640, 0.457
1436, 0.1624, 0.443
1437, 0.2342, 0.451
1438, 0.1791, 0.450
1439, 0.1366, 0.445
1440, 0.2163, 0.429
1441, 0.1708, 0.421
1442, 0.1375, 0.450
1443, 0.1525, 0.429
1444, 0.1513, 0.432
1445, 0.1591, 0.459
1446, 0.1113, 0.460
1447, 0.1925, 0.455
1448, 0.1816, 0.455
1449, 0.1672, 0.456
1450, 0.2337, 0.443
1451, 0.0988, 0.447
1452, 0.1852, 0.453
1453, 0.1596, 0.455
1454, 0.2761, 0.458
1455, 0.1889, 0.448
1456, 0.1937, 0.469
1457, 0.1667, 0.452
1458, 0.1976, 0.420
1459, 0.1367, 0.430
1460, 0.0877, 0.426
1461, 0.2096, 0.428
1462, 0.2049, 0.431
1463, 0.2038, 0.473
1464, 0.2262, 0.437
1465, 0.1640, 0.459
1466, 0.1661, 0.423
1467, 0.1271, 0.428
1468, 0.1180, 0.429
1469, 0.1502, 0.435
1470, 0.2088, 0.429
1471, 0.1620, 0.430
1472, 0.1163, 0.426
1473, 0.1717, 0.420
1474, 0.1664, 0.456
1475, 0.1292, 0.450
1476, 0.2200, 0.432
1477, 0.1404, 0.419
1478, 0.1939, 0.416
1479, 0.2062, 0.442
1480, 0.1657, 0.439
1481, 0.2651, 0.431
1482, 0.1340, 0.427
1483, 0.1879, 0.418
1484, 0.2434, 0.427
1485, 0.1755, 0.432
1486, 0.2397, 0.452
1487, 0.1229, 0.421
1488, 0.1961, 0.457
1489, 0.1567, 0.422
1490, 0.2095, 0.430
1491, 0.1415, 0.428
1492, 0.1542, 0.438
1493, 0.1601, 0.463
1494, 0.0928, 0.421
1495, 0.1661, 0.464
1496, 0.1254, 0.449
1497, 0.1762, 0.439
1498, 0.1678, 0.415
1499, 0.1737, 0.425
1500, 0.1459, 0.437
1501, 0.2471, 0.421
1502, 0.0626, 0.458
1503, 0.1545, 0.431
1504, 0.2545, 0.455
1505, 0.1955, 0.443
1506, 0.1609, 0.430
1507, 0.1602, 0.430
1508, 0.1917, 0.427
1509, 0.1140, 0.440
1510, 0.1738, 0.436
1511, 0.1643, 0.444
1512, 0.1376, 0.442
1513, 0.1623, 0.423
1514, 0.1281, 0.431
1515, 0.1467, 0.421
1516, 0.0896, 0.419
1517, 0.1721, 0.419
1518, 0.2147, 0.423
1519, 0.1827, 0.462
1520, 0.1284, 0.454
1521, 0.1229, 0.431
1522, 0.1695, 0.424
1523, 0.1863, 0.432
1524, 0.1821, 0.439
1525, 0.2374, 0.461
1526, 0.1816, 0.428
1527, 0.1370, 0.426
1528, 0.1705, 0.443
1529, 0.2401, 0.427
1530, 0.2361, 0.417
1531, 0.1826, 0.423
1532, 0.0906, 0.420
1533, 0.2504, 0.421
1534, 0.1111, 0.421
1535, 0.1338, 0.430
1536, 0.1240, 0.440
1537, 0.1339, 0.478
1538, 0.1533, 0.457
1539, 0.1331, 0.445
1540, 0.1604, 0.448
1541, 0.1225, 0.446
1542, 0.1067, 0.454
1543, 0.1609, 0.459
1544, 0.1559, 0.446
1545, 0.0913, 0.446
1546, 0.1446, 0.451
1547, 0.1926, 0.449
1548, 0.1521, 0.468
1549, 0.2438, 0.450
1550, 0.2219, 0.456
1551, 0.1502, 0.458
1552, 0.1389, 0.453
1553, 0.1896, 0.452
1554, 0.1280, 0.449
1555, 0.1797, 0.451
1556, 0.1444, 0.455
1557, 0.0873, 0.452
1558, 0.0816, 0.455
1559, 0.1883, 0.450
1560, 0.0800, 0.450
1561, 0.2194, 0.453
1562, 0.2105, 0.448
1563, 0.1158, 0.450
1564, 0.1586, 0.450
1565, 0.2059, 0.450
1566, 0.1998, 0.448
1567, 0.1994, 0.449
1568, 0.1669, 0.448
1569, 0.1845, 0.440
1570, 0.1448, 0.438
1571, 0.1708, 0.436
1572, 0.1510, 0.439
1573, 0.1339, 0.452
1574, 0.1412, 0.458
1575, 0.1001, 0.448
1576, 0.1521, 0.449
1577, 0.1913, 0.448
1578, 0.2081, 0.454
1579, 0.1556, 0.448
1580, 0.1555, 0.453
1581, 0.1488, 0.447
1582, 0.1700, 0.448
1583, 0.1204, 0.450
1584, 0.0411, 0.447
1585, 0.0949, 0.447
1586, 0.0923, 0.442
1587, 0.1007, 0.445
1588, 0.1282, 0.436
1589, 0.0974, 0.437
1590, 0.2424, 0.443
1591, 0.1998, 0.447
1592, 0.1684, 0.447
1593, 0.2138, 0.448
1594, 0.1455, 0.447
1595, 0.1734, 0.448
1596, 0.1750, 0.445
1597, 0.1099, 0.446
1598, 0.1524, 0.445
1599, 0.2299, 0.447
1600, 0.1544, 0.446
1601, 0.1548, 0.437
1602, 0.1390, 0.447
1603, 0.1331, 0.445
1604, 0.1239, 0.439
1605, 0.1302, 0.445
1606, 0.1493, 0.443
1607, 0.1055, 0.454
1608, 0.2678, 0.449
1609, 0.1442, 0.451
1610, 0.0489, 0.471
1611, 0.2124, 0.450
1612, 0.1372, 0.448
1613, 0.1637, 0.450
1614, 0.1478, 0.485
1615, 0.1729, 0.449
1616, 0.1811, 0.444
1617, 0.1357, 0.442
1618, 0.2034, 0.447
1619, 0.1935, 0.450
1620, 0.1937, 0.443
1621, 0.2027, 0.444
1622, 0.3133, 0.446
1623, 0.1670, 0.451
1624, 0.0851, 0.450
1625, 0.1653, 0.455
1626, 0.2580, 0.454
1627, 0.2310, 0.453
1628, 0.1658, 0.451
1629, 0.1622, 0.448
1630, 0.1326, 0.451
1631, 0.1614, 0.454
1632, 0.1556, 0.439
1633, 0.1183, 0.430
1634, 0.1907, 0.446
1635, 0.1768, 0.454
1636, 0.1818, 0.465
1637, 0.2087, 0.445
1638, 0.2306, 0.452
1639, 0.1383, 0.450
1640, 0.1699, 0.455
1641, 0.2788, 0.453
1642, 0.1929, 0.456
1643, 0.1133, 0.446
1644, 0.2241, 0.437
1645, 0.1524, 0.427
1646, 0.2172, 0.427
1647, 0.2392, 0.451
1648, 0.2290, 0.449
1649, 0.1389, 0.451
1650, 0.1924, 0.464
1651, 0.1954, 0.467
1652, 0.1702, 0.438
1653, 0.1379, 0.426
1654, 0.1725, 0.448
1655, 0.2165, 0.432
1656, 0.1448, 0.427
1657, 0.1604, 0.470
1658, 0.0837, 0.432
1659, 0.1487, 0.453
1660, 0.1770, 0.417
1661, 0.0858, 0.427
1662, 0.1801, 0.431
1663, 0.2146, 0.427
1664, 0.1088, 0.436
1665, 0.0611, 0.437
1666, 0.1862, 0.460
1667, 0.1932, 0.446
1668, 0.1127, 0.459
1669, 0.1487, 0.430
1670, 0.1566, 0.485
1671, 0.2876, 0.436
1672, 0.2596, 0.441
1673, 0.1955, 0.420
1674, 0.1090, 0.441
1675, 0.1664, 0.551
1676, 0.1639, 0.442
1677, 0.1521, 0.417
1678, 0.0923, 0.465
1679, 0.1761, 0.421
1680, 0.1999, 0.414
1681, 0.1587, 0.419
1682, 0.1886, 0.427
1683, 0.1945, 0.424
1684, 0.1860, 0.432
1685, 0.1553, 0.448
1686, 0.1795, 0.463
1687, 0.1668, 0.448
1688, 0.2354, 0.428
1689, 0.1397, 0.431
1690, 0.2131, 0.420
1691, 0.2026, 0.411
1692, 0.1460, 0.435
1693, 0.1461, 0.430
1694, 0.1563, 0.418
1695, 0.1515, 0.453
1696, 0.1597, 0.444
1697, 0.1337, 0.452
1698, 0.1081, 0.446
1699, 0.1106, 0.458
1700, 0.1992, 0.449
1701, 0.1884, 0.423
1702, 0.2170, 0.423
1703, 0.1376, 0.421
1704, 0.1949, 0.437
1705, 0.1881, 0.421
1706, 0.2295, 0.423
1707, 0.1466, 0.418
1708, 0.1348, 0.442
1709, 0.1696, 0.442
1710, 0.1458, 0.420
1711, 0.1333, 0.413
1712, 0.1071, 0.415
1713, 0.2034, 0.425
1714, 0.1483, 0.426
1715, 0.1040, 0.430
1716, 0.1039, 0.424
1717, 0.1739, 0.419
1718, 0.1899, 0.418
1719, 0.2266, 0.418
1720, 0.1773, 0.420
1721, 0.1214, 0.421
1722, 0.2182, 0.430
1723, 0.1841, 0.412
1724, 0.0980, 0.422
1725, 0.1277, 0.419
1726, 0.1602, 0.421
1727, 0.1268, 0.424
1728, 0.0597, 0.418
1729, 0.2058, 0.413
1730, 0.1156, 0.411
1731, 0.1161, 0.414
1732, 0.1197, 0.419
1733, 0.1459, 0.424
1734, 0.1349, 0.413
1735, 0.1782, 0.422
1736, 0.2181, 0.427
1737, 0.1843, 0.417
1738, 0.2611, 0.416
1739, 0.1239, 0.426
1740, 0.2048, 0.434
1741, 0.1554, 0.415
1742, 0.1868, 0.408
1743, 0.1697, 0.415
1744, 0.1641, 0.417
1745, 0.1827, 0.425
1746, 0.2589, 0.412
1747, 0.1989, 0.426
1748, 0.0799, 0.423
1749, 0.1896, 0.425
1750, 0.1470, 0.426
1751, 0.1504, 0.452
1752, 0.1961, 0.424
1753, 0.2352, 0.411
1754, 0.0903, 0.407
1755, 0.1497, 0.410
1756, 0.2000, 0.408
1757, 0.1404, 0.419
1758, 0.1114, 0.408
1759, 0.1167, 0.418
1760, 0.1631, 0.413
1761, 0.2012, 0.409
1762, 0.1439, 0.426
1763, 0.2231, 0.409
1764, 0.2044, 0.425
1765, 0.3228, 0.424
1766, 0.1720, 0.438
1767, 0.3254, 0.419
1768, 0.4435, 0.422
1769, 0.1983, 0.416
1770, 0.1955, 0.418
1771, 0.2224, 0.421
1772, 0.1967, 0.447
1773, 0.1766, 0.414
1774, 0.1144, 0.419
1775, 0.1973, 0.414
1776, 0.1343, 0.417
1777, 0.2398, 0.430
1778, 0.1254, 0.415
1779, 0.1327, 0.418
1780, 0.1747, 0.434
1781, 0.2003, 0.420
1782, 0.1538, 0.425
1783, 0.2254, 0.422
1784, 0.2247, 0.414
1785, 0.1279, 0.416
1786, 0.2067, 0.424
1787, 0.1347, 0.432
1788, 0.1153, 0.422
1789, 0.1839, 0.418
1790, 0.1973, 0.416
1791, 0.1326, 0.414
1792, 0.1314, 0.415
1793, 0.1537, 0.416
1794, 0.1724, 0.422
1795, 0.1717, 0.420
1796, 0.1579, 0.420
1797, 0.1889, 0.421
1798, 0.1142, 0.424
1799, 0.1676, 0.420
1800, 0.1381, 0.413
1801, 0.0980, 0.415
1802, 0.1235, 0.421
1803, 0.2405, 0.425
1804, 0.1177, 0.415
1805, 0.1539, 0.426
1806, 0.1935, 0.443
1807, 0.2402, 0.423
1808, 0.1391, 0.422
1809, 0.1699, 0.420
1810, 0.1646, 0.448
1811, 0.1170, 0.486
1812, 0.1430, 0.429
1813, 0.1223, 0.456
1814, 0.1582, 0.421
1815, 0.1374, 0.424
1816, 0.2194, 0.420
1817, 0.1942, 0.429
1818, 0.1649, 0.426
1819, 0.1673, 0.424
1820, 0.1200, 0.420
1821, 0.1012, 0.422
1822, 0.0524, 0.436
1823, 0.1172, 0.423
1824, 0.1398, 0.418
1825, 0.1098, 0.432
1826, 0.2886, 0.423
1827, 0.1760, 0.423
1828, 0.2000, 0.424
1829, 0.2650, 0.430
1830, 0.2481, 0.429
1831, 0.2125, 0.432
1832, 0.1870, 0.421
1833, 0.1614, 0.420
1834, 0.1184, 0.421
1835, 0.1568, 0.424
1836, 0.2679, 0.421
1837, 0.4256, 0.419
1838, 0.3082, 0.415
1839, 0.2247, 0.416
1840, 0.1716, 0.424
1841, 0.2569, 0.439
1842, 0.2167, 0.429
1843, 0.1938, 0.425
1844, 0.1841, 0.425
1845, 0.1502, 0.429
1846, 0.1288, 0.434
1847, 0.1456, 0.422
1848, 0.0683, 0.433
1849, 0.1317, 0.416
1850, 0.0858, 0.434
1851, 0.2520, 0.418
1852, 0.1996, 0.422
1853, 0.1552, 0.431
1854, 0.0802, 0.437
1855, 0.0834, 0.440
1856, 0.1096, 0.426
1857, 0.1217, 0.425
1858, 0.0473, 0.421
1859, 0.2245, 0.415
1860, 0.1023, 0.421
1861, 0.1064, 0.430
1862, 0.1233, 0.431
1863, 0.1047, 0.422
1864, 0.1807, 0.419
1865, 0.1225, 0.417
1866, 0.0766, 0.420
1867, 0.1308, 0.420
1868, 0.1380, 0.419
1869, 0.3836, 0.419
1870, 0.2766, 0.418
1871, 0.2181, 0.420
1872, 0.2221, 0.422
1873, 0.1065, 0.423
1874, 0.1751, 0.421
1875, 0.1518, 0.428
1876, 0.1444, 0.422
1877, 0.1185, 0.428
1878, 0.2291, 0.421
1879, 0.1431, 0.427
1880, 0.1889, 0.427
1881, 0.1316, 0.420
1882, 0.2038, 0.428
1883, 0.1525, 0.415
1884, 0.1105, 0.416
1885, 0.2120, 0.429
1886, 0.1452, 0.431
1887, 0.1241, 0.425
1888, 0.1907, 0.417
1889, 0.2309, 0.430
1890, 0.2412, 0.424
1891, 0.1886, 0.434
1892, 0.1468, 0.442
1893, 0.1208, 0.431
1894, 0.1614, 0.417
1895, 0.1696, 0.416
1896, 0.0534, 0.418
1897, 0.1385, 0.420
1898, 0.0928, 0.418
1899, 0.0975, 0.417
1900, 0.1259, 0.416
1901, 0.0774, 0.415
1902, 0.1689, 0.414
1903, 0.2381, 0.426
1904, 0.2045, 0.418
1905, 0.0778, 0.432
1906, 0.0923, 0.419
1907, 0.1582, 0.416
1908, 0.1568, 0.420
1909, 0.1642, 0.429
1910, 0.0980, 0.424
1911, 0.1193, 0.415
1912, 0.1487, 0.429
1913, 0.1141, 0.414
1914, 0.1584, 0.416
1915, 0.1681, 0.417
1916, 0.1503, 0.431
1917, 0.1576, 0.415
1918, 0.2274, 0.414
1919, 0.1842, 0.420
1920, 0.1071, 0.419
1921, 0.1809, 0.419
1922, 0.2025, 0.425
1923, 0.1987, 0.422
1924, 0.2920, 0.420
1925, 0.2794, 0.416
1926, 0.3706, 0.420
1927, 0.2883, 0.438
1928, 0.1677, 0.420
1929, 0.1345, 0.421
1930, 0.0981, 0.419
1931, 0.2260, 0.420
1932, 0.2036, 0.414
1933, 0.1621, 0.421
1934, 0.1089, 0.423
1935, 0.1317, 0.413
1936, 0.1661, 0.416
1937, 0.1797, 0.416
1938, 0.1602, 0.426
1939, 0.0859, 0.416
1940, 0.1725, 0.420
1941, 0.2921, 0.490
1942, 0.1847, 0.420
1943, 0.1736, 0.420
1944, 0.3831, 0.427
1945, 0.1979, 0.416
1946, 0.1336, 0.422
1947, 0.1623, 0.424
1948, 0.0735, 0.424
1949, 0.1598, 0.418
1950, 0.1033, 0.421
1951, 0.1089, 0.421
1952, 0.2192, 0.432
1953, 0.1773, 0.425
1954, 0.1513, 0.417
1955, 0.1524, 0.418
1956, 0.1192, 0.423
1957, 0.1411, 0.430
1958, 0.1324, 0.432
1959, 0.1996, 0.421
1960, 0.1499, 0.418
1961, 0.2424, 0.412
1962, 0.1346, 0.415
1963, 0.1646, 0.415
1964, 0.1104, 0.426
1965, 0.1168, 0.416
1966, 0.1265, 0.415
1967, 0.0676, 0.415
1968, 0.2027, 0.413
1969, 0.2179, 0.418
1970, 0.1794, 0.417
1971, 0.1372, 0.416
1972, 0.1667, 0.419
1973, 0.1185, 0.419
1974, 0.0907, 0.413
1975, 0.1913, 0.416
1976, 0.0438, 0.417
1977, 0.2311, 0.412
1978, 0.1267, 0.419
1979, 0.1413, 0.415
1980, 0.1156, 0.413
1981, 0.2335, 0.413
1982, 0.1719, 0.415
1983, 0.1644, 0.417
1984, 0.1257, 0.412
1985, 0.1630, 0.411
1986, 0.2081, 0.413
1987, 0.1692, 0.412
1988, 0.1710, 0.414
1989, 0.1322, 0.416
1990, 0.0787, 0.415
1991, 0.1889, 0.410
1992, 0.1663, 0.410
1993, 0.1767, 0.413
1994, 0.1178, 0.414
1995, 0.3049, 0.411
1996, 0.2457, 0.412
1997, 0.2096, 0.414
1998, 0.1897, 0.412
1999, 0.1382, 0.414
2000, 0.0871, 0.410
2001, 0.1262, 0.407
2002, 0.1912, 0.416
2003, 0.1956, 0.416
2004, 0.1178, 0.415
2005, 0.1498, 0.415
2006, 0.1506, 0.421
2007, 0.0746, 0.411
2008, 0.1828, 0.453
2009, 0.1705, 0.452
2010, 0.1587, 0.453
2011, 0.1156, 0.465
2012, 0.3536, 0.455
2013, 0.1988, 0.435
2014, 0.1528, 0.415
2015, 0.1693, 0.479
2016, 0.1756, 0.427
2017, 0.1826, 0.424
2018, 0.2327, 0.421
2019, 0.1409, 0.417
2020, 0.1409, 0.414
2021, 0.1647, 0.422
2022, 0.1783, 0.433
2023, 0.1732, 0.430
2024, 0.1670, 0.433
2025, 0.0860, 0.441
2026, 0.1309, 0.437
2027, 0.1848, 0.429
2028, 0.1655, 0.438
2029, 0.1353, 0.444
2030, 0.1166, 0.438
2031, 0.1449, 0.429
2032, 0.1327, 0.423
2033, 0.1719, 0.428
2034, 0.1406, 0.421
2035, 0.1389, 0.435
2036, 0.1911, 0.429
2037, 0.1772, 0.428
2038, 0.2477, 0.432
2039, 0.1579, 0.424
2040, 0.1231, 0.428
2041, 0.3248, 0.420
2042, 0.2955, 0.422
2043, 0.1213, 0.427
2044, 0.1785, 0.428
2045, 0.0779, 0.427
2046, 0.0932, 0.425
2047, 0.1984, 0.416
2048, 0.1240, 0.425
2049, 0.1417, 0.430
2050, 0.1656, 0.419
2051, 0.0861, 0.417
2052, 0.1278, 0.419
2053, 0.1594, 0.435
2054, 0.1440, 0.446
2055, 0.0522, 0.432
2056, 0.1522, 0.414
2057, 0.1460, 0.417
2058, 0.1400, 0.423
2059, 0.2242, 0.419
2060, 0.1084, 0.424
2061, 0.1880, 0.415
2062, 0.1557, 0.420
2063, 0.0608, 0.436
2064, 0.3018, 0.428
2065, 0.2048, 0.420
2066, 0.1560, 0.423
2067, 0.2711, 0.441
2068, 0.1724, 0.420
2069, 0.1391, 0.428
2070, 0.1618, 0.419
2071, 0.2021, 0.419
2072, 0.1277, 0.430
2073, 0.1279, 0.429
2074, 0.1245, 0.419
2075, 0.2049, 0.420
2076, 0.1245, 0.420
2077, 0.1105, 0.489
2078, 0.1218, 0.421
2079, 0.1542, 0.429
2080, 0.1110, 0.422
2081, 0.2419, 0.428
2082, 0.1619, 0.416
2083, 0.1026, 0.419
2084, 0.0562, 0.423
2085, 0.1231, 0.417
2086, 0.1297, 0.427
2087, 0.1301, 0.439
2088, 0.1387, 0.440
2089, 0.1386, 0.416
2090, 0.1274, 0.428
2091, 0.2125, 0.430
2092, 0.2352, 0.431
2093, 0.1370, 0.416
2094, 0.1434, 0.427
2095, 0.1418, 0.440
2096, 0.1933, 0.428
2097, 0.1515, 0.422
2098, 0.1816, 0.416
2099, 0.2065, 0.413
2100, 0.0929, 0.421
2101, 0.1469, 0.418
2102, 0.1406, 0.432
2103, 0.2058, 0.412
2104, 0.1544, 0.418
2105, 0.1068, 0.418
2106, 0.1289, 0.415
2107, 0.1626, 0.419
2108, 0.1000, 0.418
2109, 0.1268, 0.418
2110, 0.2069, 0.418
2111, 0.1871, 0.427
2112, 0.2362, 0.418
2113, 0.1265, 0.439
2114, 0.1438, 0.416
2115, 0.0706, 0.412
2116, 0.2301, 0.416
2117, 0.1946, 0.416
2118, 0.1442, 0.419
2119, 0.2109, 0.414
2120, 0.1609, 0.416
2121, 0.1325, 0.419
2122, 0.1714, 0.420
2123, 0.1252, 0.431
2124, 0.2114, 0.417
2125, 0.0963, 0.413
2126, 0.2252, 0.427
2127, 0.1101, 0.415
2128, 0.1254, 0.429
2129, 0.2350, 0.422
2130, 0.1371, 0.416
2131, 0.1423, 0.411
2132, 0.1251, 0.413
2133, 0.1215, 0.421
2134, 0.2407, 0.422
2135, 0.2164, 0.431
2136, 0.2224, 0.424
2137, 0.2363, 0.417
2138, 0.1622, 0.441
2139, 0.0693, 0.414
2140, 0.1500, 0.422
2141, 0.2255, 0.415
2142, 0.1167, 0.414
2143, 0.1566, 0.421
2144, 0.1082, 0.416
2145, 0.1388, 0.418
2146, 0.1487, 0.430
2147, 0.1365, 0.424
2148, 0.1784, 0.415
2149, 0.1474, 0.414
2150, 0.1083, 0.417
2151, 0.1464, 0.415
2152, 0.1351, 0.430
2153, 0.1239, 0.427
2154, 0.1585, 0.469
2155, 0.2686, 0.426
2156, 0.1313, 0.417
2157, 0.2615, 0.412
2158, 0.2436, 0.418
2159, 0.1540, 0.419
2160, 0.1767, 0.417
2161, 0.1800, 0.416
2162, 0.0618, 0.421
2163, 0.2194, 0.423
2164, 0.1414, 0.417
2165, 0.1067, 0.418
2166, 0.0766, 0.422
2167, 0.0906, 0.451
2168, 0.2216, 0.425
2169, 0.1419, 0.442
2170, 0.1292, 0.424
2171, 0.1813, 0.422
2172, 0.1945, 0.430
2173, 0.2308, 0.422
2174, 0.1832, 0.420
2175, 0.1786, 0.430
2176, 0.2144, 0.419
2177, 0.1815, 0.419
2178, 0.1993, 0.427
2179, 0.1472, 0.426
2180, 0.1598, 0.430
2181, 0.1177, 0.423
2182, 0.1112, 0.433
2183, 0.1077, 0.434
2184, 0.1874, 0.439
2185, 0.1826, 0.420
2186, 0.0985, 0.466
2187, 0.1544, 0.455
2188, 0.1109, 0.424
2189, 0.1431, 0.432
2190, 0.1497, 0.417
2191, 0.1885, 0.418
2192, 0.1990, 0.421
2193, 0.1335, 0.426
2194, 0.1420, 0.420
2195, 0.1318, 0.418
2196, 0.1810, 0.435
2197, 0.1183, 0.432
2198, 0.1989, 0.427
2199, 0.1265, 0.428
2200, 0.1921, 0.428
2201, 0.1596, 0.411
2202, 0.0851, 0.431
2203, 0.1330, 0.447
2204, 0.2129, 0.436
2205, 0.1939, 0.424
2206, 0.1520, 0.426
2207, 0.0830, 0.424
2208, 0.1797, 0.423
2209, 0.1886, 0.423
2210, 0.1611, 0.429
2211, 0.1176, 0.474
2212, 0.2305, 0.418
2213, 0.2394, 0.418
2214, 0.1779, 0.447
2215, 0.1530, 0.436
2216, 0.1283, 0.507
2217, 0.1564, 0.415
2218, 0.1777, 0.419
2219, 0.1539, 0.420
2220, 0.1287, 0.413
2221, 0.2444, 0.420
2222, 0.1837, 0.424
2223, 0.1776, 0.413
2224, 0.1908, 0.418
2225, 0.1390, 0.422
2226, 0.1598, 0.420
2227, 0.1181, 0.435
2228, 0.1604, 0.440
2229, 0.1526, 0.430
2230, 0.1488, 0.424
2231, 0.2354, 0.424
2232, 0.0866, 0.428
2233, 0.1904, 0.440
2234, 0.1711, 0.419
2235, 0.1077, 0.423
2236, 0.0758, 0.421
2237, 0.1332, 0.423
2238, 0.1464, 0.423
2239, 0.1664, 0.427
2240, 0.1757, 0.425
2241, 0.1452, 0.419
2242, 0.1591, 0.432
2243, 0.1349, 0.415
2244, 0.1757, 0.428
2245, 0.1559, 0.415
2246, 0.1501, 0.425
2247, 0.1915, 0.438
2248, 0.1095, 0.430
2249, 0.1322, 0.431
2250, 0.1822, 0.420
2251, 0.1376, 0.414
2252, 0.1354, 0.425
2253, 0.2144, 0.415
2254, 0.1772, 0.416
2255, 0.2112, 0.419
2256, 0.1643, 0.421
2257, 0.1072, 0.418
2258, 0.0996, 0.421
2259, 0.0850, 0.423
2260, 0.1082, 0.414
2261, 0.1841, 0.416
2262, 0.1769, 0.418
2263, 0.1928, 0.424
2264, 0.1907, 0.423
2265, 0.2348, 0.431
2266, 0.1979, 0.418
2267, 0.1617, 0.416
2268, 0.2220, 0.414
2269, 0.1024, 0.415
2270, 0.1079, 0.417
2271, 0.1825, 0.413
2272, 0.1545, 0.423
2273, 0.1435, 0.418
2274, 0.1769, 0.419
2275, 0.1496, 0.417
2276, 0.1776, 0.426
2277, 0.1492, 0.416
2278, 0.1295, 0.418
2279, 0.1329, 0.433
2280, 0.1988, 0.430
2281, 0.2244, 0.429
2282, 0.2945, 0.426
2283, 0.2041, 0.425
2284, 0.1891, 0.421
2285, 0.1334, 0.423
2286, 0.2000, 0.423
2287, 0.1870, 0.426
2288, 0.1924, 0.435
2289, 0.2072, 0.417
2290, 0.1325, 0.418
2291, 0.1223, 0.416
2292, 0.1631, 0.412
2293, 0.1779, 0.415
2294, 0.2298, 0.425
2295, 0.1916, 0.425
2296, 0.1400, 0.424
2297, 0.1720, 0.419
2298, 0.2393, 0.424
2299, 0.1825, 0.426
2300, 0.1718, 0.426
2301, 0.1361, 0.421
2302, 0.1392, 0.423
2303, 0.1561, 0.422
2304, 0.1312, 0.417
2305, 0.1714, 0.420
2306, 0.1252, 0.420
2307, 0.1884, 0.422
2308, 0.1119, 0.412
2309, 0.1717, 0.414
2310, 0.1796, 0.416
2311, 0.2259, 0.429
2312, 0.1304, 0.433
2313, 0.1313, 0.422
2314, 0.2266, 0.414
2315, 0.1641, 0.422
2316, 0.1501, 0.423
2317, 0.3970, 0.425
2318, 0.2942, 0.430
2319, 0.1556, 0.427
2320, 0.1213, 0.420
2321, 0.1187, 0.419
2322, 0.1525, 0.418
2323, 0.1596, 0.414
2324, 0.1924, 0.430
2325, 0.1592, 0.414
2326, 0.1106, 0.418
2327, 0.2426, 0.419
2328, 0.1874, 0.429
2329, 0.1641, 0.419
2330, 0.2385, 0.416
2331, 0.2015, 0.416
2332, 0.2751, 0.423
2333, 0.1878, 0.418
2334, 0.1784, 0.420
2335, 0.2556, 0.415
2336, 0.1780, 0.429
2337, 0.1710, 0.424
2338, 0.2574, 0.418
2339, 0.1552, 0.416
2340, 0.2068, 0.437
2341, 0.1614, 0.489
2342, 0.1414, 0.424
2343, 0.1579, 0.453
2344, 0.1971, 0.415
2345, 0.1716, 0.417
2346, 0.1883, 0.417
2347, 0.1787, 0.418
2348, 0.2311, 0.429
2349, 0.1873, 0.454
2350, 0.2427, 0.452
2351, 0.1208, 0.454
2352, 0.1923, 0.451
2353, 0.1219, 0.444
2354, 0.1185, 0.447
2355, 0.1004, 0.446
2356, 0.0968, 0.451
2357, 0.2827, 0.448
2358, 0.0682, 0.444
2359, 0.1954, 0.442
2360, 0.1290, 0.443
2361, 0.1690, 0.446
2362, 0.1611, 0.446
2363, 0.1614, 0.442
2364, 0.1174, 0.443
2365, 0.2012, 0.442
2366, 0.1754, 0.443
2367, 0.1673, 0.443
2368, 0.1866, 0.424
2369, 0.2020, 0.432
2370, 0.1315, 0.434
2371, 0.1407, 0.434
2372, 0.1094, 0.421
2373, 0.1252, 0.444
2374, 0.1821, 0.429
2375, 0.3498, 0.430
2376, 0.1757, 0.428
2377, 0.1767, 0.419
2378, 0.1596, 0.420
2379, 0.2015, 0.433
2380, 0.1864, 0.469
2381, 0.1609, 0.450
2382, 0.1996, 0.447
2383, 0.2287, 0.447
2384, 0.1520, 0.447
2385, 0.1466, 0.408
2386, 0.1508, 0.416
2387, 0.2173, 0.426
2388, 0.1450, 0.426
2389, 0.1160, 0.421
2390, 0.1563, 0.424
2391, 0.2053, 0.426
2392, 0.2766, 0.416
2393, 0.2001, 0.420
2394, 0.1347, 0.421
2395, 0.1921, 0.420
2396, 0.2144, 0.419
2397, 0.2288, 0.426
2398, 0.2347, 0.434
2399, 0.1440, 0.444
2400, 0.0961, 0.438
2401, 0.0392, 0.416
2402, 0.2689, 0.421
2403, 0.1632, 0.438
2404, 0.2582, 0.436
2405, 0.2106, 0.425
2406, 0.1072, 0.418
2407, 0.1610, 0.424
2408, 0.1081, 0.425
2409, 0.1628, 0.419
2410, 0.1887, 0.420
2411, 0.1817, 0.437
2412, 0.1324, 0.427
2413, 0.1489, 0.429
2414, 0.1800, 0.422
2415, 0.1313, 0.425
2416, 0.1209, 0.511
2417, 0.1786, 0.427
2418, 0.1001, 0.420
2419, 0.1364, 0.414
2420, 0.1560, 0.415
2421, 0.2459, 0.414
2422, 0.2537, 0.413
2423, 0.1770, 0.428
2424, 0.1468, 0.433
2425, 0.1129, 0.437
2426, 0.1493, 0.424
2427, 0.2332, 0.422
2428, 0.1044, 0.426
2429, 0.1065, 0.427
2430, 0.1478, 0.428
2431, 0.1286, 0.433
2432, 0.1464, 0.428
2433, 0.1858, 0.420
2434, 0.1857, 0.424
2435, 0.1676, 0.421
2436, 0.1206, 0.419
2437, 0.1885, 0.415
2438, 0.0926, 0.439
2439, 0.1432, 0.448
2440, 0.2021, 0.435
2441, 0.1902, 0.431
2442, 0.1658, 0.429
2443, 0.1736, 0.417
2444, 0.1497, 0.421
2445, 0.2105, 0.416
2446, 0.1213, 0.421
2447, 0.2055, 0.440
2448, 0.1347, 0.431
2449, 0.1360, 0.419
2450, 0.2681, 0.419
2451, 0.1806, 0.426
2452, 0.1846, 0.423
2453, 0.1508, 0.422
2454, 0.1532, 0.422
2455, 0.1701, 0.434
2456, 0.0866, 0.427
2457, 0.0948, 0.435
2458, 0.2515, 0.426
2459, 0.1525, 0.419
2460, 0.1116, 0.427
2461, 0.1916, 0.422
2462, 0.1083, 0.420
2463, 0.1204, 0.432
2464, 0.1613, 0.430
2465, 0.1508, 0.430
2466, 0.1007, 0.418
2467, 0.0948, 0.428
2468, 0.1505, 0.426
2469, 0.1210, 0.420
2470, 0.1226, 0.428
2471, 0.1706, 0.425
2472, 0.1561, 0.449
2473, 0.1201, 0.513
2474, 0.1254, 0.429
2475, 0.1176, 0.422
2476, 0.1221, 0.418
2477, 0.2107, 0.416
2478, 0.0981, 0.418
2479, 0.1157, 0.435
2480, 0.1731, 0.431
2481, 0.1246, 0.424
2482, 0.2370, 0.440
2483, 0.2116, 0.430
2484, 0.1748, 0.444
2485, 0.1709, 0.442
2486, 0.1117, 0.425
2487, 0.2307, 0.457
2488, 0.1744, 0.456
2489, 0.1150, 0.463
2490, 0.1487, 0.461
2491, 0.2026, 0.431
2492, 0.1757, 0.423
2493, 0.1867, 0.416
2494, 0.1605, 0.415
2495, 0.1044, 0.449
2496, 0.2098, 0.420
2497, 0.1604, 0.426
2498, 0.2273, 0.426
2499, 0.2028, 0.425
2500, 0.2018, 0.420
2501, 0.1163, 0.429
2502, 0.1758, 0.424
2503, 0.2621, 0.413
2504, 0.1855, 0.434
2505, 0.0689, 0.434
2506, 0.0598, 0.425
2507, 0.1320, 0.439
2508, 0.1102, 0.425
2509, 0.1476, 0.415
2510, 0.1246, 0.414
2511, 0.1409, 0.426
2512, 0.1340, 0.415
2513, 0.1602, 0.417
2514, 0.1498, 0.419
2515, 0.1583, 0.418
2516, 0.1887, 0.417
2517, 0.1802, 0.428
2518, 0.1786, 0.423
2519, 0.1527, 0.426
2520, 0.1527, 0.418
2521, 0.1804, 0.419
2522, 0.1500, 0.426
2523, 0.1439, 0.418
2524, 0.1418, 0.421
2525, 0.0813, 0.408
2526, 0.1083, 0.414
2527, 0.1389, 0.413
2528, 0.2078, 0.416
2529, 0.1690, 0.427
2530, 0.2183, 0.429
2531, 0.2021, 0.421
2532, 0.1382, 0.425
2533, 0.1165, 0.458
2534, 0.1804, 0.448
2535, 0.0754, 0.423
2536, 0.0888, 0.418
2537, 0.1557, 0.416
2538, 0.0748, 0.433
2539, 0.1457, 0.446
2540, 0.2232, 0.427
2541, 0.1838, 0.410
2542, 0.1487, 0.413
2543, 0.1394, 0.414
2544, 0.1146, 0.419
2545, 0.1346, 0.419
2546, 0.1381, 0.418
2547, 0.1068, 0.415
2548, 0.1811, 0.427
2549, 0.1800, 0.411
2550, 0.1835, 0.426
2551, 0.2286, 0.426
2552, 0.1666, 0.420
2553, 0.1113, 0.419
2554, 0.1715, 0.424
2555, 0.1602, 0.415
2556, 0.2066, 0.414
2557, 0.1352, 0.415
2558, 0.0975, 0.415
2559, 0.1535, 0.425
2560, 0.2378, 0.443
2561, 0.1116, 0.419
2562, 0.1791, 0.480
2563, 0.1653, 0.427
2564, 0.1516, 0.411
2565, 0.1262, 0.413
2566, 0.1183, 0.408
2567, 0.1634, 0.408
2568, 0.1896, 0.406
2569, 0.1955, 0.408
2570, 0.1691, 0.409
2571, 0.1752, 0.413
2572, 0.1530, 0.416
2573, 0.1811, 0.409
2574, 0.1225, 0.411
2575, 0.1518, 0.415
2576, 0.1760, 0.416
2577, 0.0995, 0.411
2578, 0.1433, 0.414
2579, 0.1357, 0.409
2580, 0.1274, 0.417
2581, 0.1440, 0.430
2582, 0.0728, 0.418
2583, 0.2028, 0.417
2584, 0.1974, 0.428
2585, 0.1926, 0.418
2586, 0.1133, 0.420
2587, 0.1727, 0.422
2588, 0.1913, 0.430
2589, 0.1468, 0.433
2590, 0.2125, 0.420
2591, 0.1509, 0.421
2592, 0.1356, 0.419
2593, 0.1885, 0.416
2594, 0.1259, 0.417
2595, 0.1214, 0.417
2596, 0.1265, 0.429
2597, 0.1568, 0.419
2598, 0.0928, 0.436
2599, 0.1481, 0.419
2600, 0.1197, 0.416
2601, 0.1920, 0.408
2602, 0.1333, 0.423
2603, 0.1966, 0.419
2604, 0.1531, 0.424
2605, 0.1006, 0.418
2606, 0.1423, 0.422
2607, 0.2209, 0.419
2608, 0.1689, 0.419
2609, 0.1038, 0.418
2610, 0.2335, 0.433
2611, 0.2093, 0.492
2612, 0.1528, 0.416
2613, 0.2118, 0.415
2614, 0.1299, 0.419
2615, 0.2342, 0.418
2616, 0.1030, 0.460
2617, 0.2031, 0.452
2618, 0.1665, 0.461
2619, 0.1922, 0.455
2620, 0.2024, 0.459
2621, 0.1793, 0.461
2622, 0.1463, 0.422
2623, 0.0949, 0.424
2624, 0.1314, 0.430
2625, 0.2153, 0.420
2626, 0.1323, 0.419
2627, 0.1040, 0.433
2628, 0.1750, 0.421
2629, 0.1502, 0.422
2630, 0.2152, 0.420
2631, 0.1387, 0.422
2632, 0.1889, 0.430
2633, 0.1221, 0.430
2634, 0.1565, 0.433
2635, 0.1619, 0.427
2636, 0.2194, 0.425
2637, 0.1345, 0.417
2638, 0.1171, 0.420
2639, 0.0877, 0.417
2640, 0.1833, 0.421
2641, 0.1907, 0.427
2642, 0.1250, 0.423
2643, 0.1179, 0.415
2644, 0.1127, 0.425
2645, 0.2171, 0.420
2646, 0.1339, 0.421
2647, 0.0925, 0.424
2648, 0.1784, 0.420
2649, 0.0931, 0.426
2650, 0.1555, 0.436
2651, 0.0688, 0.421
2652, 0.0872, 0.422
2653, 0.2282, 0.417
2654, 0.1187, 0.417
2655, 0.2114, 0.439
2656, 0.2224, 0.420
2657, 0.2012, 0.423
2658, 0.1903, 0.425
2659, 0.1771, 0.439
2660, 0.1529, 0.420
2661, 0.1195, 0.437
2662, 0.1852, 0.420
2663, 0.1093, 0.421
2664, 0.1745, 0.415
2665, 0.1894, 0.419
2666, 0.0981, 0.417
2667, 0.1976, 0.428
2668, 0.1807, 0.415
2669, 0.1523, 0.418
2670, 0.1604, 0.421
2671, 0.1928, 0.419
2672, 0.1357, 0.427
2673, 0.1339, 0.422
2674, 0.2001, 0.418
2675, 0.1307, 0.427
2676, 0.1226, 0.425
2677, 0.1856, 0.421
2678, 0.1292, 0.425
2679, 0.1279, 0.420
2680, 0.1155, 0.422
2681, 0.1370, 0.420
2682, 0.1921, 0.416
2683, 0.1549, 0.419
2684, 0.0861, 0.418
2685, 0.2557, 0.418
2686, 0.2319, 0.421
2687, 0.0707, 0.434
2688, 0.1965, 0.420
2689, 0.3069, 0.425
2690, 0.2040, 0.416
2691, 0.1812, 0.419
2692, 0.0973, 0.419
2693, 0.1348, 0.425
2694, 0.1345, 0.428
2695, 0.1618, 0.427
2696, 0.0906, 0.415
2697, 0.1043, 0.414
2698, 0.1828, 0.421
2699, 0.1070, 0.417
2700, 0.6138, 0.415
2701, 0.2113, 0.415
2702, 0.1841, 0.416
2703, 0.1633, 0.426
2704, 0.1379, 0.428
2705, 0.2043, 0.414
2706, 0.1681, 0.416
2707, 0.0983, 0.417
2708, 0.1659, 0.422
2709, 0.2308, 0.415
2710, 0.1470, 0.414
2711, 0.1742, 0.416
2712, 0.1152, 0.416
2713, 0.1651, 0.416
2714, 0.1393, 0.418
2715, 0.1401, 0.417
2716, 0.2167, 0.423
2717, 0.1778, 0.426
2718, 0.1646, 0.432
2719, 0.1646, 0.422
2720, 0.1192, 0.414
2721, 0.1132, 0.420
2722, 0.1286, 0.423
2723, 0.1127, 0.415
2724, 0.1538, 0.416
2725, 0.0920, 0.418
2726, 0.1146, 0.453
2727, 0.1623, 0.430
2728, 0.1454, 0.422
2729, 0.1468, 0.440
2730, 0.1288, 0.420
2731, 0.0951, 0.429
2732, 0.1094, 0.421
2733, 0.1497, 0.421
2734, 0.1822, 0.420
2735, 0.1932, 0.431
2736, 0.2284, 0.426
2737, 0.1818, 0.424
2738, 0.1293, 0.425
2739, 0.1050, 0.422
2740, 0.1256, 0.431
2741, 0.1062, 0.427
2742, 0.1759, 0.420
2743, 0.0920, 0.417
2744, 0.1004, 0.420
2745, 0.1733, 0.422
2746, 0.0883, 0.423
2747, 0.1629, 0.419
2748, 0.2986, 0.416
2749, 0.1484, 0.417
2750, 0.0985, 0.417
2751, 0.1536, 0.417
2752, 0.1862, 0.417
2753, 0.1891, 0.411
2754, 0.1859, 0.411
2755, 0.1639, 0.413
2756, 0.1453, 0.415
2757, 0.1781, 0.417
2758, 0.1535, 0.409
2759, 0.1716, 0.415
2760, 0.1168, 0.424
2761, 0.1578, 0.419
2762, 0.1406, 0.420
2763, 0.1074, 0.437
2764, 0.1794, 0.427
2765, 0.0946, 0.412
2766, 0.1345, 0.410
2767, 0.1615, 0.422
2768, 0.1614, 0.439
2769, 0.1099, 0.409
2770, 0.1188, 0.424
2771, 0.1198, 0.434
2772, 0.1155, 0.454
2773, 0.0815, 0.426
2774, 0.1450, 0.422
2775, 0.2390, 0.420
2776, 0.2008, 0.420
2777, 0.2228, 0.416
2778, 0.1271, 0.425
2779, 0.1246, 0.440
2780, 0.1221, 0.430
2781, 0.1088, 0.461
2782, 0.2209, 0.438
2783, 0.1412, 0.423
2784, 0.1830, 0.423
2785, 0.1338, 0.435
2786, 0.1545, 0.425
2787, 0.1976, 0.431
2788, 0.1401, 0.419
2789, 0.1306, 0.417
2790, 0.1984, 0.412
2791, 0.1402, 0.424
2792, 0.0850, 0.425
2793, 0.1369, 0.411
2794, 0.1308, 0.425
2795, 0.1634, 0.435
2796, 0.1494, 0.426
2797, 0.2212, 0.430
2798, 0.1110, 0.434
2799, 0.1644, 0.428
2800, 0.0841, 0.426
2801, 0.1057, 0.405
2802, 0.0759, 0.425
2803, 0.0663, 0.418
2804, 0.2197, 0.415
2805, 0.1476, 0.416
2806, 0.1307, 0.423
2807, 0.1241, 0.414
2808, 0.1180, 0.415
2809, 0.1226, 0.434
2810, 0.0713, 0.452
2811, 0.1528, 0.447
2812, 0.1732, 0.453
2813, 0.1172, 0.459
2814, 0.2015, 0.423
2815, 0.1960, 0.420
2816, 0.1037, 0.431
2817, 0.1567, 0.486
2818, 0.1711, 0.453
2819, 0.1436, 0.416
2820, 0.0920, 0.420
2821, 0.1996, 0.419
2822, 0.1702, 0.428
2823, 0.1008, 0.430
2824, 0.1295, 0.428
2825, 0.1805, 0.431
2826, 0.1113, 0.430
2827, 0.1319, 0.441
2828, 0.1026, 0.432
2829, 0.1384, 0.438
2830, 0.1223, 0.431
2831, 0.1179, 0.430
2832, 0.0854, 0.431
2833, 0.1126, 0.438
2834, 0.1173, 0.423
2835, 0.0932, 0.428
2836, 0.1590, 0.426
2837, 0.0876, 0.422
2838, 0.0977, 0.424
2839, 0.1996, 0.439
2840, 0.0878, 0.442
2841, 0.1173, 0.417
2842, 0.1986, 0.416
2843, 0.1982, 0.418
2844, 0.1672, 0.417
2845, 0.0835, 0.420
2846, 0.1110, 0.419
2847, 0.2372, 0.427
2848, 0.1115, 0.419
2849, 0.1530, 0.421
2850, 0.1191, 0.423
2851, 0.1788, 0.424
2852, 0.1720, 0.419
2853, 0.0853, 0.430
2854, 0.1164, 0.422
2855, 0.1010, 0.423
2856, 0.1308, 0.419
2857, 0.2721, 0.417
2858, 0.2832, 0.414
2859, 0.1592, 0.418
2860, 0.2011, 0.430
2861, 0.2297, 0.421
2862, 0.1508, 0.427
2863, 0.1244, 0.421
2864, 0.1093, 0.422
2865, 0.1724, 0.421
2866, 0.1556, 0.425
2867, 0.0990, 0.431
2868, 0.1722, 0.437
2869, 0.1840, 0.429
2870, 0.1186, 0.422
2871, 0.0847, 0.420
2872, 0.1248, 0.420
2873, 0.1283, 0.414
2874, 0.1440, 0.423
2875, 0.0824, 0.549
2876, 0.0816, 0.422
2877, 0.1274, 0.427
2878, 0.1496, 0.424
2879, 0.1591, 0.421
2880, 0.1536, 0.425
2881, 0.1531, 0.429
2882, 0.1349, 0.438
2883, 0.1204, 0.446
2884, 0.1200, 0.428
2885, 0.0634, 0.430
2886, 0.1828, 0.437
2887, 0.2168, 0.440
2888, 0.1165, 0.409
2889, 0.1317, 0.420
2890, 0.1524, 0.421
2891, 0.1077, 0.427
2892, 0.1673, 0.414
2893, 0.1328, 0.412
2894, 0.1605, 0.406
2895, 0.2453, 0.425
2896, 0.1713, 0.435
2897, 0.2421, 0.429
2898, 0.1383, 0.423
2899, 0.1357, 0.420
2900, 0.1656, 0.417
2901, 0.1792, 0.452
2902, 0.1565, 0.452
2903, 0.2057, 0.457
2904, 0.1447, 0.449
2905, 0.1228, 0.413
2906, 0.1950, 0.413
2907, 0.2023, 0.436
2908, 0.1889, 0.414
2909, 0.0997, 0.415
2910, 0.2020, 0.426
2911, 0.1453, 0.415
2912, 0.1668, 0.419
2913, 0.1500, 0.412
2914, 0.1373, 0.409
2915, 0.1561, 0.414
2916, 0.0926, 0.421
2917, 0.1232, 0.426
2918, 0.1241, 0.422
2919, 0.1290, 0.421
2920, 0.1490, 0.437
2921, 0.0928, 0.410
2922, 0.0856, 0.409
2923, 0.1473, 0.417
2924, 0.0802, 0.412
2925, 0.0564, 0.426
2926, 0.1134, 0.418
2927, 0.0729, 0.408
2928, 0.1654, 0.418
2929, 0.0954, 0.417
2930, 0.1327, 0.415
2931, 0.1220, 0.458
2932, 0.0519, 0.466
2933, 0.0637, 0.419
2934, 0.1153, 0.422
2935, 0.1115, 0.449
2936, 0.1828, 0.452
2937, 0.1905, 0.440
2938, 0.0907, 0.442
2939, 0.0609, 0.416
2940, 0.1000, 0.414
2941, 0.1102, 0.415
2942, 0.1051, 0.422
2943, 0.1011, 0.436
2944, 0.1633, 0.419
2945, 0.1286, 0.417
2946, 0.1389, 0.429
2947, 0.1533, 0.420
2948, 0.1079, 0.425
2949, 0.1743, 0.429
2950, 0.1941, 0.421
2951, 0.1322, 0.417
2952, 0.1651, 0.419
2953, 0.1790, 0.439
2954, 0.0863, 0.424
2955, 0.1821, 0.431
2956, 0.1133, 0.426
2957, 0.1558, 0.416
2958, 0.1654, 0.419
2959, 0.1247, 0.423
2960, 0.0754, 0.423
2961, 0.2210, 0.436
2962, 0.1176, 0.409
2963, 0.1502, 0.419
2964, 0.0993, 0.417
2965, 0.1900, 0.413
2966, 0.1135, 0.415
2967, 0.0748, 0.412
2968, 0.1632, 0.411
2969, 0.1411, 0.414
2970, 0.1560, 0.416
2971, 0.1346, 0.408
2972, 0.1021, 0.417
2973, 0.1111, 0.409
2974, 0.1580, 0.411
2975, 0.1197, 0.416
2976, 0.1442, 0.414
2977, 0.1437, 0.410
2978, 0.2546, 0.407
2979, 0.2390, 0.406
2980, 0.1494, 0.410
2981, 0.1173, 0.411
2982, 0.0975, 0.423
2983, 0.0960, 0.414
2984, 0.2011, 0.412
2985, 0.1693, 0.416
2986, 0.1222, 0.414
2987, 0.0853, 0.415
2988, 0.1235, 0.424
2989, 0.1518, 0.419
2990, 0.1886, 0.418
2991, 0.1096, 0.434
2992, 0.1456, 0.420
2993, 0.0674, 0.420
2994, 0.1207, 0.422
2995, 0.1552, 0.414
2996, 0.1568, 0.419
2997, 0.1822, 0.429
2998, 0.2016, 0.425
2999, 0.1005, 0.429
3000, 0.1209, 0.419
3001, 0.1337, 0.404
3002, 0.1066, 0.416
3003, 0.1318, 0.426
3004, 0.1954, 0.434
3005, 0.1738, 0.476
3006, 0.1068, 0.427
3007, 0.1588, 0.421
3008, 0.0896, 0.440
3009, 0.1703, 0.429
3010, 0.1120, 0.427
3011, 0.1561, 0.423
3012, 0.0762, 0.420
3013, 0.0985, 0.426
3014, 0.1243, 0.427
3015, 0.1939, 0.427
3016, 0.1679, 0.429
3017, 0.1592, 0.420
3018, 0.1755, 0.511
3019, 0.1945, 0.438
3020, 0.1428, 0.422
3021, 0.1518, 0.418
3022, 0.1116, 0.418
3023, 0.1475, 0.432
3024, 0.1218, 0.413
3025, 0.1613, 0.418
3026, 0.1861, 0.426
3027, 0.0883, 0.426
3028, 0.1994, 0.418
3029, 0.0725, 0.423
3030, 0.1049, 0.426
3031, 0.1575, 0.428
3032, 0.1316, 0.425
3033, 0.1932, 0.424
3034, 0.1733, 0.426
3035, 0.1031, 0.425
3036, 0.1615, 0.435
3037, 0.1419, 0.418
3038, 0.1591, 0.427
3039, 0.2431, 0.425
3040, 0.0796, 0.423
3041, 0.1333, 0.435
3042, 0.0650, 0.415
3043, 0.1796, 0.417
3044, 0.0577, 0.418
3045, 0.1585, 0.421
3046, 0.1670, 0.420
3047, 0.1293, 0.424
3048, 0.1813, 0.422
3049, 0.0925, 0.420
3050, 0.1210, 0.440
3051, 0.2581, 0.435
3052, 0.1127, 0.437
3053, 0.1086, 0.423
3054, 0.1103, 0.419
3055, 0.1274, 0.424
3056, 0.1641, 0.415
3057, 0.2311, 0.417
3058, 0.1720, 0.417
3059, 0.1105, 0.417
3060, 0.1602, 0.421
3061, 0.1054, 0.423
3062, 0.1764, 0.424
3063, 0.1574, 0.433
3064, 0.2026, 0.424
3065, 0.1603, 0.433
3066, 0.1408, 0.429
3067, 0.0765, 0.425
3068, 0.1432, 0.422
3069, 0.1632, 0.424
3070, 0.0921, 0.419
3071, 0.1076, 0.425
3072, 0.1030, 0.416
3073, 0.1480, 0.417
3074, 0.1304, 0.417
3075, 0.1838, 0.418
3076, 0.1199, 0.430
3077, 0.2201, 0.416
3078, 0.1484, 0.419
3079, 0.0707, 0.422
3080, 0.1027, 0.421
3081, 0.1817, 0.417
3082, 0.0925, 0.419
3083, 0.1286, 0.432
3084, 0.1435, 0.422
3085, 0.1669, 0.421
3086, 0.2052, 0.418
3087, 0.2364, 0.417
3088, 0.1830, 0.418
3089, 0.1996, 0.432
3090, 0.1618, 0.415
3091, 0.1439, 0.425
3092, 0.1514, 0.416
3093, 0.1384, 0.424
3094, 0.2041, 0.418
3095, 0.2042, 0.420
3096, 0.1262, 0.421
3097, 0.1415, 0.434
3098, 0.1435, 0.428
3099, 0.1793, 0.463
3100, 0.0701, 0.418
3101, 0.0655, 0.425
3102, 0.1149, 0.422
3103, 0.1366, 0.418
3104, 0.2721, 0.420
3105, 0.1996, 0.416
3106, 0.0964, 0.423
3107, 0.1933, 0.421
3108, 0.1420, 0.419
3109, 0.1179, 0.416
3110, 0.0927, 0.421
3111, 0.1832, 0.426
3112, 0.1845, 0.421
3113, 0.1050, 0.417
3114, 0.1740, 0.437
3115, 0.1456, 0.433
3116, 0.1301, 0.435
3117, 0.2078, 0.416
3118, 0.1292, 0.424
3119, 0.1513, 0.430
3120, 0.1532, 0.425
3121, 0.1855, 0.436
3122, 0.1169, 0.422
3123, 0.1006, 0.419
3124, 0.1628, 0.417
3125, 0.0722, 0.416
3126, 0.1313, 0.416
3127, 0.1133, 0.418
3128, 0.0843, 0.421
3129, 0.1535, 0.418
3130, 0.1266, 0.429
3131, 0.0972, 0.421
3132, 0.1512, 0.423
3133, 0.1550, 0.415
3134, 0.0749, 0.417
3135, 0.2494, 0.415
3136, 0.1473, 0.423
3137, 0.1978, 0.421
3138, 0.1322, 0.418
3139, 0.1498, 0.430
3140, 0.2465, 0.491
3141, 0.0791, 0.421
3142, 0.0852, 0.421
3143, 0.1662, 0.416
3144, 0.2129, 0.414
3145, 0.1744, 0.417
3146, 0.1635, 0.416
3147, 0.1029, 0.421
3148, 0.1508, 0.416
3149, 0.1118, 0.419
3150, 0.1538, 0.417
3151, 0.1339, 0.415
3152, 0.0971, 0.429
3153, 0.1862, 0.452
3154, 0.0815, 0.459
3155, 0.1246, 0.458
3156, 0.0660, 0.418
3157, 0.1113, 0.448
3158, 0.1189, 0.454
3159, 0.1631, 0.454
3160, 0.1701, 0.450
3161, 0.2585, 0.458
3162, 0.1835, 0.423
3163, 0.1476, 0.424
3164, 0.0919, 0.426
3165, 0.0782, 0.422
3166, 0.0533, 0.419
3167, 0.0103, 0.454
3168, 0.0577, 0.455
3169, 0.0964, 0.457
3170, 0.0675, 0.448
3171, 0.1012, 0.449
3172, 0.1092, 0.438
3173, 0.1616, 0.418
3174, 0.1869, 0.425
3175, 0.1143, 0.424
3176, 0.1742, 0.427
3177, 0.2016, 0.423
3178, 0.0908, 0.419
3179, 0.1327, 0.417
3180, 0.1804, 0.422
3181, 0.1735, 0.422
3182, 0.1402, 0.417
3183, 0.1723, 0.421
3184, 0.2103, 0.421
3185, 0.1954, 0.421
3186, 0.1479, 0.435
3187, 0.0993, 0.451
3188, 0.1192, 0.445
3189, 0.1079, 0.434
3190, 0.0612, 0.427
3191, 0.1584, 0.426
3192, 0.1943, 0.420
3193, 0.1498, 0.420
3194, 0.1030, 0.433
3195, 0.1163, 0.428
3196, 0.0935, 0.420
3197, 0.0782, 0.418
3198, 0.1531, 0.415
3199, 0.2589, 0.423
3200, 0.1291, 0.423
3201, 0.2117, 0.417
3202, 0.2285, 0.430
3203, 0.1231, 0.413
3204, 0.0537, 0.421
3205, 0.1112, 0.423
3206, 0.0880, 0.426
3207, 0.2522, 0.409
3208, 0.1764, 0.410
3209, 0.1976, 0.411
3210, 0.2139, 0.424
3211, 0.1157, 0.526
3212, 0.1953, 0.420
3213, 0.1316, 0.418
3214, 0.1340, 0.417
3215, 0.1065, 0.417
3216, 0.1185, 0.424
3217, 0.1998, 0.421
3218, 0.0742, 0.418
3219, 0.1290, 0.435
3220, 0.0928, 0.422
3221, 0.1473, 0.432
3222, 0.1990, 0.420
3223, 0.2066, 0.421
3224, 0.1739, 0.422
3225, 0.1437, 0.427
3226, 0.1329, 0.443
3227, 0.1276, 0.432
3228, 0.0774, 0.429
3229, 0.0842, 0.430
3230, 0.1299, 0.435
3231, 0.1964, 0.417
3232, 0.0821, 0.431
3233, 0.0826, 0.438
3234, 0.1366, 0.418
3235, 0.1501, 0.433
3236, 0.0761, 0.421
3237, 0.1699, 0.432
3238, 0.1605, 0.423
3239, 0.0988, 0.421
3240, 0.2069, 0.462
3241, 0.1938, 0.414
3242, 0.1364, 0.423
3243, 0.1227, 0.422
3244, 0.1261, 0.418
3245, 0.1045, 0.418
3246, 0.1018, 0.444
3247, 0.1178, 0.416
3248, 0.1283, 0.417
3249, 0.0701, 0.420
3250, 0.1766, 0.421
3251, 0.1580, 0.414
3252, 0.1642, 0.434
3253, 0.1279, 0.435
3254, 0.1499, 0.421
3255, 0.1364, 0.434
3256, 0.2614, 0.428
3257, 0.2061, 0.425
3258, 0.2272, 0.426
3259, 0.1254, 0.438
3260, 0.0692, 0.419
3261, 0.1398, 0.415
3262, 0.1011, 0.418
3263, 0.1394, 0.437
3264, 0.1502, 0.453
3265, 0.2396, 0.429
3266, 0.0879, 0.445
3267, 0.1204, 0.423
3268, 0.2161, 0.486
3269, 0.1546, 0.427
3270, 0.1136, 0.439
3271, 0.1454, 0.429
3272, 0.1321, 0.420
3273, 0.1624, 0.420
3274, 0.1493, 0.422
3275, 0.2125, 0.419
3276, 0.1648, 0.415
3277, 0.1642, 0.437
3278, 0.1116, 0.433
3279, 0.1493, 0.418
3280, 0.1667, 0.416
3281, 0.1423, 0.437
3282, 0.1491, 0.457
3283, 0.1521, 0.464
3284, 0.1565, 0.467
3285, 0.1729, 0.448
3286, 0.1082, 0.459
3287, 0.1575, 0.454
3288, 0.1681, 0.448
3289, 0.1233, 0.452
3290, 0.2954, 0.456
3291, 0.1668, 0.456
3292, 0.2037, 0.454
3293, 0.0361, 0.417
3294, 0.0894, 0.421
3295, 0.0961, 0.417
3296, 0.1009, 0.424
3297, 0.1111, 0.426
3298, 0.0876, 0.419
3299, 0.1285, 0.433
3300, 0.1022, 0.441
3301, 0.1433, 0.457
3302, 0.1341, 0.440
3303, 0.1700, 0.428
3304, 0.1302, 0.419
3305, 0.1223, 0.436
3306, 0.1660, 0.451
3307, 0.1636, 0.465
3308, 0.1389, 0.456
3309, 0.1593, 0.415
3310, 0.1569, 0.436
3311, 0.1689, 0.425
3312, 0.1500, 0.437
3313, 0.1625, 0.434
3314, 0.1390, 0.420
3315, 0.1759, 0.412
3316, 0.1752, 0.424
3317, 0.1464, 0.453
3318, 0.1757, 0.456
3319, 0.1161, 0.432
3320, 0.1944, 0.436
3321, 0.1157, 0.425
3322, 0.1621, 0.719
3323, 0.1554, 0.439
3324, 0.1192, 0.415
3325, 0.2006, 0.430
3326, 0.1525, 0.413
3327, 0.0934, 0.427
3328, 0.1426, 0.420
3329, 0.0940, 0.434
3330, 0.1998, 0.414
3331, 0.2154, 0.426
3332, 0.2532, 0.416
3333, 0.1328, 1.310
3334, 0.1503, 0.437
3335, 0.1584, 0.438
3336, 0.1294, 0.429
3337, 0.1406, 0.436
3338, 0.1610, 0.432
3339, 0.1038, 0.441
3340, 0.1378, 0.432
3341, 0.1215, 0.422
3342, 0.1290, 0.726
3343, 0.1104, 0.432
3344, 0.1051, 0.464
3345, 0.0923, 0.453
3346, 0.1634, 0.467
3347, 0.3347, 0.467
3348, 0.1418, 0.436
3349, 0.1647, 0.441
3350, 0.1443, 0.420
3351, 0.1042, 0.441
3352, 0.1076, 0.461
3353, 0.1620, 0.458
3354, 0.1796, 0.430
3355, 0.1623, 0.435
3356, 0.1103, 0.431
3357, 0.2174, 0.434
3358, 0.2024, 0.637
3359, 0.1628, 0.431
3360, 0.1040, 0.439
3361, 0.1322, 1.532
3362, 0.1789, 0.441
3363, 0.0938, 0.890
3364, 0.1333, 0.662
3365, 0.1672, 0.441
3366, 0.1760, 0.462
3367, 0.0934, 0.429
3368, 0.0954, 0.424
3369, 0.1055, 0.421
3370, 0.1769, 0.464
3371, 0.1713, 0.415
3372, 0.1054, 0.431
3373, 0.1165, 0.419
3374, 0.0635, 0.437
3375, 0.1073, 0.430
3376, 0.0739, 0.433
3377, 0.1867, 0.465
3378, 0.1424, 1.064
3379, 0.1280, 0.439
3380, 0.1045, 0.418
3381, 0.1806, 0.414
3382, 0.1834, 0.422
3383, 0.0803, 0.427
3384, 0.0516, 0.438
3385, 0.1490, 0.426
3386, 0.0564, 0.425
3387, 0.0442, 0.462
3388, 0.1738, 0.440
3389, 0.1186, 0.499
3390, 0.1260, 0.470
3391, 0.1171, 0.466
3392, 0.1097, 0.474
3393, 0.0929, 0.430
3394, 0.0876, 0.431
3395, 0.1419, 0.978
3396, 0.1311, 0.441
3397, 0.1011, 0.551
3398, 0.0884, 0.434
3399, 0.1195, 0.423
3400, 0.1325, 0.439
3401, 0.2929, 0.420
3402, 0.1175, 0.435
3403, 0.1143, 0.450
3404, 0.0784, 0.444
3405, 0.1216, 0.477
3406, 0.0961, 0.456
3407, 0.0765, 0.460
3408, 0.1957, 0.457
3409, 0.1425, 0.457
3410, 0.1111, 0.844
3411, 0.1473, 0.462
3412, 0.1125, 0.856
3413, 0.1866, 0.468
3414, 0.1192, 0.434
3415, 0.0951, 0.431
3416, 0.1909, 0.443
3417, 0.1031, 0.437
3418, 0.0666, 0.434
3419, 0.0920, 0.467
3420, 0.1564, 0.447
3421, 0.1035, 0.449
3422, 0.1019, 0.921
3423, 0.1537, 0.456
3424, 0.1294, 2.104
3425, 0.0981, 0.426
3426, 0.1290, 1.552
3427, 0.1476, 0.549
3428, 0.1501, 0.616
3429, 0.2089, 1.108
3430, 0.0950, 0.430
3431, 0.1291, 0.427
3432, 0.1615, 0.434
3433, 0.2098, 0.635
3434, 0.1233, 0.408
3435, 0.2231, 0.483
3436, 0.0837, 0.467
3437, 0.1396, 0.452
3438, 0.1628, 0.472
3439, 0.1320, 1.355
3440, 0.1571, 0.454
3441, 0.1352, 1.129
3442, 0.1270, 0.651
3443, 0.0881, 0.448
3444, 0.1041, 0.450
3445, 0.1387, 1.225
3446, 0.2455, 0.887
3447, 0.2007, 0.426
3448, 0.1600, 0.462
3449, 0.0852, 0.454
3450, 0.1168, 0.444
3451, 0.1440, 1.877
3452, 0.1685, 0.437
3453, 0.0756, 0.430
3454, 0.1390, 0.464
3455, 0.1271, 0.438
3456, 0.1362, 0.458
3457, 0.1786, 0.439
3458, 0.1470, 2.167
3459, 0.0761, 0.433
3460, 0.2079, 0.455
3461, 0.1407, 0.987
3462, 0.1622, 0.465
3463, 0.1765, 0.483
3464, 0.2020, 0.461
3465, 0.2283, 0.475
3466, 0.0613, 0.468
3467, 0.1540, 0.898
3468, 0.0730, 0.480
3469, 0.1225, 0.466
3470, 0.1379, 0.880
3471, 0.1287, 0.433
3472, 0.1250, 0.425
3473, 0.0658, 0.435
3474, 0.1574, 0.511
3475, 0.0660, 0.482
3476, 0.1654, 0.576
3477, 0.1239, 0.494
3478, 0.1682, 0.477
3479, 0.1433, 1.610
3480, 0.1750, 0.915
3481, 0.0890, 0.483
3482, 0.1350, 0.469
3483, 0.1789, 0.506
3484, 0.1137, 1.354
3485, 0.1397, 0.495
3486, 0.1141, 0.465
3487, 0.2216, 0.445
3488, 0.1283, 0.429
3489, 0.1840, 0.492
3490, 0.1601, 0.681
3491, 0.0808, 0.796
3492, 0.0912, 0.448
3493, 0.0948, 0.549
3494, 0.1502, 0.513
3495, 0.1303, 0.488
3496, 0.1258, 0.691
3497, 0.1694, 0.435
3498, 0.2998, 0.437
3499, 0.1204, 0.592
3500, 0.1968, 0.469
3501, 0.1616, 0.468
3502, 0.1742, 0.474
3503, 0.1471, 0.461
3504, 0.1375, 0.905
3505, 0.1940, 0.428
3506, 0.1685, 0.428
3507, 0.1304, 0.440
3508, 0.1652, 0.436
3509, 0.2007, 0.445
3510, 0.0600, 0.437
3511, 0.1560, 0.428
3512, 0.1548, 0.693
3513, 0.1355, 0.442
3514, 0.1483, 0.466
3515, 0.2749, 0.678
3516, 0.1987, 0.446
3517, 0.1237, 0.426
3518, 0.1235, 0.433
3519, 0.0617, 0.689
3520, 0.1460, 0.423
3521, 0.1754, 1.176
3522, 0.1010, 0.436
3523, 0.1379, 0.465
3524, 0.1210, 0.462
3525, 0.1070, 0.472
3526, 0.1329, 0.445
3527, 0.0814, 0.462
3528, 0.1290, 0.430
3529, 0.2261, 0.471
3530, 0.2058, 0.509
3531, 0.0881, 2.181
3532, 0.1891, 0.685
3533, 0.1468, 0.477
3534, 0.1172, 0.461
3535, 0.2015, 0.471
3536, 0.1969, 0.468
3537, 0.1058, 0.801
3538, 0.0950, 0.463
3539, 0.1857, 1.282
3540, 0.1638, 0.441
3541, 0.1684, 0.443
3542, 0.1407, 0.438
3543, 0.1481, 1.335
3544, 0.1139, 0.455
3545, 0.1269, 0.467
3546, 0.0718, 0.450
3547, 0.1408, 0.455
3548, 0.1374, 0.453
3549, 0.1047, 0.471
3550, 0.1160, 1.613
3551, 0.1070, 0.451
3552, 0.1946, 0.479
3553, 0.1373, 0.724
3554, 0.1266, 1.721
3555, 0.0732, 0.461
3556, 0.1930, 0.460
3557, 0.1128, 0.514
3558, 0.1768, 0.462
3559, 0.1703, 0.837
3560, 0.1081, 0.467
3561, 0.1282, 0.447
3562, 0.1604, 0.444
3563, 0.1473, 1.435
3564, 0.0816, 0.442
3565, 0.2195, 1.102
3566, 0.1175, 0.438
3567, 0.1102, 0.436
3568, 0.2614, 0.445
3569, 0.0944, 0.437
3570, 0.1386, 0.440
3571, 0.1286, 0.448
3572, 0.1785, 1.422
3573, 0.0961, 0.477
3574, 0.0885, 0.459
3575, 0.1591, 0.468
3576, 0.1508, 1.418
3577, 0.0997, 0.447
3578, 0.1237, 0.464
3579, 0.2098, 0.448
3580, 0.1897, 0.451
3581, 0.1851, 0.471
3582, 0.1235, 0.449
3583, 0.1093, 0.444
3584, 0.1229, 0.473
3585, 0.1128, 0.452
3586, 0.1204, 0.711
3587, 0.1840, 0.456
3588, 0.1203, 1.095
3589, 0.0391, 0.455
3590, 0.1457, 0.437
3591, 0.1337, 0.913
3592, 0.1715, 0.456
3593, 0.1683, 0.831
3594, 0.1399, 0.457
3595, 0.0814, 0.463
3596, 0.1008, 0.459
3597, 0.1629, 0.455
3598, 0.1607, 0.453
3599, 0.2252, 0.450
3600, 0.1077, 0.438
3601, 0.1599, 0.431
3602, 0.1734, 0.438
3603, 0.2021, 0.441
3604, 0.1749, 1.432
3605, 0.1132, 0.481
3606, 0.1341, 0.663
3607, 0.1567, 0.443
3608, 0.1239, 0.435
3609, 0.1589, 0.457
3610, 0.1686, 0.448
3611, 0.0852, 0.461
3612, 0.1740, 0.472
3613, 0.1559, 0.510
3614, 0.1320, 0.480
3615, 0.1756, 0.955
3616, 0.1640, 0.437
3617, 0.1787, 0.473
3618, 0.0874, 0.473
3619, 0.1405, 0.449
3620, 0.0764, 0.500
3621, 0.0901, 0.446
3622, 0.0810, 0.439
3623, 0.1068, 0.583
3624, 0.1063, 0.473
3625, 0.1849, 0.485
3626, 0.1751, 0.478
3627, 0.1681, 0.466
3628, 0.0900, 1.403
3629, 0.1588, 0.463
3630, 0.2100, 0.476
3631, 0.1854, 0.437
3632, 0.0848, 1.498
3633, 0.1702, 0.465
3634, 0.1307, 0.813
3635, 0.1693, 1.962
3636, 0.1903, 0.431
3637, 0.1485, 0.436
3638, 0.0696, 0.437
3639, 0.2057, 0.427
3640, 0.1615, 0.465
3641, 0.1490, 0.547
3642, 0.1457, 0.474
3643, 0.0787, 0.474
3644, 0.1373, 0.989
3645, 0.0951, 0.471
3646, 0.2260, 0.451
3647, 0.1821, 0.461
3648, 0.1843, 0.416
3649, 0.1983, 0.479
3650, 0.2104, 1.103
3651, 0.0870, 0.459
3652, 0.1211, 0.445
3653, 0.1449, 0.444
3654, 0.0957, 0.678
3655, 0.0814, 0.456
3656, 0.1400, 0.433
3657, 0.0789, 0.461
3658, 0.1799, 0.456
3659, 0.1639, 0.486
3660, 0.1265, 1.020
3661, 0.1421, 0.437
3662, 0.1205, 0.443
3663, 0.0863, 0.592
3664, 0.1063, 0.452
3665, 0.0983, 0.444
3666, 0.1878, 0.439
3667, 0.1016, 0.442
3668, 0.0860, 0.434
3669, 0.2274, 0.443
3670, 0.1046, 0.418
3671, 0.1733, 0.450
3672, 0.0541, 0.442
3673, 0.2308, 0.426
3674, 0.1501, 1.127
3675, 0.1159, 0.436
3676, 0.1137, 0.440
3677, 0.1022, 0.457
3678, 0.1165, 0.435
3679, 0.2089, 0.429
3680, 0.1353, 0.428
3681, 0.0941, 0.453
3682, 0.1656, 0.449
3683, 0.0882, 0.432
3684, 0.1146, 0.936
3685, 0.1323, 0.418
3686, 0.1300, 0.421
3687, 0.2426, 0.906
3688, 0.1481, 0.458
3689, 0.1871, 0.559
3690, 0.1124, 0.460
3691, 0.1751, 0.446
3692, 0.0937, 0.456
3693, 0.1638, 0.469
3694, 0.2571, 0.460
3695, 0.0987, 0.437
3696, 0.1113, 0.474
3697, 0.0811, 0.450
3698, 0.1870, 0.451
3699, 0.1121, 0.476
3700, 0.1235, 0.460
3701, 0.1933, 0.406
3702, 0.1553, 0.459
3703, 0.1078, 0.764
3704, 0.1042, 0.473
3705, 0.1251, 0.444
3706, 0.1470, 0.438
3707, 0.1837, 0.773
3708, 0.1407, 0.447
3709, 0.0891, 0.434
3710, 0.1077, 0.438
3711, 0.1395, 0.423
3712, 0.1504, 0.934
3713, 0.1192, 0.556
3714, 0.1591, 0.444
3715, 0.0741, 0.442
3716, 0.1671, 0.433
3717, 0.1244, 0.439
3718, 0.1016, 0.447
3719, 0.1065, 0.496
3720, 0.1273, 0.433
3721, 0.2251, 0.465
3722, 0.1759, 0.704
3723, 0.1419, 0.459
3724, 0.0912, 0.461
3725, 0.1542, 1.063
3726, 0.1100, 0.457
3727, 0.1464, 0.467
3728, 0.1862, 0.467
3729, 0.1527, 0.455
3730, 0.1020, 0.498
3731, 0.1812, 1.121
3732, 0.1515, 0.446
3733, 0.1060, 0.463
3734, 0.1062, 0.438
3735, 0.1603, 0.444
3736, 0.1941, 0.452
3737, 0.1273, 0.459
3738, 0.0823, 0.947
3739, 0.1705, 0.476
3740, 0.2234, 1.311
3741, 0.0819, 0.433
3742, 0.1844, 0.438
3743, 0.1641, 0.929
3744, 0.3566, 0.433
3745, 0.1851, 0.460
3746, 0.2089, 0.434
3747, 0.1798, 0.435
3748, 0.1629, 0.410
3749, 0.1025, 0.442
3750, 0.1202, 0.436
3751, 0.1493, 0.436
3752, 0.1627, 0.476
3753, 0.1258, 0.443
3754, 0.1310, 0.437
3755, 0.1344, 0.431
3756, 0.1625, 0.432
3757, 0.1147, 0.466
3758, 0.1233, 0.498
3759, 0.0999, 0.428
3760, 0.0738, 0.442
3761, 0.1449, 0.453
3762, 0.1411, 0.595
3763, 0.1586, 0.787
3764, 0.1138, 0.434
3765, 0.1212, 0.421
3766, 0.0966, 0.436
3767, 0.1720, 0.515
3768, 0.1918, 0.434
3769, 0.0744, 0.425
3770, 0.1925, 0.434
3771, 0.1529, 0.452
3772, 0.1387, 0.704
3773, 0.1539, 0.446
3774, 0.0599, 0.444
3775, 0.0890, 0.429
3776, 0.1907, 0.442
3777, 0.1755, 0.460
3778, 0.1115, 0.471
3779, 0.1074, 0.463
3780, 0.1352, 0.481
3781, 0.1974, 0.483
3782, 0.1811, 0.458
3783, 0.1993, 0.435
3784, 0.2283, 0.436
3785, 0.2454, 0.434
3786, 0.0931, 0.432
3787, 0.2119, 0.454
3788, 0.1802, 0.478
3789, 0.0630, 0.467
3790, 0.1057, 0.482
3791, 0.1548, 0.475
3792, 0.1720, 0.465
3793, 0.1573, 0.465
3794, 0.1209, 0.565
3795, 0.1607, 0.958
3796, 0.1469, 0.458
3797, 0.2059, 0.450
3798, 0.1840, 0.436
3799, 0.2316, 0.462
3800, 0.1639, 0.448
3801, 0.0935, 0.433
3802, 0.1320, 0.438
3803, 0.1733, 0.424
3804, 0.2047, 0.429
3805, 0.1507, 0.452
3806, 0.1945, 0.529
3807, 0.1748, 0.428
3808, 0.0678, 0.432
3809, 0.2369, 0.441
3810, 0.1830, 0.426
3811, 0.1267, 0.419
3812, 0.1447, 0.471
3813, 0.0765, 0.427
3814, 0.1362, 0.425
3815, 0.1019, 0.433
3816, 0.1385, 0.444
3817, 0.1340, 0.440
3818, 0.2214, 0.433
3819, 0.1513, 0.434
3820, 0.1766, 0.448
3821, 0.1669, 0.437
3822, 0.1330, 0.447
3823, 0.1146, 0.428
3824, 0.1372, 0.435
3825, 0.1942, 0.418
3826, 0.1730, 0.420
3827, 0.1358, 0.421
3828, 0.1187, 0.431
3829, 0.0904, 0.428
3830, 0.1028, 0.420
3831, 0.0865, 0.416
3832, 0.1487, 0.437
3833, 0.1423, 0.427
3834, 0.1457, 0.424
3835, 0.1410, 0.418
3836, 0.2151, 0.434
3837, 0.1301, 0.429
3838, 0.1281, 0.433
3839, 0.1293, 0.421
3840, 0.0728, 0.420
3841, 0.1012, 0.424
3842, 0.0836, 0.421
3843, 0.1006, 0.422
3844, 0.0908, 0.431
3845, 0.0842, 0.431
3846, 0.1363, 0.420
3847, 0.1714, 0.422
3848, 0.1214, 0.464
3849, 0.1315, 0.475
3850, 0.1192, 0.476
3851, 0.1853, 0.417
3852, 0.1082, 0.435
3853, 0.0670, 0.421
3854, 0.1417, 0.417
3855, 0.1908, 0.429
3856, 0.1358, 0.428
3857, 0.1153, 0.423
3858, 0.1486, 0.420
3859, 0.1838, 0.437
3860, 0.1283, 0.423
3861, 0.1457, 0.435
3862, 0.1481, 0.428
3863, 0.2229, 0.430
3864, 0.1265, 0.423
3865, 0.1430, 0.420
3866, 0.1507, 0.422
3867, 0.1174, 0.422
3868, 0.1508, 0.421
3869, 0.1973, 0.423
3870, 0.1636, 0.417
3871, 0.1276, 0.417
3872, 0.1281, 0.417
3873, 0.1736, 0.427
3874, 0.1153, 0.423
3875, 0.1319, 0.436
3876, 0.2028, 0.442
3877, 0.2344, 0.416
3878, 0.1732, 0.422
3879, 0.1764, 0.426
3880, 0.1866, 0.413
3881, 0.1312, 0.421
3882, 0.1251, 0.421
3883, 0.1685, 0.421
3884, 0.3035, 0.420
3885, 0.2098, 0.426
3886, 0.1268, 0.412
3887, 0.2830, 0.424
3888, 0.2138, 0.429
3889, 0.2481, 0.422
3890, 0.1724, 0.423
3891, 0.0819, 0.425
3892, 0.1856, 0.421
3893, 0.1838, 0.424
3894, 0.1229, 0.422
3895, 0.0881, 0.423
3896, 0.1593, 0.417
3897, 0.1087, 0.424
3898, 0.1292, 0.429
3899, 0.1271, 0.415
3900, 0.1271, 0.420
3901, 0.1514, 0.423
3902, 0.0911, 0.414
3903, 0.1258, 0.423
3904, 0.1313, 0.422
3905, 0.0831, 0.418
3906, 0.0927, 0.417
3907, 0.1296, 0.416
3908, 0.1205, 0.413
3909, 0.0981, 0.415
3910, 0.1915, 0.427
3911, 0.1841, 0.433
3912, 0.0833, 0.425
3913, 0.1950, 0.429
3914, 0.0986, 0.425
3915, 0.1282, 0.429
3916, 0.1158, 0.443
3917, 0.1527, 0.425
3918, 0.2528, 0.430
3919, 0.1412, 0.424
3920, 0.1558, 0.438
3921, 0.0944, 0.449
3922, 0.0987, 0.477
3923, 0.1461, 0.430
3924, 0.1347, 0.439
3925, 0.1239, 0.419
3926, 0.1938, 0.424
3927, 0.1580, 0.422
3928, 0.0834, 0.443
3929, 0.1591, 0.426
3930, 0.1712, 0.434
3931, 0.1823, 0.445
3932, 0.1229, 0.439
3933, 0.2033, 0.433
3934, 0.1544, 0.434
3935, 0.0718, 0.425
3936, 0.1295, 0.423
3937, 0.1441, 0.426
3938, 0.1425, 0.432
3939, 0.1279, 0.425
3940, 0.2000, 0.424
3941, 0.0982, 0.422
3942, 0.0990, 0.427
3943, 0.1033, 0.428
3944, 0.1195, 0.437
3945, 0.1312, 0.444
3946, 0.1131, 0.421
3947, 0.1792, 0.420
3948, 0.0715, 0.419
3949, 0.0820, 0.422
3950, 0.1843, 0.427
3951, 0.1583, 0.421
3952, 0.1672, 0.430
3953, 0.1804, 0.418
3954, 0.1177, 0.416
3955, 0.1133, 0.424
3956, 0.1170, 0.470
3957, 0.1384, 0.418
3958, 0.1400, 0.416
3959, 0.2401, 0.416
3960, 0.1285, 0.417
3961, 0.2081, 0.418
3962, 0.1326, 0.436
3963, 0.0753, 0.424
3964, 0.1241, 0.437
3965, 0.1705, 0.428
3966, 0.1381, 0.421
3967, 0.1347, 0.422
3968, 0.1528, 0.425
3969, 0.1916, 0.421
3970, 0.1230, 0.437
3971, 0.1489, 0.422
3972, 0.0706, 0.426
3973, 0.1417, 0.423
3974, 0.2196, 0.423
3975, 0.1954, 0.423
3976, 0.0902, 0.423
3977, 0.0615, 0.433
3978, 0.0805, 0.438
3979, 0.1356, 0.432
3980, 0.1116, 0.435
3981, 0.1055, 0.426
3982, 0.1140, 0.422
3983, 0.1157, 0.427
3984, 0.1946, 0.427
3985, 0.2161, 0.425
3986, 0.1263, 0.422
3987, 0.1423, 0.425
3988, 0.1239, 0.428
3989, 0.0982, 0.432
3990, 0.1268, 0.422
3991, 0.1366, 0.441
3992, 0.1775, 0.425
3993, 0.1472, 0.428
3994, 0.1378, 0.423
3995, 0.1298, 0.425
3996, 0.1023, 0.425
3997, 0.0983, 0.435
3998, 0.1193, 0.425
3999, 0.2257, 0.426
4000, 0.1622, 0.426
4001, 0.1315, 0.410
4002, 0.2216, 0.424
4003, 0.0610, 0.423
4004, 0.2344, 0.426
4005, 0.2287, 0.482
4006, 0.2110, 0.429
4007, 0.1272, 0.430
4008, 0.1220, 0.427
4009, 0.1850, 0.426
4010, 0.1335, 0.447
4011, 0.1210, 0.432
4012, 0.1625, 0.437
4013, 0.1434, 0.431
4014, 0.1862, 0.443
4015, 0.1315, 0.423
4016, 0.1834, 0.425
4017, 0.0947, 0.424
4018, 0.0765, 0.424
4019, 0.1437, 0.420
4020, 0.1225, 0.424
4021, 0.1534, 0.422
4022, 0.1350, 0.417
4023, 0.1131, 0.420
4024, 0.2373, 0.417
4025, 0.0865, 0.420
4026, 0.1636, 0.431
4027, 0.1026, 0.457
4028, 0.1460, 0.425
4029, 0.1603, 0.420
4030, 0.1141, 0.423
4031, 0.1303, 0.416
4032, 0.1777, 0.412
4033, 0.1780, 0.432
4034, 0.2092, 0.424
4035, 0.1754, 0.424
4036, 0.0890, 0.420
4037, 0.1141, 0.437
4038, 0.1780, 0.434
4039, 0.1717, 0.435
4040, 0.1368, 0.414
4041, 0.1268, 0.415
4042, 0.1219, 0.418
4043, 0.0923, 0.435
4044, 0.0938, 0.434
4045, 0.1013, 0.418
4046, 0.1506, 0.418
4047, 0.1307, 0.419
4048, 0.1555, 0.421
4049, 0.1379, 0.422
4050, 0.1584, 0.418
4051, 0.1177, 0.423
4052, 0.1868, 0.433
4053, 0.1521, 0.417
4054, 0.2228, 0.420
4055, 0.1330, 0.428
4056, 0.1403, 0.421
4057, 0.1330, 0.423
4058, 0.1471, 0.424
4059, 0.1499, 0.422
4060, 0.1720, 0.423
4061, 0.1248, 0.426
4062, 0.2169, 0.433
4063, 0.1741, 0.422
4064, 0.0863, 0.425
4065, 0.1327, 0.419
4066, 0.0870, 0.422
4067, 0.2173, 0.429
4068, 0.1468, 0.419
4069, 0.1028, 0.424
4070, 0.1024, 0.426
4071, 0.1342, 0.420
4072, 0.0872, 0.429
4073, 0.0790, 0.423
4074, 0.1319, 0.420
4075, 0.1073, 0.423
4076, 0.0524, 0.415
4077, 0.1906, 0.420
4078, 0.0987, 0.416
4079, 0.1655, 0.416
4080, 0.0889, 0.414
4081, 0.0667, 0.414
4082, 0.1924, 0.423
4083, 0.1817, 0.415
4084, 0.1519, 0.414
4085, 0.1038, 0.426
4086, 0.1608, 0.423
4087, 0.1259, 0.420
4088, 0.0593, 0.418
4089, 0.1842, 0.416
4090, 0.2338, 0.413
4091, 0.1843, 0.416
4092, 0.1127, 0.412
4093, 0.1484, 0.417
4094, 0.0942, 0.425
4095, 0.1414, 0.428
4096, 0.1376, 0.417
4097, 0.1556, 0.428
4098, 0.1255, 0.415
4099, 0.0915, 0.426
4100, 0.1425, 0.426
4101, 0.2135, 0.425
4102, 0.1555, 0.428
4103, 0.0969, 0.436
4104, 0.0896, 0.423
4105, 0.0949, 0.431
4106, 0.1349, 0.424
4107, 0.1489, 0.425
4108, 0.0704, 0.426
4109, 0.1163, 0.423
4110, 0.1338, 0.428
4111, 0.1859, 0.423
4112, 0.1606, 0.423
4113, 0.1717, 0.440
4114, 0.2085, 0.424
4115, 0.1451, 0.426
4116, 0.0968, 0.424
4117, 0.1169, 0.423
4118, 0.1565, 0.421
4119, 0.1203, 0.429
4120, 0.1446, 0.425
4121, 0.1642, 0.422
4122, 0.2033, 0.423
4123, 0.2015, 0.429
4124, 0.1936, 0.427
4125, 0.1053, 0.448
4126, 0.1701, 0.450
4127, 0.1557, 0.439
4128, 0.1523, 0.425
4129, 0.1346, 0.426
4130, 0.1446, 0.426
4131, 0.1566, 0.432
4132, 0.1734, 0.427
4133, 0.1208, 0.430
4134, 0.1291, 0.439
4135, 0.1282, 0.457
4136, 0.1159, 0.430
4137, 0.2197, 0.429
4138, 0.1049, 0.434
4139, 0.1349, 0.422
4140, 0.1422, 0.474
4141, 0.0843, 0.414
4142, 0.0856, 0.419
4143, 0.1003, 0.418
4144, 0.0816, 0.428
4145, 0.1912, 0.425
4146, 0.0768, 0.439
4147, 0.1698, 0.421
4148, 0.1957, 0.422
4149, 0.1956, 0.424
4150, 0.1063, 0.429
4151, 0.1513, 0.430
4152, 0.1270, 0.425
4153, 0.1876, 0.429
4154, 0.0987, 0.423
4155, 0.0824, 0.429
4156, 0.1189, 0.429
4157, 0.1107, 0.440
4158, 0.1273, 0.440
4159, 0.1600, 0.423
4160, 0.2212, 0.441
4161, 0.0486, 0.427
4162, 0.0844, 0.419
4163, 0.2164, 0.433
4164, 0.1931, 0.424
4165, 0.0460, 0.430
4166, 0.1173, 0.424
4167, 0.1007, 0.425
4168, 0.1386, 0.424
4169, 0.1431, 0.439
4170, 0.1676, 0.427
4171, 0.1318, 0.427
4172, 0.2192, 0.422
4173, 0.1440, 0.426
4174, 0.2121, 0.467
4175, 0.1753, 0.444
4176, 0.1833, 0.430
4177, 0.1440, 0.442
4178, 0.0555, 0.430
4179, 0.1560, 0.428
4180, 0.0816, 0.423
4181, 0.1723, 0.435
4182, 0.1364, 0.433
4183, 0.1737, 0.428
4184, 0.1803, 0.432
4185, 0.1163, 0.439
4186, 0.1131, 0.422
4187, 0.2700, 0.427
4188, 0.1252, 0.443
4189, 0.1835, 0.424
4190, 0.1219, 0.435
4191, 0.0942, 0.427
4192, 0.1804, 0.428
4193, 0.1786, 0.439
4194, 0.0948, 0.428
4195, 0.1132, 0.422
4196, 0.1140, 0.440
4197, 0.1547, 0.430
4198, 0.1900, 0.422
4199, 0.0811, 0.423
4200, 0.0952, 0.424
4201, 0.1610, 0.423
4202, 0.1154, 0.430
4203, 0.1305, 0.424
4204, 0.1859, 0.430
4205, 0.1526, 0.450
4206, 0.1678, 0.429
4207, 0.0946, 0.431
4208, 0.1278, 0.433
4209, 0.1165, 0.430
4210, 0.1336, 0.424
4211, 0.1046, 0.429
4212, 0.1564, 0.437
4213, 0.1092, 0.439
4214, 0.0573, 0.467
4215, 0.0780, 0.463
4216, 0.0806, 0.473
4217, 0.0983, 0.463
4218, 0.1514, 0.422
4219, 0.1308, 0.433
4220, 0.1227, 0.422
4221, 0.0981, 0.419
4222, 0.1322, 0.445
4223, 0.0900, 0.445
4224, 0.1367, 0.420
4225, 0.1376, 0.428
4226, 0.1982, 0.423
4227, 0.1035, 0.419
4228, 0.2217, 0.419
4229, 0.0894, 0.421
4230, 0.0792, 0.420
4231, 0.0990, 0.438
4232, 0.1597, 0.419
4233, 0.1129, 0.432
4234, 0.1528, 0.425
4235, 0.1519, 0.418
4236, 0.1783, 0.429
4237, 0.1407, 0.417
4238, 0.0804, 0.415
4239, 0.1135, 0.436
4240, 0.0953, 0.421
4241, 0.0968, 0.434
4242, 0.0956, 0.423
4243, 0.2159, 0.423
4244, 0.1549, 0.417
4245, 0.1559, 0.429
4246, 0.1516, 0.416
4247, 0.1424, 0.421
4248, 0.1738, 0.420
4249, 0.1133, 0.430
4250, 0.0452, 0.462
4251, 0.1230, 0.463
4252, 0.0857, 0.457
4253, 0.1544, 0.468
4254, 0.1638, 0.468
4255, 0.1824, 0.436
4256, 0.1810, 0.421
4257, 0.1804, 0.426
4258, 0.0681, 0.419
4259, 0.1955, 0.438
4260, 0.1970, 0.437
4261, 0.1747, 0.421
4262, 0.1332, 0.413
4263, 0.0958, 0.416
4264, 0.1224, 0.417
4265, 0.1293, 0.418
4266, 0.1671, 0.427
4267, 0.2054, 0.419
4268, 0.1465, 0.419
4269, 0.1160, 0.423
4270, 0.1376, 0.423
4271, 0.0830, 0.417
4272, 0.2169, 0.423
4273, 0.2184, 0.415
4274, 0.1578, 0.417
4275, 0.2100, 0.429
4276, 0.1206, 0.415
4277, 0.1018, 0.423
4278, 0.1836, 0.418
4279, 0.1881, 0.422
4280, 0.1411, 0.418
4281, 0.1779, 0.417
4282, 0.1266, 0.422
4283, 0.1282, 0.418
4284, 0.0936, 0.420
4285, 0.1668, 0.418
4286, 0.1748, 0.414
4287, 0.1157, 0.448
4288, 0.1152, 0.454
4289, 0.1387, 0.421
4290, 0.1904, 0.415
4291, 0.1250, 0.432
4292, 0.1621, 0.420
4293, 0.1041, 0.424
4294, 0.0948, 0.416
4295, 0.1420, 0.428
4296, 0.1240, 0.423
4297, 0.0863, 0.417
4298, 0.1335, 0.421
4299, 0.1400, 0.421
4300, 0.1402, 0.436
4301, 0.1202, 0.423
4302, 0.0949, 0.414
4303, 0.1572, 0.416
4304, 0.1758, 0.424
4305, 0.1558, 0.441
4306, 0.1233, 0.416
4307, 0.1442, 0.416
4308, 0.1805, 0.416
4309, 0.1095, 0.415
4310, 0.2632, 0.430
4311, 0.1113, 0.423
4312, 0.1741, 0.421
4313, 0.1357, 0.416
4314, 0.1411, 0.431
4315, 0.1790, 0.431
4316, 0.1155, 0.424
4317, 0.1908, 0.428
4318, 0.0632, 0.419
4319, 0.1862, 0.415
4320, 0.1006, 0.417
4321, 0.1760, 0.420
4322, 0.1796, 0.420
4323, 0.1375, 0.417
4324, 0.1304, 0.425
4325, 0.1480, 0.424
4326, 0.1406, 0.424
4327, 0.1559, 0.430
4328, 0.1495, 0.430
4329, 0.1555, 0.473
4330, 0.2525, 0.436
4331, 0.1256, 0.430
4332, 0.1526, 0.430
4333, 0.1331, 0.430
4334, 0.1383, 0.440
4335, 0.1153, 0.440
4336, 0.1790, 0.428
4337, 0.1628, 0.433
4338, 0.1102, 0.438
4339, 0.1768, 0.435
4340, 0.1210, 0.433
4341, 0.1529, 0.435
4342, 0.0852, 0.430
4343, 0.1176, 0.427
4344, 0.1384, 0.446
4345, 0.1739, 0.442
4346, 0.1113, 0.431
4347, 0.0899, 0.439
4348, 0.1237, 0.425
4349, 0.1416, 0.432
4350, 0.2382, 0.437
4351, 0.1566, 0.432
4352, 0.2261, 0.426
4353, 0.2138, 0.425
4354, 0.1388, 0.429
4355, 0.2030, 0.422
4356, 0.1937, 0.436
4357, 0.1735, 0.453
4358, 0.1112, 0.425
4359, 0.1861, 0.430
4360, 0.1178, 0.441
4361, 0.2002, 0.426
4362, 0.2196, 0.430
4363, 0.1897, 0.429
4364, 0.1290, 0.428
4365, 0.1001, 0.424
4366, 0.2193, 0.435
4367, 0.0815, 0.445
4368, 0.1112, 0.432
4369, 0.1524, 0.423
4370, 0.1491, 0.430
4371, 0.2463, 0.425
4372, 0.1552, 0.423
4373, 0.1174, 0.430
4374, 0.1751, 0.424
4375, 0.1012, 0.433
4376, 0.0871, 0.430
4377, 0.1337, 0.427
4378, 0.1096, 0.429
4379, 0.1110, 0.424
4380, 0.0715, 0.425
4381, 0.0883, 0.427
4382, 0.1175, 0.424
4383, 0.1889, 0.427
4384, 0.1591, 0.429
4385, 0.1700, 0.425
4386, 0.1225, 0.425
4387, 0.1698, 0.428
4388, 0.1287, 0.423
4389, 0.1654, 0.423
4390, 0.1011, 0.425
4391, 0.1075, 0.443
4392, 0.0652, 0.422
4393, 0.2147, 0.423
4394, 0.2629, 0.424
4395, 0.1450, 0.425
4396, 0.1563, 0.424
4397, 0.1272, 0.423
4398, 0.1283, 0.426
4399, 0.1693, 0.426
4400, 0.1127, 0.449
4401, 0.1019, 0.413
4402, 0.1088, 0.427
4403, 0.1216, 0.425
4404, 0.1701, 0.428
4405, 0.0855, 0.507
4406, 0.1083, 0.427
4407, 0.1500, 0.429
4408, 0.1211, 0.429
4409, 0.2262, 0.424
4410, 0.1489, 0.428
4411, 0.0713, 0.435
4412, 0.1139, 0.449
4413, 0.1791, 0.442
4414, 0.1961, 0.438
4415, 0.1700, 0.416
4416, 0.1502, 0.423
4417, 0.1688, 0.421
4418, 0.1464, 0.427
4419, 0.1155, 0.427
4420, 0.1334, 0.427
4421, 0.1250, 0.422
4422, 0.1422, 0.438
4423, 0.0866, 0.422
4424, 0.1215, 0.423
4425, 0.1541, 0.427
4426, 0.1766, 0.428
4427, 0.1583, 0.422
4428, 0.1777, 0.424
4429, 0.0883, 0.428
4430, 0.1567, 0.427
4431, 0.0861, 0.420
4432, 0.1159, 0.422
4433, 0.1811, 0.423
4434, 0.1526, 0.422
4435, 0.1419, 0.419
4436, 0.1353, 0.432
4437, 0.1248, 0.428
4438, 0.2318, 0.420
4439, 0.0975, 0.425
4440, 0.1177, 0.436
4441, 0.0865, 0.432
4442, 0.1562, 0.435
4443, 0.1706, 0.440
4444, 0.1702, 0.421
4445, 0.1091, 0.418
4446, 0.1419, 0.433
4447, 0.1078, 0.435
4448, 0.1056, 0.430
4449, 0.1287, 0.420
4450, 0.0882, 0.431
4451, 0.0539, 0.435
4452, 0.0863, 0.421
4453, 0.1135, 0.419
4454, 0.1363, 0.430
4455, 0.1397, 0.420
4456, 0.1817, 0.456
4457, 0.1057, 0.445
4458, 0.1242, 0.428
4459, 0.1708, 0.430
4460, 0.1616, 0.430
4461, 0.1677, 0.432
4462, 0.0912, 0.428
4463, 0.1407, 0.426
4464, 0.2483, 0.421
4465, 0.0593, 0.417
4466, 0.1906, 0.414
4467, 0.1425, 0.415
4468, 0.1052, 0.419
4469, 0.1118, 0.416
4470, 0.1167, 0.414
4471, 0.1401, 0.416
4472, 0.1010, 0.429
4473, 0.1709, 0.419
4474, 0.0826, 0.417
4475, 0.1219, 0.418
4476, 0.1734, 0.416
4477, 0.1747, 0.425
4478, 0.2159, 0.422
4479, 0.1801, 0.427
4480, 0.1244, 0.426
4481, 0.1983, 0.422
4482, 0.1321, 0.420
4483, 0.1801, 0.426
4484, 0.1563, 0.426
4485, 0.2075, 0.427
4486, 0.1517, 0.421
4487, 0.0846, 0.423
4488, 0.1231, 0.437
4489, 0.1122, 0.423
4490, 0.1176, 0.436
4491, 0.1878, 0.428
4492, 0.0545, 0.438
4493, 0.1359, 0.445
4494, 0.1196, 0.430
4495, 0.1567, 0.427
4496, 0.0921, 0.433
4497, 0.1052, 0.427
4498, 0.1846, 0.440
4499, 0.1134, 0.428
4500, 0.1163, 0.433
4501, 0.1587, 0.434
4502, 0.1231, 0.434
4503, 0.1986, 0.454
4504, 0.0927, 0.433
4505, 0.0930, 0.443
4506, 0.1677, 0.424
4507, 0.1576, 0.428
4508, 0.0840, 0.439
4509, 0.1901, 0.431
4510, 0.0663, 0.437
4511, 0.1079, 0.445
4512, 0.1273, 0.423
4513, 0.1258, 0.431
4514, 0.1159, 0.429
4515, 0.0994, 0.432
4516, 0.1130, 0.435
4517, 0.2325, 0.447
4518, 0.1330, 0.435
4519, 0.0781, 0.429
4520, 0.1040, 0.423
4521, 0.1338, 0.442
4522, 0.1745, 0.425
4523, 0.2672, 0.447
4524, 0.1405, 0.426
4525, 0.0982, 0.422
4526, 0.1170, 0.433
4527, 0.1679, 0.426
4528, 0.1084, 0.433
4529, 0.1423, 0.426
4530, 0.1002, 0.430
4531, 0.0933, 0.458
4532, 0.1063, 0.435
4533, 0.0996, 0.430
4534, 0.1045, 0.423
4535, 0.1155, 0.435
4536, 0.1300, 0.420
4537, 0.0967, 0.426
4538, 0.1288, 0.437
4539, 0.0936, 0.424
4540, 0.1628, 0.421
4541, 0.0897, 0.514
4542, 0.1368, 0.420
4543, 0.1447, 0.415
4544, 0.2173, 0.421
4545, 0.1375, 0.424
4546, 0.1628, 0.436
4547, 0.1197, 0.420
4548, 0.1406, 0.425
4549, 0.1465, 0.421
4550, 0.1749, 0.425
4551, 0.1767, 0.424
4552, 0.1067, 0.423
4553, 0.1328, 0.427
4554, 0.1381, 0.427
4555, 0.1923, 0.427
4556, 0.1716, 0.421
4557, 0.1204, 0.464
4558, 0.0738, 0.457
4559, 0.1759, 0.458
4560, 0.1785, 0.462
4561, 0.1365, 0.474
4562, 0.1348, 0.463
4563, 0.1920, 0.458
4564, 0.1336, 0.440
4565, 0.1188, 0.430
4566, 0.1560, 0.433
4567, 0.1685, 0.435
4568, 0.1312, 0.436
4569, 0.1367, 0.437
4570, 0.1292, 0.429
4571, 0.1313, 0.430
4572, 0.1266, 0.426
4573, 0.1284, 0.445
4574, 0.1468, 0.433
4575, 0.1578, 0.436
4576, 0.1148, 0.432
4577, 0.1288, 0.445
4578, 0.1829, 0.447
4579, 0.1230, 0.430
4580, 0.1701, 0.423
4581, 0.1124, 0.428
4582, 0.1679, 0.425
4583, 0.1428, 0.424
4584, 0.2139, 0.423
4585, 0.1582, 0.432
4586, 0.1469, 0.426
4587, 0.2272, 0.425
4588, 0.1674, 0.426
4589, 0.1329, 0.438
4590, 0.0849, 0.424
4591, 0.0963, 0.428
4592, 0.0721, 0.431
4593, 0.0873, 0.426
4594, 0.1268, 0.417
4595, 0.1693, 0.415
4596, 0.1049, 0.418
4597, 0.1752, 0.417
4598, 0.1023, 0.416
4599, 0.2130, 0.419
4600, 0.1339, 0.418
4601, 0.2052, 0.405
4602, 0.1149, 0.419
4603, 0.1514, 0.419
4604, 0.1337, 0.425
4605, 0.1717, 0.509
4606, 0.0827, 0.414
4607, 0.1611, 0.425
4608, 0.1490, 0.417
4609, 0.1747, 0.428
4610, 0.1452, 0.418
4611, 0.1180, 0.420
4612, 0.1684, 0.424
4613, 0.1006, 0.431
4614, 0.1594, 0.436
4615, 0.0918, 0.423
4616, 0.1454, 0.433
4617, 0.1627, 0.438
4618, 0.2334, 0.456
4619, 0.0507, 0.415
4620, 0.1696, 0.424
4621, 0.1294, 0.426
4622, 0.1208, 0.422
4623, 0.1271, 0.423
4624, 0.0998, 0.440
4625, 0.1303, 0.421
4626, 0.1804, 0.436
4627, 0.1722, 0.420
4628, 0.1633, 0.433
4629, 0.1168, 0.433
4630, 0.1017, 0.421
4631, 0.1290, 0.431
4632, 0.1341, 0.424
4633, 0.1907, 0.435
4634, 0.1116, 0.423
4635, 0.1268, 0.423
4636, 0.2102, 0.427
4637, 0.1285, 0.425
4638, 0.1143, 0.438
4639, 0.1282, 0.464
4640, 0.2319, 0.462
4641, 0.1649, 0.435
4642, 0.1972, 0.420
4643, 0.0984, 0.419
4644, 0.1633, 0.434
4645, 0.0776, 0.419
4646, 0.0937, 0.423
4647, 0.0992, 0.427
4648, 0.2056, 0.422
4649, 0.1333, 0.425
4650, 0.1316, 0.424
4651, 0.0741, 0.425
4652, 0.1368, 0.423
4653, 0.1009, 0.431
4654, 0.1127, 0.424
4655, 0.1548, 0.417
4656, 0.1236, 0.426
4657, 0.1442, 0.430
4658, 0.1270, 0.416
4659, 0.1073, 0.419
4660, 0.1602, 0.436
4661, 0.1656, 0.431
4662, 0.1114, 0.427
4663, 0.1628, 0.426
4664, 0.3030, 0.427
4665, 0.1913, 0.422
4666, 0.1208, 0.440
4667, 0.1398, 0.416
4668, 0.1173, 0.429
4669, 0.0945, 0.424
4670, 0.1075, 0.421
4671, 0.1831, 0.418
4672, 0.1243, 0.417
4673, 0.0951, 0.424
4674, 0.1905, 0.429
4675, 0.1730, 0.415
4676, 0.0912, 0.420
4677, 0.1391, 0.426
4678, 0.1242, 0.419
4679, 0.1908, 0.421
4680, 0.1980, 0.426
4681, 0.1013, 0.417
4682, 0.1873, 0.416
4683, 0.2324, 0.422
4684, 0.1773, 0.417
4685, 0.1926, 0.435
4686, 0.1619, 0.415
4687, 0.1396, 0.419
4688, 0.1599, 0.427
4689, 0.2102, 0.418
4690, 0.1138, 0.415
4691, 0.1594, 0.419
4692, 0.0897, 0.421
4693, 0.1614, 0.422
4694, 0.1521, 0.423
4695, 0.1666, 0.419
4696, 0.1102, 0.419
4697, 0.0942, 0.417
4698, 0.0968, 0.419
4699, 0.1749, 0.425
4700, 0.1709, 0.420
4701, 0.1735, 0.419
4702, 0.1518, 0.425
4703, 0.0948, 0.420
4704, 0.1466, 0.422
4705, 0.1401, 0.415
4706, 0.2078, 0.424
4707, 0.1033, 0.416
4708, 0.0972, 0.417
4709, 0.1425, 0.417
4710, 0.0712, 0.416
4711, 0.1142, 0.420
4712, 0.1167, 0.423
4713, 0.2005, 0.416
4714, 0.2276, 0.417
4715, 0.1641, 0.422
4716, 0.1276, 0.420
4717, 0.1270, 0.420
4718, 0.1300, 0.461
4719, 0.1542, 0.421
4720, 0.0719, 0.417
4721, 0.1348, 0.417
4722, 0.1099, 0.428
4723, 0.1013, 0.417
4724, 0.1500, 0.433
4725, 0.2241, 0.419
4726, 0.1381, 0.420
4727, 0.1022, 0.420
4728, 0.0753, 0.416
4729, 0.1040, 0.436
4730, 0.0985, 0.426
4731, 0.1990, 0.429
4732, 0.1429, 0.443
4733, 0.1117, 0.441
4734, 0.1571, 0.526
4735, 0.1564, 0.440
4736, 0.1004, 0.423
4737, 0.0994, 0.429
4738, 0.1433, 0.426
4739, 0.1383, 0.471
4740, 0.1545, 0.436
4741, 0.1192, 0.433
4742, 0.1780, 0.427
4743, 0.2185, 0.430
4744, 0.1282, 0.430
4745, 0.1132, 0.433
4746, 0.1539, 0.427
4747, 0.1893, 0.423
4748, 0.1728, 0.433
4749, 0.1500, 0.427
4750, 0.2031, 0.428
4751, 0.0671, 0.420
4752, 0.1065, 0.434
4753, 0.1149, 0.426
4754, 0.1406, 0.426
4755, 0.1810, 0.426
4756, 0.1127, 0.425
4757, 0.1727, 0.423
4758, 0.1147, 0.427
4759, 0.1218, 0.425
4760, 0.1294, 0.429
4761, 0.1500, 0.426
4762, 0.1168, 0.425
4763, 0.1458, 0.446
4764, 0.1537, 0.433
4765, 0.2324, 0.430
4766, 0.1281, 0.424
4767, 0.1275, 0.426
4768, 0.1655, 0.437
4769, 0.1492, 0.426
4770, 0.1754, 0.422
4771, 0.1523, 0.427
4772, 0.2214, 0.425
4773, 0.1669, 0.437
4774, 0.1582, 0.426
4775, 0.2999, 0.425
4776, 0.1255, 0.431
4777, 0.1162, 0.427
4778, 0.1485, 0.435
4779, 0.1400, 0.437
4780, 0.1880, 0.430
4781, 0.1800, 0.429
4782, 0.1261, 0.435
4783, 0.1790, 0.430
4784, 0.1433, 0.429
4785, 0.3203, 0.428
4786, 0.1503, 0.434
4787, 0.1661, 0.423
4788, 0.1606, 0.432
4789, 0.1533, 0.433
4790, 0.1393, 0.435
4791, 0.1384, 0.441
4792, 0.1831, 0.429
4793, 0.1920, 0.448
4794, 0.1226, 0.436
4795, 0.1379, 0.432
4796, 0.2076, 0.435
4797, 0.2268, 0.444
4798, 0.1454, 0.429
4799, 0.1528, 0.434
4800, 0.1569, 0.427
4801, 0.1568, 0.411
4802, 0.1205, 0.424
4803, 0.1117, 0.427
4804, 0.1789, 0.445
4805, 0.1706, 0.486
4806, 0.1695, 0.446
4807, 0.1164, 0.443
4808, 0.1714, 0.433
4809, 0.1563, 0.434
4810, 0.2518, 0.434
4811, 0.2192, 0.433
4812, 0.1767, 0.437
4813, 0.1515, 0.465
4814, 0.1228, 0.426
4815, 0.1158, 0.428
4816, 0.1138, 0.425
4817, 0.1147, 0.423
4818, 0.0949, 0.419
4819, 0.2114, 0.428
4820, 0.0975, 0.467
4821, 0.1169, 0.479
4822, 0.1353, 0.456
4823, 0.2565, 0.478
4824, 0.1098, 0.467
4825, 0.1362, 0.421
4826, 0.0752, 0.419
4827, 0.1686, 0.420
4828, 0.1246, 0.440
4829, 0.1535, 0.421
4830, 0.1204, 0.429
4831, 0.1572, 0.421
4832, 0.1819, 0.424
4833, 0.1838, 0.422
4834, 0.1400, 0.424
4835, 0.1722, 0.431
4836, 0.1804, 0.418
4837, 0.1096, 0.439
4838, 0.1744, 0.429
4839, 0.1522, 0.432
4840, 0.1404, 0.427
4841, 0.1540, 0.428
4842, 0.1797, 0.426
4843, 0.1900, 0.424
4844, 0.2346, 0.418
4845, 0.1451, 0.424
4846, 0.1214, 0.427
4847, 0.1546, 0.419
4848, 0.1276, 0.423
4849, 0.1301, 0.429
4850, 0.1334, 0.423
4851, 0.1587, 0.435
4852, 0.1035, 0.435
4853, 0.0952, 0.443
4854, 0.1729, 0.428
4855, 0.1117, 0.427
4856, 0.1578, 0.435
4857, 0.1455, 0.422
4858, 0.1308, 0.422
4859, 0.1526, 0.443
4860, 0.0839, 0.422
4861, 0.1726, 0.422
4862, 0.1326, 0.425
4863, 0.1027, 0.424
4864, 0.1632, 0.421
4865, 0.0969, 0.420
4866, 0.1207, 0.423
4867, 0.1758, 0.435
4868, 0.1565, 0.423
4869, 0.1546, 0.432
4870, 0.0926, 0.419
4871, 0.1764, 0.421
4872, 0.1420, 0.420
4873, 0.1000, 0.420
4874, 0.1407, 0.426
4875, 0.1863, 0.430
4876, 0.1585, 0.417
4877, 0.1758, 0.421
4878, 0.1978, 0.425
4879, 0.1896, 0.425
4880, 0.1250, 0.424
4881, 0.2118, 0.425
4882, 0.2014, 0.426
4883, 0.2125, 0.444
4884, 0.2073, 0.441
4885, 0.1866, 0.428
4886, 0.1416, 0.430
4887, 0.1549, 0.427
4888, 0.1513, 0.426
4889, 0.0666, 0.428
4890, 0.2553, 0.430
4891, 0.1593, 0.432
4892, 0.1798, 0.428
4893, 0.1823, 0.429
4894, 0.0521, 0.429
4895, 0.1991, 0.428
4896, 0.0678, 0.425
4897, 0.1654, 0.424
4898, 0.1721, 0.431
4899, 0.2016, 0.441
4900, 0.1395, 0.447
4901, 0.1666, 0.436
4902, 0.1245, 0.425
4903, 0.1742, 0.429
4904, 0.0734, 0.426
4905, 0.0813, 0.429
4906, 0.1965, 0.432
4907, 0.1302, 0.427
4908, 0.2040, 0.440
4909, 0.1825, 0.430
4910, 0.1437, 0.432
4911, 0.1874, 0.437
4912, 0.0434, 0.432
4913, 0.0418, 0.435
4914, 0.1505, 0.425
4915, 0.1274, 0.425
4916, 0.1637, 0.428
4917, 0.1480, 0.434
4918, 0.2196, 0.428
4919, 0.1255, 0.424
4920, 0.1563, 0.426
4921, 0.1749, 0.424
4922, 0.1909, 0.432
4923, 0.1476, 0.428
4924, 0.2041, 0.433
4925, 0.1401, 0.438
4926, 0.0915, 0.427
4927, 0.1614, 0.427
4928, 0.1701, 0.422
4929, 0.0413, 0.444
4930, 0.1183, 0.430
4931, 0.1099, 0.423
4932, 0.1777, 0.423
4933, 0.2472, 0.442
4934, 0.1767, 0.426
4935, 0.2241, 0.426
4936, 0.1738, 0.432
4937, 0.2052, 0.534
4938, 0.0946, 0.427
4939, 0.1556, 0.433
4940, 0.1631, 0.515
4941, 0.2015, 0.429
4942, 0.2007, 0.423
4943, 0.0896, 0.426
4944, 0.1332, 0.426
4945, 0.1291, 0.432
4946, 0.0687, 0.428
4947, 0.1587, 0.432
4948, 0.1592, 0.430
4949, 0.1094, 0.422
4950, 0.1699, 0.467
4951, 0.1206, 0.472
4952, 0.1688, 0.476
4953, 0.1313, 0.468
4954, 0.1212, 0.446
4955, 0.0728, 0.437
4956, 0.1140, 0.426
4957, 0.1082, 0.433
4958, 0.1543, 0.435
4959, 0.1232, 0.431
4960, 0.1307, 0.426
4961, 0.2010, 0.426
4962, 0.0921, 0.461
4963, 0.1649, 0.461
4964, 0.1140, 0.459
4965, 0.1867, 0.458
4966, 0.2113, 0.439
4967, 0.1234, 0.443
4968, 0.1651, 0.439
4969, 0.1880, 0.441
4970, 0.0744, 0.450
4971, 0.1063, 0.435
4972, 0.1166, 0.427
4973, 0.1464, 0.425
4974, 0.1417, 0.428
4975, 0.0921, 0.427
4976, 0.0811, 0.433
4977, 0.1368, 0.431
4978, 0.1061, 0.439
4979, 0.1413, 0.433
4980, 0.0553, 0.433
4981, 0.1029, 0.439
4982, 0.1028, 0.436
4983, 0.1040, 0.425
4984, 0.1189, 0.439
4985, 0.1798, 0.439
4986, 0.1461, 0.424
4987, 0.1639, 0.424
4988, 0.1722, 0.427
4989, 0.1893, 0.428
4990, 0.1355, 0.425
4991, 0.1625, 0.431
4992, 0.1229, 0.428
4993, 0.1240, 0.432
4994, 0.0673, 0.432
4995, 0.0649, 0.427
4996, 0.1486, 0.429
4997, 0.1833, 0.425
4998, 0.1919, 0.451
4999, 0.0891, 0.435
5000, 0.1647, 0.426
