0, 0.4943, 2.816
1, 0.4972, 0.393
2, 0.5102, 0.395
3, 0.4877, 0.396
4, 0.4937, 0.407
5, 0.4937, 0.409
6, 0.4947, 0.409
7, 0.4865, 0.410
8, 0.4912, 0.417
9, 0.5019, 0.450
10, 0.5141, 0.415
11, 0.4883, 0.420
12, 0.4927, 0.482
13, 0.5005, 0.419
14, 0.4729, 0.417
15, 0.5095, 0.403
16, 0.4808, 0.412
17, 0.4693, 0.419
18, 0.4764, 0.427
19, 0.4771, 0.422
20, 0.5041, 0.421
21, 0.5191, 0.414
22, 0.5083, 0.413
23, 0.4662, 0.532
24, 0.4805, 0.415
25, 0.4912, 0.421
26, 0.5056, 0.425
27, 0.5001, 0.413
28, 0.4921, 0.411
29, 0.5107, 0.863
30, 0.4892, 0.408
31, 0.4809, 0.416
32, 0.4951, 0.434
33, 0.4944, 0.416
34, 0.4902, 0.413
35, 0.4811, 0.424
36, 0.4975, 0.492
37, 0.4892, 0.676
38, 0.4863, 0.414
39, 0.4923, 0.415
40, 0.4839, 0.587
41, 0.4887, 0.413
42, 0.4782, 0.734
43, 0.4977, 0.420
44, 0.4774, 0.422
45, 0.4822, 0.419
46, 0.5041, 0.505
47, 0.4874, 0.409
48, 0.4929, 0.417
49, 0.5007, 0.419
50, 0.4911, 0.422
51, 0.4459, 0.420
52, 0.4777, 0.410
53, 0.4793, 0.410
54, 0.4918, 0.409
55, 0.4806, 0.402
56, 0.4662, 0.693
57, 0.4542, 0.422
58, 0.4755, 0.413
59, 0.4790, 0.428
60, 0.4950, 0.419
61, 0.4519, 0.407
62, 0.4711, 0.411
63, 0.4758, 0.408
64, 0.4577, 0.404
65, 0.4658, 0.408
66, 0.4880, 0.406
67, 0.4506, 0.412
68, 0.4352, 0.405
69, 0.4847, 0.405
70, 0.4405, 0.420
71, 0.4906, 0.409
72, 0.4865, 0.419
73, 0.4834, 0.427
74, 0.4714, 0.414
75, 0.4717, 0.408
76, 0.4230, 0.415
77, 0.4207, 0.408
78, 0.4743, 0.408
79, 0.4916, 0.411
80, 0.4611, 0.417
81, 0.4442, 0.405
82, 0.4657, 0.401
83, 0.4490, 0.412
84, 0.4694, 0.412
85, 0.4213, 0.405
86, 0.4743, 0.405
87, 0.4276, 0.405
88, 0.5096, 0.404
89, 0.4606, 0.403
90, 0.4774, 0.401
91, 0.5001, 0.408
92, 0.4807, 0.405
93, 0.4500, 0.407
94, 0.4279, 0.421
95, 0.3956, 0.410
96, 0.4486, 0.405
97, 0.4280, 0.404
98, 0.4748, 0.403
99, 0.4582, 0.405
100, 0.4702, 0.410
101, 0.4252, 0.405
102, 0.3983, 0.413
103, 0.4716, 0.408
104, 0.4133, 0.401
105, 0.4130, 0.401
106, 0.4204, 0.399
107, 0.4095, 0.404
108, 0.4255, 0.410
109, 0.4155, 0.385
110, 0.4067, 0.385
111, 0.3176, 0.386
112, 0.4151, 0.386
113, 0.4903, 0.384
114, 0.3689, 0.382
115, 0.3818, 0.383
116, 0.3838, 3.265
117, 0.4021, 0.391
118, 0.4531, 0.395
119, 0.4178, 0.390
120, 0.3763, 0.398
121, 0.2512, 0.397
122, 0.3771, 0.407
123, 0.4285, 0.395
124, 0.4631, 0.391
125, 0.3769, 0.390
126, 0.4853, 0.396
127, 0.5007, 0.404
128, 0.4423, 0.389
129, 0.3626, 0.394
130, 0.3690, 0.408
131, 0.3227, 0.408
132, 0.2806, 0.422
133, 0.3561, 1.041
134, 0.3770, 0.412
135, 0.3794, 0.397
136, 0.3392, 0.416
137, 0.3543, 0.405
138, 0.4200, 0.881
139, 0.3654, 0.390
140, 0.2567, 0.403
141, 0.1906, 0.408
142, 0.3381, 0.406
143, 0.3364, 0.424
144, 0.4470, 0.424
145, 0.4438, 0.416
146, 0.4600, 0.408
147, 0.3531, 0.403
148, 0.3884, 0.513
149, 0.4126, 0.418
150, 0.4771, 0.417
151, 0.3289, 0.414
152, 0.3834, 0.404
153, 0.3598, 0.401
154, 0.3836, 0.415
155, 0.4530, 0.408
156, 0.3869, 0.411
157, 0.3418, 0.403
158, 0.3778, 0.405
159, 0.4164, 0.413
160, 0.4503, 0.415
161, 0.3879, 0.408
162, 0.4527, 0.406
163, 0.3947, 0.402
164, 0.3872, 0.410
165, 0.4314, 0.417
166, 0.4487, 0.427
167, 0.4309, 0.417
168, 0.2994, 0.409
169, 0.2774, 0.414
170, 0.3654, 0.450
171, 0.3554, 0.405
172, 0.3988, 0.405
173, 0.3275, 0.404
174, 0.4393, 0.409
175, 0.4577, 0.405
176, 0.3698, 0.410
177, 0.4105, 0.400
178, 0.2327, 0.412
179, 0.3806, 0.415
180, 0.3250, 0.415
181, 0.3781, 0.415
182, 0.3020, 0.422
183, 0.3614, 0.429
184, 0.3504, 0.414
185, 0.3315, 0.416
186, 0.3071, 0.407
187, 0.3220, 0.412
188, 0.2306, 0.414
189, 0.2899, 0.425
190, 0.3059, 0.445
191, 0.2908, 0.413
192, 0.3008, 0.420
193, 0.2452, 0.415
194, 0.3351, 0.410
195, 0.3179, 0.414
196, 0.3637, 0.410
197, 0.3824, 0.419
198, 0.2842, 0.424
199, 0.2731, 0.414
200, 0.2820, 0.417
201, 0.3458, 0.405
202, 0.3399, 0.400
203, 0.2043, 0.413
204, 0.1318, 0.420
205, 0.2669, 0.407
206, 0.2019, 0.431
207, 0.2887, 0.438
208, 0.2930, 0.426
209, 0.3086, 0.406
210, 0.2143, 0.402
211, 0.2483, 0.389
212, 0.2730, 0.847
213, 0.3625, 0.409
214, 0.3202, 0.400
215, 0.2891, 0.964
216, 0.3434, 0.408
217, 0.2086, 0.412
218, 0.3138, 1.680
219, 0.4158, 0.418
220, 0.3679, 0.417
221, 0.3333, 0.431
222, 0.2933, 0.419
223, 0.3796, 0.422
224, 0.3244, 0.428
225, 0.2797, 0.420
226, 0.3151, 0.412
227, 0.2871, 0.452
228, 0.3993, 0.398
229, 0.3148, 0.398
230, 0.1771, 0.399
231, 0.2486, 0.397
232, 0.2963, 0.404
233, 0.2585, 0.416
234, 0.3052, 0.413
235, 0.2743, 0.398
236, 0.2587, 0.413
237, 0.2080, 0.401
238, 0.1586, 0.404
239, 0.2513, 0.419
240, 0.2970, 0.420
241, 0.2832, 0.423
242, 0.4099, 0.421
243, 0.2482, 0.690
244, 0.2675, 0.413
245, 0.2800, 0.419
246, 0.2552, 0.466
247, 0.4077, 0.397
248, 0.3809, 0.409
249, 0.2059, 0.405
250, 0.2570, 0.413
251, 0.2810, 0.399
252, 0.2595, 0.395
253, 0.2712, 0.395
254, 0.4051, 0.381
255, 0.2677, 0.399
256, 0.3439, 0.386
257, 0.3141, 0.386
258, 0.3032, 0.387
259, 0.2543, 0.385
260, 0.2917, 0.383
261, 0.1854, 0.383
262, 0.3811, 2.572
263, 0.1965, 0.391
264, 0.3388, 1.622
265, 0.3256, 0.389
266, 0.2377, 0.394
267, 0.3284, 0.394
268, 0.2731, 0.391
269, 0.2505, 0.388
270, 0.2205, 0.394
271, 0.3009, 0.435
272, 0.2659, 0.396
273, 0.3525, 0.389
274, 0.4749, 0.388
275, 0.3543, 0.388
276, 0.2745, 0.385
277, 0.2206, 0.391
278, 0.2458, 0.392
279, 0.2676, 0.403
280, 0.3183, 0.394
281, 0.3305, 0.395
282, 0.2138, 0.394
283, 0.2428, 0.618
284, 0.2284, 0.401
285, 0.2897, 0.423
286, 0.3263, 0.395
287, 0.3048, 0.390
288, 0.2856, 0.408
289, 0.2515, 0.562
290, 0.2748, 0.416
291, 0.2328, 0.432
292, 0.2066, 0.425
293, 0.2278, 0.601
294, 0.3171, 0.414
295, 0.2492, 0.404
296, 0.2333, 0.395
297, 0.2584, 0.413
298, 0.2126, 0.512
299, 0.2116, 0.399
300, 0.2703, 0.410
301, 0.2554, 0.419
302, 0.2907, 0.408
303, 0.2419, 0.417
304, 0.2469, 1.374
305, 0.2347, 0.414
306, 0.2029, 0.401
307, 0.1756, 0.403
308, 0.3904, 0.402
309, 0.2301, 0.417
310, 0.2879, 0.411
311, 0.2214, 0.404
312, 0.2729, 0.414
313, 0.3893, 0.431
314, 0.2796, 0.635
315, 0.2151, 0.428
316, 0.2536, 0.416
317, 0.3088, 0.411
318, 0.1808, 0.420
319, 0.2658, 0.424
320, 0.2563, 0.423
321, 0.3027, 0.416
322, 0.2988, 0.416
323, 0.2062, 0.402
324, 0.2386, 0.407
325, 0.2639, 0.403
326, 0.3026, 0.415
327, 0.3073, 0.413
328, 0.2454, 0.408
329, 0.2756, 0.415
330, 0.2098, 0.409
331, 0.2839, 0.410
332, 0.3028, 0.408
333, 0.2203, 0.409
334, 0.2626, 0.404
335, 0.2451, 0.406
336, 0.1869, 0.411
337, 0.2173, 0.422
338, 0.2176, 0.441
339, 0.2230, 0.413
340, 0.1980, 0.409
341, 0.2476, 0.405
342, 0.1583, 0.406
343, 0.2133, 0.553
344, 0.2164, 0.418
345, 0.2581, 0.413
346, 0.2185, 0.412
347, 0.2394, 0.404
348, 0.2481, 0.398
349, 0.2931, 0.397
350, 0.1872, 0.400
351, 0.2421, 0.404
352, 0.1814, 0.403
353, 0.3850, 0.415
354, 0.3830, 0.412
355, 0.3200, 0.416
356, 0.3506, 0.402
357, 0.2682, 0.404
358, 0.2942, 0.406
359, 0.2334, 0.427
360, 0.1787, 0.456
361, 0.3404, 0.416
362, 0.2502, 0.419
363, 0.2445, 0.406
364, 0.1923, 0.434
365, 0.1864, 0.413
366, 0.2424, 0.405
367, 0.2511, 0.409
368, 0.2559, 0.414
369, 0.2719, 0.400
370, 0.2620, 0.399
371, 0.1490, 0.405
372, 0.2322, 0.406
373, 0.2432, 0.406
374, 0.2702, 0.406
375, 0.2767, 0.407
376, 0.2808, 0.406
377, 0.2352, 0.407
378, 0.2592, 0.910
379, 0.2026, 0.407
380, 0.2008, 0.404
381, 0.1741, 0.405
382, 0.2342, 0.411
383, 0.1781, 0.405
384, 0.1980, 0.410
385, 0.2382, 0.416
386, 0.2886, 0.403
387, 0.2260, 0.406
388, 0.2001, 0.414
389, 0.2874, 0.410
390, 0.1690, 0.410
391, 0.2063, 0.413
392, 0.1926, 0.414
393, 0.2467, 0.415
394, 0.2380, 0.416
395, 0.2055, 0.423
396, 0.1982, 0.409
397, 0.2466, 0.405
398, 0.2028, 0.410
399, 0.1898, 0.412
400, 0.2486, 0.419
401, 0.3931, 0.403
402, 0.2086, 0.410
403, 0.2446, 0.409
404, 0.2214, 0.406
405, 0.2721, 0.402
406, 0.2167, 0.399
407, 0.1941, 0.397
408, 0.3113, 0.384
409, 0.2458, 0.386
410, 0.1995, 0.384
411, 0.2704, 0.437
412, 0.2156, 0.384
413, 0.1808, 0.386
414, 0.3115, 2.361
415, 0.2607, 0.388
416, 0.3135, 0.387
417, 0.2552, 0.632
418, 0.2528, 0.384
419, 0.2979, 0.384
420, 0.2449, 0.386
421, 0.2774, 0.391
422, 0.3886, 0.396
423, 0.2216, 0.391
424, 0.2419, 0.390
425, 0.1880, 0.396
426, 0.2778, 0.875
427, 0.1809, 0.409
428, 0.1860, 0.690
429, 0.2641, 0.404
430, 0.3935, 0.416
431, 0.2672, 0.526
432, 0.2636, 0.411
433, 0.2204, 0.417
434, 0.1709, 0.413
435, 0.2258, 0.404
436, 0.1955, 0.400
437, 0.1732, 0.430
438, 0.2297, 0.587
439, 0.2827, 0.396
440, 0.1553, 0.407
441, 0.2223, 0.404
442, 0.2057, 0.410
443, 0.2859, 0.406
444, 0.1562, 0.411
445, 0.2280, 0.404
446, 0.2470, 0.421
447, 0.2192, 0.410
448, 0.2109, 0.409
449, 0.2314, 0.416
450, 0.2983, 0.748
451, 0.1800, 0.404
452, 0.2563, 0.409
453, 0.2932, 0.760
454, 0.2463, 0.410
455, 0.2960, 0.401
456, 0.1898, 0.406
457, 0.2195, 0.428
458, 0.2292, 0.407
459, 0.3031, 0.414
460, 0.2507, 0.416
461, 0.1656, 0.415
462, 0.2244, 0.423
463, 0.2003, 0.416
464, 0.2459, 0.399
465, 0.3527, 0.404
466, 0.1409, 0.622
467, 0.1620, 0.419
468, 0.1831, 0.408
469, 0.2535, 0.412
470, 0.1435, 0.425
471, 0.1822, 0.412
472, 0.2518, 0.406
473, 0.2372, 0.405
474, 0.2718, 0.401
475, 0.2252, 0.407
476, 0.2379, 0.737
477, 0.1724, 0.406
478, 0.2074, 0.405
479, 0.2270, 0.410
480, 0.1648, 0.405
481, 0.1757, 0.406
482, 0.2589, 0.402
483, 0.2289, 0.413
484, 0.1840, 0.404
485, 0.1979, 0.404
486, 0.2017, 0.407
487, 0.1967, 0.410
488, 0.1810, 0.405
489, 0.2410, 0.407
490, 0.2015, 0.410
491, 0.1961, 0.422
492, 0.2120, 0.423
493, 0.2413, 0.409
494, 0.3099, 0.401
495, 0.2148, 0.399
496, 0.2101, 0.407
497, 0.2423, 0.412
498, 0.1172, 0.411
499, 0.1343, 0.411
500, 0.2631, 0.407
501, 0.2241, 0.412
502, 0.1580, 0.410
503, 0.1305, 0.415
504, 0.2487, 0.407
505, 0.1995, 0.413
506, 0.3170, 0.409
507, 0.2504, 0.403
508, 0.2108, 0.403
509, 0.1951, 0.407
510, 0.1800, 0.411
511, 0.2485, 0.420
512, 0.2432, 0.436
513, 0.2457, 0.416
514, 0.2404, 0.409
515, 0.1805, 0.402
516, 0.2166, 0.410
517, 0.1561, 0.956
518, 0.2112, 0.402
519, 0.1880, 0.406
520, 0.1655, 0.417
521, 0.1853, 0.409
522, 0.1373, 0.406
523, 0.2449, 0.415
524, 0.2113, 0.419
525, 0.2076, 0.417
526, 0.1619, 0.453
527, 0.2437, 0.397
528, 0.2623, 0.406
529, 0.2527, 0.412
530, 0.1721, 0.435
531, 0.2661, 0.414
532, 0.1275, 0.417
533, 0.1950, 0.416
534, 0.1643, 0.403
535, 0.3173, 0.411
536, 0.2449, 0.412
537, 0.2310, 0.472
538, 0.2218, 0.422
539, 0.2752, 0.422
540, 0.2572, 0.407
541, 0.1840, 0.407
542, 0.1647, 0.418
543, 0.2736, 0.422
544, 0.2832, 0.635
545, 0.2906, 0.418
546, 0.1489, 0.422
547, 0.2562, 0.422
548, 0.2199, 0.418
549, 0.1988, 0.414
550, 0.1252, 0.847
551, 0.2219, 0.405
552, 0.2822, 0.402
553, 0.1888, 0.401
554, 0.2038, 0.397
555, 0.1995, 0.402
556, 0.2513, 0.390
557, 0.4019, 0.405
558, 0.2007, 0.393
559, 0.2297, 0.387
560, 0.2499, 0.390
561, 0.1897, 0.389
562, 0.1845, 0.385
563, 0.2215, 0.385
564, 0.2020, 2.165
565, 0.2083, 0.389
566, 0.1832, 1.255
567, 0.1538, 0.385
568, 0.2080, 0.512
569, 0.1864, 0.391
570, 0.1699, 0.396
571, 0.1452, 0.387
572, 0.1869, 0.391
573, 0.1402, 0.396
574, 0.2033, 0.410
575, 0.2169, 0.452
576, 0.2030, 0.419
577, 0.1509, 0.408
578, 0.1768, 0.408
579, 0.2178, 0.414
580, 0.1952, 0.425
581, 0.2581, 0.422
582, 0.2103, 0.427
583, 0.2105, 0.423
584, 0.2161, 0.421
585, 0.1889, 0.422
586, 0.2424, 0.419
587, 0.2047, 0.414
588, 0.1618, 0.418
589, 0.2440, 0.422
590, 0.3083, 0.416
591, 0.1905, 0.418
592, 0.2036, 0.414
593, 0.1880, 0.410
594, 0.1677, 0.416
595, 0.1767, 0.409
596, 0.2568, 0.398
597, 0.1961, 0.400
598, 0.1604, 0.403
599, 0.1648, 0.407
600, 0.2264, 0.411
601, 0.2219, 0.404
602, 0.2418, 0.419
603, 0.2449, 0.406
604, 0.2208, 0.407
605, 0.1741, 0.428
606, 0.2926, 0.416
607, 0.2146, 0.424
608, 0.3116, 0.416
609, 0.1812, 0.409
610, 0.1728, 0.411
611, 0.2024, 0.415
612, 0.1248, 0.428
613, 0.2806, 0.460
614, 0.1464, 0.413
615, 0.2516, 0.424
616, 0.1986, 0.400
617, 0.2761, 0.417
618, 0.2355, 0.407
619, 0.2075, 0.436
620, 0.2827, 0.420
621, 0.1576, 0.408
622, 0.1682, 0.392
623, 0.2123, 0.529
624, 0.2345, 0.413
625, 0.2202, 0.392
626, 0.2589, 0.410
627, 0.1464, 0.411
628, 0.1919, 0.394
629, 0.1537, 0.405
630, 0.1656, 0.414
631, 0.0953, 0.416
632, 0.1785, 0.424
633, 0.2141, 1.291
634, 0.2481, 0.421
635, 0.2926, 0.418
636, 0.3110, 0.410
637, 0.2150, 0.410
638, 0.1942, 0.411
639, 0.2679, 0.412
640, 0.2661, 0.546
641, 0.1698, 0.412
642, 0.2192, 0.408
643, 0.1881, 0.398
644, 0.2116, 0.417
645, 0.1334, 0.403
646, 0.1513, 0.402
647, 0.1769, 0.414
648, 0.2508, 0.410
649, 0.2309, 0.420
650, 0.1670, 0.404
651, 0.3074, 0.407
652, 0.1994, 0.401
653, 0.1546, 0.407
654, 0.1574, 0.417
655, 0.1455, 0.403
656, 0.1964, 0.411
657, 0.1262, 0.407
658, 0.2013, 0.403
659, 0.2027, 0.406
660, 0.2202, 0.410
661, 0.1850, 0.401
662, 0.1408, 0.403
663, 0.1928, 0.403
664, 0.2405, 0.407
665, 0.1992, 0.409
666, 0.2336, 0.398
667, 0.2074, 0.408
668, 0.2278, 0.416
669, 0.1648, 0.411
670, 0.2039, 0.417
671, 0.2650, 0.405
672, 0.1392, 0.408
673, 0.1885, 0.405
674, 0.1610, 0.574
675, 0.1772, 0.400
676, 0.1615, 0.401
677, 0.1514, 0.405
678, 0.1645, 0.404
679, 0.2219, 0.401
680, 0.2136, 0.410
681, 0.2497, 0.414
682, 0.2049, 0.455
683, 0.1308, 0.405
684, 0.1412, 0.393
685, 0.1925, 0.404
686, 0.2552, 0.406
687, 0.1757, 0.502
688, 0.2324, 0.404
689, 0.1775, 0.416
690, 0.2261, 0.418
691, 0.2202, 0.405
692, 0.2543, 0.400
693, 0.1640, 0.409
694, 0.2714, 0.407
695, 0.2304, 0.399
696, 0.1929, 0.397
697, 0.2226, 0.404
698, 0.2224, 1.065
699, 0.2059, 0.401
700, 0.1751, 0.411
701, 0.2063, 0.412
702, 0.2200, 0.415
703, 0.1622, 0.417
704, 0.1528, 0.548
705, 0.2171, 0.388
706, 0.3026, 0.399
707, 0.1889, 0.402
708, 0.1725, 0.400
709, 0.1512, 0.390
710, 0.1305, 0.389
711, 0.2508, 0.386
712, 0.2252, 0.386
713, 0.2923, 0.382
714, 0.1926, 4.917
715, 0.2405, 0.392
716, 0.1894, 0.390
717, 0.2020, 0.386
718, 0.1617, 0.396
719, 0.2878, 0.390
720, 0.1924, 1.346
721, 0.1957, 0.394
722, 0.2961, 0.401
723, 0.1703, 0.404
724, 0.1314, 0.720
725, 0.1955, 0.393
726, 0.2681, 1.457
727, 0.2394, 0.412
728, 0.3338, 0.423
729, 0.1873, 0.413
730, 0.2712, 0.411
731, 0.2083, 0.412
732, 0.1556, 0.414
733, 0.1893, 0.406
734, 0.2054, 0.408
735, 0.1721, 0.390
736, 0.2532, 0.406
737, 0.1821, 0.400
738, 0.1897, 0.407
739, 0.2521, 0.404
740, 0.2076, 0.401
741, 0.2947, 0.412
742, 0.1974, 0.409
743, 0.1786, 0.406
744, 0.2120, 0.409
745, 0.1652, 0.410
746, 0.1222, 0.410
747, 0.2517, 0.406
748, 0.2227, 0.405
749, 0.1787, 0.407
750, 0.2302, 0.405
751, 0.2403, 0.405
752, 0.2646, 0.422
753, 0.1961, 0.404
754, 0.2284, 0.400
755, 0.2745, 0.398
756, 0.1766, 0.401
757, 0.1945, 0.395
758, 0.2500, 0.405
759, 0.1226, 0.412
760, 0.1925, 0.409
761, 0.2319, 0.410
762, 0.1831, 0.472
763, 0.1924, 0.400
764, 0.2724, 0.400
765, 0.2783, 0.404
766, 0.1779, 0.403
767, 0.1567, 0.400
768, 0.1984, 0.413
769, 0.1707, 0.417
770, 0.2385, 0.413
771, 0.1492, 0.402
772, 0.1685, 0.403
773, 0.1875, 0.410
774, 0.2075, 0.411
775, 0.1538, 0.407
776, 0.2919, 0.416
777, 0.1831, 0.404
778, 0.2961, 0.416
779, 0.2058, 0.413
780, 0.2420, 0.407
781, 0.1638, 0.411
782, 0.2497, 0.412
783, 0.1866, 0.405
784, 0.2045, 0.409
785, 0.2111, 0.409
786, 0.1905, 0.723
787, 0.2073, 0.403
788, 0.3228, 0.413
789, 0.1906, 0.418
790, 0.1997, 0.421
791, 0.2189, 0.435
792, 0.1555, 0.413
793, 0.2411, 0.403
794, 0.2530, 0.405
795, 0.1833, 0.403
796, 0.2045, 0.402
797, 0.2284, 0.403
798, 0.1897, 0.408
799, 0.2328, 0.414
800, 0.1920, 0.410
801, 0.2663, 0.401
802, 0.1801, 0.410
803, 0.2652, 0.411
804, 0.2574, 0.414
805, 0.1878, 0.407
806, 0.1982, 0.429
807, 0.1992, 0.408
808, 0.2462, 0.405
809, 0.1022, 0.404
810, 0.1825, 0.478
811, 0.1783, 0.405
812, 0.1714, 0.402
813, 0.1622, 0.416
814, 0.1960, 0.420
815, 0.1832, 0.504
816, 0.1533, 0.401
817, 0.2422, 0.408
818, 0.2400, 0.408
819, 0.2198, 0.410
820, 0.2779, 0.400
821, 0.2271, 0.402
822, 0.1948, 0.409
823, 0.2451, 0.413
824, 0.2540, 0.401
825, 0.1854, 0.407
826, 0.2002, 0.406
827, 0.2254, 0.854
828, 0.1421, 0.407
829, 0.1912, 0.409
830, 0.1816, 0.404
831, 0.1567, 0.402
832, 0.1808, 0.410
833, 0.2132, 0.400
834, 0.1872, 0.394
835, 0.1673, 0.407
836, 0.1860, 0.407
837, 0.2357, 0.408
838, 0.2646, 0.404
839, 0.2384, 0.402
840, 0.2128, 0.409
841, 0.2769, 0.403
842, 0.2100, 0.420
843, 0.1879, 0.415
844, 0.1391, 0.417
845, 0.2077, 0.405
846, 0.1818, 0.405
847, 0.1919, 0.405
848, 0.2095, 0.400
849, 0.1937, 0.403
850, 0.2222, 0.403
851, 0.2407, 0.401
852, 0.1814, 0.404
853, 0.1952, 0.386
854, 0.2114, 0.388
855, 0.2188, 0.381
856, 0.1322, 0.384
857, 0.1819, 0.383
858, 0.1957, 0.388
859, 0.1900, 0.389
860, 0.1746, 3.628
861, 0.2019, 0.387
862, 0.2400, 0.390
863, 0.2790, 0.393
864, 0.1862, 0.389
865, 0.2737, 0.390
866, 0.1824, 0.391
867, 0.2542, 0.390
868, 0.2238, 0.399
869, 0.2158, 0.449
870, 0.1578, 0.387
871, 0.2092, 0.394
872, 0.1900, 0.558
873, 0.1924, 0.391
874, 0.1699, 0.394
875, 0.1274, 0.394
876, 0.1280, 0.403
877, 0.1604, 0.414
878, 0.1882, 0.391
879, 0.2830, 0.404
880, 0.1117, 0.640
881, 0.2582, 0.534
882, 0.1794, 0.411
883, 0.1271, 0.409
884, 0.1885, 0.404
885, 0.1563, 0.585
886, 0.2523, 0.419
887, 0.1490, 0.401
888, 0.2705, 0.416
889, 0.1780, 0.405
890, 0.1459, 0.407
891, 0.1438, 0.416
892, 0.1755, 0.407
893, 0.2236, 0.413
894, 0.2358, 0.412
895, 0.0518, 0.404
896, 0.0700, 0.410
897, 0.1606, 0.399
898, 0.1950, 0.400
899, 0.1527, 0.412
900, 0.2381, 0.412
901, 0.1294, 0.416
902, 0.1149, 0.401
903, 0.2363, 0.402
904, 0.1843, 0.400
905, 0.1460, 0.404
906, 0.1529, 0.400
907, 0.2007, 0.408
908, 0.1562, 0.415
909, 0.2055, 0.409
910, 0.1618, 0.409
911, 0.1518, 0.615
912, 0.1772, 0.413
913, 0.2556, 0.402
914, 0.1812, 0.406
915, 0.2011, 0.419
916, 0.1756, 0.418
917, 0.1626, 0.418
918, 0.1943, 0.411
919, 0.2377, 0.409
920, 0.2129, 0.412
921, 0.2592, 0.411
922, 0.2414, 0.419
923, 0.2736, 0.407
924, 0.1616, 0.411
925, 0.1808, 0.410
926, 0.1718, 0.404
927, 0.1768, 0.413
928, 0.2317, 0.406
929, 0.1314, 0.410
930, 0.1534, 0.989
931, 0.1967, 0.417
932, 0.2207, 0.511
933, 0.2360, 0.408
934, 0.1716, 0.411
935, 0.1180, 0.421
936, 0.1959, 0.423
937, 0.2566, 0.422
938, 0.1778, 0.423
939, 0.1781, 0.565
940, 0.2124, 0.423
941, 0.3071, 0.418
942, 0.2121, 0.414
943, 0.2258, 0.416
944, 0.1363, 0.413
945, 0.1872, 0.416
946, 0.2716, 0.403
947, 0.2344, 0.410
948, 0.2124, 0.417
949, 0.1963, 0.407
950, 0.1614, 0.403
951, 0.1925, 0.408
952, 0.2427, 0.410
953, 0.0802, 0.401
954, 0.1335, 0.414
955, 0.1420, 0.401
956, 0.2558, 0.407
957, 0.1612, 0.402
958, 0.1962, 0.407
959, 0.1556, 0.401
960, 0.1888, 0.403
961, 0.1456, 0.403
962, 0.1769, 0.403
963, 0.2981, 0.404
964, 0.2004, 0.406
965, 0.1611, 0.410
966, 0.3185, 0.410
967, 0.1273, 0.406
968, 0.1616, 0.407
969, 0.2136, 0.404
970, 0.2184, 0.409
971, 0.1957, 0.405
972, 0.1618, 0.415
973, 0.1233, 0.407
974, 0.1558, 0.411
975, 0.0962, 0.408
976, 0.1669, 0.413
977, 0.2022, 0.415
978, 0.2057, 0.408
979, 0.1439, 0.412
980, 0.2053, 0.736
981, 0.2344, 0.412
982, 0.2642, 0.418
983, 0.1836, 0.408
984, 0.2117, 0.812
985, 0.2578, 0.412
986, 0.2340, 0.407
987, 0.1714, 0.407
988, 0.2714, 0.419
989, 0.2587, 0.412
990, 0.2238, 0.414
991, 0.2264, 0.418
992, 0.2270, 0.413
993, 0.2182, 0.403
994, 0.1668, 0.406
995, 0.1602, 0.410
996, 0.1663, 0.408
997, 0.1488, 0.408
998, 0.2224, 0.404
999, 0.2093, 0.459
1000, 0.1431, 0.398
1001, 0.3037, 0.394
1002, 0.2327, 0.397
1003, 0.2250, 0.405
1004, 0.1432, 0.397
1005, 0.1559, 0.403
1006, 0.1647, 0.385
1007, 0.1475, 0.385
1008, 0.2147, 0.400
1009, 0.1739, 0.383
1010, 0.1932, 0.385
1011, 0.1988, 0.382
1012, 0.2376, 0.383
1013, 0.2305, 0.383
1014, 0.1869, 1.485
1015, 0.2968, 0.656
1016, 0.5438, 0.394
1017, 0.2626, 0.389
1018, 0.1672, 0.389
1019, 0.2636, 0.392
1020, 0.2970, 0.392
1021, 0.2286, 0.430
1022, 0.2023, 0.851
1023, 0.2194, 0.411
1024, 0.1634, 0.391
1025, 0.2499, 0.409
1026, 0.1901, 0.410
1027, 0.1817, 0.411
1028, 0.1871, 0.408
1029, 0.1749, 0.417
1030, 0.2342, 0.412
1031, 0.1058, 0.409
1032, 0.1727, 0.406
1033, 0.2505, 0.403
1034, 0.1672, 0.405
1035, 0.2238, 0.403
1036, 0.1963, 0.416
1037, 0.1815, 0.413
1038, 0.2063, 0.412
1039, 0.1826, 0.414
1040, 0.1998, 0.407
1041, 0.1458, 0.422
1042, 0.2244, 0.407
1043, 0.1413, 0.403
1044, 0.1972, 0.413
1045, 0.2328, 0.405
1046, 0.1812, 0.410
1047, 0.2479, 0.411
1048, 0.2070, 0.909
1049, 0.0993, 0.415
1050, 0.1492, 0.419
1051, 0.1860, 0.417
1052, 0.2166, 0.418
1053, 0.2663, 0.416
1054, 0.1967, 0.416
1055, 0.1860, 0.512
1056, 0.1171, 0.415
1057, 0.1951, 0.406
1058, 0.1878, 0.411
1059, 0.2107, 1.047
1060, 0.2139, 0.406
1061, 0.2096, 0.401
1062, 0.1908, 0.410
1063, 0.1441, 0.408
1064, 0.2411, 0.408
1065, 0.2461, 0.400
1066, 0.1770, 0.403
1067, 0.2223, 0.402
1068, 0.1833, 0.407
1069, 0.1704, 0.416
1070, 0.1778, 0.411
1071, 0.1399, 0.415
1072, 0.2348, 0.401
1073, 0.1867, 0.405
1074, 0.1907, 0.403
1075, 0.1569, 0.404
1076, 0.1685, 0.424
1077, 0.2069, 0.410
1078, 0.1997, 0.408
1079, 0.1678, 0.417
1080, 0.2467, 0.419
1081, 0.2016, 0.413
1082, 0.1756, 0.403
1083, 0.1297, 0.409
1084, 0.1352, 0.412
1085, 0.1724, 0.414
1086, 0.1860, 0.408
1087, 0.2482, 0.402
1088, 0.1653, 0.831
1089, 0.1899, 0.416
1090, 0.2327, 0.415
1091, 0.1800, 0.414
1092, 0.2164, 0.416
1093, 0.1268, 0.409
1094, 0.1436, 0.440
1095, 0.1495, 0.415
1096, 0.1223, 0.410
1097, 0.1417, 0.416
1098, 0.1424, 0.403
1099, 0.1518, 0.409
1100, 0.2201, 0.407
1101, 0.1968, 0.413
1102, 0.1762, 0.419
1103, 0.2064, 0.425
1104, 0.1329, 0.416
1105, 0.1562, 0.408
1106, 0.2082, 0.415
1107, 0.2641, 0.418
1108, 0.1739, 0.405
1109, 0.1757, 0.405
1110, 0.1540, 0.406
1111, 0.1739, 0.430
1112, 0.2520, 0.407
1113, 0.1887, 0.405
1114, 0.1923, 0.405
1115, 0.1602, 0.404
1116, 0.1685, 0.403
1117, 0.2044, 0.409
1118, 0.1782, 0.406
1119, 0.2134, 0.417
1120, 0.2346, 0.414
1121, 0.2250, 0.417
1122, 0.1943, 0.413
1123, 0.2169, 0.408
1124, 0.1667, 0.412
1125, 0.1285, 0.414
1126, 0.1409, 0.407
1127, 0.1682, 0.410
1128, 0.1514, 0.402
1129, 0.1729, 0.408
1130, 0.1873, 0.412
1131, 0.2265, 0.416
1132, 0.1902, 0.414
1133, 0.1490, 0.419
1134, 0.2898, 0.428
1135, 0.2478, 0.410
1136, 0.1119, 0.420
1137, 0.1897, 0.405
1138, 0.1484, 0.407
1139, 0.2383, 0.411
1140, 0.2388, 0.419
1141, 0.1798, 0.422
1142, 0.1341, 0.412
1143, 0.1520, 0.406
1144, 0.1901, 0.408
1145, 0.1745, 0.416
1146, 0.2030, 0.418
1147, 0.2145, 0.413
1148, 0.2308, 0.417
1149, 0.1946, 0.432
1150, 0.1051, 0.409
1151, 0.2218, 0.405
1152, 0.1616, 0.408
1153, 0.1369, 0.405
1154, 0.1519, 0.408
1155, 0.2016, 0.400
1156, 0.1308, 0.400
1157, 0.2207, 0.404
1158, 0.2168, 0.403
1159, 0.2187, 0.400
1160, 0.2324, 0.402
1161, 0.1985, 0.386
1162, 0.1712, 0.399
1163, 0.2190, 0.387
1164, 0.2135, 0.386
1165, 0.1908, 0.387
1166, 0.1536, 0.383
1167, 0.1428, 0.386
1168, 0.1087, 0.385
1169, 0.2120, 1.885
1170, 0.1943, 0.386
1171, 0.2113, 0.782
1172, 0.1923, 0.388
1173, 0.1609, 0.386
1174, 0.2394, 0.393
1175, 0.2014, 0.414
1176, 0.2340, 0.410
1177, 0.1882, 0.416
1178, 0.1790, 0.412
1179, 0.1447, 0.414
1180, 0.1861, 0.417
1181, 0.1533, 0.406
1182, 0.2371, 0.408
1183, 0.1523, 0.411
1184, 0.1040, 0.406
1185, 0.1960, 0.439
1186, 0.2006, 0.420
1187, 0.1856, 0.405
1188, 0.2260, 0.404
1189, 0.1892, 0.420
1190, 0.2007, 0.413
1191, 0.1965, 0.409
1192, 0.1127, 0.410
1193, 0.2226, 0.408
1194, 0.1575, 0.409
1195, 0.1848, 0.408
1196, 0.2469, 0.404
1197, 0.1621, 0.406
1198, 0.1587, 0.412
1199, 0.1342, 0.405
1200, 0.2529, 0.412
1201, 0.1436, 0.398
1202, 0.1610, 0.406
1203, 0.1196, 0.403
1204, 0.1547, 0.415
1205, 0.2423, 0.410
1206, 0.2128, 0.432
1207, 0.1451, 0.423
1208, 0.2484, 0.683
1209, 0.1894, 0.412
1210, 0.1729, 0.409
1211, 0.2379, 0.406
1212, 0.1641, 0.456
1213, 0.2214, 0.403
1214, 0.1751, 0.403
1215, 0.1908, 0.404
1216, 0.2450, 0.401
1217, 0.1635, 0.403
1218, 0.1084, 0.413
1219, 0.1683, 0.407
1220, 0.1945, 0.406
1221, 0.1536, 0.408
1222, 0.1478, 0.408
1223, 0.1953, 0.409
1224, 0.1602, 0.408
1225, 0.1397, 0.405
1226, 0.1290, 0.408
1227, 0.2259, 0.415
1228, 0.1905, 0.415
1229, 0.2014, 0.410
1230, 0.1186, 0.411
1231, 0.1842, 0.411
1232, 0.1574, 0.415
1233, 0.1714, 0.416
1234, 0.1775, 0.412
1235, 0.2321, 0.408
1236, 0.1992, 0.402
1237, 0.2169, 0.659
1238, 0.1922, 0.463
1239, 0.2456, 0.404
1240, 0.1781, 0.404
1241, 0.1723, 0.402
1242, 0.1893, 0.411
1243, 0.1870, 0.414
1244, 0.2961, 0.418
1245, 0.2385, 0.404
1246, 0.2036, 0.409
1247, 0.1787, 0.411
1248, 0.2392, 0.404
1249, 0.2157, 0.420
1250, 0.1880, 0.420
1251, 0.2303, 0.413
1252, 0.1877, 0.409
1253, 0.2279, 0.404
1254, 0.2300, 0.413
1255, 0.2877, 0.410
1256, 0.1815, 0.407
1257, 0.2615, 0.416
1258, 0.2175, 0.415
1259, 0.1546, 0.425
1260, 0.2207, 0.409
1261, 0.1786, 0.426
1262, 0.2096, 0.425
1263, 0.1855, 0.410
1264, 0.2181, 0.416
1265, 0.1780, 0.404
1266, 0.1312, 0.402
1267, 0.2053, 0.401
1268, 0.2418, 0.403
1269, 0.1440, 0.404
1270, 0.2711, 0.402
1271, 0.1833, 0.405
1272, 0.3286, 0.400
1273, 0.2566, 0.406
1274, 0.1655, 0.401
1275, 0.2161, 0.405
1276, 0.2116, 0.413
1277, 0.2539, 0.410
1278, 0.1952, 0.405
1279, 0.1668, 0.404
1280, 0.1169, 0.408
1281, 0.1958, 0.407
1282, 0.1804, 0.404
1283, 0.1914, 0.402
1284, 0.2594, 0.407
1285, 0.1662, 0.406
1286, 0.1499, 0.410
1287, 0.1741, 0.417
1288, 0.1859, 0.409
1289, 0.1763, 0.402
1290, 0.1506, 0.414
1291, 0.1230, 0.410
1292, 0.2895, 0.404
1293, 0.1731, 0.410
1294, 0.2611, 0.407
1295, 0.1612, 0.419
1296, 0.1692, 0.410
1297, 0.1525, 0.415
1298, 0.1902, 0.415
1299, 0.2130, 0.408
1300, 0.1585, 0.412
1301, 0.1221, 0.419
1302, 0.1346, 0.427
1303, 0.1761, 0.424
1304, 0.1559, 0.412
1305, 0.2229, 0.406
1306, 0.1776, 0.433
1307, 0.1673, 0.595
1308, 0.1738, 0.414
1309, 0.1372, 0.410
1310, 0.2176, 0.984
1311, 0.1463, 0.402
1312, 0.1721, 0.403
1313, 0.2436, 0.399
1314, 0.2655, 0.402
1315, 0.1951, 0.403
1316, 0.1740, 0.386
1317, 0.2305, 0.391
1318, 0.2247, 0.387
1319, 0.2010, 0.393
1320, 0.1482, 0.389
1321, 0.2556, 0.384
1322, 0.1544, 0.386
1323, 0.1911, 2.383
1324, 0.2159, 0.399
1325, 0.2243, 0.402
1326, 0.1703, 0.391
1327, 0.1759, 0.405
1328, 0.1423, 0.398
1329, 0.1566, 0.392
1330, 0.3399, 0.392
1331, 0.2768, 0.602
1332, 0.1846, 0.402
1333, 0.2204, 0.536
1334, 0.1803, 0.409
1335, 0.1531, 0.631
1336, 0.1668, 0.401
1337, 0.2011, 0.412
1338, 0.1430, 0.408
1339, 0.1407, 0.403
1340, 0.2032, 0.406
1341, 0.2510, 0.406
1342, 0.2302, 0.408
1343, 0.2460, 1.042
1344, 0.2027, 0.410
1345, 0.1244, 0.405
1346, 0.1652, 0.415
1347, 0.1439, 0.413
1348, 0.1735, 0.417
1349, 0.1820, 0.413
1350, 0.1610, 0.416
1351, 0.1595, 0.405
1352, 0.0719, 0.415
1353, 0.2181, 0.407
1354, 0.2009, 0.403
1355, 0.1448, 0.411
1356, 0.1932, 0.408
1357, 0.1270, 0.406
1358, 0.1978, 0.416
1359, 0.1864, 0.412
1360, 0.1953, 0.408
1361, 0.2082, 0.408
1362, 0.1900, 0.411
1363, 0.2135, 0.417
1364, 0.2052, 0.406
1365, 0.2074, 0.410
1366, 0.1931, 0.412
1367, 0.1478, 0.418
1368, 0.2081, 0.403
1369, 0.2061, 0.415
1370, 0.1601, 0.405
1371, 0.2082, 0.411
1372, 0.2287, 0.408
1373, 0.2209, 0.404
1374, 0.1396, 0.402
1375, 0.1851, 0.403
1376, 0.2092, 0.402
1377, 0.2097, 0.403
1378, 0.1851, 0.402
1379, 0.1893, 0.403
1380, 0.3371, 0.406
1381, 0.2073, 0.405
1382, 0.2609, 0.400
1383, 0.2566, 0.405
1384, 0.2205, 0.406
1385, 0.2620, 0.401
1386, 0.1828, 0.404
1387, 0.2009, 0.406
1388, 0.2085, 0.403
1389, 0.2400, 0.405
1390, 0.1938, 0.403
1391, 0.0718, 0.406
1392, 0.1273, 0.408
1393, 0.2242, 0.408
1394, 0.1868, 0.416
1395, 0.1996, 0.413
1396, 0.2338, 0.405
1397, 0.2215, 0.413
1398, 0.1869, 0.407
1399, 0.1764, 0.408
1400, 0.2323, 0.411
1401, 0.2581, 0.401
1402, 0.2038, 0.407
1403, 0.1725, 0.424
1404, 0.1655, 0.413
1405, 0.1829, 0.423
1406, 0.1928, 0.414
1407, 0.1798, 0.419
1408, 0.1930, 0.413
1409, 0.2475, 0.458
1410, 0.2251, 0.422
1411, 0.2004, 0.405
1412, 0.1879, 0.401
1413, 0.2127, 0.404
1414, 0.2637, 0.403
1415, 0.2297, 0.457
1416, 0.1781, 0.407
1417, 0.1682, 0.402
1418, 0.1984, 0.402
1419, 0.1130, 0.402
1420, 0.1098, 0.411
1421, 0.2069, 0.406
1422, 0.2087, 0.409
1423, 0.2208, 0.417
1424, 0.2340, 0.423
1425, 0.1267, 0.407
1426, 0.1803, 0.405
1427, 0.1711, 0.411
1428, 0.1616, 0.838
1429, 0.1442, 0.404
1430, 0.1605, 0.413
1431, 0.1889, 0.411
1432, 0.1993, 0.414
1433, 0.1789, 0.415
1434, 0.1430, 0.425
1435, 0.1964, 0.420
1436, 0.1758, 0.415
1437, 0.2267, 0.405
1438, 0.1393, 0.403
1439, 0.1549, 0.413
1440, 0.2209, 0.405
1441, 0.1696, 0.407
1442, 0.1618, 0.419
1443, 0.1773, 0.412
1444, 0.1672, 0.405
1445, 0.1964, 0.405
1446, 0.1129, 0.410
1447, 0.2192, 0.409
1448, 0.2130, 0.411
1449, 0.1967, 0.420
1450, 0.1829, 0.407
1451, 0.1170, 0.405
1452, 0.1642, 0.408
1453, 0.1954, 0.418
1454, 0.2045, 0.413
1455, 0.2529, 0.415
1456, 0.2509, 0.414
1457, 0.1927, 0.471
1458, 0.2069, 0.410
1459, 0.1530, 0.406
1460, 0.0864, 0.406
1461, 0.2268, 0.405
1462, 0.1840, 0.407
1463, 0.1812, 0.406
1464, 0.1959, 0.405
1465, 0.1281, 0.402
1466, 0.1552, 0.403
1467, 0.1965, 0.400
1468, 0.1212, 0.407
1469, 0.2231, 0.409
1470, 0.1540, 0.400
1471, 0.1596, 0.398
1472, 0.1804, 0.386
1473, 0.2045, 0.385
1474, 0.1799, 0.387
1475, 0.1639, 0.384
1476, 0.2084, 0.387
1477, 0.1895, 0.389
1478, 0.2077, 0.388
1479, 0.1726, 2.099
1480, 0.1848, 1.130
1481, 0.2281, 0.388
1482, 0.1260, 0.386
1483, 0.1533, 0.388
1484, 0.2897, 0.393
1485, 0.1528, 0.412
1486, 0.2166, 0.413
1487, 0.1343, 0.415
1488, 0.1770, 0.408
1489, 0.1667, 0.408
1490, 0.1569, 0.421
1491, 0.1466, 0.406
1492, 0.1464, 0.411
1493, 0.2162, 0.399
1494, 0.1218, 0.412
1495, 0.1282, 0.412
1496, 0.1833, 0.405
1497, 0.1966, 0.403
1498, 0.2518, 0.416
1499, 0.1566, 0.412
1500, 0.1838, 0.409
1501, 0.2452, 0.411
1502, 0.1544, 0.406
1503, 0.1776, 0.610
1504, 0.1531, 0.402
1505, 0.2611, 0.409
1506, 0.1980, 0.965
1507, 0.2024, 0.408
1508, 0.1621, 0.410
1509, 0.1400, 0.416
1510, 0.2398, 0.415
1511, 0.2002, 0.408
1512, 0.1851, 0.418
1513, 0.1550, 0.415
1514, 0.1708, 0.407
1515, 0.1932, 0.416
1516, 0.1279, 0.421
1517, 0.1812, 0.407
1518, 0.2206, 0.404
1519, 0.2447, 0.402
1520, 0.1098, 0.401
1521, 0.1488, 0.403
1522, 0.2218, 0.399
1523, 0.2370, 0.404
1524, 0.2033, 0.414
1525, 0.2106, 0.413
1526, 0.2209, 0.408
1527, 0.1760, 0.418
1528, 0.1492, 0.417
1529, 0.2290, 0.411
1530, 0.1921, 0.405
1531, 0.1878, 0.412
1532, 0.1157, 0.411
1533, 0.2081, 0.412
1534, 0.1810, 0.412
1535, 0.1348, 0.407
1536, 0.1575, 0.415
1537, 0.1169, 0.423
1538, 0.1472, 0.409
1539, 0.1139, 0.417
1540, 0.1888, 0.416
1541, 0.1156, 0.423
1542, 0.1442, 0.408
1543, 0.1803, 0.426
1544, 0.1932, 0.514
1545, 0.1160, 0.712
1546, 0.1601, 0.419
1547, 0.2431, 0.407
1548, 0.1519, 0.417
1549, 0.2578, 0.419
1550, 0.2147, 0.413
1551, 0.1584, 0.482
1552, 0.1915, 0.421
1553, 0.1847, 0.416
1554, 0.1341, 0.404
1555, 0.2004, 0.412
1556, 0.1664, 0.416
1557, 0.0961, 1.047
1558, 0.0947, 0.442
1559, 0.1447, 0.403
1560, 0.1028, 0.419
1561, 0.2468, 0.438
1562, 0.2108, 0.401
1563, 0.1807, 0.404
1564, 0.1389, 0.401
1565, 0.1772, 0.397
1566, 0.2554, 0.400
1567, 0.2621, 0.397
1568, 0.1726, 0.398
1569, 0.2203, 0.401
1570, 0.1509, 0.403
1571, 0.1827, 0.407
1572, 0.2098, 0.402
1573, 0.1726, 0.407
1574, 0.1843, 0.410
1575, 0.1129, 0.407
1576, 0.1416, 0.401
1577, 0.1152, 0.404
1578, 0.2197, 0.404
1579, 0.1408, 0.403
1580, 0.1365, 0.401
1581, 0.1824, 0.402
1582, 0.1868, 0.402
1583, 0.1455, 0.402
1584, 0.0663, 0.404
1585, 0.0785, 0.401
1586, 0.1443, 0.401
1587, 0.1519, 0.406
1588, 0.1787, 0.408
1589, 0.1443, 0.403
1590, 0.2481, 0.402
1591, 0.2102, 0.403
1592, 0.1671, 0.403
1593, 0.2070, 0.405
1594, 0.1572, 0.416
1595, 0.1743, 0.407
1596, 0.1686, 0.408
1597, 0.1188, 0.409
1598, 0.1334, 0.405
1599, 0.2348, 0.404
1600, 0.1428, 0.403
1601, 0.1716, 0.398
1602, 0.1158, 0.406
1603, 0.1709, 0.415
1604, 0.0940, 0.409
1605, 0.1562, 0.419
1606, 0.1575, 0.408
1607, 0.1333, 0.408
1608, 0.2307, 0.407
1609, 0.1627, 0.407
1610, 0.0598, 0.471
1611, 0.1755, 0.410
1612, 0.1623, 0.406
1613, 0.1290, 0.415
1614, 0.1429, 0.404
1615, 0.1844, 0.402
1616, 0.1764, 0.407
1617, 0.1718, 0.403
1618, 0.1957, 0.404
1619, 0.2003, 0.402
1620, 0.1801, 0.402
1621, 0.1566, 0.402
1622, 0.3138, 0.402
1623, 0.1547, 0.400
1624, 0.1416, 0.384
1625, 0.1965, 0.384
1626, 0.2528, 0.384
1627, 0.1714, 0.382
1628, 0.1768, 0.383
1629, 0.1741, 0.383
1630, 0.1490, 0.384
1631, 0.1217, 0.384
1632, 0.1617, 3.209
1633, 0.1614, 0.393
1634, 0.1811, 0.804
1635, 0.1832, 0.390
1636, 0.1754, 0.392
1637, 0.2258, 0.391
1638, 0.2042, 0.392
1639, 0.1682, 0.393
1640, 0.1785, 0.407
1641, 0.2351, 1.057
1642, 0.1622, 0.406
1643, 0.1068, 0.389
1644, 0.1851, 0.394
1645, 0.1784, 0.543
1646, 0.1735, 0.411
1647, 0.2364, 0.407
1648, 0.2231, 0.408
1649, 0.1521, 0.407
1650, 0.1967, 0.410
1651, 0.1685, 0.413
1652, 0.1961, 0.400
1653, 0.1267, 0.406
1654, 0.1886, 0.404
1655, 0.2065, 0.409
1656, 0.1338, 0.408
1657, 0.1520, 0.402
1658, 0.1119, 0.405
1659, 0.2105, 0.405
1660, 0.1677, 0.404
1661, 0.1211, 0.403
1662, 0.1645, 0.411
1663, 0.1896, 0.401
1664, 0.1439, 0.414
1665, 0.0911, 0.402
1666, 0.1694, 0.401
1667, 0.1507, 0.402
1668, 0.1554, 0.403
1669, 0.1795, 0.402
1670, 0.1214, 0.404
1671, 0.2498, 0.407
1672, 0.2381, 0.398
1673, 0.1732, 0.406
1674, 0.1100, 0.399
1675, 0.1616, 0.402
1676, 0.1453, 0.400
1677, 0.1690, 0.401
1678, 0.1366, 0.400
1679, 0.1870, 0.402
1680, 0.1766, 0.404
1681, 0.1392, 0.406
1682, 0.1686, 0.410
1683, 0.1974, 0.404
1684, 0.1855, 0.408
1685, 0.1416, 0.405
1686, 0.1788, 0.417
1687, 0.1911, 0.403
1688, 0.2096, 0.402
1689, 0.1359, 0.401
1690, 0.2387, 0.395
1691, 0.1987, 0.397
1692, 0.1314, 0.398
1693, 0.1536, 0.407
1694, 0.1775, 0.396
1695, 0.1315, 0.406
1696, 0.1634, 0.401
1697, 0.1367, 0.403
1698, 0.0919, 0.404
1699, 0.1482, 0.403
1700, 0.1892, 0.404
1701, 0.1413, 0.402
1702, 0.2057, 0.404
1703, 0.1440, 0.410
1704, 0.2064, 0.407
1705, 0.1495, 0.401
1706, 0.1972, 0.404
1707, 0.1264, 0.404
1708, 0.1891, 0.405
1709, 0.1878, 0.409
1710, 0.1671, 0.402
1711, 0.1424, 0.403
1712, 0.1218, 0.404
1713, 0.1339, 0.406
1714, 0.1630, 0.424
1715, 0.0995, 0.408
1716, 0.1126, 0.409
1717, 0.1411, 0.404
1718, 0.2071, 0.406
1719, 0.2095, 0.415
1720, 0.2274, 0.409
1721, 0.1624, 0.868
1722, 0.1893, 0.401
1723, 0.1500, 0.426
1724, 0.1029, 0.398
1725, 0.0935, 0.406
1726, 0.1943, 0.406
1727, 0.1571, 0.399
1728, 0.0818, 0.406
1729, 0.1746, 0.400
1730, 0.1362, 0.408
1731, 0.0959, 0.402
1732, 0.0818, 0.398
1733, 0.1435, 0.401
1734, 0.1296, 0.407
1735, 0.2566, 0.468
1736, 0.1729, 0.403
1737, 0.1622, 0.402
1738, 0.2745, 0.402
1739, 0.1458, 0.406
1740, 0.2020, 0.401
1741, 0.1631, 0.403
1742, 0.2363, 0.402
1743, 0.1626, 0.399
1744, 0.1437, 0.399
1745, 0.1943, 0.400
1746, 0.2102, 0.398
1747, 0.1806, 0.411
1748, 0.0981, 0.403
1749, 0.2130, 0.401
1750, 0.1433, 0.404
1751, 0.1382, 0.403
1752, 0.2257, 0.407
1753, 0.2107, 0.403
1754, 0.1301, 0.403
1755, 0.1240, 0.404
1756, 0.1996, 0.403
1757, 0.1284, 0.403
1758, 0.0919, 0.402
1759, 0.1389, 0.402
1760, 0.1770, 0.402
1761, 0.2065, 0.404
1762, 0.1677, 0.403
1763, 0.2114, 0.403
1764, 0.2053, 0.401
1765, 0.2588, 0.402
1766, 0.1426, 0.402
1767, 0.3308, 0.401
1768, 0.4413, 0.402
1769, 0.2120, 0.403
1770, 0.1751, 0.402
1771, 0.2029, 0.402
1772, 0.2044, 0.402
1773, 0.1324, 0.404
1774, 0.1544, 0.403
1775, 0.2002, 0.398
1776, 0.1706, 0.398
1777, 0.1902, 0.399
1778, 0.1102, 0.398
1779, 0.0812, 0.397
1780, 0.2458, 0.394
1781, 0.1487, 0.379
1782, 0.2070, 0.381
1783, 0.1682, 0.380
1784, 0.1987, 0.380
1785, 0.1220, 0.379
1786, 0.2263, 0.379
1787, 0.1911, 0.380
1788, 0.1493, 1.561
1789, 0.1851, 1.036
1790, 0.2056, 0.390
1791, 0.1297, 0.387
1792, 0.1424, 0.774
1793, 0.1497, 0.982
1794, 0.1577, 0.405
1795, 0.1823, 0.403
1796, 0.1692, 0.404
1797, 0.2018, 0.402
1798, 0.1424, 0.410
1799, 0.1978, 0.405
1800, 0.1639, 0.403
1801, 0.1703, 0.402
1802, 0.1154, 0.399
1803, 0.2173, 0.391
1804, 0.1601, 0.393
1805, 0.1429, 0.406
1806, 0.1888, 0.405
1807, 0.2384, 0.405
1808, 0.0933, 0.406
1809, 0.1732, 0.406
1810, 0.1687, 0.480
1811, 0.1454, 0.403
1812, 0.1788, 0.402
1813, 0.1873, 0.399
1814, 0.1584, 0.401
1815, 0.1927, 0.401
1816, 0.2233, 0.399
1817, 0.2198, 0.394
1818, 0.1510, 0.399
1819, 0.1690, 0.394
1820, 0.1378, 0.401
1821, 0.1179, 0.429
1822, 0.0575, 0.406
1823, 0.1039, 0.403
1824, 0.1471, 0.403
1825, 0.1269, 0.410
1826, 0.2645, 0.435
1827, 0.1879, 0.413
1828, 0.1513, 0.405
1829, 0.2564, 0.398
1830, 0.2116, 0.397
1831, 0.2785, 0.396
1832, 0.2034, 0.402
1833, 0.1571, 0.399
1834, 0.1134, 0.411
1835, 0.1728, 0.598
1836, 0.2256, 0.412
1837, 0.2109, 0.419
1838, 0.2057, 0.416
1839, 0.1109, 0.428
1840, 0.1021, 0.409
1841, 0.1919, 0.399
1842, 0.1673, 0.397
1843, 0.1294, 0.410
1844, 0.1841, 0.398
1845, 0.1059, 0.401
1846, 0.1424, 0.408
1847, 0.1194, 0.399
1848, 0.0883, 0.400
1849, 0.1144, 0.405
1850, 0.0977, 0.406
1851, 0.2104, 0.412
1852, 0.1635, 0.407
1853, 0.1563, 0.404
1854, 0.0924, 0.403
1855, 0.0962, 0.401
1856, 0.1229, 0.409
1857, 0.1354, 0.411
1858, 0.1205, 0.400
1859, 0.2020, 0.397
1860, 0.1157, 0.403
1861, 0.1441, 0.397
1862, 0.1398, 0.409
1863, 0.1195, 0.406
1864, 0.1646, 0.402
1865, 0.1396, 0.402
1866, 0.1065, 0.402
1867, 0.1503, 0.413
1868, 0.2205, 0.420
1869, 0.4110, 0.406
1870, 0.2054, 0.408
1871, 0.1910, 0.403
1872, 0.2242, 0.404
1873, 0.1109, 0.406
1874, 0.1547, 0.399
1875, 0.2117, 0.399
1876, 0.1443, 0.400
1877, 0.1435, 0.401
1878, 0.2104, 0.404
1879, 0.1461, 0.408
1880, 0.1441, 0.412
1881, 0.1163, 0.406
1882, 0.2295, 0.412
1883, 0.1281, 0.407
1884, 0.0920, 0.408
1885, 0.1505, 0.409
1886, 0.1294, 0.407
1887, 0.1197, 0.402
1888, 0.1570, 0.678
1889, 0.2230, 0.406
1890, 0.2443, 0.401
1891, 0.2173, 0.403
1892, 0.1470, 0.402
1893, 0.1497, 0.401
1894, 0.1560, 0.404
1895, 0.1559, 0.400
1896, 0.0823, 0.399
1897, 0.2385, 0.402
1898, 0.0663, 0.403
1899, 0.0870, 0.403
1900, 0.1189, 0.409
1901, 0.0800, 0.415
1902, 0.1585, 0.402
1903, 0.1443, 0.409
1904, 0.1826, 0.400
1905, 0.1234, 0.401
1906, 0.0942, 0.397
1907, 0.1825, 0.401
1908, 0.1632, 0.407
1909, 0.2145, 0.416
1910, 0.1015, 0.403
1911, 0.0966, 0.402
1912, 0.1365, 0.403
1913, 0.1581, 0.405
1914, 0.2057, 0.405
1915, 0.1996, 0.403
1916, 0.2188, 0.410
1917, 0.1595, 0.408
1918, 0.2326, 0.404
1919, 0.1540, 0.411
1920, 0.1016, 0.407
1921, 0.1980, 0.402
1922, 0.2187, 0.410
1923, 0.1757, 0.409
1924, 0.2448, 0.408
1925, 0.2395, 0.401
1926, 0.3126, 0.402
1927, 0.2588, 0.409
1928, 0.1767, 0.405
1929, 0.1453, 0.407
1930, 0.0815, 0.408
1931, 0.2313, 0.407
1932, 0.1569, 0.407
1933, 0.1837, 0.402
1934, 0.0952, 0.400
1935, 0.1384, 0.398
1936, 0.1983, 0.396
1937, 0.1824, 0.403
1938, 0.1883, 0.398
1939, 0.1110, 0.394
1940, 0.2266, 0.384
1941, 0.2657, 0.379
1942, 0.2235, 0.379
1943, 0.2261, 0.380
1944, 0.3227, 0.380
1945, 0.2067, 0.380
1946, 0.1680, 0.380
1947, 0.1739, 1.831
1948, 0.0914, 0.387
1949, 0.1693, 0.391
1950, 0.1063, 0.387
1951, 0.1357, 0.390
1952, 0.1689, 0.414
1953, 0.1750, 0.406
1954, 0.1773, 0.407
1955, 0.1724, 0.404
1956, 0.0986, 0.406
1957, 0.1481, 0.408
1958, 0.1589, 0.402
1959, 0.1871, 0.406
1960, 0.1619, 0.406
1961, 0.2454, 0.404
1962, 0.2025, 0.400
1963, 0.1693, 0.403
1964, 0.1022, 0.405
1965, 0.1161, 0.403
1966, 0.1355, 0.403
1967, 0.0784, 0.401
1968, 0.1844, 0.409
1969, 0.2527, 0.410
1970, 0.2174, 0.407
1971, 0.1546, 0.406
1972, 0.2029, 0.456
1973, 0.1596, 0.405
1974, 0.0840, 0.404
1975, 0.2378, 0.404
1976, 0.0548, 0.405
1977, 0.2023, 0.436
1978, 0.2099, 0.403
1979, 0.1847, 0.405
1980, 0.1241, 0.402
1981, 0.1689, 0.402
1982, 0.2014, 0.405
1983, 0.2087, 0.405
1984, 0.1038, 0.402
1985, 0.2004, 0.401
1986, 0.2194, 0.402
1987, 0.2083, 0.405
1988, 0.2010, 0.406
1989, 0.1333, 0.401
1990, 0.0791, 0.401
1991, 0.2316, 0.404
1992, 0.1775, 0.401
1993, 0.1764, 0.406
1994, 0.1589, 0.402
1995, 0.2755, 0.402
1996, 0.2668, 0.407
1997, 0.2015, 0.405
1998, 0.1620, 0.410
1999, 0.1883, 0.404
2000, 0.1312, 0.405
2001, 0.0899, 0.395
2002, 0.1806, 0.404
2003, 0.1822, 0.404
2004, 0.1174, 0.412
2005, 0.1489, 0.422
2006, 0.1225, 0.408
2007, 0.0894, 0.411
2008, 0.2250, 0.417
2009, 0.1884, 0.411
2010, 0.1520, 1.095
2011, 0.1423, 0.463
2012, 0.3115, 0.427
2013, 0.2178, 0.534
2014, 0.1511, 0.408
2015, 0.1753, 0.409
2016, 0.1628, 0.405
2017, 0.1749, 0.402
2018, 0.1986, 0.402
2019, 0.1532, 0.399
2020, 0.1590, 0.404
2021, 0.1631, 0.405
2022, 0.1551, 0.398
2023, 0.2033, 0.403
2024, 0.1543, 0.408
2025, 0.1431, 0.402
2026, 0.1403, 0.405
2027, 0.1876, 0.405
2028, 0.1577, 0.409
2029, 0.1655, 0.407
2030, 0.0886, 0.410
2031, 0.1512, 0.400
2032, 0.1428, 0.406
2033, 0.1795, 0.419
2034, 0.1576, 0.404
2035, 0.1569, 0.413
2036, 0.2096, 0.401
2037, 0.1181, 0.401
2038, 0.2014, 0.401
2039, 0.1279, 0.400
2040, 0.1345, 0.398
2041, 0.3114, 0.415
2042, 0.2950, 0.412
2043, 0.1264, 0.775
2044, 0.1539, 0.412
2045, 0.1016, 0.430
2046, 0.1416, 0.407
2047, 0.1838, 0.420
2048, 0.1202, 0.402
2049, 0.1512, 0.412
2050, 0.1674, 0.419
2051, 0.0696, 0.408
2052, 0.1141, 0.407
2053, 0.1910, 0.402
2054, 0.1812, 0.402
2055, 0.0928, 0.407
2056, 0.1287, 0.404
2057, 0.1404, 0.403
2058, 0.1597, 0.408
2059, 0.1996, 0.402
2060, 0.1281, 0.403
2061, 0.1780, 0.399
2062, 0.1813, 0.404
2063, 0.1072, 0.404
2064, 0.2803, 0.402
2065, 0.2574, 0.404
2066, 0.1915, 0.401
2067, 0.2040, 0.399
2068, 0.1468, 0.396
2069, 0.2293, 0.400
2070, 0.1675, 0.401
2071, 0.2023, 0.403
2072, 0.1803, 0.408
2073, 0.1084, 0.402
2074, 0.1601, 0.406
2075, 0.2039, 0.401
2076, 0.1410, 0.407
2077, 0.1743, 0.406
2078, 0.1706, 0.405
2079, 0.2081, 0.404
2080, 0.1381, 0.402
2081, 0.2088, 0.400
2082, 0.1401, 0.406
2083, 0.1201, 0.402
2084, 0.0721, 0.402
2085, 0.1651, 0.403
2086, 0.1625, 0.415
2087, 0.1338, 0.408
2088, 0.1401, 0.410
2089, 0.1572, 0.414
2090, 0.1564, 0.403
2091, 0.1791, 0.398
2092, 0.2214, 0.398
2093, 0.1791, 0.398
2094, 0.1948, 0.395
2095, 0.1964, 0.399
2096, 0.2302, 0.402
2097, 0.1951, 0.385
2098, 0.1634, 0.383
2099, 0.1852, 0.385
2100, 0.1079, 0.378
2101, 0.1177, 0.386
2102, 0.1492, 0.381
2103, 0.2575, 0.383
2104, 0.1867, 0.385
2105, 0.1319, 3.404
2106, 0.1504, 0.399
2107, 0.1397, 0.416
2108, 0.1101, 0.385
2109, 0.1264, 0.409
2110, 0.2029, 0.399
2111, 0.1781, 0.401
2112, 0.2238, 0.403
2113, 0.1199, 0.401
2114, 0.1149, 0.409
2115, 0.1072, 0.408
2116, 0.2805, 0.400
2117, 0.1821, 0.402
2118, 0.1671, 0.410
2119, 0.2561, 0.407
2120, 0.1970, 0.401
2121, 0.1341, 0.401
2122, 0.1873, 0.408
2123, 0.1554, 0.422
2124, 0.1858, 0.401
2125, 0.1638, 0.403
2126, 0.2376, 0.397
2127, 0.1052, 0.402
2128, 0.1392, 0.407
2129, 0.2159, 0.407
2130, 0.1400, 0.400
2131, 0.1414, 0.407
2132, 0.1427, 0.402
2133, 0.1187, 0.403
2134, 0.1997, 0.412
2135, 0.2652, 0.403
2136, 0.2089, 0.398
2137, 0.2259, 0.401
2138, 0.1355, 0.401
2139, 0.0735, 0.421
2140, 0.1507, 0.406
2141, 0.2260, 0.408
2142, 0.1426, 0.408
2143, 0.1669, 0.401
2144, 0.1399, 0.404
2145, 0.1652, 0.486
2146, 0.1188, 0.400
2147, 0.1596, 0.398
2148, 0.1483, 0.418
2149, 0.1705, 0.403
2150, 0.1254, 0.399
2151, 0.1659, 0.402
2152, 0.1436, 0.410
2153, 0.1257, 0.401
2154, 0.1852, 0.408
2155, 0.2073, 0.401
2156, 0.1765, 0.400
2157, 0.2580, 0.401
2158, 0.1619, 0.405
2159, 0.1559, 0.405
2160, 0.1975, 0.404
2161, 0.2352, 0.403
2162, 0.0832, 0.404
2163, 0.1923, 0.410
2164, 0.1606, 0.407
2165, 0.1267, 0.405
2166, 0.1259, 0.403
2167, 0.1290, 0.405
2168, 0.2427, 0.406
2169, 0.1614, 0.409
2170, 0.1434, 0.406
2171, 0.1951, 0.402
2172, 0.1493, 0.402
2173, 0.2744, 0.405
2174, 0.2323, 0.403
2175, 0.1995, 0.401
2176, 0.2106, 0.404
2177, 0.1691, 0.404
2178, 0.2188, 0.414
2179, 0.1887, 0.412
2180, 0.1478, 0.409
2181, 0.1093, 0.404
2182, 0.1212, 0.404
2183, 0.1100, 0.404
2184, 0.2165, 0.403
2185, 0.1826, 0.401
2186, 0.1035, 0.403
2187, 0.1537, 0.400
2188, 0.1884, 0.401
2189, 0.1746, 0.401
2190, 0.1888, 0.401
2191, 0.1538, 0.401
2192, 0.2141, 0.402
2193, 0.1997, 0.402
2194, 0.1902, 0.400
2195, 0.1779, 0.400
2196, 0.1341, 0.402
2197, 0.1472, 0.402
2198, 0.1536, 0.402
2199, 0.1812, 0.401
2200, 0.1902, 0.406
2201, 0.1932, 0.399
2202, 0.1066, 0.404
2203, 0.1509, 0.408
2204, 0.1835, 0.415
2205, 0.1737, 0.412
2206, 0.1721, 0.414
2207, 0.1025, 0.405
2208, 0.1599, 0.427
2209, 0.1290, 0.424
2210, 0.1574, 0.418
2211, 0.1711, 0.409
2212, 0.2471, 0.417
2213, 0.2283, 0.489
2214, 0.1724, 0.402
2215, 0.1813, 0.401
2216, 0.1298, 0.397
2217, 0.1406, 0.416
2218, 0.1658, 0.414
2219, 0.1576, 0.397
2220, 0.1425, 0.399
2221, 0.2535, 0.400
2222, 0.1714, 0.400
2223, 0.1811, 0.405
2224, 0.1766, 0.399
2225, 0.1186, 0.397
2226, 0.1790, 0.397
2227, 0.1504, 0.395
2228, 0.1687, 0.399
2229, 0.1492, 0.407
2230, 0.1713, 0.405
2231, 0.2640, 0.402
2232, 0.0871, 0.405
2233, 0.2017, 0.404
2234, 0.2155, 0.410
2235, 0.1344, 0.405
2236, 0.0901, 0.402
2237, 0.1700, 0.400
2238, 0.1765, 0.406
2239, 0.2139, 0.400
2240, 0.1816, 0.399
2241, 0.1182, 0.402
2242, 0.1697, 0.409
2243, 0.1421, 0.401
2244, 0.1585, 0.402
2245, 0.1403, 0.403
2246, 0.1700, 0.403
2247, 0.1734, 0.403
2248, 0.1230, 0.401
2249, 0.1441, 0.396
2250, 0.1985, 0.402
2251, 0.1664, 0.401
2252, 0.1512, 0.401
2253, 0.2057, 0.398
2254, 0.1942, 0.397
2255, 0.1776, 0.386
2256, 0.1662, 0.384
2257, 0.1491, 0.384
2258, 0.0932, 0.384
2259, 0.1110, 0.381
2260, 0.1299, 0.384
2261, 0.2037, 0.384
2262, 0.2134, 1.925
2263, 0.2410, 0.388
2264, 0.1640, 0.484
2265, 0.1937, 0.386
2266, 0.1727, 0.384
2267, 0.1753, 0.407
2268, 0.1940, 0.404
2269, 0.0910, 0.398
2270, 0.1305, 0.402
2271, 0.1536, 0.403
2272, 0.1720, 0.404
2273, 0.1767, 0.410
2274, 0.2043, 0.406
2275, 0.1713, 0.399
2276, 0.1630, 0.400
2277, 0.1610, 0.400
2278, 0.1454, 0.403
2279, 0.1814, 0.418
2280, 0.2238, 0.400
2281, 0.2542, 0.405
2282, 0.2535, 0.398
2283, 0.2217, 0.408
2284, 0.2043, 0.405
2285, 0.1504, 0.402
2286, 0.2532, 0.403
2287, 0.2026, 0.402
2288, 0.1936, 0.400
2289, 0.2016, 0.401
2290, 0.1781, 0.401
2291, 0.1366, 0.400
2292, 0.1399, 0.403
2293, 0.2106, 0.401
2294, 0.2433, 0.400
2295, 0.2211, 0.403
2296, 0.1891, 0.404
2297, 0.1653, 0.401
2298, 0.2158, 0.396
2299, 0.1916, 0.395
2300, 0.2051, 0.401
2301, 0.1709, 0.405
2302, 0.1492, 0.403
2303, 0.2242, 0.397
2304, 0.1397, 0.399
2305, 0.1739, 0.401
2306, 0.1842, 0.396
2307, 0.2109, 0.396
2308, 0.1347, 0.402
2309, 0.2022, 0.403
2310, 0.1318, 0.401
2311, 0.1559, 0.401
2312, 0.1568, 0.399
2313, 0.1717, 0.393
2314, 0.2204, 0.399
2315, 0.1613, 0.404
2316, 0.1499, 0.411
2317, 0.3790, 0.395
2318, 0.3064, 0.403
2319, 0.1439, 0.399
2320, 0.1255, 0.402
2321, 0.1260, 0.395
2322, 0.1758, 0.397
2323, 0.1827, 0.401
2324, 0.1852, 0.402
2325, 0.1909, 0.402
2326, 0.1286, 0.400
2327, 0.2758, 0.403
2328, 0.2024, 0.485
2329, 0.0915, 0.407
2330, 0.3017, 0.407
2331, 0.2190, 0.409
2332, 0.2512, 0.404
2333, 0.1946, 0.397
2334, 0.1742, 0.403
2335, 0.1955, 0.405
2336, 0.1772, 0.410
2337, 0.1890, 0.408
2338, 0.2529, 0.416
2339, 0.1264, 0.409
2340, 0.2264, 0.400
2341, 0.1215, 0.415
2342, 0.1798, 0.421
2343, 0.1814, 0.420
2344, 0.2112, 0.422
2345, 0.1738, 0.415
2346, 0.1825, 0.432
2347, 0.1431, 0.415
2348, 0.1686, 0.426
2349, 0.1651, 0.444
2350, 0.1838, 0.415
2351, 0.1273, 0.405
2352, 0.2169, 0.415
2353, 0.1072, 0.420
2354, 0.1585, 0.456
2355, 0.1851, 0.416
2356, 0.1362, 0.436
2357, 0.2039, 0.443
2358, 0.0851, 0.432
2359, 0.1953, 0.434
2360, 0.1617, 0.417
2361, 0.1811, 0.418
2362, 0.1962, 0.413
2363, 0.1585, 0.413
2364, 0.0994, 0.411
2365, 0.2103, 0.410
2366, 0.1641, 0.405
2367, 0.1623, 0.417
2368, 0.1989, 0.415
2369, 0.1911, 0.416
2370, 0.1638, 0.417
2371, 0.1305, 0.429
2372, 0.1222, 0.429
2373, 0.2100, 0.417
2374, 0.1824, 0.416
2375, 0.2603, 0.414
2376, 0.1762, 0.413
2377, 0.1651, 0.426
2378, 0.1255, 0.413
2379, 0.2150, 0.431
2380, 0.1842, 0.684
2381, 0.1917, 0.413
2382, 0.1871, 0.755
2383, 0.2526, 0.436
2384, 0.1781, 0.429
2385, 0.1550, 0.495
2386, 0.1834, 0.399
2387, 0.1556, 0.393
2388, 0.1570, 0.413
2389, 0.1433, 0.408
2390, 0.1707, 0.425
2391, 0.2399, 0.413
2392, 0.2596, 0.423
2393, 0.2309, 0.425
2394, 0.1832, 0.683
2395, 0.1628, 0.430
2396, 0.1900, 0.410
2397, 0.2093, 0.418
2398, 0.2331, 0.436
2399, 0.1547, 0.426
2400, 0.1340, 0.597
2401, 0.0545, 0.399
2402, 0.2627, 0.394
2403, 0.1764, 0.395
2404, 0.1419, 0.397
2405, 0.1978, 0.396
2406, 0.1682, 0.403
2407, 0.1889, 0.403
2408, 0.1335, 0.404
2409, 0.1372, 0.420
2410, 0.2356, 0.415
2411, 0.1950, 0.395
2412, 0.1280, 0.411
2413, 0.1279, 0.385
2414, 0.1455, 0.387
2415, 0.1544, 0.385
2416, 0.1260, 0.387
2417, 0.2093, 0.386
2418, 0.0750, 2.339
2419, 0.1382, 0.397
2420, 0.1505, 1.537
2421, 0.2418, 0.393
2422, 0.2628, 0.393
2423, 0.1491, 0.396
2424, 0.1344, 0.410
2425, 0.1240, 0.860
2426, 0.1981, 0.402
2427, 0.2261, 0.413
2428, 0.1303, 0.417
2429, 0.1545, 0.418
2430, 0.1686, 1.001
2431, 0.1244, 0.425
2432, 0.1590, 0.410
2433, 0.1598, 0.417
2434, 0.2036, 0.411
2435, 0.2331, 0.418
2436, 0.1346, 0.418
2437, 0.2163, 0.417
2438, 0.0978, 0.415
2439, 0.1696, 0.415
2440, 0.1947, 0.416
2441, 0.2107, 0.429
2442, 0.1895, 0.422
2443, 0.1830, 0.420
2444, 0.1582, 0.416
2445, 0.2101, 0.408
2446, 0.1480, 0.413
2447, 0.2790, 0.402
2448, 0.2039, 0.413
2449, 0.2184, 0.420
2450, 0.2811, 0.418
2451, 0.2569, 0.408
2452, 0.1483, 0.410
2453, 0.1676, 0.408
2454, 0.2082, 0.413
2455, 0.1824, 0.414
2456, 0.1286, 0.417
2457, 0.1199, 0.413
2458, 0.2134, 0.417
2459, 0.1806, 0.419
2460, 0.1250, 0.407
2461, 0.1398, 0.418
2462, 0.0865, 0.407
2463, 0.1738, 0.410
2464, 0.2143, 0.414
2465, 0.1362, 0.416
2466, 0.1165, 0.402
2467, 0.0988, 0.404
2468, 0.1436, 0.410
2469, 0.1523, 0.404
2470, 0.1158, 0.412
2471, 0.1969, 0.414
2472, 0.2205, 0.411
2473, 0.1612, 0.418
2474, 0.1488, 0.413
2475, 0.1719, 0.415
2476, 0.1719, 0.418
2477, 0.1659, 0.418
2478, 0.1960, 0.407
2479, 0.1245, 0.556
2480, 0.1509, 0.417
2481, 0.1420, 0.413
2482, 0.2226, 0.419
2483, 0.2246, 0.405
2484, 0.1848, 0.444
2485, 0.1719, 0.414
2486, 0.1306, 0.418
2487, 0.2310, 0.401
2488, 0.1968, 0.403
2489, 0.1550, 0.405
2490, 0.1574, 0.404
2491, 0.2065, 0.412
2492, 0.1845, 0.414
2493, 0.2335, 0.419
2494, 0.1914, 0.419
2495, 0.1002, 0.410
2496, 0.1523, 0.408
2497, 0.1637, 0.424
2498, 0.2183, 0.425
2499, 0.2020, 0.419
2500, 0.1920, 0.415
2501, 0.1408, 0.409
2502, 0.1768, 0.414
2503, 0.2170, 0.439
2504, 0.1961, 0.410
2505, 0.1092, 0.407
2506, 0.0706, 0.403
2507, 0.1258, 0.415
2508, 0.1683, 0.423
2509, 0.1728, 0.579
2510, 0.1369, 0.409
2511, 0.1757, 0.404
2512, 0.1419, 0.558
2513, 0.1181, 0.404
2514, 0.1834, 0.417
2515, 0.1561, 0.415
2516, 0.2184, 0.409
2517, 0.1955, 0.426
2518, 0.1853, 0.411
2519, 0.1784, 0.404
2520, 0.1436, 0.403
2521, 0.1739, 0.414
2522, 0.2083, 0.424
2523, 0.1328, 0.411
2524, 0.2115, 0.409
2525, 0.1076, 0.403
2526, 0.1446, 0.777
2527, 0.1457, 0.406
2528, 0.2213, 0.407
2529, 0.1863, 0.414
2530, 0.2184, 0.407
2531, 0.1881, 0.407
2532, 0.0943, 0.427
2533, 0.1052, 0.407
2534, 0.1598, 0.408
2535, 0.1334, 0.406
2536, 0.1228, 0.422
2537, 0.1670, 0.411
2538, 0.1120, 0.402
2539, 0.1444, 0.404
2540, 0.2185, 0.400
2541, 0.1546, 0.408
2542, 0.1736, 0.406
2543, 0.1728, 0.404
2544, 0.1423, 0.409
2545, 0.1387, 0.411
2546, 0.1364, 0.401
2547, 0.1199, 0.404
2548, 0.1380, 0.403
2549, 0.1981, 0.413
2550, 0.1907, 0.414
2551, 0.2619, 0.402
2552, 0.1602, 0.405
2553, 0.1363, 0.403
2554, 0.1871, 0.414
2555, 0.1769, 0.401
2556, 0.1725, 0.402
2557, 0.1723, 0.403
2558, 0.0949, 0.400
2559, 0.1416, 0.412
2560, 0.2380, 0.396
2561, 0.1369, 0.392
2562, 0.1983, 0.380
2563, 0.1389, 0.382
2564, 0.2008, 0.382
2565, 0.1802, 0.381
2566, 0.1390, 0.382
2567, 0.1789, 0.380
2568, 0.1704, 0.381
2569, 0.2563, 2.116
2570, 0.1492, 0.385
2571, 0.2066, 0.666
2572, 0.2017, 0.571
2573, 0.1844, 1.053
2574, 0.1256, 0.392
2575, 0.1894, 2.183
2576, 0.1522, 0.390
2577, 0.1437, 1.470
2578, 0.1996, 0.390
2579, 0.1382, 2.509
2580, 0.1649, 0.390
2581, 0.1594, 0.394
2582, 0.0720, 2.018
2583, 0.2147, 0.399
2584, 0.2058, 0.406
2585, 0.2137, 0.387
2586, 0.1518, 0.392
2587, 0.1880, 0.449
2588, 0.1854, 0.390
2589, 0.1639, 0.405
2590, 0.1974, 0.405
2591, 0.1752, 0.401
2592, 0.1769, 0.403
2593, 0.1606, 0.402
2594, 0.1320, 0.402
2595, 0.1458, 0.412
2596, 0.1258, 0.418
2597, 0.1809, 0.417
2598, 0.1265, 0.407
2599, 0.1458, 0.404
2600, 0.1214, 0.406
2601, 0.1618, 0.468
2602, 0.1412, 0.408
2603, 0.1745, 0.403
2604, 0.1842, 0.414
2605, 0.1459, 0.416
2606, 0.1746, 0.408
2607, 0.1837, 0.408
2608, 0.2157, 0.970
2609, 0.0976, 0.418
2610, 0.2113, 0.407
2611, 0.2356, 0.950
2612, 0.1234, 0.393
2613, 0.1779, 3.504
2614, 0.2245, 0.411
2615, 0.2695, 0.489
2616, 0.1046, 0.405
2617, 0.1799, 1.364
2618, 0.1734, 0.407
2619, 0.1772, 1.050
2620, 0.2208, 0.412
2621, 0.1880, 1.415
2622, 0.1307, 0.403
2623, 0.1264, 0.408
2624, 0.1707, 0.413
2625, 0.1966, 0.416
2626, 0.1541, 0.412
2627, 0.1028, 0.413
2628, 0.1940, 0.409
2629, 0.1618, 1.069
2630, 0.2173, 1.283
2631, 0.1715, 0.402
2632, 0.1998, 0.415
2633, 0.1640, 0.418
2634, 0.1855, 0.424
2635, 0.1604, 0.424
2636, 0.1900, 2.758
2637, 0.2059, 0.412
2638, 0.1271, 0.413
2639, 0.1407, 0.414
2640, 0.2236, 0.413
2641, 0.1755, 0.407
2642, 0.1227, 0.576
2643, 0.1543, 0.416
2644, 0.1157, 0.415
2645, 0.1826, 0.757
2646, 0.1457, 0.871
2647, 0.1286, 0.412
2648, 0.1547, 0.402
2649, 0.1355, 0.403
2650, 0.1325, 0.403
2651, 0.1243, 0.401
2652, 0.0878, 0.400
2653, 0.2146, 0.407
2654, 0.1204, 0.407
2655, 0.2240, 0.401
2656, 0.1958, 0.406
2657, 0.1567, 0.410
2658, 0.2133, 0.414
2659, 0.1557, 0.405
2660, 0.1892, 0.404
2661, 0.1524, 0.408
2662, 0.1783, 0.405
2663, 0.1547, 0.404
2664, 0.1644, 0.402
2665, 0.1798, 0.402
2666, 0.1338, 0.401
2667, 0.2102, 0.401
2668, 0.1597, 0.403
2669, 0.1777, 0.397
2670, 0.1473, 0.383
2671, 0.1848, 0.383
2672, 0.1799, 0.386
2673, 0.1824, 0.384
2674, 0.2062, 0.381
2675, 0.1774, 0.381
2676, 0.1306, 0.380
2677, 0.2121, 3.161
2678, 0.1571, 0.391
2679, 0.1861, 0.387
2680, 0.1312, 2.170
2681, 0.2157, 0.386
2682, 0.2374, 1.996
2683, 0.1327, 0.392
2684, 0.1000, 1.136
2685, 0.2081, 0.406
2686, 0.2311, 0.402
2687, 0.1220, 0.410
2688, 0.1672, 0.769
2689, 0.2724, 0.406
2690, 0.1863, 0.407
2691, 0.1881, 0.402
2692, 0.1534, 0.404
2693, 0.1035, 0.409
2694, 0.1525, 0.405
2695, 0.2129, 0.400
2696, 0.0930, 0.414
2697, 0.1318, 0.405
2698, 0.2015, 0.410
2699, 0.1358, 0.415
2700, 0.3906, 0.406
2701, 0.3259, 0.415
2702, 0.2249, 0.404
2703, 0.1359, 0.857
2704, 0.1783, 0.484
2705, 0.1884, 1.001
2706, 0.1699, 0.407
2707, 0.1241, 0.403
2708, 0.1879, 0.414
2709, 0.2347, 0.399
2710, 0.1682, 0.410
2711, 0.1720, 0.427
2712, 0.1237, 0.402
2713, 0.1689, 0.401
2714, 0.1414, 0.403
2715, 0.1636, 0.400
2716, 0.1786, 0.402
2717, 0.1540, 0.407
2718, 0.2066, 0.408
2719, 0.1797, 0.406
2720, 0.1314, 0.403
2721, 0.1281, 0.403
2722, 0.1611, 0.405
2723, 0.1127, 0.406
2724, 0.1716, 0.414
2725, 0.1262, 0.499
2726, 0.1304, 0.407
2727, 0.2528, 0.569
2728, 0.1146, 0.413
2729, 0.1417, 0.798
2730, 0.1246, 0.404
2731, 0.1178, 1.485
2732, 0.1337, 0.400
2733, 0.1938, 0.413
2734, 0.1939, 0.404
2735, 0.2252, 0.408
2736, 0.2021, 0.413
2737, 0.2017, 0.409
2738, 0.1701, 0.415
2739, 0.0759, 0.402
2740, 0.1441, 0.406
2741, 0.1160, 0.410
2742, 0.1500, 0.407
2743, 0.1027, 2.677
2744, 0.1365, 0.412
2745, 0.1256, 0.407
2746, 0.1357, 1.526
2747, 0.2320, 0.403
2748, 0.2503, 1.276
2749, 0.1558, 0.407
2750, 0.1075, 0.411
2751, 0.1880, 0.411
2752, 0.2264, 0.413
2753, 0.1897, 0.452
2754, 0.1982, 0.413
2755, 0.2284, 0.403
2756, 0.1737, 0.399
2757, 0.1128, 0.398
2758, 0.1281, 0.407
2759, 0.1818, 0.399
2760, 0.1507, 0.439
2761, 0.1677, 0.404
2762, 0.1590, 0.402
2763, 0.1467, 0.402
2764, 0.1660, 0.400
2765, 0.1416, 0.406
2766, 0.1715, 0.406
2767, 0.1881, 0.402
2768, 0.1534, 0.400
2769, 0.1041, 0.403
2770, 0.1524, 0.402
2771, 0.1061, 0.404
2772, 0.1549, 0.403
2773, 0.1339, 0.401
2774, 0.1443, 0.409
2775, 0.2336, 0.400
2776, 0.2213, 0.404
2777, 0.1689, 0.413
2778, 0.1234, 0.416
2779, 0.1323, 0.856
2780, 0.1671, 0.421
2781, 0.1215, 0.761
2782, 0.1761, 0.440
2783, 0.1615, 0.426
2784, 0.1839, 0.418
2785, 0.1776, 0.586
2786, 0.1280, 0.433
2787, 0.2704, 0.443
2788, 0.1417, 0.439
2789, 0.1833, 0.443
2790, 0.2275, 0.424
2791, 0.1726, 0.404
2792, 0.1130, 0.416
2793, 0.1652, 0.421
2794, 0.1337, 0.622
2795, 0.1847, 0.388
2796, 0.1271, 0.409
2797, 0.2323, 0.402
2798, 0.0943, 0.398
2799, 0.1462, 0.406
2800, 0.0963, 0.408
2801, 0.1226, 0.402
2802, 0.1167, 3.592
2803, 0.0771, 1.201
2804, 0.2076, 0.398
2805, 0.1812, 0.394
2806, 0.1289, 0.386
2807, 0.1700, 0.387
2808, 0.0984, 0.392
2809, 0.1744, 2.111
2810, 0.1036, 0.724
2811, 0.1361, 1.775
2812, 0.1630, 0.390
2813, 0.1291, 1.315
2814, 0.1583, 0.406
2815, 0.1724, 0.404
2816, 0.1703, 0.406
2817, 0.1851, 0.410
2818, 0.1889, 0.413
2819, 0.1821, 1.073
2820, 0.1279, 0.402
2821, 0.1940, 0.415
2822, 0.1879, 0.414
2823, 0.1030, 0.421
2824, 0.1774, 0.408
2825, 0.1998, 0.419
2826, 0.1439, 0.426
2827, 0.1394, 0.656
2828, 0.1501, 0.407
2829, 0.1608, 0.418
2830, 0.1180, 0.478
2831, 0.1069, 0.405
2832, 0.0864, 0.412
2833, 0.1331, 0.407
2834, 0.0962, 0.575
2835, 0.1356, 0.402
2836, 0.1654, 0.415
2837, 0.1107, 0.407
2838, 0.1303, 0.406
2839, 0.1946, 0.415
2840, 0.1382, 0.408
2841, 0.1406, 0.412
2842, 0.1909, 0.411
2843, 0.1898, 0.501
2844, 0.2614, 0.400
2845, 0.0982, 0.409
2846, 0.1260, 0.422
2847, 0.2046, 0.416
2848, 0.1255, 0.410
2849, 0.1756, 0.413
2850, 0.1410, 0.417
2851, 0.1602, 0.410
2852, 0.1236, 0.401
2853, 0.1240, 0.402
2854, 0.1447, 0.404
2855, 0.1212, 0.419
2856, 0.1360, 0.409
2857, 0.2360, 1.238
2858, 0.2157, 0.431
2859, 0.1976, 0.420
2860, 0.1919, 0.428
2861, 0.2187, 0.414
2862, 0.1328, 0.413
2863, 0.1213, 0.417
2864, 0.1034, 0.413
2865, 0.1669, 0.408
2866, 0.1427, 0.407
2867, 0.1557, 0.410
2868, 0.1482, 0.405
2869, 0.2259, 0.403
2870, 0.1129, 0.397
2871, 0.0831, 0.413
2872, 0.1526, 0.421
2873, 0.1672, 0.420
2874, 0.1415, 0.410
2875, 0.1238, 0.418
2876, 0.0936, 0.406
2877, 0.1519, 0.427
2878, 0.1735, 0.404
2879, 0.1873, 0.417
2880, 0.1788, 0.410
2881, 0.1860, 0.410
2882, 0.1472, 0.401
2883, 0.1554, 0.403
2884, 0.1223, 0.407
2885, 0.0943, 0.410
2886, 0.1913, 0.410
2887, 0.1699, 0.598
2888, 0.1297, 0.415
2889, 0.1350, 0.407
2890, 0.2034, 0.417
2891, 0.1568, 0.409
2892, 0.1449, 0.413
2893, 0.0963, 0.403
2894, 0.1729, 0.414
2895, 0.2817, 0.424
2896, 0.1909, 0.414
2897, 0.2894, 0.413
2898, 0.1557, 0.402
2899, 0.1633, 0.402
2900, 0.1526, 0.412
2901, 0.1883, 0.409
2902, 0.1545, 0.404
2903, 0.1696, 0.407
2904, 0.1574, 0.408
2905, 0.1527, 0.404
2906, 0.1567, 0.406
2907, 0.1442, 0.402
2908, 0.2090, 0.405
2909, 0.1306, 0.411
2910, 0.1716, 0.416
2911, 0.1679, 0.420
2912, 0.1628, 0.417
2913, 0.1723, 0.410
2914, 0.1070, 0.407
2915, 0.1447, 0.433
2916, 0.1261, 0.407
2917, 0.1590, 0.410
2918, 0.1315, 0.426
2919, 0.1478, 0.464
2920, 0.1298, 0.406
2921, 0.1031, 0.415
2922, 0.1201, 0.749
2923, 0.1511, 0.417
2924, 0.0813, 0.414
2925, 0.0969, 0.411
2926, 0.1194, 0.472
2927, 0.0506, 0.420
2928, 0.1399, 0.392
2929, 0.1626, 0.402
2930, 0.1298, 0.402
2931, 0.1253, 0.403
2932, 0.0713, 0.391
2933, 0.0413, 0.386
2934, 0.1241, 0.385
2935, 0.1108, 0.392
2936, 0.1493, 0.386
2937, 0.1750, 0.385
2938, 0.0838, 2.611
2939, 0.0591, 1.311
2940, 0.1172, 0.394
2941, 0.1454, 1.544
2942, 0.1293, 0.393
2943, 0.1106, 0.396
2944, 0.1679, 1.297
2945, 0.0911, 0.411
2946, 0.1490, 0.868
2947, 0.1997, 0.416
2948, 0.1671, 0.555
2949, 0.1694, 0.408
2950, 0.1857, 0.409
2951, 0.1597, 0.405
2952, 0.1780, 0.413
2953, 0.1905, 0.407
2954, 0.1424, 0.411
2955, 0.1860, 0.409
2956, 0.1596, 0.413
2957, 0.1501, 0.405
2958, 0.1548, 0.411
2959, 0.1534, 0.749
2960, 0.1107, 0.416
2961, 0.1377, 0.412
2962, 0.0864, 0.419
2963, 0.1195, 0.416
2964, 0.1259, 0.405
2965, 0.1897, 0.411
2966, 0.1063, 0.449
2967, 0.1194, 0.395
2968, 0.1781, 0.396
2969, 0.1715, 0.396
2970, 0.1572, 0.401
2971, 0.1271, 0.406
2972, 0.1370, 0.402
2973, 0.1101, 0.407
2974, 0.1649, 0.401
2975, 0.1085, 0.400
2976, 0.1477, 0.407
2977, 0.1828, 0.401
2978, 0.2451, 0.403
2979, 0.2227, 0.403
2980, 0.2281, 0.405
2981, 0.1417, 0.404
2982, 0.1476, 0.402
2983, 0.0999, 0.403
2984, 0.1931, 0.405
2985, 0.1275, 0.402
2986, 0.1107, 0.407
2987, 0.0670, 0.403
2988, 0.1615, 0.405
2989, 0.1711, 0.405
2990, 0.1772, 2.037
2991, 0.1117, 0.402
2992, 0.1818, 0.411
2993, 0.1173, 1.884
2994, 0.1393, 0.403
2995, 0.1771, 0.402
2996, 0.1691, 0.413
2997, 0.1635, 0.409
2998, 0.1668, 0.400
2999, 0.1047, 0.403
3000, 0.1172, 0.402
3001, 0.1628, 0.393
3002, 0.1346, 0.394
3003, 0.1617, 0.402
3004, 0.1835, 0.401
3005, 0.1793, 0.404
3006, 0.1076, 0.404
3007, 0.1428, 0.411
3008, 0.1048, 0.408
3009, 0.1657, 0.405
3010, 0.1294, 0.411
3011, 0.1525, 0.473
3012, 0.1083, 0.689
3013, 0.1497, 0.407
3014, 0.1322, 0.410
3015, 0.1895, 0.923
3016, 0.1469, 0.404
3017, 0.1534, 0.409
3018, 0.1634, 0.405
3019, 0.2101, 1.206
3020, 0.1840, 0.410
3021, 0.1586, 0.407
3022, 0.1408, 0.397
3023, 0.1478, 0.413
3024, 0.1390, 0.675
3025, 0.1584, 0.413
3026, 0.1478, 0.602
3027, 0.1241, 0.979
3028, 0.2286, 0.408
3029, 0.0975, 0.406
3030, 0.1012, 0.403
3031, 0.2168, 0.976
3032, 0.1615, 0.409
3033, 0.2085, 0.413
3034, 0.1599, 0.413
3035, 0.1300, 0.408
3036, 0.1494, 0.414
3037, 0.1711, 0.419
3038, 0.1749, 0.421
3039, 0.2609, 0.421
3040, 0.1386, 0.415
3041, 0.1513, 0.740
3042, 0.0816, 0.845
3043, 0.1933, 0.418
3044, 0.0854, 0.799
3045, 0.1528, 0.404
3046, 0.2085, 0.401
3047, 0.1156, 0.412
3048, 0.1711, 0.410
3049, 0.1133, 0.409
3050, 0.1154, 0.402
3051, 0.2773, 0.405
3052, 0.1815, 0.405
3053, 0.1442, 0.412
3054, 0.1115, 0.416
3055, 0.1310, 0.404
3056, 0.1831, 0.407
3057, 0.2062, 0.403
3058, 0.1808, 0.411
3059, 0.1315, 0.403
3060, 0.2201, 0.411
3061, 0.1771, 0.405
3062, 0.2106, 0.408
3063, 0.1284, 0.397
3064, 0.1820, 0.385
3065, 0.1877, 0.386
3066, 0.1498, 0.391
3067, 0.0829, 0.386
3068, 0.1667, 0.386
3069, 0.2061, 0.385
3070, 0.1147, 0.385
3071, 0.1157, 3.395
3072, 0.1331, 0.390
3073, 0.1638, 0.393
3074, 0.1230, 0.391
3075, 0.1829, 0.389
3076, 0.1613, 1.907
3077, 0.1631, 0.389
3078, 0.1600, 0.402
3079, 0.1237, 0.406
3080, 0.1307, 0.409
3081, 0.1554, 1.759
3082, 0.1673, 0.408
3083, 0.1829, 0.403
3084, 0.1627, 0.415
3085, 0.1733, 0.411
3086, 0.2184, 0.408
3087, 0.2238, 0.413
3088, 0.2066, 0.421
3089, 0.2121, 0.410
3090, 0.1927, 0.411
3091, 0.1334, 0.410
3092, 0.1540, 1.875
3093, 0.1780, 0.414
3094, 0.2110, 0.410
3095, 0.2149, 0.407
3096, 0.1452, 0.412
3097, 0.1050, 0.410
3098, 0.1454, 0.413
3099, 0.1707, 0.684
3100, 0.1109, 0.406
3101, 0.0706, 0.411
3102, 0.1093, 0.414
3103, 0.1578, 0.414
3104, 0.2150, 0.838
3105, 0.2280, 0.414
3106, 0.1290, 0.401
3107, 0.1966, 0.400
3108, 0.1774, 0.401
3109, 0.1369, 0.400
3110, 0.0891, 0.401
3111, 0.1850, 0.410
3112, 0.2047, 0.414
3113, 0.1332, 0.411
3114, 0.1940, 0.407
3115, 0.1368, 0.479
3116, 0.1552, 0.401
3117, 0.2514, 0.408
3118, 0.1450, 0.409
3119, 0.1476, 0.409
3120, 0.1587, 0.401
3121, 0.2300, 0.403
3122, 0.1497, 0.404
3123, 0.0979, 0.410
3124, 0.1930, 0.404
3125, 0.1002, 0.400
3126, 0.1374, 0.409
3127, 0.1399, 0.411
3128, 0.1295, 0.403
3129, 0.1677, 0.408
3130, 0.1305, 0.409
3131, 0.1282, 0.836
3132, 0.1601, 0.415
3133, 0.1170, 0.812
3134, 0.1136, 0.390
3135, 0.2156, 1.842
3136, 0.1120, 0.403
3137, 0.2601, 0.404
3138, 0.1216, 0.402
3139, 0.1794, 0.403
3140, 0.1621, 0.776
3141, 0.1217, 0.410
3142, 0.0962, 0.955
3143, 0.1792, 0.388
3144, 0.1990, 0.405
3145, 0.1952, 0.399
3146, 0.1735, 0.410
3147, 0.1194, 0.407
3148, 0.1486, 0.403
3149, 0.1530, 0.854
3150, 0.1541, 0.419
3151, 0.1282, 0.411
3152, 0.1693, 0.408
3153, 0.2198, 0.410
3154, 0.0900, 0.412
3155, 0.1357, 0.415
3156, 0.1030, 0.918
3157, 0.1204, 0.406
3158, 0.1305, 0.407
3159, 0.1676, 1.413
3160, 0.1627, 0.882
3161, 0.2761, 0.416
3162, 0.1623, 0.400
3163, 0.1230, 0.397
3164, 0.0781, 0.400
3165, 0.1203, 0.404
3166, 0.0800, 0.411
3167, 0.0369, 0.410
3168, 0.0475, 0.406
3169, 0.0824, 0.407
3170, 0.0535, 0.390
3171, 0.0963, 0.408
3172, 0.1011, 0.424
3173, 0.1962, 0.403
3174, 0.1910, 0.448
3175, 0.1140, 0.399
3176, 0.1637, 0.403
3177, 0.2034, 0.398
3178, 0.1347, 0.399
3179, 0.0842, 0.402
3180, 0.1768, 0.401
3181, 0.2224, 0.407
3182, 0.1385, 0.408
3183, 0.1699, 0.403
3184, 0.2276, 0.411
3185, 0.1800, 0.412
3186, 0.1235, 0.406
3187, 0.0951, 0.405
3188, 0.1467, 0.407
3189, 0.0833, 2.472
3190, 0.0727, 0.407
3191, 0.2219, 0.406
3192, 0.2052, 0.968
3193, 0.1602, 0.391
3194, 0.1270, 0.391
3195, 0.1389, 0.392
3196, 0.0890, 0.395
3197, 0.1201, 0.396
3198, 0.1891, 0.391
3199, 0.2920, 0.395
3200, 0.1313, 2.471
3201, 0.1975, 0.397
3202, 0.2251, 3.036
3203, 0.1114, 0.395
3204, 0.0594, 0.413
3205, 0.1364, 1.309
3206, 0.1225, 0.409
3207, 0.2357, 0.421
3208, 0.1831, 0.949
3209, 0.2288, 0.411
3210, 0.2167, 0.419
3211, 0.1030, 2.359
3212, 0.2129, 0.430
3213, 0.1010, 0.407
3214, 0.1711, 0.402
3215, 0.1445, 0.406
3216, 0.1412, 0.412
3217, 0.1803, 0.407
3218, 0.0981, 0.414
3219, 0.1354, 0.405
3220, 0.1110, 0.403
3221, 0.1296, 0.405
3222, 0.2333, 0.401
3223, 0.2181, 0.403
3224, 0.1956, 0.406
3225, 0.1405, 1.516
3226, 0.1107, 0.425
3227, 0.1075, 1.244
3228, 0.0802, 0.416
3229, 0.0616, 0.412
3230, 0.1112, 0.402
3231, 0.1817, 0.403
3232, 0.0976, 0.402
3233, 0.1121, 0.403
3234, 0.1551, 0.399
3235, 0.1567, 0.404
3236, 0.1087, 0.411
3237, 0.1722, 0.400
3238, 0.1082, 0.400
3239, 0.1673, 0.401
3240, 0.1911, 0.406
3241, 0.1835, 0.551
3242, 0.1693, 0.406
3243, 0.1176, 0.977
3244, 0.1289, 0.403
3245, 0.1246, 0.411
3246, 0.1024, 0.401
3247, 0.1479, 0.409
3248, 0.1529, 0.772
3249, 0.1089, 0.405
3250, 0.1849, 0.400
3251, 0.1811, 0.398
3252, 0.1837, 0.405
3253, 0.1533, 0.414
3254, 0.1704, 0.789
3255, 0.1757, 0.413
3256, 0.2389, 0.414
3257, 0.1907, 0.411
3258, 0.1922, 0.403
3259, 0.1744, 1.137
3260, 0.1024, 0.674
3261, 0.1432, 0.414
3262, 0.1104, 0.406
3263, 0.1332, 0.911
3264, 0.1853, 1.761
3265, 0.2205, 0.417
3266, 0.0835, 0.464
3267, 0.1585, 0.409
3268, 0.2332, 0.418
3269, 0.1698, 0.409
3270, 0.1509, 0.413
3271, 0.1171, 0.404
3272, 0.1350, 0.596
3273, 0.1737, 0.409
3274, 0.1830, 0.401
3275, 0.2649, 0.402
3276, 0.1664, 0.407
3277, 0.1639, 0.400
3278, 0.1421, 0.401
3279, 0.1253, 0.405
3280, 0.1292, 0.407
3281, 0.1403, 0.410
3282, 0.1232, 0.409
3283, 0.1658, 0.410
3284, 0.1882, 0.893
3285, 0.2196, 0.405
3286, 0.1455, 0.404
3287, 0.1433, 0.404
3288, 0.1790, 0.412
3289, 0.1032, 0.401
3290, 0.2699, 0.404
3291, 0.1955, 0.424
3292, 0.2095, 0.414
3293, 0.0660, 0.403
3294, 0.1068, 0.400
3295, 0.1247, 0.405
3296, 0.1466, 0.404
3297, 0.1107, 0.407
3298, 0.1012, 0.405
3299, 0.1561, 0.409
3300, 0.1549, 0.411
3301, 0.1459, 0.400
3302, 0.1709, 0.402
3303, 0.1162, 0.413
3304, 0.1471, 0.418
3305, 0.1623, 0.407
3306, 0.1747, 0.410
3307, 0.1904, 0.409
3308, 0.0916, 0.690
3309, 0.1151, 0.405
3310, 0.1420, 0.407
3311, 0.1472, 0.400
3312, 0.1371, 0.402
3313, 0.1684, 0.408
3314, 0.1418, 0.399
3315, 0.1994, 0.397
3316, 0.1846, 0.385
3317, 0.1389, 0.402
3318, 0.2263, 0.600
3319, 0.0996, 0.383
3320, 0.2054, 0.385
3321, 0.1136, 0.384
3322, 0.1647, 0.384
3323, 0.1570, 0.382
3324, 0.1576, 2.300
3325, 0.2083, 0.387
3326, 0.1958, 0.902
3327, 0.1598, 1.478
3328, 0.1582, 0.392
3329, 0.1167, 0.390
3330, 0.1639, 0.387
3331, 0.1988, 0.386
3332, 0.2241, 0.399
3333, 0.1313, 0.389
3334, 0.1465, 0.415
3335, 0.1350, 1.455
3336, 0.1409, 0.468
3337, 0.1517, 0.411
3338, 0.1442, 0.402
3339, 0.1522, 0.403
3340, 0.1264, 0.403
3341, 0.1938, 0.403
3342, 0.1377, 0.415
3343, 0.1251, 0.419
3344, 0.1013, 0.417
3345, 0.1171, 0.406
3346, 0.1798, 0.404
3347, 0.2559, 0.406
3348, 0.1608, 0.622
3349, 0.1300, 0.409
3350, 0.1592, 0.414
3351, 0.1522, 0.843
3352, 0.1143, 0.402
3353, 0.1317, 0.401
3354, 0.1931, 0.402
3355, 0.1882, 0.407
3356, 0.1446, 0.400
3357, 0.2270, 0.409
3358, 0.2082, 0.415
3359, 0.2178, 0.417
3360, 0.1115, 0.402
3361, 0.1402, 0.410
3362, 0.1282, 0.409
3363, 0.0845, 0.408
3364, 0.1685, 0.405
3365, 0.1232, 0.570
3366, 0.2115, 0.403
3367, 0.1300, 0.403
3368, 0.0839, 0.403
3369, 0.1118, 0.407
3370, 0.1902, 0.412
3371, 0.2283, 0.549
3372, 0.1024, 0.417
3373, 0.0918, 0.404
3374, 0.0795, 0.405
3375, 0.0935, 0.404
3376, 0.0634, 0.422
3377, 0.1452, 0.391
3378, 0.1110, 0.406
3379, 0.1346, 0.409
3380, 0.1292, 0.403
3381, 0.2305, 1.493
3382, 0.2086, 1.738
3383, 0.0879, 0.404
3384, 0.0797, 0.407
3385, 0.1595, 0.401
3386, 0.0848, 0.399
3387, 0.0703, 0.405
3388, 0.1758, 0.454
3389, 0.1253, 0.406
3390, 0.1315, 0.398
3391, 0.1402, 0.398
3392, 0.1458, 0.403
3393, 0.1239, 0.408
3394, 0.1299, 0.410
3395, 0.1522, 0.403
3396, 0.1704, 0.398
3397, 0.1161, 0.402
3398, 0.1211, 0.401
3399, 0.1082, 0.408
3400, 0.1857, 0.403
3401, 0.2490, 0.397
3402, 0.1437, 0.404
3403, 0.1214, 0.404
3404, 0.1138, 0.405
3405, 0.1262, 0.411
3406, 0.0989, 0.412
3407, 0.0995, 0.407
3408, 0.2541, 1.369
3409, 0.2015, 0.417
3410, 0.1182, 0.404
3411, 0.1467, 1.576
3412, 0.1107, 0.413
3413, 0.1653, 1.001
3414, 0.0935, 0.413
3415, 0.0926, 0.821
3416, 0.2336, 0.411
3417, 0.1421, 0.413
3418, 0.1126, 0.410
3419, 0.1057, 0.412
3420, 0.1267, 0.424
3421, 0.0900, 0.419
3422, 0.1121, 1.058
3423, 0.1586, 0.411
3424, 0.1569, 0.403
3425, 0.1420, 0.400
3426, 0.1284, 0.401
3427, 0.1920, 0.402
3428, 0.1329, 0.398
3429, 0.2424, 0.405
3430, 0.1848, 0.396
3431, 0.1657, 0.400
3432, 0.1488, 0.404
3433, 0.2104, 0.412
3434, 0.1668, 0.407
3435, 0.1974, 0.411
3436, 0.1005, 0.408
3437, 0.1593, 0.414
3438, 0.1592, 0.414
3439, 0.1326, 0.404
3440, 0.1721, 0.399
3441, 0.1212, 0.407
3442, 0.1423, 0.407
3443, 0.1618, 0.412
3444, 0.1164, 0.411
3445, 0.1704, 0.411
3446, 0.2533, 0.398
3447, 0.2606, 0.405
3448, 0.1565, 0.385
3449, 0.1089, 0.397
3450, 0.1153, 0.395
3451, 0.1086, 0.388
3452, 0.1356, 0.387
3453, 0.0902, 0.384
3454, 0.0911, 0.385
3455, 0.1495, 0.389
3456, 0.1204, 0.383
3457, 0.1725, 3.968
3458, 0.1393, 0.388
3459, 0.0883, 0.389
3460, 0.1938, 0.385
3461, 0.1498, 0.545
3462, 0.1929, 0.387
3463, 0.1948, 0.387
3464, 0.1980, 0.389
3465, 0.1983, 0.386
3466, 0.0973, 0.390
3467, 0.1871, 0.396
3468, 0.0709, 0.390
3469, 0.1671, 0.971
3470, 0.1748, 0.602
3471, 0.1653, 0.390
3472, 0.1192, 0.401
3473, 0.1111, 0.406
3474, 0.1648, 0.507
3475, 0.0679, 0.412
3476, 0.1557, 1.211
3477, 0.1352, 0.410
3478, 0.1741, 0.475
3479, 0.1437, 0.408
3480, 0.1816, 0.411
3481, 0.0827, 0.414
3482, 0.1491, 0.412
3483, 0.1823, 0.424
3484, 0.1323, 0.798
3485, 0.1390, 0.409
3486, 0.1667, 0.405
3487, 0.2019, 0.412
3488, 0.1527, 0.407
3489, 0.1721, 0.410
3490, 0.1794, 0.411
3491, 0.1579, 0.448
3492, 0.0805, 0.409
3493, 0.0886, 0.416
3494, 0.1740, 0.413
3495, 0.1178, 0.405
3496, 0.1664, 0.402
3497, 0.1296, 0.397
3498, 0.2098, 0.399
3499, 0.1493, 0.402
3500, 0.1204, 0.405
3501, 0.1608, 0.399
3502, 0.2277, 0.401
3503, 0.1657, 0.402
3504, 0.1644, 0.404
3505, 0.2331, 0.410
3506, 0.1588, 0.406
3507, 0.1174, 0.404
3508, 0.1460, 0.404
3509, 0.1750, 0.415
3510, 0.0797, 0.426
3511, 0.1668, 0.406
3512, 0.1689, 0.406
3513, 0.1545, 0.408
3514, 0.1122, 0.402
3515, 0.2817, 0.421
3516, 0.1911, 0.410
3517, 0.1562, 0.400
3518, 0.1842, 0.403
3519, 0.1253, 0.415
3520, 0.1076, 0.417
3521, 0.1439, 0.401
3522, 0.1101, 0.413
3523, 0.1681, 0.499
3524, 0.1361, 0.829
3525, 0.1213, 0.403
3526, 0.1237, 0.408
3527, 0.0940, 0.411
3528, 0.1850, 0.413
3529, 0.1971, 0.407
3530, 0.1983, 0.967
3531, 0.1461, 0.419
3532, 0.2001, 0.423
3533, 0.1696, 0.405
3534, 0.1348, 0.658
3535, 0.2254, 0.409
3536, 0.1809, 0.941
3537, 0.1658, 0.404
3538, 0.1509, 0.401
3539, 0.1989, 0.401
3540, 0.1941, 0.399
3541, 0.1948, 0.405
3542, 0.1421, 0.403
3543, 0.2275, 0.409
3544, 0.1286, 0.410
3545, 0.1462, 0.405
3546, 0.0884, 0.408
3547, 0.1627, 0.408
3548, 0.1232, 0.409
3549, 0.1124, 0.409
3550, 0.1204, 0.399
3551, 0.1257, 0.399
3552, 0.2071, 0.408
3553, 0.1658, 0.411
3554, 0.1423, 0.412
3555, 0.1045, 0.416
3556, 0.1955, 0.411
3557, 0.1338, 0.417
3558, 0.1887, 0.423
3559, 0.1688, 0.405
3560, 0.1845, 0.402
3561, 0.1613, 0.409
3562, 0.1822, 0.397
3563, 0.1865, 0.417
3564, 0.0954, 0.398
3565, 0.1804, 1.106
3566, 0.1039, 0.403
3567, 0.1361, 0.403
3568, 0.2860, 0.402
3569, 0.1147, 0.402
3570, 0.1680, 0.402
3571, 0.1860, 0.402
3572, 0.1827, 0.404
3573, 0.1064, 0.408
3574, 0.1152, 0.402
3575, 0.1643, 0.405
3576, 0.2031, 1.160
3577, 0.1491, 0.413
3578, 0.1304, 0.407
3579, 0.1715, 1.793
3580, 0.1881, 0.406
3581, 0.2183, 0.409
3582, 0.1886, 1.356
3583, 0.1180, 7.024
3584, 0.1408, 0.664
3585, 0.0984, 0.412
3586, 0.1373, 0.410
3587, 0.1787, 0.407
3588, 0.1077, 0.404
3589, 0.0513, 0.422
3590, 0.1679, 0.408
3591, 0.1460, 0.406
3592, 0.1660, 0.399
3593, 0.1625, 0.401
3594, 0.1582, 0.398
3595, 0.0881, 0.400
3596, 0.1656, 0.402
3597, 0.1825, 0.399
3598, 0.2121, 0.401
3599, 0.2205, 0.399
3600, 0.0904, 0.405
3601, 0.1786, 0.393
3602, 0.1514, 0.403
3603, 0.1828, 0.396
3604, 0.2493, 0.393
3605, 0.1698, 0.398
3606, 0.1287, 0.405
3607, 0.1683, 0.410
3608, 0.1239, 0.410
3609, 0.1818, 0.413
3610, 0.1464, 0.415
3611, 0.0918, 1.812
3612, 0.1419, 0.402
3613, 0.1619, 0.410
3614, 0.1567, 0.405
3615, 0.1882, 0.412
3616, 0.1696, 0.410
3617, 0.1490, 0.403
3618, 0.0757, 0.955
3619, 0.1428, 0.404
3620, 0.1332, 0.404
3621, 0.1230, 0.409
3622, 0.0938, 0.410
3623, 0.1177, 1.435
3624, 0.0863, 0.405
3625, 0.1866, 0.408
3626, 0.1898, 0.396
3627, 0.1887, 0.789
3628, 0.1499, 1.156
3629, 0.1608, 0.406
3630, 0.1999, 0.400
3631, 0.1726, 0.398
3632, 0.1108, 0.401
3633, 0.1648, 0.404
3634, 0.1334, 0.405
3635, 0.2178, 0.406
3636, 0.1888, 0.403
3637, 0.1109, 0.402
3638, 0.0997, 0.396
3639, 0.1758, 0.399
3640, 0.1744, 0.402
3641, 0.1531, 0.401
3642, 0.1513, 0.405
3643, 0.1058, 0.411
3644, 0.1305, 0.408
3645, 0.1354, 0.404
3646, 0.2184, 0.401
3647, 0.1873, 0.399
3648, 0.1807, 0.400
3649, 0.2050, 0.403
3650, 0.2060, 0.407
3651, 0.1002, 0.416
3652, 0.1393, 0.675
3653, 0.1410, 0.404
3654, 0.1091, 0.404
3655, 0.0908, 0.403
3656, 0.1139, 0.401
3657, 0.1095, 0.407
3658, 0.1978, 1.127
3659, 0.1573, 0.405
3660, 0.1655, 0.406
3661, 0.2056, 0.407
3662, 0.1300, 0.403
3663, 0.1176, 0.404
3664, 0.1250, 0.412
3665, 0.1233, 0.409
3666, 0.2439, 0.414
3667, 0.1158, 0.420
3668, 0.1211, 0.417
3669, 0.2191, 1.922
3670, 0.1532, 0.409
3671, 0.1634, 0.403
3672, 0.1180, 0.404
3673, 0.2465, 0.406
3674, 0.1473, 0.402
3675, 0.1317, 0.707
3676, 0.1295, 0.408
3677, 0.1058, 0.406
3678, 0.1381, 0.414
3679, 0.2634, 0.405
3680, 0.1862, 1.041
3681, 0.1332, 0.399
3682, 0.1527, 0.403
3683, 0.1476, 0.405
3684, 0.1430, 0.407
3685, 0.1507, 0.403
3686, 0.1396, 0.411
3687, 0.2375, 0.413
3688, 0.1897, 0.407
3689, 0.1431, 0.409
3690, 0.1426, 0.413
3691, 0.2021, 0.408
3692, 0.0931, 0.414
3693, 0.1904, 0.408
3694, 0.2437, 0.406
3695, 0.0923, 0.403
3696, 0.1031, 0.407
3697, 0.1260, 0.402
3698, 0.1767, 1.221
3699, 0.1559, 1.119
3700, 0.1477, 0.407
3701, 0.1945, 0.403
3702, 0.1534, 0.407
3703, 0.1354, 0.411
3704, 0.1170, 0.406
3705, 0.1815, 0.407
3706, 0.1173, 0.402
3707, 0.2251, 0.414
3708, 0.2056, 0.419
3709, 0.0768, 0.411
3710, 0.1432, 0.407
3711, 0.1432, 0.397
3712, 0.1557, 0.396
3713, 0.1319, 0.397
3714, 0.1665, 0.395
3715, 0.1006, 0.383
3716, 0.1690, 0.385
3717, 0.1313, 0.386
3718, 0.1713, 0.386
3719, 0.1398, 0.384
3720, 0.1145, 0.381
3721, 0.1916, 0.380
3722, 0.1983, 4.123
3723, 0.1230, 0.387
3724, 0.1470, 1.490
3725, 0.1617, 0.568
3726, 0.1221, 0.391
3727, 0.1688, 0.390
3728, 0.1913, 0.387
3729, 0.1669, 0.388
3730, 0.1078, 0.424
3731, 0.1878, 1.099
3732, 0.1592, 0.390
3733, 0.1269, 0.401
3734, 0.1665, 0.406
3735, 0.1713, 0.402
3736, 0.2054, 0.407
3737, 0.1771, 0.413
3738, 0.0868, 0.416
3739, 0.1559, 0.414
3740, 0.1768, 0.388
3741, 0.1235, 0.406
3742, 0.2322, 0.406
3743, 0.1508, 0.393
3744, 0.2234, 0.406
3745, 0.1765, 0.401
3746, 0.2223, 0.415
3747, 0.2062, 0.387
3748, 0.1757, 0.815
3749, 0.1489, 0.405
3750, 0.1349, 0.404
3751, 0.1758, 0.400
3752, 0.1621, 0.404
3753, 0.1421, 0.400
3754, 0.1736, 0.403
3755, 0.2028, 0.418
3756, 0.1098, 1.459
3757, 0.1158, 0.405
3758, 0.1357, 0.480
3759, 0.1016, 0.399
3760, 0.1125, 0.402
3761, 0.1871, 0.409
3762, 0.1905, 1.320
3763, 0.1557, 0.403
3764, 0.1182, 0.403
3765, 0.1468, 0.403
3766, 0.1284, 0.403
3767, 0.1521, 0.397
3768, 0.1886, 0.400
3769, 0.0756, 2.209
3770, 0.1849, 0.405
3771, 0.1903, 0.405
3772, 0.1543, 0.405
3773, 0.1544, 0.402
3774, 0.1063, 0.401
3775, 0.1245, 0.402
3776, 0.1957, 0.402
3777, 0.2303, 0.400
3778, 0.1260, 0.402
3779, 0.1643, 0.404
3780, 0.1889, 0.400
3781, 0.2347, 0.400
3782, 0.2810, 0.401
3783, 0.2053, 0.404
3784, 0.2028, 0.406
3785, 0.2349, 0.411
3786, 0.1187, 0.403
3787, 0.2342, 0.402
3788, 0.1559, 0.406
3789, 0.0777, 0.416
3790, 0.1248, 1.813
3791, 0.1933, 0.595
3792, 0.1655, 0.921
3793, 0.1380, 0.412
3794, 0.1393, 0.410
3795, 0.1875, 0.521
3796, 0.1695, 0.403
3797, 0.2057, 0.406
3798, 0.1977, 0.405
3799, 0.1982, 1.045
3800, 0.1618, 0.393
3801, 0.1140, 0.398
3802, 0.1063, 0.396
3803, 0.1901, 0.394
3804, 0.2162, 0.395
3805, 0.1478, 0.406
3806, 0.1882, 1.307
3807, 0.1333, 0.406
3808, 0.0898, 1.541
3809, 0.2075, 0.405
3810, 0.2200, 0.404
3811, 0.1200, 0.408
3812, 0.1321, 1.444
3813, 0.0701, 0.400
3814, 0.1493, 0.403
3815, 0.1241, 0.401
3816, 0.1148, 0.395
3817, 0.1280, 0.399
3818, 0.1666, 0.398
3819, 0.1219, 0.406
3820, 0.1527, 0.402
3821, 0.1762, 0.400
3822, 0.1619, 0.407
3823, 0.1357, 0.405
3824, 0.1392, 0.403
3825, 0.1846, 0.408
3826, 0.1863, 0.401
3827, 0.1692, 0.406
3828, 0.1072, 0.400
3829, 0.1197, 0.404
3830, 0.1218, 0.401
3831, 0.1500, 0.398
3832, 0.1364, 0.398
3833, 0.1573, 0.397
3834, 0.1446, 0.396
3835, 0.1574, 0.394
3836, 0.2110, 0.391
3837, 0.1973, 0.379
3838, 0.1329, 0.380
3839, 0.1681, 0.382
3840, 0.0448, 0.383
3841, 0.1424, 0.385
3842, 0.0930, 0.385
3843, 0.1023, 0.384
3844, 0.1450, 3.259
3845, 0.1054, 0.384
3846, 0.1227, 1.484
3847, 0.1614, 1.422
3848, 0.1743, 0.386
3849, 0.1602, 0.630
3850, 0.1283, 0.389
3851, 0.1365, 0.411
3852, 0.1231, 0.409
3853, 0.0956, 0.415
3854, 0.1519, 0.897
3855, 0.1518, 0.958
3856, 0.1379, 0.391
3857, 0.1172, 0.855
3858, 0.1233, 0.422
3859, 0.1567, 0.405
3860, 0.1440, 0.715
3861, 0.1845, 0.409
3862, 0.1756, 1.256
3863, 0.2294, 0.390
3864, 0.1925, 0.402
3865, 0.2075, 0.399
3866, 0.1782, 0.412
3867, 0.1066, 0.404
3868, 0.1172, 0.510
3869, 0.1787, 0.407
3870, 0.1355, 0.401
3871, 0.1225, 0.402
3872, 0.1205, 0.406
3873, 0.1736, 0.406
3874, 0.1445, 0.410
3875, 0.1728, 0.427
3876, 0.2521, 0.418
3877, 0.2295, 0.405
3878, 0.1946, 0.409
3879, 0.2184, 0.406
3880, 0.1834, 0.400
3881, 0.2288, 0.401
3882, 0.1407, 0.401
3883, 0.2403, 0.403
3884, 0.3300, 0.401
3885, 0.2474, 0.412
3886, 0.1030, 0.401
3887, 0.2542, 0.402
3888, 0.2333, 0.407
3889, 0.2260, 0.404
3890, 0.1393, 0.401
3891, 0.1238, 0.409
3892, 0.1914, 0.405
3893, 0.1156, 0.402
3894, 0.1364, 0.410
3895, 0.1091, 0.408
3896, 0.1610, 0.412
3897, 0.1479, 0.407
3898, 0.1461, 0.419
3899, 0.1626, 0.410
3900, 0.1256, 0.412
3901, 0.1369, 0.760
3902, 0.1186, 0.399
3903, 0.0985, 0.405
3904, 0.1485, 0.402
3905, 0.1305, 0.407
3906, 0.1003, 0.404
3907, 0.1613, 0.405
3908, 0.1180, 0.406
3909, 0.1671, 0.405
3910, 0.1682, 0.404
3911, 0.1723, 0.404
3912, 0.0511, 0.410
3913, 0.1796, 0.406
3914, 0.1262, 0.406
3915, 0.1325, 0.416
3916, 0.1377, 0.413
3917, 0.1495, 0.412
3918, 0.2240, 0.406
3919, 0.1286, 0.427
3920, 0.1551, 0.410
3921, 0.1291, 0.415
3922, 0.1402, 0.423
3923, 0.1596, 0.408
3924, 0.1397, 0.417
3925, 0.1220, 0.737
3926, 0.2026, 0.405
3927, 0.1795, 0.398
3928, 0.0853, 0.400
3929, 0.1865, 0.413
3930, 0.1709, 0.595
3931, 0.1787, 0.405
3932, 0.1646, 0.399
3933, 0.1471, 0.398
3934, 0.1634, 0.401
3935, 0.0902, 0.404
3936, 0.1712, 0.419
3937, 0.1359, 1.054
3938, 0.1920, 0.406
3939, 0.1269, 0.406
3940, 0.1839, 0.412
3941, 0.1587, 0.409
3942, 0.1251, 0.405
3943, 0.1083, 0.402
3944, 0.1390, 0.405
3945, 0.1189, 0.399
3946, 0.1168, 0.401
3947, 0.1840, 0.406
3948, 0.1160, 0.404
3949, 0.1256, 0.405
3950, 0.2171, 0.409
3951, 0.1663, 0.411
3952, 0.1768, 0.409
3953, 0.2066, 0.405
3954, 0.0883, 0.410
3955, 0.1456, 0.402
3956, 0.1488, 0.401
3957, 0.1428, 0.407
3958, 0.1863, 0.405
3959, 0.2836, 0.737
3960, 0.1622, 0.407
3961, 0.2029, 0.409
3962, 0.1353, 0.427
3963, 0.1173, 0.416
3964, 0.1350, 0.409
3965, 0.1713, 0.413
3966, 0.1615, 0.404
3967, 0.1612, 0.403
3968, 0.1706, 0.458
3969, 0.2182, 0.404
3970, 0.1243, 0.404
3971, 0.1518, 0.404
3972, 0.0879, 0.405
3973, 0.1512, 0.401
3974, 0.2389, 0.402
3975, 0.1734, 0.401
3976, 0.1301, 0.395
3977, 0.1024, 0.391
3978, 0.0908, 0.380
3979, 0.1633, 0.381
3980, 0.2274, 0.383
3981, 0.1667, 0.383
3982, 0.1368, 0.385
3983, 0.0980, 0.384
3984, 0.1904, 0.384
3985, 0.1888, 3.356
3986, 0.1175, 0.385
3987, 0.1805, 0.405
3988, 0.1001, 2.600
3989, 0.0562, 0.391
3990, 0.1688, 0.387
3991, 0.1999, 0.400
3992, 0.1709, 0.405
3993, 0.1350, 0.398
3994, 0.2143, 0.403
3995, 0.1430, 0.402
3996, 0.1016, 0.397
3997, 0.1408, 0.395
3998, 0.1292, 0.401
3999, 0.2164, 0.399
4000, 0.1254, 0.399
4001, 0.1254, 0.390
4002, 0.2414, 0.392
4003, 0.0934, 0.409
4004, 0.1710, 0.403
4005, 0.2597, 0.408
4006, 0.1247, 0.411
4007, 0.1417, 0.405
4008, 0.1352, 0.401
4009, 0.1672, 0.407
4010, 0.1515, 1.177
4011, 0.1168, 0.415
4012, 0.2125, 0.408
4013, 0.1495, 0.631
4014, 0.1647, 0.407
4015, 0.1719, 0.408
4016, 0.1469, 1.871
4017, 0.0983, 0.403
4018, 0.1167, 0.411
4019, 0.1805, 1.971
4020, 0.1123, 0.408
4021, 0.1556, 0.415
4022, 0.1303, 0.416
4023, 0.1020, 0.403
4024, 0.2086, 0.416
4025, 0.1304, 0.616
4026, 0.1828, 0.411
4027, 0.1137, 0.398
4028, 0.2216, 0.402
4029, 0.2120, 0.400
4030, 0.1040, 0.401
4031, 0.1060, 0.397
4032, 0.1632, 0.401
4033, 0.1388, 0.396
4034, 0.2113, 0.402
4035, 0.2331, 0.400
4036, 0.1393, 0.401
4037, 0.1203, 0.405
4038, 0.1919, 0.403
4039, 0.1793, 0.406
4040, 0.1529, 0.408
4041, 0.1412, 0.405
4042, 0.1393, 0.402
4043, 0.1201, 0.403
4044, 0.1143, 0.403
4045, 0.1329, 0.403
4046, 0.1631, 0.415
4047, 0.1572, 0.415
4048, 0.1302, 0.413
4049, 0.2037, 0.412
4050, 0.1527, 0.412
4051, 0.1180, 0.411
4052, 0.1485, 0.403
4053, 0.1270, 0.406
4054, 0.1641, 0.411
4055, 0.1460, 0.435
4056, 0.1406, 0.408
4057, 0.1812, 0.404
4058, 0.1583, 0.407
4059, 0.1701, 0.401
4060, 0.1968, 0.404
4061, 0.1582, 0.414
4062, 0.1962, 0.412
4063, 0.1712, 0.411
4064, 0.1365, 0.412
4065, 0.1525, 0.407
4066, 0.0644, 0.415
4067, 0.1638, 0.400
4068, 0.1512, 0.407
4069, 0.1255, 0.417
4070, 0.0991, 0.413
4071, 0.0945, 0.418
4072, 0.0764, 1.014
4073, 0.0839, 0.413
4074, 0.1212, 0.414
4075, 0.1414, 0.401
4076, 0.0791, 0.422
4077, 0.1868, 0.408
4078, 0.1055, 0.404
4079, 0.1603, 0.410
4080, 0.1080, 0.410
4081, 0.0803, 0.398
4082, 0.1908, 0.402
4083, 0.1330, 0.404
4084, 0.1640, 0.404
4085, 0.1105, 0.403
4086, 0.1893, 0.403
4087, 0.1553, 0.402
4088, 0.1281, 0.405
4089, 0.1663, 0.402
4090, 0.1935, 0.414
4091, 0.1906, 0.414
4092, 0.0705, 0.407
4093, 0.1733, 0.403
4094, 0.1519, 0.401
4095, 0.1225, 0.407
4096, 0.1624, 0.402
4097, 0.1541, 0.408
4098, 0.1447, 0.415
4099, 0.1272, 1.299
4100, 0.0929, 0.401
4101, 0.1460, 0.403
4102, 0.1759, 0.964
4103, 0.1128, 0.404
4104, 0.0836, 0.410
4105, 0.1466, 0.724
4106, 0.1579, 0.410
4107, 0.1384, 0.409
4108, 0.1279, 0.431
4109, 0.1463, 0.422
4110, 0.1665, 0.396
4111, 0.2240, 0.393
4112, 0.1877, 0.399
4113, 0.2202, 0.399
4114, 0.2080, 0.399
4115, 0.1700, 0.394
4116, 0.1032, 0.382
4117, 0.1359, 0.382
4118, 0.1628, 0.386
4119, 0.1470, 0.386
4120, 0.1657, 0.384
4121, 0.1573, 0.384
4122, 0.2104, 0.383
4123, 0.2131, 3.204
4124, 0.2285, 0.409
4125, 0.1198, 0.392
4126, 0.1870, 0.386
4127, 0.2188, 0.389
4128, 0.1549, 0.386
4129, 0.1530, 0.391
4130, 0.1768, 0.390
4131, 0.1679, 0.701
4132, 0.1599, 0.405
4133, 0.1527, 0.408
4134, 0.1369, 0.472
4135, 0.1287, 0.397
4136, 0.1006, 0.402
4137, 0.1871, 0.395
4138, 0.1306, 0.399
4139, 0.1351, 0.402
4140, 0.1715, 0.401
4141, 0.1274, 0.402
4142, 0.1420, 0.707
4143, 0.1350, 0.401
4144, 0.0809, 0.404
4145, 0.1688, 0.407
4146, 0.0995, 0.406
4147, 0.1926, 0.400
4148, 0.1948, 0.401
4149, 0.1746, 0.400
4150, 0.1239, 0.399
4151, 0.1511, 0.397
4152, 0.1154, 0.400
4153, 0.1776, 0.399
4154, 0.0886, 1.225
4155, 0.1012, 0.398
4156, 0.1387, 0.405
4157, 0.1273, 0.414
4158, 0.1585, 0.407
4159, 0.1761, 0.413
4160, 0.2122, 0.422
4161, 0.0944, 0.415
4162, 0.1297, 0.421
4163, 0.2055, 0.415
4164, 0.1758, 2.444
4165, 0.1393, 0.401
4166, 0.1545, 0.400
4167, 0.0934, 0.397
4168, 0.1589, 1.154
4169, 0.1510, 0.399
4170, 0.2036, 0.404
4171, 0.1509, 0.406
4172, 0.2248, 0.401
4173, 0.1141, 0.398
4174, 0.1966, 0.400
4175, 0.1881, 0.400
4176, 0.2045, 0.404
4177, 0.1764, 0.411
4178, 0.0489, 0.402
4179, 0.1168, 0.401
4180, 0.1274, 0.403
4181, 0.1311, 0.401
4182, 0.1503, 0.400
4183, 0.1775, 0.402
4184, 0.1946, 0.400
4185, 0.1950, 0.403
4186, 0.1267, 0.399
4187, 0.2414, 0.400
4188, 0.1460, 0.408
4189, 0.1748, 0.402
4190, 0.1304, 0.405
4191, 0.1686, 0.408
4192, 0.1817, 0.407
4193, 0.1975, 0.409
4194, 0.0956, 1.320
4195, 0.1225, 0.421
4196, 0.1209, 0.408
4197, 0.1789, 2.226
4198, 0.1583, 0.411
4199, 0.1313, 0.407
4200, 0.1116, 1.323
4201, 0.1625, 0.398
4202, 0.1274, 0.408
4203, 0.1639, 0.414
4204, 0.2306, 0.404
4205, 0.1618, 0.413
4206, 0.1852, 2.311
4207, 0.1200, 0.408
4208, 0.1532, 0.413
4209, 0.1612, 0.409
4210, 0.1346, 0.405
4211, 0.1412, 0.407
4212, 0.2076, 0.457
4213, 0.1648, 0.401
4214, 0.0564, 0.414
4215, 0.0797, 0.402
4216, 0.0917, 0.406
4217, 0.1202, 0.499
4218, 0.1822, 0.399
4219, 0.1849, 0.398
4220, 0.1795, 0.402
4221, 0.1324, 0.402
4222, 0.1003, 0.409
4223, 0.1327, 0.403
4224, 0.1581, 0.409
4225, 0.1563, 0.406
4226, 0.1607, 0.409
4227, 0.1169, 0.411
4228, 0.2608, 0.407
4229, 0.0962, 0.409
4230, 0.1096, 0.403
4231, 0.1278, 0.406
4232, 0.1805, 0.399
4233, 0.1510, 0.401
4234, 0.1733, 0.398
4235, 0.1308, 0.414
4236, 0.1756, 0.415
4237, 0.1664, 1.152
4238, 0.1365, 0.411
4239, 0.1078, 0.410
4240, 0.0977, 0.406
4241, 0.1084, 0.403
4242, 0.1076, 0.400
4243, 0.2101, 0.387
4244, 0.1615, 0.402
4245, 0.1870, 0.395
4246, 0.1860, 0.398
4247, 0.1716, 0.388
4248, 0.1637, 0.384
4249, 0.1782, 0.386
4250, 0.0659, 1.758
4251, 0.1151, 0.382
4252, 0.1354, 0.386
4253, 0.1896, 0.391
4254, 0.1498, 1.200
4255, 0.1986, 1.865
4256, 0.1674, 0.898
4257, 0.2089, 0.386
4258, 0.0969, 0.386
4259, 0.1865, 0.401
4260, 0.1686, 0.400
4261, 0.1886, 0.398
4262, 0.1481, 0.402
4263, 0.1164, 0.403
4264, 0.1275, 0.402
4265, 0.1428, 0.403
4266, 0.2053, 0.407
4267, 0.1717, 0.409
4268, 0.1502, 0.401
4269, 0.1625, 0.402
4270, 0.1286, 0.403
4271, 0.1217, 0.409
4272, 0.1850, 0.406
4273, 0.2301, 0.402
4274, 0.1679, 0.401
4275, 0.1962, 0.401
4276, 0.1276, 0.396
4277, 0.1042, 0.407
4278, 0.1754, 0.413
4279, 0.2214, 0.401
4280, 0.1597, 0.403
4281, 0.1733, 0.413
4282, 0.1283, 0.414
4283, 0.1071, 0.405
4284, 0.1234, 0.404
4285, 0.1977, 0.403
4286, 0.1708, 0.410
4287, 0.1547, 0.419
4288, 0.1205, 0.419
4289, 0.1877, 0.403
4290, 0.1568, 0.492
4291, 0.2063, 0.399
4292, 0.1613, 0.399
4293, 0.1311, 0.405
4294, 0.0936, 0.417
4295, 0.1391, 0.414
4296, 0.1538, 0.408
4297, 0.1074, 0.415
4298, 0.1025, 0.408
4299, 0.1465, 0.414
4300, 0.1424, 0.415
4301, 0.1669, 0.412
4302, 0.1054, 0.439
4303, 0.1546, 0.416
4304, 0.1911, 0.401
4305, 0.1513, 0.402
4306, 0.1163, 0.410
4307, 0.1703, 0.405
4308, 0.2317, 0.400
4309, 0.1355, 0.406
4310, 0.2359, 0.401
4311, 0.1285, 0.406
4312, 0.1522, 0.403
4313, 0.1566, 0.402
4314, 0.1246, 0.400
4315, 0.1565, 0.406
4316, 0.1262, 0.409
4317, 0.2107, 0.405
4318, 0.0977, 0.403
4319, 0.1952, 0.410
4320, 0.1347, 0.418
4321, 0.1879, 0.405
4322, 0.2331, 0.404
4323, 0.1891, 0.402
4324, 0.1535, 0.401
4325, 0.1535, 0.402
4326, 0.2036, 0.409
4327, 0.1996, 0.414
4328, 0.2065, 0.411
4329, 0.1215, 0.406
4330, 0.2216, 0.405
4331, 0.1265, 0.409
4332, 0.1614, 0.404
4333, 0.1537, 0.415
4334, 0.1403, 0.414
4335, 0.1515, 0.414
4336, 0.1527, 0.431
4337, 0.1792, 0.423
4338, 0.1454, 0.416
4339, 0.2154, 0.406
4340, 0.1555, 0.418
4341, 0.1886, 0.410
4342, 0.0800, 0.410
4343, 0.1005, 0.406
4344, 0.1679, 1.206
4345, 0.1921, 0.407
4346, 0.1398, 0.410
4347, 0.0731, 0.415
4348, 0.1683, 0.407
4349, 0.1748, 0.410
4350, 0.2691, 0.412
4351, 0.1438, 0.401
4352, 0.2266, 0.404
4353, 0.2188, 0.408
4354, 0.1438, 0.405
4355, 0.1578, 0.406
4356, 0.1850, 0.396
4357, 0.1722, 0.397
4358, 0.1116, 0.403
4359, 0.1816, 0.402
4360, 0.1187, 0.404
4361, 0.1788, 0.405
4362, 0.1644, 0.404
4363, 0.1916, 0.406
4364, 0.1324, 0.411
4365, 0.1528, 0.404
4366, 0.2122, 0.402
4367, 0.1034, 0.408
4368, 0.1297, 0.406
4369, 0.1647, 0.403
4370, 0.1855, 0.403
4371, 0.2415, 0.437
4372, 0.1496, 0.398
4373, 0.1129, 0.405
4374, 0.2082, 0.402
4375, 0.1342, 0.403
4376, 0.1195, 0.407
4377, 0.1843, 0.407
4378, 0.1033, 0.404
4379, 0.1063, 0.402
4380, 0.0938, 0.402
4381, 0.1134, 0.401
4382, 0.1335, 0.405
4383, 0.1338, 0.406
4384, 0.1476, 0.406
4385, 0.2017, 0.406
4386, 0.1596, 1.140
4387, 0.1912, 0.406
4388, 0.1631, 0.402
4389, 0.1782, 0.403
4390, 0.1322, 0.402
4391, 0.1433, 0.399
4392, 0.1024, 0.394
4393, 0.2662, 0.396
4394, 0.2956, 0.394
4395, 0.2047, 0.395
4396, 0.1887, 0.396
4397, 0.1183, 0.395
4398, 0.1783, 0.380
4399, 0.1834, 0.390
4400, 0.1612, 0.378
4401, 0.0967, 0.383
4402, 0.1073, 0.386
4403, 0.1317, 0.381
4404, 0.1792, 0.385
4405, 0.1297, 0.389
4406, 0.1331, 3.766
4407, 0.1373, 0.746
4408, 0.1408, 0.386
4409, 0.2075, 0.384
4410, 0.1498, 0.394
4411, 0.1087, 0.389
4412, 0.1541, 0.387
4413, 0.1335, 0.410
4414, 0.1806, 0.407
4415, 0.1657, 0.741
4416, 0.1908, 0.752
4417, 0.1817, 0.391
4418, 0.1410, 2.022
4419, 0.1407, 0.412
4420, 0.1217, 0.415
4421, 0.1498, 0.401
4422, 0.1473, 0.409
4423, 0.0917, 0.407
4424, 0.1430, 0.402
4425, 0.1401, 0.556
4426, 0.1866, 0.402
4427, 0.1475, 0.409
4428, 0.1622, 0.405
4429, 0.1198, 0.407
4430, 0.1311, 0.406
4431, 0.1199, 0.414
4432, 0.1260, 0.435
4433, 0.1680, 0.416
4434, 0.1158, 0.421
4435, 0.1420, 0.507
4436, 0.1806, 0.403
4437, 0.1276, 0.401
4438, 0.1497, 0.409
4439, 0.1242, 0.404
4440, 0.1145, 0.537
4441, 0.1349, 0.408
4442, 0.1336, 0.404
4443, 0.2100, 0.408
4444, 0.1847, 1.205
4445, 0.1327, 0.408
4446, 0.1312, 0.408
4447, 0.1624, 0.416
4448, 0.0992, 0.411
4449, 0.1226, 0.456
4450, 0.1179, 0.405
4451, 0.0755, 0.403
4452, 0.1523, 0.403
4453, 0.1340, 0.400
4454, 0.1450, 0.401
4455, 0.1503, 0.405
4456, 0.1574, 0.398
4457, 0.1032, 0.397
4458, 0.1162, 0.399
4459, 0.1434, 0.400
4460, 0.1880, 0.399
4461, 0.1395, 0.400
4462, 0.1298, 0.402
4463, 0.1602, 0.407
4464, 0.2064, 0.405
4465, 0.0724, 0.400
4466, 0.1898, 0.401
4467, 0.1897, 0.401
4468, 0.1322, 0.402
4469, 0.1506, 0.399
4470, 0.1666, 0.401
4471, 0.1719, 0.406
4472, 0.1266, 0.410
4473, 0.1693, 0.408
4474, 0.0899, 0.411
4475, 0.1481, 0.407
4476, 0.2219, 0.409
4477, 0.1434, 0.401
4478, 0.1912, 0.405
4479, 0.1837, 0.403
4480, 0.1535, 0.619
4481, 0.1825, 0.404
4482, 0.1378, 0.405
4483, 0.1584, 0.400
4484, 0.1588, 0.401
4485, 0.2151, 0.410
4486, 0.1617, 0.407
4487, 0.0844, 0.400
4488, 0.1423, 0.406
4489, 0.1220, 0.407
4490, 0.1298, 0.405
4491, 0.2014, 0.407
4492, 0.0712, 0.598
4493, 0.1533, 0.407
4494, 0.1271, 0.407
4495, 0.1314, 0.406
4496, 0.1318, 0.403
4497, 0.1211, 0.400
4498, 0.2014, 0.402
4499, 0.1655, 0.418
4500, 0.1017, 0.407
4501, 0.2104, 0.411
4502, 0.1338, 0.412
4503, 0.1614, 0.413
4504, 0.1439, 0.402
4505, 0.1198, 0.403
4506, 0.2055, 0.401
4507, 0.1915, 0.399
4508, 0.1156, 0.406
4509, 0.1591, 0.409
4510, 0.0968, 0.406
4511, 0.1287, 0.401
4512, 0.1226, 0.408
4513, 0.1679, 0.412
4514, 0.1459, 0.417
4515, 0.1445, 0.409
4516, 0.1544, 0.410
4517, 0.1779, 0.406
4518, 0.1829, 0.408
4519, 0.0793, 0.402
4520, 0.1190, 0.412
4521, 0.0847, 1.295
4522, 0.2205, 0.414
4523, 0.2529, 0.409
4524, 0.1567, 0.410
4525, 0.1339, 0.413
4526, 0.1087, 0.404
4527, 0.1237, 1.389
4528, 0.0777, 0.413
4529, 0.1381, 0.412
4530, 0.0821, 0.416
4531, 0.1471, 0.410
4532, 0.1083, 0.637
4533, 0.0889, 0.406
4534, 0.0953, 0.400
4535, 0.1786, 0.397
4536, 0.1666, 0.397
4537, 0.1564, 0.396
4538, 0.1261, 0.388
4539, 0.0851, 0.386
4540, 0.2256, 0.384
4541, 0.1200, 0.386
4542, 0.1737, 0.385
4543, 0.1424, 0.385
4544, 0.2235, 0.388
4545, 0.1913, 2.472
4546, 0.1761, 1.333
4547, 0.1302, 0.387
4548, 0.1070, 0.391
4549, 0.1294, 1.602
4550, 0.2255, 0.390
4551, 0.1489, 1.830
4552, 0.1245, 0.387
4553, 0.1102, 0.414
4554, 0.1652, 0.752
4555, 0.2126, 1.292
4556, 0.1516, 0.393
4557, 0.1373, 0.728
4558, 0.1118, 0.478
4559, 0.1116, 0.402
4560, 0.1586, 0.405
4561, 0.1652, 0.396
4562, 0.1593, 0.396
4563, 0.2026, 0.399
4564, 0.1301, 0.408
4565, 0.1190, 0.406
4566, 0.1799, 0.420
4567, 0.1713, 0.404
4568, 0.1405, 0.401
4569, 0.2004, 0.402
4570, 0.1412, 0.398
4571, 0.1373, 0.402
4572, 0.1258, 0.398
4573, 0.1423, 0.402
4574, 0.1458, 0.398
4575, 0.1508, 0.398
4576, 0.1340, 0.397
4577, 0.1395, 0.396
4578, 0.2030, 0.402
4579, 0.1041, 0.401
4580, 0.1635, 0.405
4581, 0.1542, 0.401
4582, 0.1694, 0.401
4583, 0.1231, 0.401
4584, 0.1890, 0.401
4585, 0.1925, 0.406
4586, 0.1637, 0.402
4587, 0.2203, 0.406
4588, 0.1507, 0.410
4589, 0.1539, 0.409
4590, 0.0821, 0.406
4591, 0.1314, 0.413
4592, 0.0787, 1.379
4593, 0.1107, 0.823
4594, 0.1806, 2.443
4595, 0.1125, 0.407
4596, 0.1070, 0.405
4597, 0.2514, 0.406
4598, 0.0882, 0.419
4599, 0.1770, 0.407
4600, 0.1559, 0.401
4601, 0.2033, 0.392
4602, 0.1808, 0.391
4603, 0.1779, 0.391
4604, 0.1106, 0.408
4605, 0.1469, 0.402
4606, 0.1268, 0.402
4607, 0.2073, 0.402
4608, 0.1306, 0.407
4609, 0.1430, 0.411
4610, 0.1639, 0.411
4611, 0.1694, 0.412
4612, 0.1487, 0.417
4613, 0.1295, 0.405
4614, 0.2185, 0.406
4615, 0.1245, 0.408
4616, 0.1233, 0.421
4617, 0.1937, 0.406
4618, 0.2053, 0.403
4619, 0.1052, 0.409
4620, 0.1519, 0.404
4621, 0.1878, 0.420
4622, 0.1756, 0.422
4623, 0.1108, 0.416
4624, 0.1275, 0.399
4625, 0.1290, 0.403
4626, 0.1554, 0.400
4627, 0.2001, 0.404
4628, 0.1692, 0.409
4629, 0.1410, 0.418
4630, 0.1159, 0.480
4631, 0.1363, 0.400
4632, 0.1309, 0.416
4633, 0.1996, 0.421
4634, 0.1107, 0.424
4635, 0.1321, 0.420
4636, 0.2208, 0.417
4637, 0.1626, 0.411
4638, 0.1631, 0.762
4639, 0.1267, 0.402
4640, 0.2369, 0.694
4641, 0.1887, 0.402
4642, 0.1972, 1.036
4643, 0.1588, 0.401
4644, 0.2028, 0.407
4645, 0.1411, 0.407
4646, 0.1574, 0.418
4647, 0.1390, 0.417
4648, 0.2206, 0.407
4649, 0.1495, 0.410
4650, 0.1295, 0.403
4651, 0.1012, 0.403
4652, 0.1249, 0.404
4653, 0.1233, 0.401
4654, 0.1319, 0.399
4655, 0.1328, 0.401
4656, 0.1267, 0.404
4657, 0.1142, 0.400
4658, 0.1636, 0.401
4659, 0.1405, 0.401
4660, 0.1898, 0.402
4661, 0.1937, 0.400
4662, 0.1111, 0.403
4663, 0.1453, 0.402
4664, 0.3278, 0.401
4665, 0.1859, 0.400
4666, 0.1491, 0.402
4667, 0.1608, 0.407
4668, 0.1429, 0.405
4669, 0.1120, 0.403
4670, 0.1248, 0.400
4671, 0.1938, 0.400
4672, 0.0874, 0.396
4673, 0.1379, 0.400
4674, 0.1742, 0.401
4675, 0.1567, 0.400
4676, 0.0757, 0.395
4677, 0.1224, 0.383
4678, 0.1487, 0.385
4679, 0.2110, 0.384
4680, 0.2144, 0.379
4681, 0.0999, 0.384
4682, 0.2010, 0.383
4683, 0.1948, 0.381
4684, 0.1503, 1.905
4685, 0.2242, 1.418
4686, 0.1838, 0.389
4687, 0.1843, 0.386
4688, 0.1993, 0.403
4689, 0.1743, 0.389
4690, 0.1074, 0.430
4691, 0.1433, 0.395
4692, 0.1181, 1.189
4693, 0.1924, 0.387
4694, 0.1585, 1.390
4695, 0.1772, 0.403
4696, 0.1134, 0.403
4697, 0.1109, 0.401
4698, 0.1251, 0.417
4699, 0.1730, 0.408
4700, 0.1428, 0.407
4701, 0.1683, 0.405
4702, 0.1625, 0.408
4703, 0.1531, 0.412
4704, 0.1189, 0.409
4705, 0.1001, 0.412
4706, 0.2091, 0.622
4707, 0.1379, 0.403
4708, 0.1285, 0.418
4709, 0.1517, 0.412
4710, 0.1067, 0.416
4711, 0.1242, 0.404
4712, 0.1667, 0.402
4713, 0.1766, 0.398
4714, 0.2307, 0.400
4715, 0.1770, 0.399
4716, 0.1399, 0.398
4717, 0.1457, 0.402
4718, 0.1219, 0.402
4719, 0.1764, 0.403
4720, 0.0674, 0.402
4721, 0.1410, 0.401
4722, 0.1182, 0.405
4723, 0.1391, 0.420
4724, 0.1506, 0.404
4725, 0.2004, 0.400
4726, 0.1374, 0.398
4727, 0.1320, 0.618
4728, 0.1019, 0.406
4729, 0.1242, 0.406
4730, 0.1092, 0.401
4731, 0.1593, 0.538
4732, 0.1930, 0.405
4733, 0.1382, 0.408
4734, 0.1752, 0.411
4735, 0.1728, 0.413
4736, 0.1254, 0.407
4737, 0.1409, 0.415
4738, 0.1567, 0.400
4739, 0.1585, 0.400
4740, 0.1545, 0.404
4741, 0.1268, 0.543
4742, 0.1577, 0.403
4743, 0.2242, 0.407
4744, 0.1298, 0.424
4745, 0.1272, 0.407
4746, 0.1798, 0.404
4747, 0.2082, 0.406
4748, 0.2201, 0.406
4749, 0.1277, 0.405
4750, 0.1988, 0.476
4751, 0.0671, 0.408
4752, 0.1603, 1.895
4753, 0.1375, 0.400
4754, 0.1477, 0.409
4755, 0.2068, 0.417
4756, 0.1191, 0.915
4757, 0.1675, 1.196
4758, 0.1632, 0.405
4759, 0.1108, 0.969
4760, 0.1050, 0.402
4761, 0.1383, 0.402
4762, 0.1708, 0.402
4763, 0.1909, 0.411
4764, 0.1813, 0.411
4765, 0.1955, 0.423
4766, 0.1151, 0.440
4767, 0.1648, 0.432
4768, 0.1351, 0.434
4769, 0.1733, 0.444
4770, 0.1663, 0.411
4771, 0.1598, 0.412
4772, 0.1945, 0.412
4773, 0.1536, 0.412
4774, 0.1344, 0.412
4775, 0.1489, 0.421
4776, 0.1506, 0.404
4777, 0.1320, 0.402
4778, 0.1973, 0.403
4779, 0.1790, 0.402
4780, 0.2231, 0.399
4781, 0.1523, 0.399
4782, 0.1384, 0.398
4783, 0.1566, 0.396
4784, 0.1075, 0.416
4785, 0.3321, 0.412
4786, 0.1721, 0.406
4787, 0.1525, 0.411
4788, 0.1667, 0.407
4789, 0.1622, 0.404
4790, 0.1347, 0.403
4791, 0.1193, 0.401
4792, 0.1770, 0.409
4793, 0.2281, 0.408
4794, 0.1377, 0.412
4795, 0.1696, 0.406
4796, 0.2196, 0.403
4797, 0.2544, 0.417
4798, 0.1404, 1.147
4799, 0.1484, 0.404
4800, 0.2190, 0.403
4801, 0.2045, 0.393
4802, 0.1468, 0.402
4803, 0.0792, 0.401
4804, 0.1712, 0.400
4805, 0.2146, 0.415
4806, 0.1488, 0.416
4807, 0.1391, 0.415
4808, 0.2081, 0.413
4809, 0.1448, 0.409
4810, 0.2072, 0.481
4811, 0.2193, 0.407
4812, 0.1781, 0.404
4813, 0.1680, 0.412
4814, 0.1531, 0.406
4815, 0.1579, 0.401
4816, 0.1447, 0.399
4817, 0.1225, 0.400
4818, 0.1055, 0.401
4819, 0.1839, 0.388
4820, 0.1099, 0.386
4821, 0.1243, 0.386
4822, 0.0970, 0.386
4823, 0.3219, 0.389
4824, 0.1006, 0.385
4825, 0.1495, 0.391
4826, 0.1045, 1.745
4827, 0.1643, 1.685
4828, 0.1834, 0.505
4829, 0.1911, 0.720
4830, 0.1304, 0.746
4831, 0.1240, 0.389
4832, 0.1955, 0.390
4833, 0.1599, 0.408
4834, 0.1531, 0.413
4835, 0.1674, 0.393
4836, 0.1837, 0.966
4837, 0.1315, 0.416
4838, 0.1748, 0.415
4839, 0.2017, 0.404
4840, 0.1284, 0.412
4841, 0.1836, 0.409
4842, 0.1991, 0.410
4843, 0.1466, 0.404
4844, 0.2690, 0.534
4845, 0.1418, 0.417
4846, 0.1409, 0.410
4847, 0.1625, 0.414
4848, 0.1306, 0.402
4849, 0.1418, 0.412
4850, 0.1452, 0.404
4851, 0.1721, 0.419
4852, 0.0874, 0.873
4853, 0.1081, 0.407
4854, 0.1486, 0.413
4855, 0.1744, 1.739
4856, 0.1535, 0.413
4857, 0.1355, 0.408
4858, 0.1565, 0.412
4859, 0.1249, 0.405
4860, 0.1355, 0.472
4861, 0.2158, 0.412
4862, 0.1879, 0.657
4863, 0.1337, 0.413
4864, 0.1698, 0.419
4865, 0.1329, 0.420
4866, 0.1386, 0.502
4867, 0.2032, 0.411
4868, 0.1930, 0.423
4869, 0.1659, 0.410
4870, 0.1215, 0.408
4871, 0.2116, 0.411
4872, 0.1770, 0.413
4873, 0.1129, 0.404
4874, 0.1419, 0.423
4875, 0.2103, 0.403
4876, 0.1317, 0.416
4877, 0.1770, 0.406
4878, 0.1955, 0.406
4879, 0.1815, 0.407
4880, 0.1331, 0.407
4881, 0.1544, 0.403
4882, 0.2047, 0.405
4883, 0.1903, 0.404
4884, 0.2005, 0.403
4885, 0.1622, 0.403
4886, 0.1472, 0.406
4887, 0.1213, 0.404
4888, 0.1626, 0.409
4889, 0.0824, 0.411
4890, 0.2562, 0.407
4891, 0.2824, 0.416
4892, 0.2132, 0.420
4893, 0.2173, 0.419
4894, 0.0886, 0.413
4895, 0.1835, 0.408
4896, 0.0781, 0.417
4897, 0.1179, 0.430
4898, 0.1210, 0.410
4899, 0.2312, 0.409
4900, 0.1694, 0.646
4901, 0.2077, 0.404
4902, 0.1548, 0.409
4903, 0.1995, 0.403
4904, 0.0639, 0.403
4905, 0.0761, 0.399
4906, 0.1866, 0.403
4907, 0.1186, 0.406
4908, 0.1648, 0.403
4909, 0.1432, 0.405
4910, 0.1681, 0.410
4911, 0.2288, 0.413
4912, 0.0740, 0.413
4913, 0.0316, 0.420
4914, 0.1784, 0.438
4915, 0.1516, 0.419
4916, 0.1621, 0.414
4917, 0.1598, 0.580
4918, 0.1842, 0.411
4919, 0.1125, 0.414
4920, 0.1812, 0.419
4921, 0.2155, 0.406
4922, 0.1526, 0.413
4923, 0.2094, 0.409
4924, 0.2286, 0.414
4925, 0.1478, 0.415
4926, 0.1154, 0.421
4927, 0.1503, 0.403
4928, 0.1136, 0.404
4929, 0.1317, 0.409
4930, 0.1317, 0.416
4931, 0.1120, 0.415
4932, 0.1806, 0.757
4933, 0.2208, 0.422
4934, 0.1408, 0.417
4935, 0.1849, 0.404
4936, 0.1291, 0.414
4937, 0.1672, 0.404
4938, 0.0872, 0.563
4939, 0.1378, 0.433
4940, 0.2113, 0.411
4941, 0.1720, 0.425
4942, 0.2031, 0.416
4943, 0.0757, 0.419
4944, 0.1001, 0.412
4945, 0.1573, 0.411
4946, 0.0780, 0.411
4947, 0.1714, 0.410
4948, 0.2010, 0.407
4949, 0.1449, 0.403
4950, 0.1668, 0.408
4951, 0.1107, 0.404
4952, 0.1821, 0.408
4953, 0.1222, 0.421
4954, 0.1162, 0.405
4955, 0.0806, 0.407
4956, 0.1189, 0.403
4957, 0.1471, 0.400
4958, 0.1910, 0.405
4959, 0.1528, 0.403
4960, 0.1530, 0.401
4961, 0.2123, 0.401
4962, 0.0940, 0.404
4963, 0.1629, 0.401
4964, 0.1271, 0.399
4965, 0.1826, 0.401
4966, 0.1474, 0.401
4967, 0.1452, 0.395
4968, 0.1763, 0.396
4969, 0.1687, 0.402
4970, 0.0916, 0.408
4971, 0.1149, 0.404
4972, 0.0815, 0.381
4973, 0.1427, 0.386
4974, 0.1254, 0.384
4975, 0.1133, 0.384
4976, 0.0934, 0.385
4977, 0.1600, 0.386
4978, 0.1019, 1.387
4979, 0.1672, 0.808
4980, 0.0852, 0.394
4981, 0.1406, 0.491
4982, 0.0855, 0.387
4983, 0.1184, 0.387
4984, 0.1295, 0.386
4985, 0.1576, 0.388
4986, 0.1359, 0.397
4987, 0.1582, 0.422
4988, 0.1660, 1.404
4989, 0.1935, 0.388
4990, 0.2015, 0.387
4991, 0.1932, 0.670
4992, 0.1530, 0.403
4993, 0.1455, 0.416
4994, 0.0737, 1.321
4995, 0.1062, 0.427
4996, 0.1804, 0.418
4997, 0.1529, 0.427
4998, 0.2089, 0.415
4999, 0.1051, 0.412
5000, 0.1268, 0.414
