0, 0.4941, 2.426
1, 0.5009, 0.399
2, 0.4947, 0.410
3, 0.4959, 0.389
4, 0.5054, 0.395
5, 0.4926, 0.405
6, 0.4816, 0.407
7, 0.4916, 0.410
8, 0.4967, 0.403
9, 0.5054, 0.408
10, 0.5125, 0.405
11, 0.4936, 0.415
12, 0.5028, 0.403
13, 0.5069, 0.404
14, 0.4796, 0.429
15, 0.4911, 0.430
16, 0.4929, 0.470
17, 0.4871, 0.398
18, 0.4867, 0.392
19, 0.4749, 0.649
20, 0.4984, 0.403
21, 0.5181, 0.525
22, 0.5019, 0.397
23, 0.4833, 0.397
24, 0.4916, 0.402
25, 0.4977, 0.490
26, 0.5080, 0.404
27, 0.4934, 0.415
28, 0.4988, 0.400
29, 0.5179, 0.401
30, 0.4963, 0.397
31, 0.4944, 0.394
32, 0.5013, 0.395
33, 0.4912, 0.399
34, 0.4957, 0.390
35, 0.4804, 0.390
36, 0.4978, 0.399
37, 0.4885, 0.396
38, 0.4962, 0.393
39, 0.4977, 0.393
40, 0.5010, 0.390
41, 0.4991, 0.402
42, 0.5099, 0.397
43, 0.5032, 0.405
44, 0.4996, 0.395
45, 0.4967, 0.397
46, 0.5012, 0.389
47, 0.4893, 0.393
48, 0.4924, 0.656
49, 0.4935, 0.398
50, 0.4926, 0.395
51, 0.4862, 0.404
52, 0.4936, 0.403
53, 0.4907, 0.399
54, 0.5021, 0.398
55, 0.4876, 0.400
56, 0.4761, 0.396
57, 0.4778, 0.393
58, 0.4920, 0.399
59, 0.4866, 0.396
60, 0.4965, 0.414
61, 0.4958, 0.405
62, 0.4989, 0.398
63, 0.4991, 0.397
64, 0.5015, 0.420
65, 0.5108, 0.465
66, 0.5033, 0.391
67, 0.4961, 0.403
68, 0.4868, 0.407
69, 0.4935, 0.407
70, 0.4936, 0.412
71, 0.5056, 0.407
72, 0.5069, 0.403
73, 0.4923, 0.449
74, 0.4906, 0.425
75, 0.5038, 0.423
76, 0.4901, 0.402
77, 0.4916, 0.408
78, 0.4983, 0.406
79, 0.4876, 0.412
80, 0.4884, 0.398
81, 0.4974, 0.396
82, 0.4780, 0.929
83, 0.4938, 0.401
84, 0.4976, 0.398
85, 0.4888, 0.396
86, 0.4793, 0.404
87, 0.4916, 0.409
88, 0.4982, 0.405
89, 0.4838, 0.385
90, 0.4969, 0.382
91, 0.5050, 0.386
92, 0.5016, 0.384
93, 0.4992, 0.386
94, 0.4908, 0.385
95, 0.4998, 0.382
96, 0.5095, 3.067
97, 0.5106, 0.384
98, 0.5127, 0.884
99, 0.4923, 0.396
100, 0.5067, 0.386
101, 0.4838, 0.417
102, 0.4846, 0.406
103, 0.4941, 0.418
104, 0.4903, 0.720
105, 0.4949, 0.395
106, 0.4911, 0.400
107, 0.4781, 0.892
108, 0.4843, 0.456
109, 0.4984, 0.397
110, 0.4959, 0.408
111, 0.4913, 0.398
112, 0.5007, 0.394
113, 0.5081, 0.390
114, 0.4905, 0.395
115, 0.4870, 0.401
116, 0.4813, 0.401
117, 0.4922, 0.397
118, 0.4750, 0.396
119, 0.5002, 0.397
120, 0.4782, 0.397
121, 0.4957, 0.396
122, 0.4979, 0.396
123, 0.4878, 0.397
124, 0.4922, 0.396
125, 0.4930, 0.403
126, 0.5007, 0.404
127, 0.4882, 0.395
128, 0.4754, 0.402
129, 0.4848, 0.400
130, 0.4751, 0.396
131, 0.4808, 0.397
132, 0.4808, 0.394
133, 0.4708, 0.393
134, 0.4853, 0.397
135, 0.4886, 0.396
136, 0.4927, 0.396
137, 0.5055, 0.396
138, 0.4885, 0.400
139, 0.4894, 0.395
140, 0.4899, 0.402
141, 0.4782, 0.399
142, 0.4850, 0.397
143, 0.4970, 0.397
144, 0.4932, 0.395
145, 0.5001, 0.399
146, 0.4944, 0.395
147, 0.4960, 0.396
148, 0.4967, 0.396
149, 0.5117, 0.396
150, 0.4987, 0.394
151, 0.5030, 0.401
152, 0.4835, 0.396
153, 0.4895, 0.406
154, 0.5014, 0.397
155, 0.4941, 0.397
156, 0.4997, 0.395
157, 0.4957, 0.397
158, 0.4859, 0.396
159, 0.5024, 0.470
160, 0.4850, 0.399
161, 0.4996, 0.398
162, 0.5001, 0.399
163, 0.4794, 0.397
164, 0.4910, 0.393
165, 0.4889, 0.394
166, 0.5045, 0.399
167, 0.4996, 0.402
168, 0.4865, 0.402
169, 0.4923, 0.406
170, 0.4921, 0.399
171, 0.4923, 0.442
172, 0.4950, 0.435
173, 0.4962, 0.443
174, 0.4776, 0.398
175, 0.5085, 0.403
176, 0.4913, 0.402
177, 0.4953, 0.404
178, 0.4859, 0.402
179, 0.4797, 0.408
180, 0.4887, 0.407
181, 0.4894, 0.400
182, 0.4845, 0.400
183, 0.4977, 0.405
184, 0.4981, 0.399
185, 0.4851, 0.438
186, 0.5031, 0.399
187, 0.4783, 0.409
188, 0.5010, 0.407
189, 0.4954, 0.410
190, 0.4882, 0.399
191, 0.4865, 0.400
192, 0.4944, 0.398
193, 0.4853, 0.401
194, 0.4965, 0.402
195, 0.4964, 0.406
196, 0.4922, 0.403
197, 0.4885, 0.404
198, 0.5071, 0.404
199, 0.4940, 0.408
200, 0.4892, 0.407
201, 0.4988, 0.394
202, 0.5133, 0.405
203, 0.5166, 0.418
204, 0.5232, 0.412
205, 0.4986, 0.436
206, 0.5190, 0.427
207, 0.5028, 0.446
208, 0.4974, 0.690
209, 0.4935, 0.406
210, 0.4908, 0.401
211, 0.4775, 0.714
212, 0.4924, 0.421
213, 0.4813, 0.402
214, 0.4646, 0.405
215, 0.4966, 1.068
216, 0.4971, 0.405
217, 0.4914, 0.401
218, 0.4935, 0.397
219, 0.4904, 0.400
220, 0.4777, 0.407
221, 0.4997, 0.723
222, 0.5036, 0.397
223, 0.4671, 0.396
224, 0.4880, 0.403
225, 0.4902, 0.404
226, 0.4905, 0.405
227, 0.4945, 0.412
228, 0.4916, 0.972
229, 0.4860, 0.393
230, 0.4985, 0.393
231, 0.4886, 0.450
232, 0.4946, 0.394
233, 0.4850, 0.392
234, 0.4889, 0.394
235, 0.4947, 1.282
236, 0.4872, 0.377
237, 0.4791, 0.390
238, 0.4729, 0.380
239, 0.4805, 0.381
240, 0.4920, 0.377
241, 0.4953, 0.377
242, 0.4970, 0.383
243, 0.4863, 0.378
244, 0.4804, 0.608
245, 0.4884, 0.386
246, 0.4847, 0.383
247, 0.4991, 0.387
248, 0.4872, 0.401
249, 0.4989, 0.396
250, 0.4802, 0.397
251, 0.4879, 0.397
252, 0.4808, 0.396
253, 0.4874, 0.408
254, 0.5014, 0.409
255, 0.4900, 0.398
256, 0.4979, 0.401
257, 0.4899, 0.395
258, 0.4763, 0.397
259, 0.4927, 0.404
260, 0.4804, 0.400
261, 0.4907, 0.397
262, 0.4985, 0.404
263, 0.4880, 0.405
264, 0.4886, 0.399
265, 0.4871, 0.399
266, 0.4744, 0.396
267, 0.5062, 0.399
268, 0.4972, 0.400
269, 0.4795, 0.397
270, 0.4958, 0.396
271, 0.4841, 0.398
272, 0.4765, 0.398
273, 0.4786, 0.404
274, 0.4938, 0.395
275, 0.4989, 0.399
276, 0.4774, 0.400
277, 0.4902, 0.397
278, 0.4982, 0.407
279, 0.4851, 0.401
280, 0.4882, 0.405
281, 0.4948, 0.401
282, 0.4906, 0.396
283, 0.5019, 0.403
284, 0.4965, 0.397
285, 0.4888, 0.408
286, 0.4915, 0.400
287, 0.5089, 0.401
288, 0.4733, 0.395
289, 0.4911, 0.400
290, 0.4995, 0.406
291, 0.4955, 0.402
292, 0.5018, 0.398
293, 0.4793, 0.401
294, 0.4897, 0.396
295, 0.4882, 0.403
296, 0.5133, 0.401
297, 0.4710, 0.398
298, 0.4925, 0.401
299, 0.5084, 0.402
300, 0.4797, 0.401
301, 0.4846, 0.400
302, 0.4988, 0.398
303, 0.4801, 0.405
304, 0.4922, 0.395
305, 0.4878, 0.395
306, 0.4848, 0.398
307, 0.4982, 0.403
308, 0.4837, 0.409
309, 0.4961, 0.397
310, 0.4859, 0.400
311, 0.4865, 0.409
312, 0.4983, 0.401
313, 0.4866, 0.401
314, 0.4996, 0.414
315, 0.4828, 0.402
316, 0.4911, 0.441
317, 0.4998, 0.405
318, 0.4981, 0.394
319, 0.4897, 0.398
320, 0.4923, 0.395
321, 0.4801, 0.406
322, 0.4977, 0.421
323, 0.5007, 0.401
324, 0.4881, 0.403
325, 0.4878, 0.407
326, 0.4997, 0.399
327, 0.4799, 0.407
328, 0.4775, 0.409
329, 0.4976, 0.398
330, 0.5030, 0.400
331, 0.4768, 0.417
332, 0.5071, 0.436
333, 0.5161, 0.435
334, 0.4972, 0.453
335, 0.4762, 0.466
336, 0.4751, 0.469
337, 0.5192, 0.466
338, 0.5137, 0.462
339, 0.4927, 0.407
340, 0.4998, 0.404
341, 0.4876, 0.405
342, 0.4863, 0.405
343, 0.4835, 0.403
344, 0.5040, 0.402
345, 0.4923, 0.436
346, 0.4913, 0.463
347, 0.4909, 0.465
348, 0.5055, 0.458
349, 0.4698, 0.445
350, 0.4770, 0.451
351, 0.4754, 0.437
352, 0.4829, 0.400
353, 0.4840, 0.400
354, 0.4748, 0.397
355, 0.4934, 0.400
356, 0.4784, 0.409
357, 0.4842, 0.402
358, 0.5000, 0.407
359, 0.4871, 0.410
360, 0.4906, 0.405
361, 0.4967, 0.404
362, 0.4865, 0.395
363, 0.5033, 0.402
364, 0.4898, 0.409
365, 0.4912, 0.404
366, 0.5065, 0.398
367, 0.5050, 0.402
368, 0.5079, 0.399
369, 0.5012, 0.400
370, 0.5016, 0.393
371, 0.5016, 0.392
372, 0.4888, 0.399
373, 0.4938, 0.395
374, 0.4937, 0.401
375, 0.4697, 0.398
376, 0.4794, 0.403
377, 0.4872, 0.395
378, 0.4948, 0.392
379, 0.4997, 0.395
380, 0.4965, 0.398
381, 0.4880, 0.398
382, 0.5099, 0.398
383, 0.5053, 0.401
384, 0.4809, 0.398
385, 0.4828, 0.398
386, 0.4881, 0.402
387, 0.4866, 0.403
388, 0.4717, 0.403
389, 0.4959, 0.403
390, 0.4964, 0.400
391, 0.4730, 0.408
392, 0.4847, 0.393
393, 0.4901, 0.398
394, 0.4936, 0.384
395, 0.4925, 0.396
396, 0.4920, 0.395
397, 0.4912, 0.396
398, 0.4929, 0.401
399, 0.5083, 0.400
400, 0.5082, 0.396
401, 0.5017, 0.382
402, 0.5039, 0.388
403, 0.4792, 0.387
404, 0.4703, 0.383
405, 0.5036, 0.387
406, 0.4578, 0.382
407, 0.4960, 0.382
408, 0.4872, 1.379
409, 0.4944, 0.384
410, 0.4869, 0.405
411, 0.4988, 0.382
412, 0.4934, 0.398
413, 0.4560, 0.404
414, 0.4912, 0.411
415, 0.4800, 0.396
416, 0.5089, 0.397
417, 0.4810, 0.407
418, 0.4893, 0.421
419, 0.4941, 0.822
420, 0.4923, 0.400
421, 0.4826, 0.403
422, 0.4857, 0.399
423, 0.4858, 0.412
424, 0.4959, 0.409
425, 0.4934, 0.959
426, 0.4702, 0.398
427, 0.4850, 0.410
428, 0.4897, 0.395
429, 0.4901, 0.700
430, 0.4612, 0.392
431, 0.4685, 0.395
432, 0.4848, 0.400
433, 0.4850, 0.405
434, 0.4864, 0.889
435, 0.4927, 0.411
436, 0.4963, 0.411
437, 0.4642, 0.415
438, 0.4654, 0.410
439, 0.4981, 0.407
440, 0.4696, 0.401
441, 0.4627, 0.416
442, 0.4695, 0.403
443, 0.4773, 0.402
444, 0.4751, 0.408
445, 0.4845, 0.405
446, 0.4760, 0.620
447, 0.4931, 0.412
448, 0.4798, 0.410
449, 0.4983, 0.415
450, 0.4939, 0.411
451, 0.4869, 0.409
452, 0.4829, 1.360
453, 0.4856, 0.404
454, 0.4972, 0.410
455, 0.5115, 0.401
456, 0.5033, 0.400
457, 0.4809, 0.414
458, 0.4864, 0.410
459, 0.4959, 0.401
460, 0.5005, 0.405
461, 0.4812, 0.403
462, 0.4879, 0.402
463, 0.4873, 1.085
464, 0.4993, 1.041
465, 0.4822, 0.403
466, 0.5140, 0.397
467, 0.4914, 0.402
468, 0.4804, 0.405
469, 0.5006, 0.404
470, 0.5049, 0.404
471, 0.4653, 0.407
472, 0.4905, 0.411
473, 0.4895, 0.409
474, 0.4953, 1.049
475, 0.4485, 0.433
476, 0.4730, 0.400
477, 0.4971, 0.397
478, 0.5282, 0.393
479, 0.5267, 0.406
480, 0.5120, 0.391
481, 0.4977, 0.394
482, 0.4852, 0.392
483, 0.5112, 0.396
484, 0.4956, 0.394
485, 0.4901, 0.394
486, 0.4895, 0.445
487, 0.4511, 0.395
488, 0.4819, 0.394
489, 0.4892, 0.397
490, 0.4992, 0.395
491, 0.4655, 0.396
492, 0.4683, 0.394
493, 0.4723, 0.395
494, 0.4809, 0.395
495, 0.4698, 0.394
496, 0.4702, 0.394
497, 0.4852, 0.396
498, 0.4395, 0.400
499, 0.4628, 0.396
500, 0.4940, 0.399
501, 0.4849, 0.396
502, 0.4900, 0.396
503, 0.4746, 0.396
504, 0.4837, 0.396
505, 0.4604, 0.400
506, 0.5084, 0.398
507, 0.4668, 0.397
508, 0.4833, 0.400
509, 0.4587, 0.401
510, 0.4828, 0.407
511, 0.5003, 0.395
512, 0.4777, 0.396
513, 0.4566, 0.400
514, 0.4999, 0.399
515, 0.5002, 0.395
516, 0.4784, 0.398
517, 0.5016, 0.396
518, 0.5003, 0.395
519, 0.4624, 0.397
520, 0.4627, 0.397
521, 0.4858, 0.398
522, 0.4937, 0.398
523, 0.5052, 0.399
524, 0.4821, 0.398
525, 0.4753, 0.395
526, 0.4951, 0.407
527, 0.4621, 0.395
528, 0.4716, 0.397
529, 0.4842, 0.397
530, 0.4918, 0.399
531, 0.4740, 0.399
532, 0.4468, 0.400
533, 0.5031, 0.397
534, 0.5045, 0.398
535, 0.4705, 0.397
536, 0.4595, 0.400
537, 0.4725, 0.397
538, 0.4775, 0.399
539, 0.4611, 0.397
540, 0.4948, 0.396
541, 0.4749, 0.403
542, 0.4464, 0.403
543, 0.4602, 0.400
544, 0.4951, 0.400
545, 0.4795, 0.408
546, 0.4543, 0.489
547, 0.4781, 0.469
548, 0.4986, 0.400
549, 0.4975, 0.400
550, 0.4849, 0.400
551, 0.4781, 0.402
552, 0.4633, 0.399
553, 0.4742, 0.380
554, 0.4759, 0.378
555, 0.5006, 0.377
556, 0.4671, 0.377
557, 0.5048, 0.378
558, 0.4871, 0.379
559, 0.4601, 0.378
560, 0.4705, 1.705
561, 0.4645, 0.380
562, 0.4776, 0.728
563, 0.4771, 0.645
564, 0.5003, 0.385
565, 0.4908, 0.384
566, 0.4915, 0.413
567, 0.4751, 0.401
568, 0.4751, 0.983
569, 0.4780, 0.411
570, 0.4736, 0.409
571, 0.4606, 0.547
572, 0.4524, 0.408
573, 0.4736, 0.406
574, 0.4863, 0.402
575, 0.4610, 0.401
576, 0.4373, 0.407
577, 0.4598, 0.412
578, 0.4609, 0.394
579, 0.4529, 0.398
580, 0.4833, 0.394
581, 0.4543, 0.402
582, 0.4493, 0.403
583, 0.4795, 0.401
584, 0.4524, 0.398
585, 0.4528, 0.405
586, 0.4926, 0.398
587, 0.4737, 0.399
588, 0.4528, 0.410
589, 0.4821, 0.704
590, 0.5049, 0.410
591, 0.4344, 0.401
592, 0.4917, 0.397
593, 0.4749, 0.396
594, 0.4844, 0.396
595, 0.5296, 0.397
596, 0.5244, 0.398
597, 0.4765, 0.389
598, 0.4847, 0.389
599, 0.4560, 0.395
600, 0.4721, 0.389
601, 0.4431, 0.385
602, 0.4262, 0.383
603, 0.4490, 0.397
604, 0.4787, 0.396
605, 0.4348, 0.396
606, 0.4765, 0.404
607, 0.4756, 0.397
608, 0.4770, 0.426
609, 0.4796, 0.429
610, 0.4804, 0.428
611, 0.4894, 0.490
612, 0.5062, 0.398
613, 0.4883, 0.393
614, 0.5140, 0.391
615, 0.4906, 0.389
616, 0.4953, 0.388
617, 0.5006, 0.396
618, 0.4731, 0.398
619, 0.4614, 0.389
620, 0.4475, 0.390
621, 0.4459, 0.399
622, 0.5067, 0.397
623, 0.4661, 0.397
624, 0.4970, 0.398
625, 0.4964, 0.398
626, 0.5266, 0.398
627, 0.5126, 0.394
628, 0.5338, 0.399
629, 0.4862, 0.398
630, 0.4858, 0.396
631, 0.4849, 0.402
632, 0.4430, 0.400
633, 0.4733, 0.397
634, 0.4877, 0.411
635, 0.4832, 0.398
636, 0.5142, 0.397
637, 0.4880, 0.395
638, 0.4794, 0.396
639, 0.4850, 0.395
640, 0.4784, 0.392
641, 0.5109, 0.389
642, 0.5058, 0.395
643, 0.4793, 0.399
644, 0.4819, 0.408
645, 0.4808, 0.398
646, 0.4511, 0.395
647, 0.4643, 0.400
648, 0.4443, 0.402
649, 0.4678, 0.397
650, 0.4802, 0.406
651, 0.4819, 0.411
652, 0.4736, 0.408
653, 0.4505, 0.412
654, 0.4326, 0.406
655, 0.4145, 0.406
656, 0.4665, 0.393
657, 0.4531, 0.401
658, 0.4727, 0.492
659, 0.4462, 0.395
660, 0.4835, 0.398
661, 0.4922, 0.396
662, 0.5081, 0.397
663, 0.4869, 0.395
664, 0.4838, 0.409
665, 0.4480, 0.406
666, 0.4873, 0.402
667, 0.4652, 0.396
668, 0.4857, 0.406
669, 0.4927, 0.393
670, 0.4728, 0.400
671, 0.4581, 0.404
672, 0.4638, 0.409
673, 0.4661, 0.410
674, 0.4619, 0.593
675, 0.4837, 0.401
676, 0.4661, 0.396
677, 0.4718, 0.393
678, 0.5336, 0.393
679, 0.4417, 0.394
680, 0.4981, 0.392
681, 0.4526, 0.395
682, 0.4515, 0.396
683, 0.4895, 0.391
684, 0.5165, 0.395
685, 0.4620, 0.394
686, 0.4818, 0.395
687, 0.5135, 0.401
688, 0.4724, 0.396
689, 0.4890, 0.394
690, 0.5167, 0.395
691, 0.5235, 0.396
692, 0.4806, 0.395
693, 0.4735, 0.398
694, 0.4299, 0.400
695, 0.4515, 0.399
696, 0.4574, 0.397
697, 0.4610, 0.401
698, 0.4604, 0.405
699, 0.4754, 0.402
700, 0.4282, 0.398
701, 0.4453, 0.393
702, 0.4482, 0.394
703, 0.4198, 0.403
704, 0.4817, 0.403
705, 0.4565, 0.410
706, 0.4754, 0.395
707, 0.4584, 0.391
708, 0.4681, 0.392
709, 0.4443, 0.391
710, 0.4309, 0.393
711, 0.4813, 0.380
712, 0.4617, 0.386
713, 0.4719, 0.382
714, 0.4714, 0.379
715, 0.4425, 0.380
716, 0.5007, 0.377
717, 0.4528, 0.378
718, 0.4843, 2.712
719, 0.4878, 0.382
720, 0.4291, 0.397
721, 0.4753, 0.406
722, 0.4901, 0.419
723, 0.4665, 0.393
724, 0.4357, 0.401
725, 0.4717, 0.398
726, 0.4984, 0.400
727, 0.4526, 0.397
728, 0.4830, 0.396
729, 0.4831, 0.397
730, 0.4760, 0.398
731, 0.4564, 0.402
732, 0.4743, 0.402
733, 0.4475, 0.396
734, 0.4487, 0.398
735, 0.4290, 0.402
736, 0.4577, 0.399
737, 0.4656, 0.393
738, 0.4468, 0.399
739, 0.4524, 0.398
740, 0.4424, 0.397
741, 0.4590, 0.396
742, 0.4697, 0.402
743, 0.4559, 0.404
744, 0.4561, 0.417
745, 0.4830, 0.399
746, 0.5234, 0.398
747, 0.4655, 0.395
748, 0.5066, 0.402
749, 0.4577, 0.406
750, 0.4592, 0.398
751, 0.4940, 0.401
752, 0.4437, 0.399
753, 0.4568, 0.405
754, 0.4587, 0.431
755, 0.4783, 0.439
756, 0.4692, 0.485
757, 0.4934, 0.397
758, 0.4103, 0.397
759, 0.4270, 0.396
760, 0.4300, 0.399
761, 0.4526, 0.398
762, 0.4834, 0.399
763, 0.5094, 0.397
764, 0.4882, 0.399
765, 0.4580, 0.400
766, 0.4044, 0.403
767, 0.4453, 0.403
768, 0.4570, 0.401
769, 0.4227, 0.403
770, 0.4220, 0.405
771, 0.4055, 0.413
772, 0.3510, 0.414
773, 0.5042, 0.406
774, 0.5151, 0.404
775, 0.4807, 0.414
776, 0.3615, 0.405
777, 0.4388, 0.408
778, 0.4561, 0.403
779, 0.4319, 0.408
780, 0.4748, 0.398
781, 0.4916, 0.407
782, 0.4961, 0.410
783, 0.4245, 0.404
784, 0.4652, 0.400
785, 0.4833, 0.415
786, 0.4418, 0.411
787, 0.4515, 0.402
788, 0.4821, 0.402
789, 0.4507, 0.395
790, 0.4421, 0.400
791, 0.5079, 0.394
792, 0.5031, 0.401
793, 0.4640, 0.404
794, 0.4199, 0.408
795, 0.4675, 0.385
796, 0.4638, 0.904
797, 0.4486, 0.395
798, 0.4242, 0.398
799, 0.4062, 0.571
800, 0.4211, 0.403
801, 0.4901, 0.387
802, 0.4876, 0.395
803, 0.4879, 0.403
804, 0.4764, 0.397
805, 0.4395, 0.403
806, 0.4407, 0.397
807, 0.4991, 0.397
808, 0.4836, 0.394
809, 0.4700, 0.395
810, 0.4906, 0.420
811, 0.4691, 0.405
812, 0.4853, 0.396
813, 0.4576, 0.404
814, 0.4344, 0.401
815, 0.4947, 0.393
816, 0.4341, 0.389
817, 0.4586, 0.390
818, 0.4096, 0.400
819, 0.4627, 0.395
820, 0.3765, 0.397
821, 0.3969, 0.395
822, 0.5144, 0.406
823, 0.4667, 0.398
824, 0.3689, 0.409
825, 0.3541, 0.396
826, 0.4502, 0.392
827, 0.4265, 0.399
828, 0.3705, 0.395
829, 0.4797, 0.395
830, 0.4748, 0.754
831, 0.4506, 0.395
832, 0.4616, 0.407
833, 0.4468, 0.408
834, 0.4182, 0.408
835, 0.4221, 0.398
836, 0.3638, 0.401
837, 0.4162, 0.396
838, 0.3651, 0.406
839, 0.4043, 0.403
840, 0.3920, 0.393
841, 0.4521, 0.397
842, 0.3212, 0.399
843, 0.3204, 0.406
844, 0.3990, 0.397
845, 0.3968, 0.392
846, 0.4652, 0.393
847, 0.4391, 0.395
848, 0.4609, 0.394
849, 0.4598, 0.394
850, 0.4328, 0.398
851, 0.4436, 0.400
852, 0.4146, 0.398
853, 0.3974, 0.397
854, 0.4725, 0.395
855, 0.4203, 0.398
856, 0.4276, 0.395
857, 0.4022, 0.777
858, 0.3238, 0.396
859, 0.3104, 0.397
860, 0.4813, 0.400
861, 0.3967, 0.400
862, 0.4104, 0.395
863, 0.4146, 0.401
864, 0.4499, 0.406
865, 0.4684, 0.394
866, 0.3590, 0.392
867, 0.3421, 0.395
868, 0.3836, 0.398
869, 0.4207, 0.396
870, 0.4530, 0.379
871, 0.3563, 0.389
872, 0.4143, 0.376
873, 0.4386, 0.378
874, 0.3546, 0.380
875, 0.3090, 0.379
876, 0.3272, 0.379
877, 0.3440, 0.381
878, 0.2753, 0.377
879, 0.4585, 3.268
880, 0.4142, 0.574
881, 0.3909, 0.384
882, 0.3357, 0.381
883, 0.3853, 0.400
884, 0.2954, 0.405
885, 0.4399, 0.481
886, 0.4456, 0.382
887, 0.3558, 0.406
888, 0.4141, 1.134
889, 0.3598, 0.408
890, 0.3296, 0.417
891, 0.3611, 1.309
892, 0.2643, 0.395
893, 0.3739, 0.393
894, 0.3870, 0.401
895, 0.3396, 0.397
896, 0.3313, 0.402
897, 0.3402, 0.404
898, 0.3938, 0.406
899, 0.3527, 0.399
900, 0.3399, 1.181
901, 0.3681, 0.401
902, 0.4250, 1.140
903, 0.3355, 0.401
904, 0.3792, 0.404
905, 0.4065, 0.406
906, 0.3988, 0.400
907, 0.3754, 0.397
908, 0.3867, 0.396
909, 0.4847, 0.405
910, 0.3158, 0.388
911, 0.3715, 0.391
912, 0.3879, 0.393
913, 0.3396, 0.393
914, 0.4164, 0.393
915, 0.3244, 0.387
916, 0.3801, 0.393
917, 0.3176, 0.397
918, 0.4788, 0.402
919, 0.4533, 0.401
920, 0.4238, 0.409
921, 0.3814, 0.403
922, 0.3855, 0.417
923, 0.3590, 0.417
924, 0.3571, 0.398
925, 0.4190, 0.401
926, 0.3527, 0.392
927, 0.2877, 0.390
928, 0.3677, 0.400
929, 0.4412, 0.397
930, 0.4621, 0.398
931, 0.2854, 0.403
932, 0.4218, 0.399
933, 0.4096, 0.407
934, 0.4140, 0.401
935, 0.3401, 0.405
936, 0.4120, 0.401
937, 0.3751, 0.406
938, 0.3133, 0.397
939, 0.3981, 0.398
940, 0.3517, 0.392
941, 0.3804, 0.404
942, 0.3852, 0.408
943, 0.4039, 0.605
944, 0.3306, 0.406
945, 0.3245, 0.404
946, 0.3808, 0.400
947, 0.4045, 0.402
948, 0.5282, 0.405
949, 0.4584, 0.411
950, 0.2412, 0.404
951, 0.4763, 0.402
952, 0.4736, 0.398
953, 0.3248, 0.398
954, 0.3507, 0.398
955, 0.4240, 0.407
956, 0.3750, 0.411
957, 0.4217, 0.404
958, 0.4389, 0.418
959, 0.3535, 0.398
960, 0.3571, 0.399
961, 0.3478, 0.408
962, 0.2963, 0.410
963, 0.2804, 0.401
964, 0.3978, 0.401
965, 0.3453, 0.400
966, 0.4610, 0.397
967, 0.3235, 0.399
968, 0.3076, 0.403
969, 0.3158, 0.397
970, 0.3815, 0.409
971, 0.3822, 0.405
972, 0.4024, 0.401
973, 0.3193, 0.401
974, 0.3962, 1.999
975, 0.3085, 0.395
976, 0.3831, 0.399
977, 0.3728, 0.433
978, 0.4325, 0.437
979, 0.4335, 1.379
980, 0.4682, 0.401
981, 0.2406, 0.397
982, 0.3390, 0.395
983, 0.3697, 1.896
984, 0.4436, 0.401
985, 0.4081, 2.128
986, 0.3696, 0.389
987, 0.4536, 0.395
988, 0.4497, 0.407
989, 0.3858, 0.402
990, 0.3891, 1.962
991, 0.4208, 0.502
992, 0.4168, 0.394
993, 0.4437, 0.403
994, 0.3566, 0.395
995, 0.4185, 0.393
996, 0.4195, 0.399
997, 0.3730, 0.398
998, 0.3936, 0.390
999, 0.3358, 0.394
1000, 0.3382, 0.394
1001, 0.4216, 0.388
1002, 0.3485, 0.397
1003, 0.3349, 0.395
1004, 0.2682, 0.400
1005, 0.2799, 0.379
1006, 0.3047, 0.380
1007, 0.3333, 0.378
1008, 0.3532, 0.385
1009, 0.3316, 0.381
1010, 0.3025, 0.380
1011, 0.3276, 0.380
1012, 0.3193, 1.963
1013, 0.3981, 0.407
1014, 0.4037, 2.097
1015, 0.4423, 0.381
1016, 0.4597, 0.434
1017, 0.4031, 1.484
1018, 0.4130, 0.414
1019, 0.4034, 0.432
1020, 0.4002, 0.805
1021, 0.4057, 0.411
1022, 0.4020, 0.669
1023, 0.4264, 0.392
1024, 0.4031, 0.393
1025, 0.4188, 0.399
1026, 0.3307, 0.399
1027, 0.3020, 0.410
1028, 0.3375, 0.404
1029, 0.4164, 0.399
1030, 0.4341, 0.394
1031, 0.3596, 0.431
1032, 0.2986, 0.398
1033, 0.4305, 0.402
1034, 0.3385, 0.402
1035, 0.3633, 0.404
1036, 0.4443, 0.408
1037, 0.4546, 1.055
1038, 0.3736, 0.399
1039, 0.3600, 0.559
1040, 0.4780, 0.410
1041, 0.3439, 0.394
1042, 0.3963, 0.607
1043, 0.2937, 0.401
1044, 0.3324, 0.421
1045, 0.4044, 0.395
1046, 0.3984, 0.410
1047, 0.3750, 0.419
1048, 0.4357, 0.406
1049, 0.4283, 0.399
1050, 0.3912, 0.401
1051, 0.3907, 0.400
1052, 0.3939, 0.395
1053, 0.3192, 0.406
1054, 0.3928, 0.412
1055, 0.3277, 0.401
1056, 0.4377, 0.732
1057, 0.3930, 0.401
1058, 0.2625, 0.408
1059, 0.4513, 1.034
1060, 0.4682, 0.649
1061, 0.4024, 0.400
1062, 0.3774, 0.400
1063, 0.3658, 0.399
1064, 0.4180, 0.401
1065, 0.3601, 0.397
1066, 0.2685, 0.397
1067, 0.3655, 0.406
1068, 0.4317, 0.399
1069, 0.4512, 0.400
1070, 0.4909, 0.385
1071, 0.3680, 0.393
1072, 0.3313, 0.404
1073, 0.4422, 0.403
1074, 0.4148, 0.405
1075, 0.2571, 0.405
1076, 0.2747, 0.615
1077, 0.3333, 0.404
1078, 0.4127, 0.396
1079, 0.3577, 0.406
1080, 0.3805, 0.397
1081, 0.3336, 0.396
1082, 0.2927, 0.401
1083, 0.4188, 0.401
1084, 0.4117, 0.394
1085, 0.3769, 0.397
1086, 0.3438, 0.396
1087, 0.3051, 0.407
1088, 0.3747, 0.402
1089, 0.4124, 0.404
1090, 0.4920, 0.403
1091, 0.4270, 0.403
1092, 0.4285, 0.639
1093, 0.2787, 0.394
1094, 0.2664, 0.401
1095, 0.3664, 0.604
1096, 0.3701, 0.392
1097, 0.4392, 0.401
1098, 0.3865, 1.167
1099, 0.3220, 0.400
1100, 0.3197, 0.392
1101, 0.3851, 0.398
1102, 0.2578, 0.612
1103, 0.2826, 0.399
1104, 0.3816, 0.397
1105, 0.3868, 0.406
1106, 0.3815, 0.400
1107, 0.3704, 0.397
1108, 0.4175, 0.399
1109, 0.3729, 0.395
1110, 0.3388, 0.392
1111, 0.4256, 0.393
1112, 0.3038, 0.394
1113, 0.3850, 0.395
1114, 0.2990, 0.396
1115, 0.3430, 0.394
1116, 0.2979, 0.394
1117, 0.2931, 0.391
1118, 0.2406, 0.396
1119, 0.3292, 0.405
1120, 0.3833, 0.396
1121, 0.3963, 0.412
1122, 0.2976, 0.420
1123, 0.3112, 0.404
1124, 0.3748, 0.400
1125, 0.3003, 0.402
1126, 0.3022, 0.398
1127, 0.2782, 1.253
1128, 0.3001, 0.402
1129, 0.3334, 0.394
1130, 0.2532, 0.391
1131, 0.2565, 0.390
1132, 0.3223, 0.391
1133, 0.3976, 0.413
1134, 0.3422, 0.397
1135, 0.3148, 0.393
1136, 0.3607, 0.399
1137, 0.3394, 0.975
1138, 0.2618, 0.398
1139, 0.4487, 0.394
1140, 0.3095, 0.393
1141, 0.3164, 0.396
1142, 0.2441, 0.397
1143, 0.2468, 0.394
1144, 0.3656, 0.392
1145, 0.3737, 0.387
1146, 0.3726, 0.388
1147, 0.3676, 0.378
1148, 0.3237, 0.381
1149, 0.3442, 0.376
1150, 0.3115, 0.374
1151, 0.3145, 0.372
1152, 0.3549, 0.374
1153, 0.3305, 0.370
1154, 0.3360, 1.888
1155, 0.3356, 2.188
1156, 0.2477, 1.507
1157, 0.3774, 0.394
1158, 0.3698, 0.745
1159, 0.4002, 0.381
1160, 0.3158, 0.384
1161, 0.2666, 0.383
1162, 0.2608, 0.382
1163, 0.3912, 0.396
1164, 0.2763, 0.472
1165, 0.2991, 0.405
1166, 0.2551, 0.398
1167, 0.2380, 0.399
1168, 0.3598, 0.402
1169, 0.2783, 0.399
1170, 0.3485, 0.395
1171, 0.3056, 0.403
1172, 0.3278, 0.407
1173, 0.2669, 0.416
1174, 0.3339, 0.405
1175, 0.3334, 0.412
1176, 0.4641, 0.394
1177, 0.3206, 0.397
1178, 0.3288, 0.474
1179, 0.2815, 0.393
1180, 0.3297, 0.393
1181, 0.3433, 0.395
1182, 0.3532, 0.390
1183, 0.3362, 0.392
1184, 0.2837, 0.393
1185, 0.2556, 0.395
1186, 0.2874, 0.392
1187, 0.3748, 0.400
1188, 0.3592, 0.405
1189, 0.2446, 0.413
1190, 0.2564, 0.428
1191, 0.2361, 0.399
1192, 0.1598, 1.883
1193, 0.3629, 1.209
1194, 0.2630, 0.427
1195, 0.2995, 1.530
1196, 0.3513, 0.405
1197, 0.2423, 0.403
1198, 0.2585, 0.397
1199, 0.2486, 3.032
1200, 0.3422, 0.398
1201, 0.2409, 0.392
1202, 0.2435, 0.395
1203, 0.2106, 0.399
1204, 0.2230, 0.402
1205, 0.2205, 0.409
1206, 0.3216, 0.825
1207, 0.2710, 0.403
1208, 0.3221, 0.400
1209, 0.2617, 2.878
1210, 0.3543, 0.400
1211, 0.3134, 2.773
1212, 0.3398, 0.395
1213, 0.3458, 0.409
1214, 0.2641, 0.401
1215, 0.4125, 0.409
1216, 0.3620, 0.762
1217, 0.2848, 0.487
1218, 0.2511, 0.392
1219, 0.2749, 0.393
1220, 0.3252, 0.394
1221, 0.2312, 0.400
1222, 0.2735, 0.389
1223, 0.2420, 0.392
1224, 0.2496, 0.396
1225, 0.2247, 0.403
1226, 0.3065, 0.400
1227, 0.3950, 0.407
1228, 0.3930, 0.408
1229, 0.3642, 0.415
1230, 0.2221, 0.396
1231, 0.2253, 0.403
1232, 0.2102, 0.670
1233, 0.2368, 0.501
1234, 0.2869, 0.395
1235, 0.2872, 0.409
1236, 0.2425, 0.397
1237, 0.3336, 0.393
1238, 0.2267, 0.399
1239, 0.2895, 0.390
1240, 0.2909, 0.399
1241, 0.2872, 0.414
1242, 0.3075, 0.393
1243, 0.2658, 0.397
1244, 0.4378, 0.396
1245, 0.3438, 0.436
1246, 0.2640, 0.395
1247, 0.2435, 0.396
1248, 0.2839, 0.403
1249, 0.3623, 0.395
1250, 0.2966, 0.394
1251, 0.2966, 0.411
1252, 0.3861, 0.417
1253, 0.4103, 0.583
1254, 0.4402, 0.397
1255, 0.3490, 0.403
1256, 0.3387, 0.649
1257, 0.3066, 0.401
1258, 0.3170, 0.396
1259, 0.3632, 0.398
1260, 0.3020, 0.802
1261, 0.2302, 0.398
1262, 0.2106, 0.403
1263, 0.3182, 0.403
1264, 0.2747, 0.398
1265, 0.2137, 0.391
1266, 0.1846, 0.392
1267, 0.3142, 0.378
1268, 0.4247, 0.391
1269, 0.2432, 0.389
1270, 0.3005, 0.375
1271, 0.4388, 0.377
1272, 0.4631, 0.378
1273, 0.2920, 0.375
1274, 0.2363, 0.374
1275, 0.3053, 0.374
1276, 0.2834, 3.233
1277, 0.2148, 2.293
1278, 0.2518, 1.853
1279, 0.2350, 0.381
1280, 0.2454, 0.379
1281, 0.3229, 0.391
1282, 0.2496, 0.398
1283, 0.3483, 0.393
1284, 0.3743, 0.395
1285, 0.2154, 0.398
1286, 0.1692, 0.399
1287, 0.2264, 0.395
1288, 0.2733, 0.403
1289, 0.3490, 0.401
1290, 0.2843, 0.401
1291, 0.3089, 0.406
1292, 0.3711, 0.395
1293, 0.2953, 0.404
1294, 0.3740, 0.397
1295, 0.3743, 0.405
1296, 0.3183, 0.401
1297, 0.2798, 1.323
1298, 0.2473, 0.396
1299, 0.2979, 0.401
1300, 0.1826, 0.395
1301, 0.2744, 0.400
1302, 0.2443, 0.405
1303, 0.3391, 0.397
1304, 0.3004, 0.426
1305, 0.4047, 0.426
1306, 0.4139, 0.402
1307, 0.3317, 0.419
1308, 0.3241, 0.413
1309, 0.3111, 0.693
1310, 0.3372, 0.623
1311, 0.3335, 0.391
1312, 0.2469, 0.394
1313, 0.3493, 1.593
1314, 0.3481, 0.400
1315, 0.2694, 0.395
1316, 0.2703, 0.399
1317, 0.3161, 0.418
1318, 0.2879, 0.402
1319, 0.2759, 0.404
1320, 0.2092, 0.397
1321, 0.3122, 0.408
1322, 0.3210, 0.403
1323, 0.3086, 0.849
1324, 0.3219, 0.412
1325, 0.3307, 2.854
1326, 0.2914, 0.395
1327, 0.3082, 0.399
1328, 0.3021, 0.435
1329, 0.2601, 0.403
1330, 0.4150, 1.085
1331, 0.3603, 0.405
1332, 0.2484, 0.397
1333, 0.2723, 0.671
1334, 0.2607, 1.225
1335, 0.3884, 0.399
1336, 0.3229, 0.395
1337, 0.3528, 0.397
1338, 0.3403, 0.397
1339, 0.2733, 0.394
1340, 0.2374, 0.392
1341, 0.2265, 0.394
1342, 0.2849, 0.399
1343, 0.2953, 0.396
1344, 0.3013, 0.398
1345, 0.3008, 0.392
1346, 0.3034, 0.398
1347, 0.3225, 0.395
1348, 0.2940, 0.402
1349, 0.3252, 0.399
1350, 0.3235, 0.396
1351, 0.3755, 0.396
1352, 0.2298, 1.872
1353, 0.2848, 1.400
1354, 0.2893, 0.393
1355, 0.4228, 0.409
1356, 0.3117, 0.392
1357, 0.2107, 0.396
1358, 0.3108, 1.219
1359, 0.2810, 0.464
1360, 0.3369, 0.401
1361, 0.2972, 0.401
1362, 0.2949, 0.393
1363, 0.3620, 1.402
1364, 0.3045, 0.399
1365, 0.3753, 1.219
1366, 0.2930, 0.400
1367, 0.4002, 0.393
1368, 0.3295, 0.396
1369, 0.3169, 0.397
1370, 0.2900, 0.601
1371, 0.3120, 0.398
1372, 0.3208, 0.405
1373, 0.3113, 0.395
1374, 0.2576, 0.402
1375, 0.2820, 0.393
1376, 0.2964, 0.407
1377, 0.2952, 0.390
1378, 0.2766, 0.391
1379, 0.3020, 0.398
1380, 0.4173, 0.391
1381, 0.3160, 0.392
1382, 0.3063, 0.394
1383, 0.3051, 0.422
1384, 0.3364, 0.395
1385, 0.3454, 0.404
1386, 0.2975, 0.384
1387, 0.2414, 0.390
1388, 0.2813, 0.403
1389, 0.3248, 0.390
1390, 0.3172, 0.390
1391, 0.2256, 0.383
1392, 0.2356, 0.375
1393, 0.3069, 0.372
1394, 0.2470, 0.372
1395, 0.3273, 0.371
1396, 0.2081, 0.372
1397, 0.2589, 0.376
1398, 0.3199, 0.376
1399, 0.4049, 3.279
1400, 0.3041, 0.383
1401, 0.3403, 0.393
1402, 0.2490, 0.389
1403, 0.3180, 0.397
1404, 0.2930, 0.397
1405, 0.3149, 0.399
1406, 0.4048, 0.397
1407, 0.3615, 0.405
1408, 0.2603, 0.398
1409, 0.3043, 0.663
1410, 0.3075, 0.379
1411, 0.2497, 0.381
1412, 0.3180, 0.418
1413, 0.2875, 2.431
1414, 0.3396, 0.396
1415, 0.3347, 0.396
1416, 0.2887, 0.394
1417, 0.3364, 0.396
1418, 0.3378, 0.395
1419, 0.3306, 0.396
1420, 0.1930, 0.397
1421, 0.2790, 0.410
1422, 0.2982, 0.391
1423, 0.3979, 0.394
1424, 0.3116, 0.395
1425, 0.2396, 0.404
1426, 0.2929, 0.416
1427, 0.2283, 0.399
1428, 0.3242, 0.440
1429, 0.1755, 0.398
1430, 0.2921, 0.394
1431, 0.2472, 0.398
1432, 0.3041, 0.395
1433, 0.3403, 0.396
1434, 0.2561, 0.394
1435, 0.3782, 0.390
1436, 0.3802, 0.392
1437, 0.3670, 0.426
1438, 0.3376, 0.401
1439, 0.3018, 0.397
1440, 0.3734, 0.396
1441, 0.2453, 0.393
1442, 0.2963, 0.405
1443, 0.2933, 0.404
1444, 0.2648, 0.397
1445, 0.2986, 0.404
1446, 0.2334, 0.416
1447, 0.2961, 0.394
1448, 0.3152, 0.403
1449, 0.2870, 0.410
1450, 0.3444, 0.398
1451, 0.3867, 0.406
1452, 0.3025, 0.400
1453, 0.3393, 0.397
1454, 0.3536, 0.411
1455, 0.3638, 0.407
1456, 0.3514, 0.626
1457, 0.3236, 0.637
1458, 0.2869, 0.401
1459, 0.2726, 0.943
1460, 0.2037, 0.402
1461, 0.2840, 0.406
1462, 0.3132, 0.441
1463, 0.3081, 0.414
1464, 0.3491, 0.410
1465, 0.3017, 0.413
1466, 0.3000, 0.412
1467, 0.3302, 0.410
1468, 0.2343, 0.406
1469, 0.3411, 0.412
1470, 0.2045, 0.405
1471, 0.3201, 0.404
1472, 0.3410, 0.402
1473, 0.2605, 0.426
1474, 0.2628, 0.405
1475, 0.3282, 0.412
1476, 0.2808, 0.408
1477, 0.3577, 0.406
1478, 0.3116, 0.397
1479, 0.2631, 0.404
1480, 0.2264, 0.402
1481, 0.3024, 0.403
1482, 0.2403, 0.399
1483, 0.2811, 0.824
1484, 0.3167, 0.398
1485, 0.2981, 0.409
1486, 0.2816, 0.412
1487, 0.2669, 0.415
1488, 0.3611, 0.398
1489, 0.2895, 0.401
1490, 0.2984, 0.404
1491, 0.3021, 0.417
1492, 0.3303, 0.398
1493, 0.3328, 0.401
1494, 0.2811, 0.407
1495, 0.2802, 0.408
1496, 0.2699, 0.402
1497, 0.2945, 0.398
1498, 0.3124, 0.408
1499, 0.2993, 0.417
1500, 0.2840, 0.401
1501, 0.3490, 0.397
1502, 0.2684, 0.404
1503, 0.2091, 0.396
1504, 0.2460, 1.493
1505, 0.2857, 0.420
1506, 0.3098, 0.417
1507, 0.2493, 0.408
1508, 0.3155, 0.406
1509, 0.2891, 0.403
1510, 0.3104, 0.419
1511, 0.3386, 0.408
1512, 0.3481, 0.405
1513, 0.2736, 0.415
1514, 0.3066, 0.412
1515, 0.2333, 0.407
1516, 0.2539, 0.404
1517, 0.3074, 0.403
1518, 0.2495, 0.397
1519, 0.2495, 0.408
1520, 0.3510, 0.410
1521, 0.3115, 0.397
1522, 0.2895, 0.398
1523, 0.3512, 0.399
1524, 0.3601, 0.395
1525, 0.3305, 0.396
1526, 0.2903, 0.384
1527, 0.2401, 0.386
1528, 0.2479, 0.389
1529, 0.2937, 0.382
1530, 0.3208, 0.378
1531, 0.2745, 0.383
1532, 0.2566, 0.378
1533, 0.3949, 2.473
1534, 0.3712, 0.383
1535, 0.3246, 0.386
1536, 0.2007, 0.387
1537, 0.1883, 0.385
1538, 0.2737, 0.379
1539, 0.2681, 0.716
1540, 0.2004, 0.386
1541, 0.2560, 1.664
1542, 0.3547, 0.380
1543, 0.2799, 0.706
1544, 0.2278, 0.386
1545, 0.4042, 0.587
1546, 0.3215, 1.156
1547, 0.3846, 0.415
1548, 0.3628, 0.418
1549, 0.3214, 0.477
1550, 0.2931, 0.398
1551, 0.2278, 0.391
1552, 0.3139, 0.410
1553, 0.2560, 0.409
1554, 0.1917, 0.454
1555, 0.3832, 0.410
1556, 0.3440, 0.399
1557, 0.3471, 0.398
1558, 0.3472, 0.401
1559, 0.4356, 0.402
1560, 0.3809, 0.403
1561, 0.3086, 0.400
1562, 0.2287, 0.400
1563, 0.1999, 0.404
1564, 0.1890, 0.407
1565, 0.2389, 0.399
1566, 0.3838, 0.398
1567, 0.3748, 0.399
1568, 0.3493, 0.399
1569, 0.2449, 0.394
1570, 0.2231, 0.394
1571, 0.2580, 0.396
1572, 0.2195, 0.396
1573, 0.2330, 0.402
1574, 0.2130, 0.396
1575, 0.1847, 0.403
1576, 0.1867, 0.400
1577, 0.1943, 0.395
1578, 0.3018, 0.406
1579, 0.3118, 0.400
1580, 0.2753, 0.398
1581, 0.2672, 0.399
1582, 0.2403, 0.394
1583, 0.2827, 0.400
1584, 0.3825, 0.397
1585, 0.2666, 0.399
1586, 0.2806, 0.396
1587, 0.2228, 0.398
1588, 0.2097, 0.541
1589, 0.1851, 1.189
1590, 0.2298, 0.382
1591, 0.2928, 1.644
1592, 0.2291, 0.924
1593, 0.3120, 0.453
1594, 0.2443, 0.420
1595, 0.1786, 1.613
1596, 0.2452, 0.428
1597, 0.1743, 1.066
1598, 0.2027, 0.397
1599, 0.3752, 0.405
1600, 0.2284, 0.409
1601, 0.3361, 0.394
1602, 0.3593, 0.405
1603, 0.1832, 0.392
1604, 0.2334, 0.421
1605, 0.2692, 0.411
1606, 0.3062, 1.706
1607, 0.3047, 0.429
1608, 0.4351, 0.419
1609, 0.2311, 0.402
1610, 0.2197, 0.406
1611, 0.3488, 0.409
1612, 0.3124, 0.401
1613, 0.2639, 0.412
1614, 0.2681, 1.137
1615, 0.3093, 0.403
1616, 0.2737, 0.408
1617, 0.2182, 0.394
1618, 0.3114, 0.406
1619, 0.2798, 0.456
1620, 0.2746, 0.410
1621, 0.2703, 0.415
1622, 0.3509, 0.413
1623, 0.3182, 0.407
1624, 0.2799, 0.409
1625, 0.2557, 0.414
1626, 0.3107, 0.401
1627, 0.2682, 0.419
1628, 0.3418, 0.748
1629, 0.2239, 0.403
1630, 0.3167, 0.396
1631, 0.2948, 0.402
1632, 0.2656, 0.412
1633, 0.2670, 0.407
1634, 0.2410, 0.395
1635, 0.2036, 0.396
1636, 0.3153, 0.403
1637, 0.2934, 0.398
1638, 0.2991, 0.396
1639, 0.2861, 0.397
1640, 0.2547, 0.398
1641, 0.3122, 0.406
1642, 0.2283, 0.417
1643, 0.2950, 0.407
1644, 0.4218, 1.133
1645, 0.2919, 0.448
1646, 0.3586, 0.424
1647, 0.3401, 0.421
1648, 0.3835, 0.400
1649, 0.3411, 0.406
1650, 0.3118, 0.904
1651, 0.2528, 0.403
1652, 0.2467, 0.407
1653, 0.2962, 0.403
1654, 0.3071, 0.397
1655, 0.2363, 0.396
1656, 0.2222, 0.375
1657, 0.2906, 0.379
1658, 0.3635, 0.391
1659, 0.3289, 0.401
1660, 0.2333, 0.378
1661, 0.3090, 0.382
1662, 0.2380, 0.394
1663, 0.2918, 0.464
1664, 0.2290, 2.706
1665, 0.1768, 0.413
1666, 0.3728, 0.411
1667, 0.2800, 0.961
1668, 0.3069, 0.411
1669, 0.3248, 0.445
1670, 0.2839, 0.439
1671, 0.3830, 0.425
1672, 0.3331, 0.436
1673, 0.2826, 0.409
1674, 0.2991, 0.791
1675, 0.3692, 0.423
1676, 0.3055, 0.432
1677, 0.2564, 0.437
1678, 0.2118, 0.436
1679, 0.2524, 0.441
1680, 0.2349, 0.431
1681, 0.2375, 0.433
1682, 0.3211, 0.640
1683, 0.3031, 0.425
1684, 0.2635, 0.630
1685, 0.2804, 0.437
1686, 0.2206, 0.433
1687, 0.1854, 0.432
1688, 0.3257, 0.445
1689, 0.2566, 0.435
1690, 0.2714, 0.427
1691, 0.2655, 0.431
1692, 0.2896, 0.422
1693, 0.3708, 0.420
1694, 0.3575, 0.402
1695, 0.2216, 0.403
1696, 0.2834, 0.401
1697, 0.2227, 0.403
1698, 0.1922, 0.396
1699, 0.2191, 0.403
1700, 0.2695, 0.408
1701, 0.3663, 0.422
1702, 0.2676, 1.151
1703, 0.2400, 1.291
1704, 0.3292, 1.424
1705, 0.3889, 0.399
1706, 0.3816, 0.411
1707, 0.2313, 0.406
1708, 0.2547, 1.455
1709, 0.2377, 0.400
1710, 0.3021, 0.400
1711, 0.2377, 0.401
1712, 0.3005, 0.411
1713, 0.2641, 1.130
1714, 0.3621, 0.403
1715, 0.3874, 0.407
1716, 0.1733, 0.412
1717, 0.1608, 0.421
1718, 0.3366, 0.950
1719, 0.3143, 0.408
1720, 0.3768, 0.397
1721, 0.3656, 0.401
1722, 0.2612, 0.398
1723, 0.2467, 0.415
1724, 0.1858, 0.395
1725, 0.2152, 0.400
1726, 0.2209, 0.399
1727, 0.1847, 0.400
1728, 0.1542, 0.401
1729, 0.2379, 0.409
1730, 0.2953, 0.408
1731, 0.2873, 0.399
1732, 0.3640, 0.401
1733, 0.3656, 0.404
1734, 0.2106, 0.394
1735, 0.2959, 0.398
1736, 0.2143, 0.398
1737, 0.2992, 0.464
1738, 0.4001, 0.399
1739, 0.3317, 0.395
1740, 0.3426, 0.401
1741, 0.3029, 0.394
1742, 0.3143, 0.594
1743, 0.2750, 0.395
1744, 0.2707, 0.399
1745, 0.2682, 0.398
1746, 0.2077, 0.403
1747, 0.2110, 0.399
1748, 0.2129, 0.398
1749, 0.3651, 0.723
1750, 0.2387, 0.395
1751, 0.3030, 0.398
1752, 0.3675, 0.413
1753, 0.3127, 0.409
1754, 0.3190, 0.401
1755, 0.3405, 2.904
1756, 0.2578, 0.416
1757, 0.2254, 0.404
1758, 0.3514, 0.411
1759, 0.3123, 0.406
1760, 0.2761, 0.401
1761, 0.3215, 0.430
1762, 0.3229, 0.869
1763, 0.3276, 0.402
1764, 0.3580, 0.405
1765, 0.4358, 0.403
1766, 0.2624, 0.402
1767, 0.4073, 0.403
1768, 0.5334, 0.411
1769, 0.2650, 0.405
1770, 0.1907, 0.399
1771, 0.3132, 0.584
1772, 0.2865, 0.616
1773, 0.1636, 0.393
1774, 0.2761, 2.007
1775, 0.3221, 0.382
1776, 0.2447, 1.202
1777, 0.2920, 0.404
1778, 0.1915, 0.395
1779, 0.2463, 0.388
1780, 0.3160, 0.387
1781, 0.3381, 0.390
1782, 0.2784, 0.390
1783, 0.3265, 0.390
1784, 0.3338, 0.376
1785, 0.3416, 0.374
1786, 0.3318, 0.381
1787, 0.2403, 0.375
1788, 0.2336, 0.376
1789, 0.3268, 0.372
1790, 0.3244, 0.374
1791, 0.2667, 1.866
1792, 0.3566, 3.071
1793, 0.2919, 6.176
1794, 0.3394, 0.408
1795, 0.3702, 0.414
1796, 0.3048, 0.428
1797, 0.4190, 0.408
1798, 0.3295, 0.426
1799, 0.3294, 0.433
1800, 0.3309, 0.404
1801, 0.3010, 0.398
1802, 0.2704, 0.391
1803, 0.3064, 0.391
1804, 0.3019, 0.389
1805, 0.2193, 0.394
1806, 0.3287, 1.903
1807, 0.3041, 0.403
1808, 0.3240, 2.102
1809, 0.3825, 0.405
1810, 0.3006, 0.406
1811, 0.2843, 0.404
1812, 0.3387, 0.403
1813, 0.3241, 0.399
1814, 0.3417, 0.394
1815, 0.3369, 0.408
1816, 0.3343, 0.408
1817, 0.2802, 0.408
1818, 0.2798, 1.104
1819, 0.2650, 0.414
1820, 0.2654, 0.400
1821, 0.2799, 0.403
1822, 0.2850, 0.405
1823, 0.3666, 0.804
1824, 0.3059, 0.381
1825, 0.2277, 0.397
1826, 0.3764, 0.395
1827, 0.2285, 0.394
1828, 0.2240, 0.395
1829, 0.3865, 0.395
1830, 0.3260, 0.392
1831, 0.2930, 1.268
1832, 0.3600, 0.398
1833, 0.2676, 0.399
1834, 0.2743, 0.400
1835, 0.2435, 0.397
1836, 0.2876, 0.398
1837, 0.3375, 0.403
1838, 0.2911, 0.806
1839, 0.2906, 0.415
1840, 0.1834, 0.402
1841, 0.2980, 0.404
1842, 0.2742, 0.418
1843, 0.2529, 0.401
1844, 0.3256, 0.396
1845, 0.2690, 0.393
1846, 0.2207, 0.392
1847, 0.2518, 0.393
1848, 0.3821, 0.393
1849, 0.2717, 0.401
1850, 0.3801, 0.463
1851, 0.2691, 0.394
1852, 0.3297, 0.407
1853, 0.2480, 0.399
1854, 0.2606, 0.411
1855, 0.1702, 0.392
1856, 0.2791, 0.400
1857, 0.2124, 0.402
1858, 0.2014, 0.400
1859, 0.2759, 0.398
1860, 0.2864, 0.395
1861, 0.2962, 0.393
1862, 0.3132, 0.400
1863, 0.2481, 0.398
1864, 0.3210, 0.401
1865, 0.2293, 0.397
1866, 0.3237, 0.400
1867, 0.2404, 0.402
1868, 0.2991, 0.397
1869, 0.4824, 0.403
1870, 0.2449, 0.400
1871, 0.2538, 0.396
1872, 0.3365, 0.398
1873, 0.1684, 0.398
1874, 0.3370, 0.392
1875, 0.3105, 0.398
1876, 0.2437, 0.396
1877, 0.2841, 0.395
1878, 0.3177, 0.402
1879, 0.3393, 0.398
1880, 0.2990, 0.397
1881, 0.2586, 0.398
1882, 0.4634, 0.398
1883, 0.2490, 0.397
1884, 0.2359, 0.396
1885, 0.3380, 0.401
1886, 0.2466, 0.397
1887, 0.3123, 0.395
1888, 0.2943, 0.395
1889, 0.3148, 0.397
1890, 0.3216, 0.394
1891, 0.3881, 0.395
1892, 0.3944, 0.398
1893, 0.2775, 0.401
1894, 0.3022, 0.396
1895, 0.2866, 0.395
1896, 0.1827, 0.408
1897, 0.3276, 0.394
1898, 0.2110, 0.396
1899, 0.2477, 0.391
1900, 0.1952, 0.387
1901, 0.2188, 0.393
1902, 0.2512, 0.393
1903, 0.3030, 0.392
1904, 0.2376, 0.377
1905, 0.2023, 0.385
1906, 0.2661, 0.391
1907, 0.2892, 0.376
1908, 0.2546, 0.376
1909, 0.3570, 0.374
1910, 0.2942, 0.376
1911, 0.1867, 0.377
1912, 0.2000, 0.375
1913, 0.3483, 1.730
1914, 0.3076, 0.390
1915, 0.2779, 0.386
1916, 0.3387, 0.413
1917, 0.3053, 0.396
1918, 0.3449, 0.401
1919, 0.3667, 0.407
1920, 0.2863, 0.416
1921, 0.3030, 0.406
1922, 0.2856, 0.397
1923, 0.3115, 0.401
1924, 0.3327, 0.396
1925, 0.3309, 0.397
1926, 0.3842, 0.396
1927, 0.2824, 0.395
1928, 0.2552, 0.396
1929, 0.2920, 0.399
1930, 0.2278, 0.398
1931, 0.2927, 0.400
1932, 0.2702, 0.394
1933, 0.3376, 0.394
1934, 0.2196, 0.396
1935, 0.2904, 0.398
1936, 0.3578, 0.400
1937, 0.2447, 0.408
1938, 0.3585, 0.399
1939, 0.2088, 0.401
1940, 0.3578, 0.399
1941, 0.3538, 0.397
1942, 0.4622, 0.392
1943, 0.3315, 0.394
1944, 0.4399, 0.396
1945, 0.3039, 0.408
1946, 0.2623, 0.394
1947, 0.2793, 0.406
1948, 0.1770, 0.397
1949, 0.3394, 0.396
1950, 0.2488, 0.400
1951, 0.2337, 0.397
1952, 0.3152, 0.400
1953, 0.3342, 0.397
1954, 0.2888, 0.413
1955, 0.2509, 0.403
1956, 0.2181, 0.395
1957, 0.2939, 0.408
1958, 0.2365, 0.408
1959, 0.2492, 0.400
1960, 0.2922, 0.410
1961, 0.2881, 0.401
1962, 0.2952, 0.401
1963, 0.2962, 0.408
1964, 0.2162, 0.409
1965, 0.3049, 0.415
1966, 0.2413, 0.399
1967, 0.2384, 0.435
1968, 0.3177, 0.431
1969, 0.2972, 0.426
1970, 0.3218, 0.401
1971, 0.2932, 0.403
1972, 0.2300, 0.409
1973, 0.3183, 0.398
1974, 0.2089, 0.401
1975, 0.3305, 0.402
1976, 0.2218, 0.438
1977, 0.2620, 0.413
1978, 0.2684, 0.408
1979, 0.2358, 0.398
1980, 0.2626, 0.409
1981, 0.3477, 0.401
1982, 0.2646, 0.403
1983, 0.2560, 0.419
1984, 0.3044, 0.425
1985, 0.2470, 0.416
1986, 0.2884, 0.411
1987, 0.3713, 0.406
1988, 0.3092, 0.438
1989, 0.2085, 0.401
1990, 0.2294, 0.401
1991, 0.3371, 0.407
1992, 0.3027, 0.407
1993, 0.2079, 0.402
1994, 0.3238, 0.404
1995, 0.3569, 0.448
1996, 0.2953, 0.430
1997, 0.2954, 0.401
1998, 0.2611, 0.399
1999, 0.3187, 0.407
2000, 0.2039, 0.410
2001, 0.2143, 0.391
2002, 0.2979, 0.409
2003, 0.2589, 0.405
2004, 0.2899, 0.396
2005, 0.2687, 0.415
2006, 0.2915, 0.403
2007, 0.2463, 0.406
2008, 0.3017, 0.432
2009, 0.2558, 0.404
2010, 0.2527, 0.408
2011, 0.2478, 0.462
2012, 0.3412, 0.400
2013, 0.2998, 0.398
2014, 0.2281, 0.401
2015, 0.3737, 0.405
2016, 0.1909, 0.402
2017, 0.2929, 0.394
2018, 0.3436, 0.395
2019, 0.2569, 0.393
2020, 0.2597, 0.397
2021, 0.2993, 0.397
2022, 0.2833, 0.398
2023, 0.3461, 0.406
2024, 0.3229, 0.401
2025, 0.2791, 0.402
2026, 0.2928, 0.404
2027, 0.2220, 0.402
2028, 0.2195, 0.402
2029, 0.2297, 0.403
2030, 0.1781, 0.410
2031, 0.2601, 0.398
2032, 0.2497, 0.397
2033, 0.3669, 0.401
2034, 0.2696, 0.402
2035, 0.2220, 0.394
2036, 0.3587, 0.399
2037, 0.3201, 0.404
2038, 0.2655, 0.397
2039, 0.2986, 0.401
2040, 0.3260, 0.406
2041, 0.3474, 0.410
2042, 0.3913, 0.405
2043, 0.3084, 0.399
2044, 0.2273, 0.401
2045, 0.2013, 0.398
2046, 0.3132, 0.406
2047, 0.2340, 0.406
2048, 0.2734, 0.400
2049, 0.2644, 0.413
2050, 0.2118, 0.408
2051, 0.2891, 0.402
2052, 0.2045, 0.398
2053, 0.2993, 0.399
2054, 0.3586, 0.394
2055, 0.2673, 0.394
2056, 0.2451, 0.392
2057, 0.1976, 0.399
2058, 0.3175, 0.400
2059, 0.4060, 0.400
2060, 0.2584, 0.395
2061, 0.2290, 0.396
2062, 0.2249, 0.396
2063, 0.2153, 0.392
2064, 0.2831, 0.393
2065, 0.2825, 0.393
2066, 0.2353, 0.391
2067, 0.2964, 0.383
2068, 0.2667, 0.379
2069, 0.3035, 0.388
2070, 0.2681, 0.394
2071, 0.2644, 0.379
2072, 0.2843, 0.375
2073, 0.2474, 0.371
2074, 0.2743, 2.435
2075, 0.2713, 0.387
2076, 0.2506, 0.401
2077, 0.3198, 0.474
2078, 0.2858, 0.482
2079, 0.3206, 0.394
2080, 0.2916, 0.398
2081, 0.3376, 0.397
2082, 0.3036, 0.397
2083, 0.3016, 0.394
2084, 0.2085, 0.397
2085, 0.3737, 0.396
2086, 0.3061, 0.397
2087, 0.2770, 0.408
2088, 0.3295, 0.382
2089, 0.2958, 0.393
2090, 0.3906, 0.392
2091, 0.4036, 0.391
2092, 0.3161, 0.390
2093, 0.2538, 0.398
2094, 0.2333, 0.408
2095, 0.1935, 0.406
2096, 0.2429, 0.397
2097, 0.2658, 0.403
2098, 0.2590, 0.398
2099, 0.2466, 0.396
2100, 0.2474, 0.398
2101, 0.2406, 0.399
2102, 0.3533, 0.396
2103, 0.3086, 0.394
2104, 0.2425, 0.401
2105, 0.2083, 0.390
2106, 0.2444, 0.387
2107, 0.3131, 0.389
2108, 0.1928, 0.385
2109, 0.2961, 0.393
2110, 0.2796, 0.401
2111, 0.3282, 0.399
2112, 0.3185, 0.396
2113, 0.2517, 0.393
2114, 0.2194, 0.398
2115, 0.2200, 0.402
2116, 0.2984, 0.398
2117, 0.2409, 0.397
2118, 0.2495, 0.401
2119, 0.2665, 0.395
2120, 0.2907, 0.405
2121, 0.2135, 0.406
2122, 0.2455, 0.391
2123, 0.2274, 0.387
2124, 0.2732, 0.391
2125, 0.2958, 0.398
2126, 0.2775, 0.402
2127, 0.1564, 0.390
2128, 0.2570, 0.407
2129, 0.2371, 0.426
2130, 0.2283, 0.392
2131, 0.2438, 0.393
2132, 0.2039, 0.401
2133, 0.1981, 0.399
2134, 0.2311, 0.397
2135, 0.2224, 0.396
2136, 0.1928, 0.396
2137, 0.2696, 0.402
2138, 0.2052, 0.420
2139, 0.2265, 0.406
2140, 0.2484, 0.398
2141, 0.3880, 0.437
2142, 0.2639, 0.428
2143, 0.2024, 0.396
2144, 0.2224, 0.407
2145, 0.2915, 0.407
2146, 0.2761, 0.397
2147, 0.2519, 0.395
2148, 0.2258, 0.403
2149, 0.2643, 0.436
2150, 0.2233, 0.439
2151, 0.2000, 0.441
2152, 0.2118, 0.405
2153, 0.3615, 0.405
2154, 0.3102, 0.416
2155, 0.2821, 0.441
2156, 0.2934, 0.406
2157, 0.2822, 0.412
2158, 0.2563, 0.410
2159, 0.3614, 0.411
2160, 0.2592, 0.404
2161, 0.2853, 0.431
2162, 0.2114, 0.421
2163, 0.2709, 0.402
2164, 0.2556, 0.427
2165, 0.2568, 0.406
2166, 0.2016, 0.412
2167, 0.1976, 0.426
2168, 0.3970, 0.432
2169, 0.2897, 0.430
2170, 0.2784, 0.418
2171, 0.2873, 0.398
2172, 0.2149, 0.400
2173, 0.3351, 0.405
2174, 0.3578, 0.433
2175, 0.2103, 0.464
2176, 0.3154, 0.430
2177, 0.3327, 0.427
2178, 0.3317, 0.432
2179, 0.3272, 0.401
2180, 0.2317, 0.403
2181, 0.1881, 0.399
2182, 0.1835, 0.401
2183, 0.2102, 0.396
2184, 0.2791, 0.422
2185, 0.3231, 0.436
2186, 0.1778, 0.433
2187, 0.1994, 0.439
2188, 0.2698, 0.456
2189, 0.2865, 0.439
2190, 0.2352, 0.446
2191, 0.3392, 0.441
2192, 0.2983, 0.436
2193, 0.3118, 0.439
2194, 0.2936, 0.427
2195, 0.1801, 0.432
2196, 0.2717, 0.446
2197, 0.2923, 0.408
2198, 0.3100, 0.421
2199, 0.2016, 0.436
2200, 0.2885, 0.431
2201, 0.2540, 0.694
2202, 0.2421, 0.447
2203, 0.2669, 0.441
2204, 0.2308, 0.433
2205, 0.3132, 0.439
2206, 0.2196, 0.445
2207, 0.1190, 0.447
2208, 0.2216, 0.447
2209, 0.2963, 0.534
2210, 0.3456, 0.414
2211, 0.2608, 0.516
2212, 0.3125, 0.416
2213, 0.2505, 0.424
2214, 0.2906, 0.405
2215, 0.2521, 0.433
2216, 0.2283, 0.430
2217, 0.2235, 0.402
2218, 0.2812, 0.405
2219, 0.3093, 0.447
2220, 0.2112, 0.407
2221, 0.3206, 0.386
2222, 0.2732, 0.381
2223, 0.3358, 0.382
2224, 0.2093, 0.385
2225, 0.1825, 0.384
2226, 0.2096, 0.380
2227, 0.1926, 0.379
2228, 0.2407, 3.200
2229, 0.2148, 0.383
2230, 0.2435, 0.723
2231, 0.2749, 0.390
2232, 0.2833, 0.534
2233, 0.2723, 0.386
2234, 0.2382, 0.555
2235, 0.2616, 0.398
2236, 0.2108, 1.030
2237, 0.2411, 0.398
2238, 0.2269, 0.413
2239, 0.2152, 0.446
2240, 0.2806, 0.438
2241, 0.1664, 0.765
2242, 0.2246, 0.424
2243, 0.2437, 0.410
2244, 0.2001, 0.441
2245, 0.2181, 1.278
2246, 0.2548, 0.421
2247, 0.2379, 0.402
2248, 0.2370, 0.398
2249, 0.2546, 0.408
2250, 0.2484, 0.413
2251, 0.2924, 0.414
2252, 0.1906, 0.444
2253, 0.2613, 0.441
2254, 0.2430, 0.442
2255, 0.2029, 0.401
2256, 0.1919, 0.396
2257, 0.1554, 0.400
2258, 0.1955, 0.436
2259, 0.1723, 0.403
2260, 0.1565, 0.404
2261, 0.2152, 0.429
2262, 0.1955, 0.399
2263, 0.2881, 0.394
2264, 0.2531, 0.400
2265, 0.2167, 0.402
2266, 0.3179, 0.399
2267, 0.2004, 0.399
2268, 0.3295, 0.402
2269, 0.1968, 0.398
2270, 0.2215, 0.403
2271, 0.2265, 0.412
2272, 0.2381, 0.401
2273, 0.2620, 0.411
2274, 0.2076, 0.402
2275, 0.1869, 0.401
2276, 0.2195, 0.399
2277, 0.2160, 0.403
2278, 0.2114, 0.422
2279, 0.2648, 0.413
2280, 0.2831, 0.395
2281, 0.3332, 0.397
2282, 0.2958, 0.394
2283, 0.2310, 0.395
2284, 0.2495, 0.398
2285, 0.2134, 0.427
2286, 0.2822, 0.426
2287, 0.2605, 0.407
2288, 0.2315, 0.407
2289, 0.2412, 0.403
2290, 0.2065, 0.408
2291, 0.2112, 0.396
2292, 0.2246, 0.400
2293, 0.2369, 0.404
2294, 0.3069, 0.406
2295, 0.1973, 0.410
2296, 0.2380, 0.404
2297, 0.2068, 0.417
2298, 0.2340, 0.417
2299, 0.2494, 0.401
2300, 0.2494, 0.404
2301, 0.1848, 0.405
2302, 0.2095, 0.411
2303, 0.2246, 0.407
2304, 0.2042, 0.407
2305, 0.2354, 0.409
2306, 0.1883, 0.396
2307, 0.2987, 0.409
2308, 0.3159, 0.409
2309, 0.2314, 0.408
2310, 0.2474, 0.411
2311, 0.2895, 0.433
2312, 0.2055, 0.437
2313, 0.2710, 0.410
2314, 0.3028, 0.405
2315, 0.2607, 0.418
2316, 0.2156, 0.400
2317, 0.4229, 0.398
2318, 0.3900, 0.408
2319, 0.2426, 0.401
2320, 0.1782, 0.407
2321, 0.2345, 0.398
2322, 0.2381, 0.399
2323, 0.2184, 0.406
2324, 0.2118, 0.398
2325, 0.1823, 0.398
2326, 0.2294, 0.410
2327, 0.3803, 0.429
2328, 0.3035, 0.424
2329, 0.2395, 0.404
2330, 0.3557, 0.403
2331, 0.2662, 0.409
2332, 0.2591, 0.401
2333, 0.3264, 0.401
2334, 0.2378, 0.407
2335, 0.2424, 0.409
2336, 0.2009, 0.414
2337, 0.2310, 0.411
2338, 0.2778, 0.404
2339, 0.2423, 0.397
2340, 0.2913, 0.412
2341, 0.2747, 0.416
2342, 0.2935, 0.412
2343, 0.2793, 0.410
2344, 0.2839, 0.399
2345, 0.2675, 0.411
2346, 0.3404, 0.410
2347, 0.2602, 0.405
2348, 0.2302, 0.404
2349, 0.2460, 0.417
2350, 0.2426, 0.432
2351, 0.3091, 0.415
2352, 0.3808, 0.411
2353, 0.2213, 0.435
2354, 0.2875, 0.413
2355, 0.2637, 0.413
2356, 0.2493, 0.877
2357, 0.2574, 0.411
2358, 0.1812, 0.408
2359, 0.2504, 0.405
2360, 0.2143, 0.407
2361, 0.2275, 0.418
2362, 0.2117, 0.748
2363, 0.2703, 0.406
2364, 0.1706, 0.454
2365, 0.2565, 0.675
2366, 0.2288, 0.402
2367, 0.1753, 0.410
2368, 0.2627, 0.409
2369, 0.2326, 0.409
2370, 0.2169, 0.404
2371, 0.2323, 0.386
2372, 0.1918, 0.389
2373, 0.2621, 0.384
2374, 0.2274, 0.388
2375, 0.4481, 0.387
2376, 0.2359, 0.384
2377, 0.2624, 0.390
2378, 0.2384, 2.862
2379, 0.2544, 0.609
2380, 0.2302, 0.386
2381, 0.2125, 0.960
2382, 0.2752, 0.380
2383, 0.2475, 2.372
2384, 0.3083, 2.400
2385, 0.2387, 0.426
2386, 0.2453, 0.702
2387, 0.2125, 0.390
2388, 0.2577, 0.400
2389, 0.2266, 0.400
2390, 0.3134, 0.399
2391, 0.3864, 0.396
2392, 0.2386, 0.404
2393, 0.2255, 0.405
2394, 0.3144, 0.405
2395, 0.3105, 0.423
2396, 0.3445, 0.425
2397, 0.2654, 0.423
2398, 0.2751, 0.419
2399, 0.2502, 0.400
2400, 0.2523, 0.399
2401, 0.2179, 0.424
2402, 0.3374, 0.428
2403, 0.2444, 0.392
2404, 0.2155, 0.425
2405, 0.3038, 0.488
2406, 0.2321, 0.409
2407, 0.2322, 0.412
2408, 0.2520, 0.404
2409, 0.2217, 0.397
2410, 0.3475, 0.413
2411, 0.2771, 0.785
2412, 0.1925, 0.404
2413, 0.1867, 0.409
2414, 0.3189, 0.402
2415, 0.2746, 0.398
2416, 0.2581, 0.393
2417, 0.3083, 0.906
2418, 0.2266, 0.410
2419, 0.2371, 0.412
2420, 0.1805, 0.405
2421, 0.3463, 0.411
2422, 0.2240, 0.402
2423, 0.1959, 0.418
2424, 0.1673, 0.398
2425, 0.1958, 0.407
2426, 0.3117, 0.407
2427, 0.2485, 0.399
2428, 0.2070, 0.399
2429, 0.2446, 0.399
2430, 0.2342, 0.404
2431, 0.2061, 0.400
2432, 0.2932, 0.410
2433, 0.3368, 0.397
2434, 0.3115, 0.507
2435, 0.2949, 0.401
2436, 0.2583, 1.042
2437, 0.3237, 0.402
2438, 0.2408, 0.429
2439, 0.4171, 0.414
2440, 0.2735, 0.407
2441, 0.2357, 0.397
2442, 0.2731, 0.420
2443, 0.2512, 0.440
2444, 0.2200, 0.415
2445, 0.2477, 0.478
2446, 0.2389, 0.411
2447, 0.2547, 0.414
2448, 0.3763, 0.398
2449, 0.3278, 0.413
2450, 0.3066, 0.422
2451, 0.3178, 0.521
2452, 0.2344, 0.470
2453, 0.2330, 0.447
2454, 0.2996, 0.465
2455, 0.2183, 0.409
2456, 0.2448, 0.418
2457, 0.1916, 0.412
2458, 0.3110, 0.406
2459, 0.2901, 0.411
2460, 0.1903, 0.411
2461, 0.2549, 0.408
2462, 0.2073, 0.409
2463, 0.2610, 0.411
2464, 0.2896, 0.619
2465, 0.2641, 0.404
2466, 0.2224, 0.425
2467, 0.1697, 0.411
2468, 0.2033, 0.445
2469, 0.3064, 0.479
2470, 0.1858, 0.466
2471, 0.2556, 0.465
2472, 0.3184, 0.477
2473, 0.3861, 0.468
2474, 0.3006, 0.467
2475, 0.2334, 0.464
2476, 0.3240, 0.466
2477, 0.2760, 0.468
2478, 0.3427, 0.490
2479, 0.2401, 0.468
2480, 0.3577, 0.471
2481, 0.2360, 0.445
2482, 0.2965, 0.441
2483, 0.3451, 0.442
2484, 0.3761, 0.431
2485, 0.3552, 0.433
2486, 0.2381, 0.434
2487, 0.2792, 0.430
2488, 0.3418, 0.498
2489, 0.2940, 0.443
2490, 0.2922, 0.440
2491, 0.3211, 0.791
2492, 0.2719, 0.443
2493, 0.4011, 0.449
2494, 0.3396, 0.445
2495, 0.2690, 0.435
2496, 0.2006, 0.802
2497, 0.2240, 0.439
2498, 0.2944, 0.434
2499, 0.3261, 0.432
2500, 0.2600, 0.441
2501, 0.2500, 0.442
2502, 0.2145, 0.448
2503, 0.3338, 0.426
2504, 0.2858, 0.428
2505, 0.2013, 0.414
2506, 0.2167, 0.424
2507, 0.2894, 0.425
2508, 0.2768, 0.413
2509, 0.2337, 0.413
2510, 0.2016, 0.407
2511, 0.3027, 0.406
2512, 0.2475, 0.405
2513, 0.2130, 0.402
2514, 0.1951, 1.950
2515, 0.2812, 3.397
2516, 0.2965, 0.410
2517, 0.3411, 0.417
2518, 0.2899, 0.418
2519, 0.3006, 0.674
2520, 0.2315, 0.414
2521, 0.2707, 0.409
2522, 0.2771, 0.401
2523, 0.2508, 2.046
2524, 0.2826, 0.387
2525, 0.3086, 0.393
2526, 0.2830, 0.385
2527, 0.2634, 0.409
2528, 0.2220, 0.410
2529, 0.2783, 0.398
2530, 0.2412, 0.402
2531, 0.2108, 0.415
2532, 0.1582, 0.399
2533, 0.1637, 0.421
2534, 0.2481, 0.399
2535, 0.2147, 0.405
2536, 0.2082, 0.400
2537, 0.2484, 0.402
2538, 0.2286, 0.404
2539, 0.1981, 0.395
2540, 0.2685, 0.392
2541, 0.2491, 0.400
2542, 0.2279, 0.428
2543, 0.3140, 0.402
2544, 0.2880, 0.397
2545, 0.3179, 0.431
2546, 0.2179, 0.400
2547, 0.1987, 0.397
2548, 0.1371, 0.394
2549, 0.3079, 0.397
2550, 0.3392, 0.404
2551, 0.2978, 0.400
2552, 0.1967, 0.409
2553, 0.2975, 0.441
2554, 0.2629, 0.404
2555, 0.1964, 0.395
2556, 0.2795, 0.401
2557, 0.2343, 0.407
2558, 0.2679, 0.416
2559, 0.2593, 0.411
2560, 0.3718, 0.406
2561, 0.2831, 0.402
2562, 0.2952, 0.410
2563, 0.3030, 0.402
2564, 0.3670, 0.397
2565, 0.2836, 0.405
2566, 0.2904, 0.407
2567, 0.2972, 0.402
2568, 0.2762, 0.401
2569, 0.2631, 0.392
2570, 0.2506, 0.403
2571, 0.1955, 0.403
2572, 0.2921, 0.400
2573, 0.3268, 0.410
2574, 0.2870, 0.400
2575, 0.2658, 0.400
2576, 0.3553, 0.404
2577, 0.2714, 0.403
2578, 0.3442, 0.411
2579, 0.2133, 0.410
2580, 0.2933, 0.406
2581, 0.2288, 0.409
2582, 0.1679, 0.402
2583, 0.2896, 0.412
2584, 0.3562, 0.396
2585, 0.2930, 0.400
2586, 0.2820, 0.408
2587, 0.3180, 0.408
2588, 0.2508, 0.405
2589, 0.2231, 0.408
2590, 0.2903, 0.399
2591, 0.2712, 0.395
2592, 0.2162, 0.398
2593, 0.2762, 0.408
2594, 0.2219, 0.434
2595, 0.2564, 0.431
2596, 0.2633, 0.437
2597, 0.2902, 0.428
2598, 0.1938, 0.424
2599, 0.2748, 0.439
2600, 0.2338, 0.434
2601, 0.2852, 0.424
2602, 0.2378, 0.422
2603, 0.2390, 0.408
2604, 0.2311, 0.399
2605, 0.2977, 0.406
2606, 0.2438, 0.413
2607, 0.2335, 0.402
2608, 0.2821, 0.403
2609, 0.2129, 0.407
2610, 0.3299, 0.475
2611, 0.2892, 0.412
2612, 0.2178, 0.413
2613, 0.3864, 0.407
2614, 0.3295, 0.412
2615, 0.3386, 0.414
2616, 0.2252, 0.413
2617, 0.2671, 0.403
2618, 0.2581, 0.405
2619, 0.3230, 0.434
2620, 0.2622, 0.481
2621, 0.3030, 0.431
2622, 0.2389, 0.434
2623, 0.2257, 0.402
2624, 0.2879, 0.397
2625, 0.3045, 0.399
2626, 0.2462, 0.410
2627, 0.1674, 0.404
2628, 0.2773, 0.396
2629, 0.3081, 0.409
2630, 0.3287, 0.400
2631, 0.2750, 0.401
2632, 0.2287, 0.406
2633, 0.2602, 0.410
2634, 0.2820, 0.413
2635, 0.2386, 0.405
2636, 0.2842, 0.398
2637, 0.3044, 0.401
2638, 0.2613, 0.414
2639, 0.2865, 0.406
2640, 0.3294, 0.407
2641, 0.3032, 0.400
2642, 0.2480, 0.402
2643, 0.2737, 0.411
2644, 0.2676, 0.404
2645, 0.3466, 0.410
2646, 0.2864, 0.402
2647, 0.2632, 0.399
2648, 0.2930, 0.399
2649, 0.2466, 0.395
2650, 0.2284, 0.397
2651, 0.2243, 0.409
2652, 0.2546, 0.403
2653, 0.3282, 0.400
2654, 0.2514, 0.402
2655, 0.3092, 0.407
2656, 0.3327, 0.421
2657, 0.2857, 0.406
2658, 0.3126, 0.399
2659, 0.3297, 0.386
2660, 0.2411, 0.395
2661, 0.2795, 0.384
2662, 0.3374, 0.389
2663, 0.2719, 0.384
2664, 0.3040, 1.386
2665, 0.2584, 0.390
2666, 0.2691, 0.384
2667, 0.2925, 0.413
2668, 0.2901, 0.404
2669, 0.2504, 0.410
2670, 0.1884, 0.397
2671, 0.2609, 0.400
2672, 0.2370, 0.402
2673, 0.2530, 0.410
2674, 0.3320, 0.404
2675, 0.2502, 0.407
2676, 0.2470, 0.400
2677, 0.3193, 0.411
2678, 0.2927, 0.414
2679, 0.2133, 0.424
2680, 0.2668, 0.465
2681, 0.2521, 0.406
2682, 0.3404, 0.404
2683, 0.2137, 0.412
2684, 0.2515, 0.408
2685, 0.2936, 0.399
2686, 0.2919, 0.400
2687, 0.1952, 0.407
2688, 0.2445, 0.410
2689, 0.3355, 0.399
2690, 0.2897, 0.405
2691, 0.2755, 0.407
2692, 0.3470, 0.409
2693, 0.1833, 0.417
2694, 0.2594, 0.405
2695, 0.2534, 0.406
2696, 0.2161, 0.408
2697, 0.2385, 0.408
2698, 0.2163, 0.428
2699, 0.2681, 0.413
2700, 0.4216, 0.402
2701, 0.3276, 0.405
2702, 0.2238, 0.403
2703, 0.2646, 0.407
2704, 0.3027, 1.159
2705, 0.2647, 0.402
2706, 0.2690, 0.403
2707, 0.2157, 0.443
2708, 0.3205, 0.441
2709, 0.3582, 0.431
2710, 0.2635, 0.400
2711, 0.2640, 0.396
2712, 0.2742, 0.401
2713, 0.2348, 0.423
2714, 0.2110, 0.435
2715, 0.2260, 0.435
2716, 0.2717, 0.408
2717, 0.3676, 0.399
2718, 0.3238, 0.403
2719, 0.2873, 0.409
2720, 0.2584, 0.401
2721, 0.2650, 0.401
2722, 0.2988, 0.403
2723, 0.2682, 0.408
2724, 0.2062, 0.397
2725, 0.2609, 0.404
2726, 0.2794, 0.399
2727, 0.3478, 0.399
2728, 0.1974, 0.399
2729, 0.2515, 0.400
2730, 0.2093, 0.408
2731, 0.2411, 1.425
2732, 0.1641, 0.400
2733, 0.2823, 0.400
2734, 0.3432, 0.398
2735, 0.3013, 0.432
2736, 0.2553, 0.394
2737, 0.2597, 0.397
2738, 0.2591, 0.401
2739, 0.2799, 0.392
2740, 0.2875, 0.395
2741, 0.1879, 0.395
2742, 0.3016, 0.398
2743, 0.2641, 0.407
2744, 0.2854, 0.393
2745, 0.2608, 0.399
2746, 0.3413, 0.393
2747, 0.3209, 0.398
2748, 0.2798, 0.400
2749, 0.2188, 0.396
2750, 0.1953, 0.398
2751, 0.2908, 0.398
2752, 0.2815, 0.396
2753, 0.2994, 0.397
2754, 0.3499, 0.397
2755, 0.3290, 0.395
2756, 0.2595, 0.409
2757, 0.1671, 0.397
2758, 0.2535, 0.400
2759, 0.3078, 0.399
2760, 0.2966, 0.403
2761, 0.2807, 0.409
2762, 0.2495, 0.428
2763, 0.3243, 0.454
2764, 0.3212, 0.448
2765, 0.2515, 0.443
2766, 0.2843, 0.397
2767, 0.2882, 0.396
2768, 0.2581, 0.396
2769, 0.2692, 0.396
2770, 0.2788, 0.399
2771, 0.2394, 0.400
2772, 0.2825, 0.398
2773, 0.2226, 0.395
2774, 0.2295, 0.398
2775, 0.2472, 0.397
2776, 0.3047, 0.394
2777, 0.2673, 0.399
2778, 0.2579, 0.400
2779, 0.2077, 0.398
2780, 0.2890, 0.399
2781, 0.3561, 0.399
2782, 0.2494, 0.400
2783, 0.2554, 0.396
2784, 0.2805, 0.401
2785, 0.2397, 0.398
2786, 0.2797, 0.396
2787, 0.3075, 0.398
2788, 0.2707, 0.395
2789, 0.4079, 0.396
2790, 0.3800, 0.407
2791, 0.3178, 0.404
2792, 0.1573, 0.398
2793, 0.2445, 0.395
2794, 0.2618, 0.398
2795, 0.3282, 0.402
2796, 0.2886, 0.401
2797, 0.3681, 0.407
2798, 0.3143, 0.475
2799, 0.2345, 0.399
2800, 0.1965, 0.466
2801, 0.2659, 0.388
2802, 0.2619, 0.396
2803, 0.2073, 0.399
2804, 0.3296, 0.395
2805, 0.2565, 0.400
2806, 0.2341, 0.399
2807, 0.2768, 0.396
2808, 0.2094, 0.397
2809, 0.2885, 0.398
2810, 0.2069, 0.413
2811, 0.2729, 0.401
2812, 0.2602, 0.405
2813, 0.2132, 0.406
2814, 0.2294, 0.400
2815, 0.3090, 0.389
2816, 0.2869, 0.373
2817, 0.2799, 0.891
2818, 0.3119, 0.381
2819, 0.3092, 0.381
2820, 0.2275, 0.379
2821, 0.2662, 0.377
2822, 0.2466, 0.405
2823, 0.2036, 1.536
2824, 0.2679, 0.381
2825, 0.3287, 0.385
2826, 0.2933, 0.379
2827, 0.2167, 0.391
2828, 0.2447, 0.393
2829, 0.2343, 0.401
2830, 0.2943, 0.402
2831, 0.2433, 0.391
2832, 0.2507, 0.539
2833, 0.2719, 0.399
2834, 0.2255, 0.434
2835, 0.2138, 0.434
2836, 0.2575, 0.395
2837, 0.2516, 0.428
2838, 0.2100, 0.408
2839, 0.2523, 0.391
2840, 0.1830, 0.397
2841, 0.2594, 0.402
2842, 0.2919, 0.396
2843, 0.2465, 0.392
2844, 0.2716, 0.398
2845, 0.1673, 0.414
2846, 0.3021, 0.410
2847, 0.2574, 0.401
2848, 0.2270, 0.394
2849, 0.2444, 1.649
2850, 0.2475, 0.409
2851, 0.2745, 0.409
2852, 0.1821, 0.399
2853, 0.2446, 0.406
2854, 0.2897, 1.026
2855, 0.3548, 0.404
2856, 0.2741, 0.394
2857, 0.3896, 0.399
2858, 0.3406, 0.396
2859, 0.3329, 0.397
2860, 0.2093, 0.393
2861, 0.2479, 0.393
2862, 0.2609, 0.392
2863, 0.2805, 0.393
2864, 0.2111, 0.393
2865, 0.2744, 0.399
2866, 0.2442, 0.395
2867, 0.2359, 0.392
2868, 0.2568, 0.395
2869, 0.3705, 0.399
2870, 0.3576, 0.405
2871, 0.2357, 0.394
2872, 0.1987, 0.396
2873, 0.2391, 0.395
2874, 0.2955, 0.394
2875, 0.1485, 0.394
2876, 0.1989, 0.397
2877, 0.2134, 0.391
2878, 0.2664, 0.400
2879, 0.2578, 0.396
2880, 0.2471, 0.395
2881, 0.2076, 0.390
2882, 0.2688, 0.392
2883, 0.2722, 0.393
2884, 0.2517, 0.398
2885, 0.1960, 0.396
2886, 0.2275, 0.395
2887, 0.2119, 0.394
2888, 0.1703, 0.395
2889, 0.2167, 0.393
2890, 0.2951, 0.388
2891, 0.2284, 0.403
2892, 0.2225, 0.409
2893, 0.3121, 0.395
2894, 0.2614, 0.394
2895, 0.3776, 0.399
2896, 0.2307, 0.396
2897, 0.3029, 0.397
2898, 0.2284, 0.398
2899, 0.2579, 0.413
2900, 0.1972, 0.399
2901, 0.3287, 0.409
2902, 0.2834, 0.395
2903, 0.3021, 0.398
2904, 0.1934, 0.414
2905, 0.2459, 0.398
2906, 0.2525, 0.398
2907, 0.2250, 0.398
2908, 0.2761, 0.399
2909, 0.1678, 0.404
2910, 0.2314, 0.403
2911, 0.2306, 0.406
2912, 0.2622, 0.398
2913, 0.2774, 0.400
2914, 0.2242, 0.396
2915, 0.2645, 0.399
2916, 0.1934, 0.399
2917, 0.1817, 0.394
2918, 0.2166, 0.398
2919, 0.2359, 0.409
2920, 0.2380, 0.406
2921, 0.2237, 0.401
2922, 0.2329, 0.398
2923, 0.2402, 0.405
2924, 0.2077, 0.397
2925, 0.1987, 0.396
2926, 0.2440, 0.399
2927, 0.1690, 0.396
2928, 0.2002, 0.396
2929, 0.2022, 0.396
2930, 0.1974, 0.413
2931, 0.2180, 0.396
2932, 0.1792, 0.394
2933, 0.1744, 0.395
2934, 0.2368, 0.397
2935, 0.2082, 0.396
2936, 0.2467, 0.402
2937, 0.2216, 0.395
2938, 0.2484, 0.395
2939, 0.2235, 0.396
2940, 0.1780, 0.397
2941, 0.1649, 0.400
2942, 0.1777, 0.394
2943, 0.2334, 0.403
2944, 0.2552, 0.400
2945, 0.1947, 0.401
2946, 0.2000, 0.398
2947, 0.2430, 0.400
2948, 0.2369, 0.402
2949, 0.2570, 0.402
2950, 0.2624, 0.398
2951, 0.2366, 0.397
2952, 0.2979, 0.400
2953, 0.3160, 0.399
2954, 0.2332, 0.398
2955, 0.3190, 0.399
2956, 0.2647, 0.399
2957, 0.2887, 0.398
2958, 0.2383, 0.401
2959, 0.2634, 0.411
2960, 0.2086, 0.402
2961, 0.1648, 0.401
2962, 0.1583, 0.400
2963, 0.1618, 0.398
2964, 0.2421, 0.401
2965, 0.3464, 0.403
2966, 0.1949, 0.401
2967, 0.1514, 0.405
2968, 0.2248, 0.408
2969, 0.3307, 0.399
2970, 0.3421, 0.397
2971, 0.4229, 0.398
2972, 0.2928, 0.399
2973, 0.2897, 0.395
2974, 0.2184, 0.398
2975, 0.1820, 0.398
2976, 0.1550, 0.395
2977, 0.2471, 0.384
2978, 0.2912, 0.382
2979, 0.2861, 0.380
2980, 0.2749, 0.380
2981, 0.2246, 0.388
2982, 0.2633, 0.381
2983, 0.2057, 0.379
2984, 0.3013, 1.445
2985, 0.1805, 0.419
2986, 0.1497, 0.435
2987, 0.1860, 0.426
2988, 0.3647, 0.454
2989, 0.2937, 0.419
2990, 0.2793, 0.394
2991, 0.2998, 0.433
2992, 0.3196, 0.426
2993, 0.2156, 0.435
2994, 0.2498, 0.457
2995, 0.3232, 0.459
2996, 0.3361, 0.447
2997, 0.3510, 0.423
2998, 0.3368, 0.424
2999, 0.1668, 0.410
3000, 0.2395, 0.406
3001, 0.2893, 0.405
3002, 0.2113, 0.408
3003, 0.2464, 0.406
3004, 0.3157, 0.403
3005, 0.3628, 0.402
3006, 0.2712, 0.417
3007, 0.1947, 0.402
3008, 0.1647, 0.403
3009, 0.2140, 0.402
3010, 0.2472, 0.405
3011, 0.2388, 0.413
3012, 0.2144, 0.408
3013, 0.2404, 0.402
3014, 0.2235, 0.401
3015, 0.2451, 0.397
3016, 0.2562, 0.422
3017, 0.2480, 0.403
3018, 0.2250, 0.406
3019, 0.2708, 0.403
3020, 0.3892, 0.440
3021, 0.3153, 0.434
3022, 0.3163, 0.437
3023, 0.3225, 0.396
3024, 0.2878, 0.391
3025, 0.2965, 0.396
3026, 0.2810, 0.393
3027, 0.2591, 0.393
3028, 0.3824, 0.394
3029, 0.1757, 0.394
3030, 0.2255, 0.406
3031, 0.3537, 0.401
3032, 0.2472, 0.394
3033, 0.2298, 0.388
3034, 0.2657, 0.393
3035, 0.2360, 0.396
3036, 0.2335, 0.393
3037, 0.2911, 0.396
3038, 0.2805, 0.428
3039, 0.2909, 0.414
3040, 0.2920, 0.391
3041, 0.2355, 0.389
3042, 0.2286, 0.392
3043, 0.2328, 0.410
3044, 0.2511, 0.395
3045, 0.2740, 0.393
3046, 0.2496, 0.399
3047, 0.1909, 0.403
3048, 0.2296, 0.389
3049, 0.2621, 0.390
3050, 0.1828, 0.398
3051, 0.3749, 0.395
3052, 0.2646, 0.387
3053, 0.2563, 0.387
3054, 0.2152, 0.393
3055, 0.2672, 0.394
3056, 0.3150, 0.392
3057, 0.2866, 0.389
3058, 0.2931, 0.394
3059, 0.2591, 0.391
3060, 0.2369, 0.393
3061, 0.2552, 0.398
3062, 0.2943, 0.400
3063, 0.2674, 0.393
3064, 0.2586, 0.391
3065, 0.2134, 0.398
3066, 0.2411, 0.393
3067, 0.2050, 0.387
3068, 0.2161, 0.388
3069, 0.2690, 0.394
3070, 0.1848, 0.393
3071, 0.2226, 0.390
3072, 0.2377, 0.390
3073, 0.2408, 0.391
3074, 0.2168, 0.391
3075, 0.2704, 0.389
3076, 0.2550, 0.393
3077, 0.2924, 0.395
3078, 0.2790, 0.390
3079, 0.2074, 0.386
3080, 0.2195, 0.391
3081, 0.2626, 0.388
3082, 0.2581, 0.389
3083, 0.2512, 0.385
3084, 0.2731, 0.390
3085, 0.2862, 0.390
3086, 0.2753, 0.404
3087, 0.3050, 0.396
3088, 0.2745, 0.392
3089, 0.3640, 0.391
3090, 0.2307, 0.386
3091, 0.2404, 0.392
3092, 0.1860, 0.392
3093, 0.3136, 0.390
3094, 0.4411, 0.393
3095, 0.2716, 0.392
3096, 0.2090, 0.389
3097, 0.1981, 0.394
3098, 0.2952, 0.388
3099, 0.2188, 0.390
3100, 0.2093, 0.390
3101, 0.1348, 0.390
3102, 0.2189, 0.401
3103, 0.2363, 0.396
3104, 0.2870, 0.405
3105, 0.2440, 0.393
3106, 0.1944, 0.390
3107, 0.2518, 0.392
3108, 0.2546, 0.393
3109, 0.2706, 0.392
3110, 0.1865, 0.398
3111, 0.2429, 0.406
3112, 0.2410, 0.390
3113, 0.2753, 0.385
3114, 0.2369, 0.389
3115, 0.2599, 0.389
3116, 0.2333, 0.392
3117, 0.3725, 0.398
3118, 0.2714, 0.390
3119, 0.3012, 0.389
3120, 0.2207, 0.393
3121, 0.3359, 0.389
3122, 0.2227, 0.388
3123, 0.2016, 0.392
3124, 0.2808, 0.395
3125, 0.1462, 0.392
3126, 0.2624, 0.390
3127, 0.2418, 0.389
3128, 0.1915, 0.386
3129, 0.2734, 0.386
3130, 0.1625, 0.392
3131, 0.2849, 0.393
3132, 0.3623, 0.397
3133, 0.2643, 0.392
3134, 0.1788, 0.394
3135, 0.2883, 0.396
3136, 0.2153, 0.386
3137, 0.3318, 0.389
3138, 0.2907, 0.399
3139, 0.2785, 0.390
3140, 0.2841, 0.390
3141, 0.1908, 0.397
3142, 0.1757, 0.379
3143, 0.2995, 0.377
3144, 0.2584, 0.372
3145, 0.2813, 0.386
3146, 0.2706, 0.375
3147, 0.2035, 0.377
3148, 0.2315, 0.398
3149, 0.2313, 1.627
3150, 0.2406, 0.384
3151, 0.1809, 0.706
3152, 0.2703, 0.381
3153, 0.3093, 0.394
3154, 0.1861, 0.395
3155, 0.1870, 0.391
3156, 0.1696, 0.393
3157, 0.2669, 0.394
3158, 0.1680, 0.398
3159, 0.2222, 0.397
3160, 0.2461, 0.394
3161, 0.3762, 0.406
3162, 0.2976, 0.401
3163, 0.2564, 0.444
3164, 0.2754, 0.432
3165, 0.1889, 0.427
3166, 0.2335, 0.395
3167, 0.1748, 0.393
3168, 0.1704, 0.398
3169, 0.1148, 0.397
3170, 0.1550, 0.395
3171, 0.1828, 0.398
3172, 0.1639, 0.400
3173, 0.3120, 0.400
3174, 0.2832, 0.400
3175, 0.1670, 0.399
3176, 0.2411, 0.398
3177, 0.2115, 0.396
3178, 0.2890, 0.402
3179, 0.1904, 0.394
3180, 0.2857, 0.392
3181, 0.2670, 0.399
3182, 0.2936, 0.405
3183, 0.2522, 0.398
3184, 0.3038, 0.401
3185, 0.2730, 0.400
3186, 0.2398, 0.396
3187, 0.1852, 0.392
3188, 0.2530, 0.397
3189, 0.1543, 0.430
3190, 0.1980, 0.428
3191, 0.2967, 0.449
3192, 0.2502, 0.444
3193, 0.2820, 0.449
3194, 0.2139, 0.439
3195, 0.2557, 0.450
3196, 0.2176, 0.458
3197, 0.2724, 0.453
3198, 0.3261, 0.461
3199, 0.2291, 0.471
3200, 0.2278, 0.409
3201, 0.3394, 0.425
3202, 0.3435, 0.431
3203, 0.2094, 0.410
3204, 0.1476, 0.409
3205, 0.2225, 0.441
3206, 0.2811, 0.452
3207, 0.3445, 0.401
3208, 0.2910, 0.395
3209, 0.3009, 0.393
3210, 0.2585, 0.390
3211, 0.2311, 0.395
3212, 0.3292, 0.411
3213, 0.2395, 0.402
3214, 0.2778, 0.398
3215, 0.2374, 0.394
3216, 0.2726, 0.401
3217, 0.3156, 0.474
3218, 0.1749, 0.406
3219, 0.2580, 0.415
3220, 0.2900, 0.410
3221, 0.2680, 0.400
3222, 0.2894, 0.396
3223, 0.2641, 0.404
3224, 0.3237, 0.398
3225, 0.2844, 0.395
3226, 0.2706, 0.399
3227, 0.2087, 0.393
3228, 0.1863, 1.353
3229, 0.1667, 0.615
3230, 0.2875, 0.430
3231, 0.3081, 0.398
3232, 0.2723, 0.390
3233, 0.2194, 0.395
3234, 0.2875, 0.445
3235, 0.2718, 0.442
3236, 0.1961, 0.420
3237, 0.2944, 0.409
3238, 0.2668, 0.405
3239, 0.2387, 0.396
3240, 0.2940, 0.403
3241, 0.2460, 0.414
3242, 0.2706, 0.406
3243, 0.2535, 0.401
3244, 0.2525, 0.393
3245, 0.2663, 0.397
3246, 0.2080, 0.401
3247, 0.2002, 0.406
3248, 0.2329, 0.409
3249, 0.2081, 0.399
3250, 0.2220, 0.410
3251, 0.3007, 0.407
3252, 0.2849, 0.396
3253, 0.2294, 0.399
3254, 0.2830, 0.401
3255, 0.2263, 0.401
3256, 0.2391, 0.405
3257, 0.2615, 0.398
3258, 0.2735, 0.404
3259, 0.2861, 0.410
3260, 0.2832, 0.402
3261, 0.2181, 0.399
3262, 0.1875, 0.420
3263, 0.1895, 0.395
3264, 0.2221, 0.405
3265, 0.3057, 0.399
3266, 0.2577, 0.396
3267, 0.2398, 0.397
3268, 0.3395, 0.398
3269, 0.3055, 0.403
3270, 0.2626, 0.401
3271, 0.2842, 0.392
3272, 0.2884, 0.397
3273, 0.2333, 0.393
3274, 0.2363, 0.392
3275, 0.3812, 0.400
3276, 0.2462, 0.400
3277, 0.3571, 0.406
3278, 0.2621, 0.396
3279, 0.2347, 0.401
3280, 0.2707, 0.392
3281, 0.1869, 0.394
3282, 0.2517, 0.405
3283, 0.2210, 0.398
3284, 0.2677, 0.412
3285, 0.2957, 0.399
3286, 0.2184, 0.394
3287, 0.2321, 0.405
3288, 0.2779, 0.400
3289, 0.1832, 0.408
3290, 0.2890, 0.410
3291, 0.2425, 0.396
3292, 0.2661, 0.399
3293, 0.2053, 0.398
3294, 0.2109, 0.396
3295, 0.2007, 0.394
3296, 0.2370, 0.397
3297, 0.1877, 0.398
3298, 0.2154, 0.400
3299, 0.2203, 0.404
3300, 0.2837, 0.399
3301, 0.1930, 0.383
3302, 0.2409, 0.382
3303, 0.3015, 0.381
3304, 0.2415, 0.379
3305, 0.2617, 0.382
3306, 0.2476, 0.388
3307, 0.3793, 0.385
3308, 0.2159, 2.150
3309, 0.2520, 0.698
3310, 0.1713, 0.392
3311, 0.2301, 0.385
3312, 0.3192, 0.393
3313, 0.2894, 1.047
3314, 0.2051, 0.386
3315, 0.2453, 0.419
3316, 0.2621, 0.406
3317, 0.3131, 0.413
3318, 0.2903, 0.739
3319, 0.2544, 0.437
3320, 0.3097, 0.408
3321, 0.2749, 0.407
3322, 0.3172, 0.399
3323, 0.2843, 0.393
3324, 0.2385, 0.390
3325, 0.3904, 0.397
3326, 0.2659, 0.399
3327, 0.3359, 0.394
3328, 0.2282, 0.389
3329, 0.2112, 0.394
3330, 0.2300, 0.400
3331, 0.3568, 0.402
3332, 0.3445, 0.393
3333, 0.2927, 0.399
3334, 0.2453, 0.396
3335, 0.2387, 0.404
3336, 0.1975, 0.397
3337, 0.2335, 0.397
3338, 0.2314, 0.395
3339, 0.2763, 0.397
3340, 0.3118, 0.395
3341, 0.2486, 0.406
3342, 0.2301, 0.400
3343, 0.2283, 0.402
3344, 0.2086, 0.403
3345, 0.2090, 0.406
3346, 0.2800, 0.393
3347, 0.3345, 0.398
3348, 0.3410, 0.399
3349, 0.2326, 0.491
3350, 0.2149, 0.399
3351, 0.1790, 0.432
3352, 0.1859, 0.431
3353, 0.2528, 0.389
3354, 0.2526, 0.389
3355, 0.3054, 0.393
3356, 0.1993, 0.400
3357, 0.3219, 0.394
3358, 0.3200, 0.399
3359, 0.3093, 0.404
3360, 0.2743, 0.399
3361, 0.2422, 0.412
3362, 0.2305, 0.437
3363, 0.1631, 0.397
3364, 0.2165, 0.398
3365, 0.2862, 0.403
3366, 0.2186, 0.403
3367, 0.2218, 0.413
3368, 0.1762, 0.406
3369, 0.2652, 0.412
3370, 0.2487, 0.401
3371, 0.2517, 0.406
3372, 0.2401, 0.401
3373, 0.1792, 0.401
3374, 0.2198, 0.401
3375, 0.1880, 0.402
3376, 0.2043, 0.402
3377, 0.2687, 0.401
3378, 0.2170, 0.406
3379, 0.2859, 0.413
3380, 0.1886, 0.404
3381, 0.3525, 0.412
3382, 0.3271, 0.404
3383, 0.2563, 0.396
3384, 0.2608, 0.400
3385, 0.2425, 0.407
3386, 0.2367, 0.403
3387, 0.2668, 0.399
3388, 0.2379, 0.400
3389, 0.2666, 0.402
3390, 0.2365, 0.404
3391, 0.3297, 0.398
3392, 0.1800, 0.390
3393, 0.2241, 0.387
3394, 0.2919, 0.391
3395, 0.2334, 0.395
3396, 0.2294, 0.397
3397, 0.2575, 0.400
3398, 0.2403, 0.400
3399, 0.2305, 0.398
3400, 0.1976, 0.403
3401, 0.3318, 0.403
3402, 0.3121, 0.416
3403, 0.1927, 0.411
3404, 0.2352, 0.416
3405, 0.2379, 0.405
3406, 0.2431, 0.409
3407, 0.2496, 0.407
3408, 0.2458, 0.406
3409, 0.3151, 0.438
3410, 0.2467, 0.431
3411, 0.3388, 0.441
3412, 0.2254, 0.558
3413, 0.2978, 0.399
3414, 0.2180, 0.468
3415, 0.2352, 0.400
3416, 0.2688, 0.390
3417, 0.1776, 0.390
3418, 0.2152, 0.391
3419, 0.2010, 0.394
3420, 0.2583, 0.400
3421, 0.1781, 0.404
3422, 0.2437, 0.408
3423, 0.2081, 0.402
3424, 0.2511, 0.399
3425, 0.2284, 0.411
3426, 0.2324, 0.417
3427, 0.2321, 0.421
3428, 0.2399, 0.403
3429, 0.3591, 0.403
3430, 0.2537, 0.397
3431, 0.2436, 0.610
3432, 0.2044, 0.400
3433, 0.3460, 0.658
3434, 0.2894, 0.414
3435, 0.3527, 0.423
3436, 0.1740, 0.420
3437, 0.2713, 0.411
3438, 0.2545, 0.411
3439, 0.2422, 0.400
3440, 0.2968, 0.397
3441, 0.2448, 0.394
3442, 0.2185, 0.398
3443, 0.2052, 3.076
3444, 0.1625, 0.394
3445, 0.2368, 0.400
3446, 0.3231, 0.407
3447, 0.3290, 0.410
3448, 0.2970, 0.401
3449, 0.2378, 0.403
3450, 0.2615, 0.411
3451, 0.2060, 0.395
3452, 0.2467, 0.404
3453, 0.1535, 0.382
3454, 0.2328, 0.384
3455, 0.2648, 0.381
3456, 0.2086, 0.482
3457, 0.2638, 0.384
3458, 0.2016, 0.382
3459, 0.1818, 0.845
3460, 0.2444, 0.782
3461, 0.3265, 1.470
3462, 0.2834, 0.393
3463, 0.3797, 0.561
3464, 0.4396, 0.387
3465, 0.3535, 0.412
3466, 0.2082, 0.405
3467, 0.3381, 0.422
3468, 0.1334, 0.622
3469, 0.2602, 0.442
3470, 0.2667, 0.446
3471, 0.2352, 0.424
3472, 0.2236, 0.403
3473, 0.2364, 0.399
3474, 0.2278, 0.793
3475, 0.1994, 0.419
3476, 0.2538, 0.441
3477, 0.2034, 0.448
3478, 0.2189, 0.404
3479, 0.2539, 0.408
3480, 0.2016, 0.402
3481, 0.1527, 0.415
3482, 0.2131, 0.407
3483, 0.2630, 0.750
3484, 0.1894, 0.407
3485, 0.2545, 0.397
3486, 0.2225, 0.402
3487, 0.2323, 0.401
3488, 0.2203, 0.404
3489, 0.2752, 0.394
3490, 0.3176, 0.401
3491, 0.2698, 0.394
3492, 0.2245, 0.399
3493, 0.1892, 0.395
3494, 0.2631, 0.387
3495, 0.2578, 0.391
3496, 0.2667, 0.394
3497, 0.2076, 0.397
3498, 0.3091, 0.399
3499, 0.2692, 0.399
3500, 0.2496, 0.397
3501, 0.3031, 0.397
3502, 0.2915, 0.401
3503, 0.2267, 0.400
3504, 0.2188, 0.401
3505, 0.2280, 0.398
3506, 0.1897, 0.398
3507, 0.2564, 0.396
3508, 0.2145, 0.406
3509, 0.2449, 0.392
3510, 0.2401, 0.398
3511, 0.1995, 0.441
3512, 0.2438, 0.407
3513, 0.2056, 0.406
3514, 0.1940, 0.405
3515, 0.3505, 0.409
3516, 0.2619, 0.400
3517, 0.3602, 0.397
3518, 0.2002, 0.405
3519, 0.1960, 0.400
3520, 0.2370, 0.402
3521, 0.2499, 0.403
3522, 0.1888, 0.406
3523, 0.2312, 0.401
3524, 0.2594, 0.396
3525, 0.1561, 0.405
3526, 0.2135, 0.400
3527, 0.1808, 0.396
3528, 0.2745, 0.408
3529, 0.2876, 0.406
3530, 0.2956, 0.401
3531, 0.3324, 0.401
3532, 0.3391, 0.398
3533, 0.2539, 0.397
3534, 0.2287, 0.399
3535, 0.3077, 0.401
3536, 0.2584, 0.399
3537, 0.2419, 0.403
3538, 0.2201, 0.401
3539, 0.2823, 0.405
3540, 0.2838, 0.398
3541, 0.2334, 0.403
3542, 0.2210, 0.402
3543, 0.3106, 0.400
3544, 0.1908, 0.400
3545, 0.2911, 0.419
3546, 0.1956, 0.401
3547, 0.2428, 0.403
3548, 0.1997, 0.401
3549, 0.1659, 0.396
3550, 0.1891, 0.400
3551, 0.1679, 0.408
3552, 0.3314, 0.406
3553, 0.2976, 0.404
3554, 0.2886, 0.409
3555, 0.1833, 0.405
3556, 0.3129, 0.404
3557, 0.2260, 0.413
3558, 0.2310, 0.414
3559, 0.2451, 0.404
3560, 0.2448, 0.397
3561, 0.2260, 0.798
3562, 0.2464, 0.418
3563, 0.2936, 0.403
3564, 0.2381, 0.408
3565, 0.2563, 0.405
3566, 0.2429, 0.404
3567, 0.2634, 0.415
3568, 0.3440, 0.409
3569, 0.2404, 0.413
3570, 0.2009, 0.411
3571, 0.2253, 0.400
3572, 0.2439, 0.406
3573, 0.1984, 0.399
3574, 0.2407, 0.398
3575, 0.2802, 0.401
3576, 0.2443, 0.399
3577, 0.2268, 0.412
3578, 0.1974, 0.401
3579, 0.2376, 0.406
3580, 0.3120, 0.401
3581, 0.2738, 0.407
3582, 0.2684, 0.408
3583, 0.2638, 0.411
3584, 0.2243, 0.401
3585, 0.1746, 0.404
3586, 0.2499, 0.399
3587, 0.2897, 0.393
3588, 0.2325, 0.392
3589, 0.1636, 0.396
3590, 0.2915, 0.397
3591, 0.2055, 0.396
3592, 0.2332, 0.392
3593, 0.2610, 0.396
3594, 0.2303, 0.397
3595, 0.2150, 0.394
3596, 0.2629, 0.400
3597, 0.2695, 0.398
3598, 0.2965, 0.399
3599, 0.2321, 0.399
3600, 0.2024, 0.397
3601, 0.2799, 0.387
3602, 0.2178, 0.405
3603, 0.2874, 0.403
3604, 0.3355, 0.410
3605, 0.2608, 0.417
3606, 0.2832, 0.404
3607, 0.2749, 0.399
3608, 0.2685, 0.392
3609, 0.2748, 0.377
3610, 0.3078, 0.384
3611, 0.2248, 0.383
3612, 0.2859, 0.382
3613, 0.3042, 0.388
3614, 0.1965, 0.389
3615, 0.2996, 0.382
3616, 0.2923, 2.395
3617, 0.2746, 0.388
3618, 0.1888, 1.403
3619, 0.2878, 0.418
3620, 0.2212, 0.414
3621, 0.3052, 0.426
3622, 0.2098, 0.432
3623, 0.2293, 0.442
3624, 0.2206, 0.435
3625, 0.3020, 0.486
3626, 0.3640, 0.388
3627, 0.2046, 0.431
3628, 0.2509, 0.439
3629, 0.2636, 0.417
3630, 0.2986, 0.404
3631, 0.3303, 0.664
3632, 0.2351, 0.445
3633, 0.2466, 0.449
3634, 0.2154, 0.411
3635, 0.2826, 0.405
3636, 0.3209, 0.409
3637, 0.3367, 0.401
3638, 0.2007, 0.404
3639, 0.2359, 0.400
3640, 0.2040, 0.398
3641, 0.3232, 0.398
3642, 0.2913, 0.400
3643, 0.2675, 0.410
3644, 0.2367, 0.450
3645, 0.2300, 0.399
3646, 0.3395, 0.404
3647, 0.3033, 0.405
3648, 0.2700, 0.409
3649, 0.2731, 0.407
3650, 0.3026, 0.406
3651, 0.1626, 0.402
3652, 0.2809, 0.791
3653, 0.2870, 0.401
3654, 0.2176, 0.402
3655, 0.2288, 0.416
3656, 0.2455, 0.402
3657, 0.2238, 0.766
3658, 0.3224, 0.410
3659, 0.2646, 0.404
3660, 0.2631, 0.406
3661, 0.2754, 0.427
3662, 0.2931, 0.401
3663, 0.2244, 0.407
3664, 0.2205, 0.409
3665, 0.1794, 0.401
3666, 0.3473, 0.404
3667, 0.2576, 0.403
3668, 0.1996, 0.407
3669, 0.3237, 0.403
3670, 0.2632, 0.402
3671, 0.2230, 0.398
3672, 0.2477, 0.405
3673, 0.4148, 0.680
3674, 0.2367, 0.399
3675, 0.2582, 0.398
3676, 0.2234, 0.398
3677, 0.2236, 0.396
3678, 0.2289, 0.399
3679, 0.2952, 0.395
3680, 0.3012, 0.395
3681, 0.2240, 0.403
3682, 0.2081, 0.401
3683, 0.1621, 0.399
3684, 0.2001, 0.406
3685, 0.2817, 0.408
3686, 0.2446, 0.403
3687, 0.2919, 0.400
3688, 0.2893, 0.403
3689, 0.2534, 0.401
3690, 0.2744, 0.402
3691, 0.3025, 0.399
3692, 0.1817, 0.398
3693, 0.3097, 0.397
3694, 0.3512, 0.400
3695, 0.2049, 0.397
3696, 0.1805, 0.401
3697, 0.2414, 0.397
3698, 0.2934, 0.438
3699, 0.2045, 0.408
3700, 0.2171, 0.410
3701, 0.3206, 0.400
3702, 0.2747, 0.405
3703, 0.2508, 0.403
3704, 0.1900, 0.409
3705, 0.2743, 0.403
3706, 0.2141, 0.397
3707, 0.3227, 0.543
3708, 0.2566, 0.471
3709, 0.1631, 0.398
3710, 0.2935, 0.403
3711, 0.2583, 0.409
3712, 0.1883, 0.405
3713, 0.1904, 0.399
3714, 0.2251, 0.404
3715, 0.2106, 0.395
3716, 0.2546, 0.395
3717, 0.2630, 0.397
3718, 0.2226, 0.397
3719, 0.2540, 0.399
3720, 0.2430, 0.399
3721, 0.2923, 0.400
3722, 0.2589, 0.404
3723, 0.2409, 0.396
3724, 0.2523, 0.400
3725, 0.2391, 0.410
3726, 0.2145, 0.407
3727, 0.3368, 0.402
3728, 0.3195, 0.411
3729, 0.2608, 0.401
3730, 0.1996, 0.401
3731, 0.3661, 0.399
3732, 0.2784, 0.399
3733, 0.2166, 0.399
3734, 0.2090, 0.402
3735, 0.2089, 0.410
3736, 0.2095, 0.416
3737, 0.1691, 0.417
3738, 0.0979, 0.409
3739, 0.2380, 0.896
3740, 0.2772, 0.399
3741, 0.2447, 0.406
3742, 0.2767, 0.403
3743, 0.2304, 0.412
3744, 0.3434, 0.519
3745, 0.2492, 0.404
3746, 0.2669, 0.401
3747, 0.2477, 0.403
3748, 0.2648, 0.413
3749, 0.2322, 0.408
3750, 0.1738, 1.041
3751, 0.2002, 0.399
3752, 0.3912, 0.398
3753, 0.2387, 0.399
3754, 0.2831, 0.394
3755, 0.2787, 0.390
3756, 0.2137, 0.395
3757, 0.1793, 0.400
3758, 0.2836, 0.398
3759, 0.2439, 0.394
3760, 0.2059, 0.376
3761, 0.1999, 0.378
3762, 0.2676, 0.376
3763, 0.2044, 0.378
3764, 0.1709, 0.377
3765, 0.2822, 0.380
3766, 0.1914, 0.377
3767, 0.2490, 3.437
3768, 0.3048, 0.385
3769, 0.1579, 0.384
3770, 0.2266, 0.387
3771, 0.2541, 0.390
3772, 0.1810, 0.390
3773, 0.2450, 0.408
3774, 0.1879, 0.407
3775, 0.2154, 0.401
3776, 0.2582, 0.418
3777, 0.3017, 0.415
3778, 0.2022, 0.408
3779, 0.2149, 0.395
3780, 0.2429, 0.400
3781, 0.2821, 0.401
3782, 0.2732, 0.396
3783, 0.2313, 0.406
3784, 0.3405, 0.403
3785, 0.2666, 0.401
3786, 0.2152, 0.402
3787, 0.3246, 0.397
3788, 0.3320, 0.400
3789, 0.1664, 0.401
3790, 0.1856, 0.397
3791, 0.2643, 0.401
3792, 0.2989, 0.404
3793, 0.2789, 0.407
3794, 0.2290, 0.404
3795, 0.2569, 0.395
3796, 0.2523, 0.404
3797, 0.2785, 0.407
3798, 0.3488, 0.406
3799, 0.3472, 0.402
3800, 0.2432, 0.421
3801, 0.2378, 0.390
3802, 0.2031, 0.403
3803, 0.2652, 0.406
3804, 0.2790, 0.404
3805, 0.2377, 0.401
3806, 0.2834, 0.411
3807, 0.2467, 0.398
3808, 0.2487, 0.400
3809, 0.3024, 0.401
3810, 0.3065, 0.398
3811, 0.2338, 0.430
3812, 0.2660, 0.398
3813, 0.1757, 0.402
3814, 0.2388, 0.399
3815, 0.2556, 0.405
3816, 0.2260, 0.393
3817, 0.2123, 0.401
3818, 0.2508, 0.434
3819, 0.1986, 0.439
3820, 0.2921, 0.446
3821, 0.2994, 0.853
3822, 0.2604, 0.399
3823, 0.2268, 0.398
3824, 0.2349, 0.400
3825, 0.2582, 0.945
3826, 0.2971, 0.400
3827, 0.2283, 0.402
3828, 0.2085, 0.403
3829, 0.2465, 0.399
3830, 0.2585, 0.409
3831, 0.2041, 0.409
3832, 0.2524, 0.484
3833, 0.2740, 0.414
3834, 0.2049, 0.398
3835, 0.2284, 0.409
3836, 0.2254, 0.590
3837, 0.2518, 0.407
3838, 0.2346, 2.866
3839, 0.2839, 0.430
3840, 0.1403, 0.437
3841, 0.2453, 0.418
3842, 0.1911, 0.406
3843, 0.2024, 0.410
3844, 0.1809, 0.412
3845, 0.1983, 1.143
3846, 0.1989, 0.405
3847, 0.3064, 0.411
3848, 0.2165, 0.409
3849, 0.2437, 0.437
3850, 0.2093, 0.396
3851, 0.2672, 0.403
3852, 0.2102, 0.415
3853, 0.2054, 0.405
3854, 0.2567, 0.395
3855, 0.2487, 0.403
3856, 0.1976, 0.393
3857, 0.2139, 0.391
3858, 0.1933, 0.396
3859, 0.2804, 0.400
3860, 0.2419, 0.406
3861, 0.2193, 0.395
3862, 0.2279, 0.393
3863, 0.2962, 0.395
3864, 0.2054, 0.394
3865, 0.2565, 0.404
3866, 0.2359, 0.411
3867, 0.1812, 0.410
3868, 0.1976, 0.399
3869, 0.2301, 0.413
3870, 0.2421, 0.406
3871, 0.2871, 0.406
3872, 0.2070, 0.397
3873, 0.2492, 0.395
3874, 0.2664, 0.433
3875, 0.2703, 0.399
3876, 0.3005, 0.406
3877, 0.2966, 0.893
3878, 0.2056, 0.397
3879, 0.3033, 0.412
3880, 0.2480, 0.400
3881, 0.2467, 0.407
3882, 0.2356, 0.410
3883, 0.2882, 0.411
3884, 0.3587, 0.405
3885, 0.2684, 0.418
3886, 0.1981, 0.445
3887, 0.3240, 0.981
3888, 0.2459, 0.409
3889, 0.3059, 0.415
3890, 0.2243, 0.408
3891, 0.1772, 0.410
3892, 0.3178, 0.400
3893, 0.1873, 0.404
3894, 0.2110, 0.407
3895, 0.2346, 0.399
3896, 0.2746, 0.404
3897, 0.2437, 0.403
3898, 0.2299, 0.412
3899, 0.2635, 0.401
3900, 0.1754, 0.397
3901, 0.2585, 0.400
3902, 0.2520, 0.394
3903, 0.1937, 0.391
3904, 0.2245, 0.379
3905, 0.2353, 0.381
3906, 0.1617, 0.380
3907, 0.2124, 0.376
3908, 0.1503, 0.377
3909, 0.2542, 0.379
3910, 0.2901, 0.380
3911, 0.2498, 0.380
3912, 0.1312, 2.305
3913, 0.2987, 0.403
3914, 0.2265, 0.429
3915, 0.1808, 0.400
3916, 0.2144, 0.409
3917, 0.2185, 0.697
3918, 0.3272, 0.381
3919, 0.1769, 0.404
3920, 0.2003, 0.409
3921, 0.2027, 0.397
3922, 0.2126, 0.614
3923, 0.2039, 0.398
3924, 0.1928, 0.397
3925, 0.1718, 0.398
3926, 0.2410, 0.604
3927, 0.2745, 0.405
3928, 0.1790, 0.407
3929, 0.2469, 0.411
3930, 0.2736, 0.405
3931, 0.2308, 0.408
3932, 0.2492, 0.420
3933, 0.2106, 0.414
3934, 0.2773, 0.407
3935, 0.1538, 0.411
3936, 0.2458, 0.409
3937, 0.2610, 0.405
3938, 0.2479, 1.559
3939, 0.2194, 0.401
3940, 0.2776, 0.407
3941, 0.2556, 0.398
3942, 0.2322, 0.418
3943, 0.2079, 0.408
3944, 0.2067, 0.407
3945, 0.2174, 0.411
3946, 0.1816, 0.437
3947, 0.2468, 0.436
3948, 0.2104, 0.448
3949, 0.2857, 0.401
3950, 0.3119, 0.406
3951, 0.2206, 0.406
3952, 0.2772, 0.403
3953, 0.2632, 0.408
3954, 0.1788, 0.397
3955, 0.2444, 0.400
3956, 0.2357, 0.406
3957, 0.1902, 0.469
3958, 0.2091, 0.403
3959, 0.2557, 0.411
3960, 0.1708, 0.410
3961, 0.3051, 0.403
3962, 0.1601, 0.406
3963, 0.1620, 0.399
3964, 0.2695, 0.541
3965, 0.2291, 0.399
3966, 0.2693, 0.394
3967, 0.2816, 0.395
3968, 0.2074, 0.395
3969, 0.2237, 0.405
3970, 0.2064, 0.407
3971, 0.2671, 0.409
3972, 0.2083, 0.403
3973, 0.2715, 0.403
3974, 0.3081, 0.403
3975, 0.2622, 0.406
3976, 0.1954, 0.408
3977, 0.1997, 0.408
3978, 0.2362, 0.406
3979, 0.2486, 0.410
3980, 0.3333, 0.409
3981, 0.2614, 0.409
3982, 0.1979, 0.399
3983, 0.1680, 0.399
3984, 0.2197, 0.403
3985, 0.1874, 0.400
3986, 0.2030, 0.403
3987, 0.2215, 0.401
3988, 0.2062, 0.403
3989, 0.1544, 0.407
3990, 0.2634, 0.407
3991, 0.2446, 0.405
3992, 0.2256, 0.404
3993, 0.1771, 0.400
3994, 0.2899, 0.422
3995, 0.2118, 0.788
3996, 0.2295, 0.400
3997, 0.2194, 0.407
3998, 0.1636, 0.421
3999, 0.2425, 0.405
4000, 0.2405, 0.399
4001, 0.1916, 0.381
4002, 0.3313, 0.385
4003, 0.2591, 0.394
4004, 0.3463, 0.394
4005, 0.2801, 0.424
4006, 0.2871, 0.400
4007, 0.2550, 0.402
4008, 0.2169, 0.414
4009, 0.2952, 0.432
4010, 0.2358, 0.439
4011, 0.2050, 0.435
4012, 0.2056, 0.433
4013, 0.1775, 0.437
4014, 0.2286, 0.430
4015, 0.1878, 0.419
4016, 0.2243, 0.401
4017, 0.1948, 0.405
4018, 0.2455, 0.394
4019, 0.2336, 0.398
4020, 0.2027, 0.398
4021, 0.2554, 0.406
4022, 0.1895, 0.399
4023, 0.1770, 0.399
4024, 0.3870, 0.405
4025, 0.2586, 0.406
4026, 0.2048, 0.412
4027, 0.1974, 0.395
4028, 0.2635, 0.403
4029, 0.2421, 0.409
4030, 0.2614, 0.418
4031, 0.3148, 0.398
4032, 0.3072, 0.407
4033, 0.2381, 0.398
4034, 0.2330, 0.406
4035, 0.2671, 0.397
4036, 0.2139, 0.397
4037, 0.1880, 0.402
4038, 0.2127, 0.398
4039, 0.2964, 0.398
4040, 0.3038, 0.403
4041, 0.2405, 0.401
4042, 0.2359, 0.403
4043, 0.2252, 0.401
4044, 0.2255, 0.403
4045, 0.2131, 0.404
4046, 0.2603, 0.401
4047, 0.2326, 0.402
4048, 0.2627, 0.405
4049, 0.3047, 0.407
4050, 0.2529, 0.396
4051, 0.1669, 0.402
4052, 0.2779, 0.396
4053, 0.2579, 0.396
4054, 0.2961, 0.396
4055, 0.2347, 0.396
4056, 0.2292, 0.399
4057, 0.2559, 0.398
4058, 0.1719, 0.384
4059, 0.2498, 0.381
4060, 0.3120, 0.381
4061, 0.2151, 0.379
4062, 0.2727, 0.383
4063, 0.3243, 0.380
4064, 0.2390, 0.382
4065, 0.1829, 1.911
4066, 0.1513, 0.414
4067, 0.2924, 0.379
4068, 0.2406, 0.380
4069, 0.2868, 0.503
4070, 0.2124, 0.381
4071, 0.2255, 0.395
4072, 0.1864, 0.404
4073, 0.2298, 0.393
4074, 0.2164, 0.394
4075, 0.2689, 0.395
4076, 0.1767, 0.392
4077, 0.2422, 0.401
4078, 0.2007, 0.395
4079, 0.2516, 0.402
4080, 0.2402, 0.396
4081, 0.1583, 0.398
4082, 0.2491, 0.393
4083, 0.2222, 0.397
4084, 0.2080, 0.394
4085, 0.2013, 0.396
4086, 0.3180, 0.393
4087, 0.2187, 0.397
4088, 0.2745, 0.402
4089, 0.2294, 0.395
4090, 0.2101, 0.396
4091, 0.2340, 0.396
4092, 0.2040, 0.397
4093, 0.2583, 0.399
4094, 0.2039, 0.397
4095, 0.2173, 0.397
4096, 0.2218, 0.397
4097, 0.2424, 0.399
4098, 0.2358, 0.400
4099, 0.1926, 0.394
4100, 0.2101, 0.396
4101, 0.2844, 0.398
4102, 0.2426, 0.399
4103, 0.2565, 0.403
4104, 0.2565, 0.401
4105, 0.2696, 0.397
4106, 0.2487, 0.400
4107, 0.1910, 0.399
4108, 0.2411, 0.411
4109, 0.2299, 0.405
4110, 0.2395, 0.399
4111, 0.2609, 0.398
4112, 0.2014, 0.398
4113, 0.2894, 0.395
4114, 0.2558, 0.394
4115, 0.2248, 0.395
4116, 0.2177, 0.397
4117, 0.2566, 0.395
4118, 0.2011, 0.396
4119, 0.2155, 0.395
4120, 0.2442, 0.395
4121, 0.2658, 0.395
4122, 0.3002, 0.395
4123, 0.2488, 0.396
4124, 0.2819, 0.394
4125, 0.2069, 0.395
4126, 0.2546, 0.396
4127, 0.2746, 0.397
4128, 0.3754, 0.406
4129, 0.2489, 0.395
4130, 0.2355, 0.396
4131, 0.2121, 0.402
4132, 0.2460, 0.408
4133, 0.2265, 0.404
4134, 0.2726, 0.396
4135, 0.2947, 0.398
4136, 0.2387, 0.398
4137, 0.2308, 0.398
4138, 0.1746, 0.399
4139, 0.2831, 0.400
4140, 0.2963, 0.394
4141, 0.2627, 0.391
4142, 0.3099, 0.397
4143, 0.2900, 0.402
4144, 0.2479, 0.398
4145, 0.2859, 0.395
4146, 0.2642, 0.395
4147, 0.2623, 0.392
4148, 0.2912, 0.441
4149, 0.2805, 0.448
4150, 0.2305, 0.434
4151, 0.2996, 0.452
4152, 0.2204, 0.465
4153, 0.3068, 0.467
4154, 0.2236, 0.461
4155, 0.1873, 0.406
4156, 0.2493, 0.409
4157, 0.1880, 0.410
4158, 0.3205, 0.447
4159, 0.3641, 0.444
4160, 0.2676, 0.403
4161, 0.1769, 0.402
4162, 0.2095, 0.400
4163, 0.2843, 0.392
4164, 0.2494, 0.395
4165, 0.2852, 0.404
4166, 0.2320, 0.412
4167, 0.2017, 0.392
4168, 0.2654, 0.405
4169, 0.2465, 0.405
4170, 0.1957, 0.405
4171, 0.2519, 0.402
4172, 0.2369, 0.403
4173, 0.2336, 0.403
4174, 0.3693, 0.403
4175, 0.2707, 0.401
4176, 0.2320, 0.397
4177, 0.2333, 0.391
4178, 0.2230, 0.430
4179, 0.2245, 0.434
4180, 0.2807, 0.448
4181, 0.2412, 0.454
4182, 0.2293, 0.465
4183, 0.3937, 0.465
4184, 0.2717, 0.461
4185, 0.2153, 0.462
4186, 0.2318, 0.474
4187, 0.4395, 0.469
4188, 0.2765, 0.466
4189, 0.2442, 0.447
4190, 0.1994, 0.466
4191, 0.2365, 0.466
4192, 0.3077, 0.465
4193, 0.2374, 0.431
4194, 0.2418, 0.430
4195, 0.1857, 0.438
4196, 0.2581, 0.449
4197, 0.2494, 0.457
4198, 0.2524, 0.453
4199, 0.2999, 0.412
4200, 0.2127, 0.438
4201, 0.2342, 0.422
4202, 0.1918, 0.407
4203, 0.2352, 0.401
4204, 0.2681, 0.425
4205, 0.2677, 0.432
4206, 0.3195, 0.397
4207, 0.3412, 0.404
4208, 0.2111, 0.404
4209, 0.2716, 0.403
4210, 0.2244, 0.400
4211, 0.2696, 0.438
4212, 0.2033, 0.441
4213, 0.2287, 0.454
4214, 0.1226, 0.401
4215, 0.2265, 0.390
4216, 0.3138, 0.382
4217, 0.3164, 0.384
4218, 0.2927, 0.375
4219, 0.2173, 0.385
4220, 0.1891, 0.377
4221, 0.1527, 0.375
4222, 0.1898, 0.403
4223, 0.2210, 0.402
4224, 0.2147, 0.402
4225, 0.2623, 1.858
4226, 0.2447, 0.379
4227, 0.1697, 0.651
4228, 0.3733, 0.384
4229, 0.2210, 0.380
4230, 0.1586, 0.613
4231, 0.2181, 0.419
4232, 0.3258, 0.384
4233, 0.2208, 0.403
4234, 0.2767, 0.536
4235, 0.1797, 0.394
4236, 0.2967, 0.397
4237, 0.2945, 0.405
4238, 0.2416, 0.402
4239, 0.2461, 0.399
4240, 0.2150, 0.391
4241, 0.1928, 0.400
4242, 0.1958, 0.395
4243, 0.2109, 0.397
4244, 0.2086, 0.406
4245, 0.2851, 0.390
4246, 0.2812, 0.397
4247, 0.2706, 0.396
4248, 0.2997, 0.413
4249, 0.2277, 0.396
4250, 0.1518, 0.394
4251, 0.1885, 0.404
4252, 0.2121, 0.393
4253, 0.2823, 0.394
4254, 0.2407, 0.391
4255, 0.2829, 0.392
4256, 0.2391, 0.393
4257, 0.2371, 0.395
4258, 0.1357, 0.392
4259, 0.3046, 0.391
4260, 0.2689, 0.394
4261, 0.3544, 0.398
4262, 0.2258, 0.392
4263, 0.2829, 0.393
4264, 0.2402, 0.395
4265, 0.2899, 0.401
4266, 0.3310, 0.400
4267, 0.2832, 0.402
4268, 0.2613, 0.389
4269, 0.2371, 0.395
4270, 0.2559, 0.393
4271, 0.1989, 0.400
4272, 0.2468, 0.400
4273, 0.3485, 0.392
4274, 0.2788, 0.394
4275, 0.3401, 0.396
4276, 0.2315, 0.405
4277, 0.1837, 0.394
4278, 0.2658, 0.397
4279, 0.3396, 0.394
4280, 0.2600, 0.401
4281, 0.2940, 0.410
4282, 0.2871, 0.401
4283, 0.2176, 0.398
4284, 0.2498, 0.401
4285, 0.2695, 0.395
4286, 0.2885, 0.413
4287, 0.2559, 0.392
4288, 0.2005, 0.399
4289, 0.2396, 0.405
4290, 0.2235, 0.398
4291, 0.2394, 0.403
4292, 0.2763, 0.405
4293, 0.2206, 0.396
4294, 0.2072, 0.403
4295, 0.3006, 0.402
4296, 0.3161, 0.395
4297, 0.1682, 0.407
4298, 0.2755, 0.401
4299, 0.2182, 0.393
4300, 0.1807, 0.407
4301, 0.2415, 0.397
4302, 0.2565, 0.399
4303, 0.3092, 0.402
4304, 0.2779, 0.402
4305, 0.2493, 0.399
4306, 0.3271, 0.397
4307, 0.2643, 0.399
4308, 0.2317, 0.398
4309, 0.1989, 0.399
4310, 0.3156, 0.393
4311, 0.2291, 0.394
4312, 0.2884, 0.399
4313, 0.2767, 0.396
4314, 0.3220, 0.392
4315, 0.2877, 0.393
4316, 0.2054, 0.393
4317, 0.3625, 0.398
4318, 0.2548, 0.403
4319, 0.3231, 0.395
4320, 0.2292, 0.393
4321, 0.3456, 0.395
4322, 0.3179, 0.398
4323, 0.2844, 0.397
4324, 0.2621, 0.400
4325, 0.2372, 0.407
4326, 0.2147, 0.393
4327, 0.2906, 0.397
4328, 0.2242, 0.401
4329, 0.2135, 0.396
4330, 0.2544, 0.402
4331, 0.2187, 0.398
4332, 0.2898, 0.396
4333, 0.2127, 0.409
4334, 0.1879, 0.404
4335, 0.2988, 0.442
4336, 0.2597, 0.396
4337, 0.2559, 0.398
4338, 0.2373, 0.394
4339, 0.2376, 0.394
4340, 0.2449, 0.394
4341, 0.2857, 0.393
4342, 0.1956, 0.398
4343, 0.2151, 0.395
4344, 0.2655, 0.404
4345, 0.2905, 0.413
4346, 0.2378, 0.399
4347, 0.1650, 0.409
4348, 0.3042, 0.414
4349, 0.1846, 0.412
4350, 0.3277, 0.402
4351, 0.2385, 0.399
4352, 0.3195, 0.402
4353, 0.3705, 0.416
4354, 0.2652, 0.404
4355, 0.2829, 0.406
4356, 0.3722, 0.404
4357, 0.2466, 0.407
4358, 0.2159, 0.418
4359, 0.2906, 0.403
4360, 0.3227, 0.401
4361, 0.2680, 0.405
4362, 0.2663, 0.397
4363, 0.2458, 0.398
4364, 0.2429, 0.394
4365, 0.2584, 0.400
4366, 0.3022, 0.400
4367, 0.1695, 0.395
4368, 0.2244, 0.396
4369, 0.2717, 0.401
4370, 0.2708, 0.406
4371, 0.2642, 0.402
4372, 0.1993, 0.403
4373, 0.2292, 0.402
4374, 0.2588, 0.401
4375, 0.2177, 0.403
4376, 0.2079, 0.399
4377, 0.2588, 0.397
4378, 0.2026, 0.395
4379, 0.1958, 0.400
4380, 0.1703, 0.402
4381, 0.2068, 0.396
4382, 0.2444, 0.399
4383, 0.2139, 0.400
4384, 0.3135, 0.386
4385, 0.3119, 0.395
4386, 0.2485, 0.384
4387, 0.2162, 0.389
4388, 0.2243, 0.394
4389, 0.2818, 0.409
4390, 0.2610, 0.408
4391, 0.2477, 1.439
4392, 0.2283, 0.418
4393, 0.2830, 0.438
4394, 0.3831, 0.425
4395, 0.2507, 0.431
4396, 0.2809, 0.569
4397, 0.2347, 0.424
4398, 0.2869, 0.430
4399, 0.2733, 0.444
4400, 0.2576, 0.458
4401, 0.2987, 0.425
4402, 0.2341, 0.422
4403, 0.3059, 0.419
4404, 0.2784, 0.428
4405, 0.2628, 0.438
4406, 0.2139, 0.406
4407, 0.2862, 0.447
4408, 0.2780, 0.446
4409, 0.2993, 0.410
4410, 0.2406, 0.397
4411, 0.1671, 0.660
4412, 0.1940, 0.403
4413, 0.2848, 0.649
4414, 0.3673, 0.419
4415, 0.2836, 0.437
4416, 0.2355, 0.445
4417, 0.2273, 0.441
4418, 0.2514, 0.410
4419, 0.1878, 0.434
4420, 0.2115, 0.407
4421, 0.2408, 0.400
4422, 0.2433, 0.663
4423, 0.2394, 0.402
4424, 0.2203, 0.407
4425, 0.3033, 0.400
4426, 0.3193, 0.413
4427, 0.2595, 0.406
4428, 0.2760, 0.428
4429, 0.2421, 0.437
4430, 0.2130, 0.455
4431, 0.2485, 0.401
4432, 0.2922, 0.409
4433, 0.2385, 0.402
4434, 0.2576, 0.418
4435, 0.2598, 0.411
4436, 0.2407, 0.398
4437, 0.2596, 0.402
4438, 0.3105, 0.403
4439, 0.2962, 0.406
4440, 0.2103, 0.409
4441, 0.3012, 0.401
4442, 0.2896, 0.412
4443, 0.3016, 0.877
4444, 0.3121, 0.407
4445, 0.1789, 0.409
4446, 0.2412, 0.415
4447, 0.2973, 0.416
4448, 0.2902, 0.408
4449, 0.2565, 0.614
4450, 0.2538, 0.387
4451, 0.1648, 0.410
4452, 0.2477, 0.398
4453, 0.2680, 0.402
4454, 0.2798, 0.403
4455, 0.2256, 0.418
4456, 0.2774, 0.414
4457, 0.2129, 0.409
4458, 0.1967, 0.397
4459, 0.2544, 0.440
4460, 0.2617, 0.397
4461, 0.2254, 0.396
4462, 0.2500, 0.406
4463, 0.2365, 0.407
4464, 0.3007, 0.499
4465, 0.1770, 0.409
4466, 0.2838, 0.403
4467, 0.2262, 0.400
4468, 0.2308, 0.518
4469, 0.2475, 0.403
4470, 0.2377, 0.412
4471, 0.2725, 0.407
4472, 0.2429, 0.400
4473, 0.3261, 1.014
4474, 0.1808, 0.403
4475, 0.2654, 0.414
4476, 0.2274, 0.399
4477, 0.2056, 0.397
4478, 0.2975, 0.393
4479, 0.2767, 0.396
4480, 0.2565, 0.398
4481, 0.2695, 0.396
4482, 0.2100, 0.394
4483, 0.2646, 0.396
4484, 0.2232, 0.399
4485, 0.2677, 0.403
4486, 0.2348, 0.399
4487, 0.2282, 0.400
4488, 0.2183, 0.403
4489, 0.2157, 0.395
4490, 0.2723, 0.393
4491, 0.2971, 0.399
4492, 0.2198, 0.398
4493, 0.2466, 0.405
4494, 0.1943, 0.398
4495, 0.2932, 0.395
4496, 0.2241, 0.401
4497, 0.2227, 0.406
4498, 0.3327, 0.483
4499, 0.2016, 0.404
4500, 0.1904, 0.421
4501, 0.2762, 0.402
4502, 0.2861, 0.399
4503, 0.2278, 0.399
4504, 0.2285, 0.403
4505, 0.2688, 0.399
4506, 0.2724, 0.405
4507, 0.3158, 0.405
4508, 0.1686, 0.402
4509, 0.2501, 0.413
4510, 0.2649, 0.402
4511, 0.2076, 0.407
4512, 0.2729, 0.400
4513, 0.2647, 0.857
4514, 0.2998, 0.402
4515, 0.2692, 0.413
4516, 0.2645, 0.405
4517, 0.2793, 0.399
4518, 0.2805, 0.398
4519, 0.1669, 0.399
4520, 0.2370, 0.405
4521, 0.2165, 0.406
4522, 0.3183, 0.402
4523, 0.3371, 0.405
4524, 0.2550, 0.407
4525, 0.2676, 0.403
4526, 0.2306, 0.404
4527, 0.2505, 0.403
4528, 0.2065, 0.395
4529, 0.2016, 0.392
4530, 0.2426, 0.397
4531, 0.2741, 0.398
4532, 0.2724, 0.399
4533, 0.2065, 0.394
4534, 0.1909, 0.377
4535, 0.2652, 0.380
4536, 0.2954, 0.381
4537, 0.2289, 0.380
4538, 0.2055, 0.379
4539, 0.2010, 0.385
4540, 0.2739, 0.378
4541, 0.2472, 1.971
4542, 0.3104, 0.419
4543, 0.2670, 0.460
4544, 0.3426, 0.387
4545, 0.2238, 0.424
4546, 0.2476, 0.408
4547, 0.2582, 0.488
4548, 0.3022, 0.417
4549, 0.2149, 0.400
4550, 0.3183, 0.410
4551, 0.2757, 0.395
4552, 0.2071, 0.399
4553, 0.2155, 0.401
4554, 0.2490, 0.407
4555, 0.2987, 0.408
4556, 0.2640, 0.408
4557, 0.3174, 0.403
4558, 0.2110, 0.404
4559, 0.1852, 0.416
4560, 0.2224, 0.400
4561, 0.2350, 0.405
4562, 0.1895, 0.414
4563, 0.2323, 0.486
4564, 0.2382, 0.417
4565, 0.2056, 0.404
4566, 0.2835, 0.402
4567, 0.2756, 0.401
4568, 0.2199, 0.414
4569, 0.2776, 0.394
4570, 0.2259, 0.396
4571, 0.2369, 0.398
4572, 0.2137, 0.396
4573, 0.2396, 0.455
4574, 0.2190, 0.396
4575, 0.2896, 0.400
4576, 0.2146, 0.397
4577, 0.2957, 0.395
4578, 0.2908, 0.399
4579, 0.2171, 0.395
4580, 0.2638, 0.396
4581, 0.2404, 0.399
4582, 0.2427, 0.398
4583, 0.3534, 0.403
4584, 0.2653, 0.412
4585, 0.2669, 0.406
4586, 0.2772, 0.406
4587, 0.3159, 0.399
4588, 0.2141, 0.402
4589, 0.2004, 0.395
4590, 0.1672, 0.402
4591, 0.2390, 0.400
4592, 0.1773, 0.401
4593, 0.2821, 0.406
4594, 0.2479, 0.407
4595, 0.2602, 0.399
4596, 0.2020, 0.409
4597, 0.3348, 0.407
4598, 0.2476, 0.402
4599, 0.2587, 0.401
4600, 0.2934, 0.400
4601, 0.2653, 0.423
4602, 0.2188, 0.434
4603, 0.2692, 0.398
4604, 0.2923, 0.413
4605, 0.2211, 0.409
4606, 0.2575, 0.401
4607, 0.2366, 0.409
4608, 0.2618, 0.405
4609, 0.2718, 0.407
4610, 0.2894, 0.429
4611, 0.3356, 0.416
4612, 0.2068, 0.403
4613, 0.2512, 0.409
4614, 0.2992, 0.397
4615, 0.1753, 0.399
4616, 0.1995, 0.403
4617, 0.2649, 0.412
4618, 0.3324, 0.419
4619, 0.2381, 0.406
4620, 0.2157, 0.420
4621, 0.2065, 0.400
4622, 0.2565, 0.402
4623, 0.2008, 0.406
4624, 0.2481, 0.402
4625, 0.2198, 0.403
4626, 0.2366, 0.412
4627, 0.2814, 0.401
4628, 0.2635, 0.404
4629, 0.2673, 0.410
4630, 0.2235, 0.409
4631, 0.2395, 0.403
4632, 0.2041, 0.413
4633, 0.2394, 0.408
4634, 0.2319, 0.406
4635, 0.2377, 0.542
4636, 0.2956, 0.410
4637, 0.1763, 0.405
4638, 0.2086, 0.408
4639, 0.1601, 0.409
4640, 0.3434, 0.402
4641, 0.2594, 0.398
4642, 0.2607, 0.401
4643, 0.2622, 0.399
4644, 0.2502, 0.400
4645, 0.2652, 0.416
4646, 0.2973, 0.403
4647, 0.2100, 0.413
4648, 0.2632, 0.397
4649, 0.2152, 0.395
4650, 0.2433, 0.397
4651, 0.1471, 0.397
4652, 0.1938, 0.407
4653, 0.2271, 0.400
4654, 0.2161, 0.397
4655, 0.2122, 0.400
4656, 0.2200, 0.414
4657, 0.1954, 0.430
4658, 0.2079, 0.401
4659, 0.2401, 0.401
4660, 0.2792, 0.396
4661, 0.2967, 0.399
4662, 0.2357, 0.399
4663, 0.1975, 0.402
4664, 0.3626, 0.398
4665, 0.3264, 0.398
4666, 0.2926, 0.407
4667, 0.2378, 0.420
4668, 0.2822, 0.406
4669, 0.2585, 0.408
4670, 0.2618, 0.417
4671, 0.2850, 0.404
4672, 0.1979, 0.410
4673, 0.2466, 0.402
4674, 0.2772, 0.406
4675, 0.3267, 0.401
4676, 0.1951, 0.425
4677, 0.1835, 0.400
4678, 0.2405, 0.788
4679, 0.3004, 0.396
4680, 0.2286, 0.400
4681, 0.2242, 0.396
4682, 0.2667, 0.397
4683, 0.2764, 0.400
4684, 0.2730, 0.395
4685, 0.3002, 0.395
4686, 0.2863, 0.396
4687, 0.2470, 0.398
4688, 0.2106, 0.411
4689, 0.2154, 0.392
4690, 0.1916, 0.396
4691, 0.2529, 0.391
4692, 0.2594, 0.390
4693, 0.2731, 0.395
4694, 0.2036, 0.392
4695, 0.2440, 0.391
4696, 0.2082, 0.377
4697, 0.2156, 0.376
4698, 0.2022, 0.376
4699, 0.2699, 0.379
4700, 0.2122, 0.377
4701, 0.2689, 0.377
4702, 0.2871, 0.378
4703, 0.2285, 1.307
4704, 0.1996, 0.383
4705, 0.1935, 1.234
4706, 0.2742, 0.385
4707, 0.2446, 1.256
4708, 0.1990, 0.788
4709, 0.2464, 0.401
4710, 0.2608, 0.417
4711, 0.2032, 0.397
4712, 0.2721, 0.404
4713, 0.2665, 0.402
4714, 0.3270, 0.402
4715, 0.2293, 0.402
4716, 0.2398, 0.403
4717, 0.2401, 0.407
4718, 0.2726, 0.405
4719, 0.2416, 0.401
4720, 0.1914, 0.403
4721, 0.2192, 0.408
4722, 0.2070, 0.398
4723, 0.1978, 0.396
4724, 0.2648, 0.397
4725, 0.3387, 0.405
4726, 0.2116, 0.396
4727, 0.1923, 0.415
4728, 0.1910, 0.400
4729, 0.2398, 0.410
4730, 0.2261, 0.410
4731, 0.2541, 0.403
4732, 0.2230, 0.410
4733, 0.2100, 0.408
4734, 0.2622, 0.406
4735, 0.2413, 0.399
4736, 0.1755, 0.399
4737, 0.2221, 0.678
4738, 0.2022, 0.404
4739, 0.2190, 0.397
4740, 0.1966, 0.398
4741, 0.2296, 0.396
4742, 0.2787, 0.411
4743, 0.3287, 0.397
4744, 0.2336, 0.406
4745, 0.2297, 0.394
4746, 0.2394, 0.400
4747, 0.3639, 0.402
4748, 0.4136, 0.404
4749, 0.2786, 0.402
4750, 0.2556, 0.417
4751, 0.1390, 0.414
4752, 0.2718, 0.397
4753, 0.2199, 0.399
4754, 0.1924, 0.395
4755, 0.2675, 0.403
4756, 0.2225, 0.399
4757, 0.3046, 0.406
4758, 0.2295, 0.417
4759, 0.2718, 0.391
4760, 0.1898, 0.395
4761, 0.2005, 0.392
4762, 0.2007, 0.397
4763, 0.2693, 0.399
4764, 0.2824, 0.405
4765, 0.2402, 0.410
4766, 0.2393, 0.402
4767, 0.2770, 0.407
4768, 0.2854, 0.442
4769, 0.2520, 0.432
4770, 0.2622, 0.431
4771, 0.2360, 0.438
4772, 0.2794, 0.433
4773, 0.2475, 0.430
4774, 0.2536, 1.803
4775, 0.2248, 0.407
4776, 0.2305, 0.404
4777, 0.2567, 0.399
4778, 0.2425, 0.402
4779, 0.2382, 0.410
4780, 0.2707, 0.398
4781, 0.2687, 0.407
4782, 0.2281, 0.401
4783, 0.2589, 0.399
4784, 0.1721, 0.410
4785, 0.3834, 0.415
4786, 0.2862, 0.406
4787, 0.2343, 0.402
4788, 0.2818, 0.402
4789, 0.2680, 0.411
4790, 0.2025, 0.396
4791, 0.2416, 0.398
4792, 0.2752, 0.409
4793, 0.3552, 0.410
4794, 0.2547, 0.400
4795, 0.2317, 0.408
4796, 0.3034, 0.399
4797, 0.2518, 0.403
4798, 0.2306, 0.398
4799, 0.2513, 0.399
4800, 0.2788, 0.394
4801, 0.2940, 0.495
4802, 0.2782, 0.398
4803, 0.1929, 0.414
4804, 0.2908, 0.410
4805, 0.3817, 0.402
4806, 0.2600, 0.410
4807, 0.2428, 0.407
4808, 0.2816, 0.721
4809, 0.2567, 0.431
4810, 0.2775, 0.427
4811, 0.2582, 0.430
4812, 0.2485, 0.422
4813, 0.2321, 0.428
4814, 0.2701, 0.405
4815, 0.2032, 0.397
4816, 0.2281, 0.392
4817, 0.1866, 0.394
4818, 0.2013, 0.395
4819, 0.3092, 0.397
4820, 0.1857, 0.400
4821, 0.2193, 0.398
4822, 0.2214, 0.397
4823, 0.3077, 0.398
4824, 0.2037, 0.396
4825, 0.1984, 0.409
4826, 0.2405, 0.415
4827, 0.2503, 0.416
4828, 0.2266, 0.428
4829, 0.2798, 0.412
4830, 0.2420, 0.406
4831, 0.2624, 0.708
4832, 0.2586, 0.401
4833, 0.2154, 0.431
4834, 0.2253, 0.425
4835, 0.2618, 0.398
4836, 0.2993, 0.395
4837, 0.2046, 0.395
4838, 0.2289, 0.396
4839, 0.3217, 0.380
4840, 0.2645, 0.378
4841, 0.2659, 0.380
4842, 0.2770, 0.378
4843, 0.2774, 0.381
4844, 0.3288, 0.378
4845, 0.2270, 0.381
4846, 0.2203, 1.713
4847, 0.2420, 0.381
4848, 0.2076, 0.422
4849, 0.2062, 0.459
4850, 0.2074, 0.396
4851, 0.3093, 0.451
4852, 0.2221, 0.398
4853, 0.2359, 0.397
4854, 0.2120, 0.396
4855, 0.2665, 0.397
4856, 0.2492, 0.403
4857, 0.2652, 0.405
4858, 0.2380, 0.398
4859, 0.2255, 0.398
4860, 0.1696, 0.486
4861, 0.3286, 0.400
4862, 0.2775, 0.405
4863, 0.2324, 0.405
4864, 0.2686, 0.403
4865, 0.1728, 0.399
4866, 0.2500, 0.397
4867, 0.2906, 0.397
4868, 0.2594, 0.397
4869, 0.2320, 0.399
4870, 0.2451, 0.398
4871, 0.2432, 0.399
4872, 0.2388, 0.399
4873, 0.2709, 0.397
4874, 0.2515, 0.404
4875, 0.2395, 0.410
4876, 0.2527, 0.404
4877, 0.2447, 0.401
4878, 0.2733, 0.403
4879, 0.2585, 0.500
4880, 0.2355, 0.401
4881, 0.2615, 0.426
4882, 0.3004, 0.404
4883, 0.2308, 0.404
4884, 0.2862, 0.406
4885, 0.2232, 0.400
4886, 0.2016, 0.403
4887, 0.2957, 0.413
4888, 0.2801, 0.409
4889, 0.1525, 0.418
4890, 0.3800, 0.425
4891, 0.2603, 0.443
4892, 0.2685, 0.445
4893, 0.2704, 0.462
4894, 0.1355, 0.455
4895, 0.2523, 0.931
4896, 0.1047, 0.408
4897, 0.2017, 0.630
4898, 0.2450, 0.400
4899, 0.2499, 0.410
4900, 0.1930, 0.403
4901, 0.3377, 0.410
4902, 0.2727, 0.415
4903, 0.3326, 0.404
4904, 0.1164, 0.409
4905, 0.1063, 0.420
4906, 0.2535, 0.426
4907, 0.3179, 0.407
4908, 0.2649, 0.727
4909, 0.3123, 0.439
4910, 0.2655, 0.441
4911, 0.2673, 1.119
4912, 0.0585, 0.403
4913, 0.0905, 0.423
4914, 0.2035, 0.857
4915, 0.2406, 0.400
4916, 0.3042, 0.417
4917, 0.2815, 0.448
4918, 0.2567, 0.720
4919, 0.2243, 0.442
4920, 0.2985, 0.894
4921, 0.3258, 0.402
4922, 0.2779, 0.396
4923, 0.3445, 0.407
4924, 0.2791, 0.817
4925, 0.2005, 0.452
4926, 0.1755, 0.412
4927, 0.2242, 0.416
4928, 0.2054, 0.420
4929, 0.3433, 0.423
4930, 0.2135, 0.454
4931, 0.1895, 0.412
4932, 0.2201, 0.439
4933, 0.3117, 0.410
4934, 0.1808, 0.404
4935, 0.2096, 0.403
4936, 0.2682, 0.405
4937, 0.2977, 0.420
4938, 0.1588, 0.407
4939, 0.2487, 0.408
4940, 0.2462, 0.409
4941, 0.2771, 0.411
4942, 0.3009, 0.405
4943, 0.2126, 0.406
4944, 0.2076, 0.397
4945, 0.2145, 0.396
4946, 0.2676, 0.399
4947, 0.2707, 0.403
4948, 0.2522, 0.401
4949, 0.1654, 0.400
4950, 0.2312, 0.408
4951, 0.1966, 0.396
4952, 0.2567, 0.401
4953, 0.1649, 0.396
4954, 0.2258, 0.396
4955, 0.1582, 0.403
4956, 0.2470, 0.401
4957, 0.2105, 0.403
4958, 0.2178, 0.410
4959, 0.2306, 0.414
4960, 0.2540, 0.405
4961, 0.2576, 0.398
4962, 0.1591, 0.405
4963, 0.2846, 0.405
4964, 0.2281, 0.395
4965, 0.2357, 0.402
4966, 0.1904, 0.403
4967, 0.1927, 0.433
4968, 0.2173, 0.400
4969, 0.2574, 0.400
4970, 0.1894, 0.397
4971, 0.1622, 0.399
4972, 0.1987, 0.398
4973, 0.2094, 0.422
4974, 0.1774, 0.438
4975, 0.1924, 0.427
4976, 0.1361, 0.438
4977, 0.2894, 0.427
4978, 0.1940, 0.435
4979, 0.2212, 0.436
4980, 0.1218, 0.434
4981, 0.1900, 0.433
4982, 0.1634, 0.435
4983, 0.2444, 0.451
4984, 0.2173, 0.405
4985, 0.2056, 0.393
4986, 0.2064, 0.391
4987, 0.2084, 0.448
4988, 0.1963, 0.451
4989, 0.2578, 0.436
4990, 0.2843, 0.451
4991, 0.2731, 0.454
4992, 0.2623, 0.432
4993, 0.2011, 0.427
4994, 0.1591, 0.431
4995, 0.1720, 0.427
4996, 0.2479, 0.424
4997, 0.2149, 0.425
4998, 0.2900, 0.431
4999, 0.2540, 2.662
5000, 0.1818, 0.413
