0, 0.4972, 2.087
1, 0.5000, 0.553
2, 0.5000, 0.448
3, 0.5000, 0.440
4, 0.5000, 0.436
5, 0.5000, 0.446
6, 0.5000, 0.427
7, 0.5000, 0.443
8, 0.5000, 0.427
9, 0.5000, 0.422
10, 0.5000, 0.432
11, 0.5000, 0.433
12, 0.5000, 0.456
13, 0.5000, 0.429
14, 0.5000, 0.428
15, 0.5000, 0.449
16, 0.5000, 0.566
17, 0.5000, 0.458
18, 0.5000, 0.480
19, 0.5000, 0.472
20, 0.5000, 0.488
21, 0.5000, 0.459
22, 0.5000, 0.418
23, 0.5000, 0.428
24, 0.5000, 0.426
25, 0.5000, 0.417
26, 0.5000, 0.415
27, 0.5000, 0.416
28, 0.5000, 0.433
29, 0.5000, 0.446
30, 0.5000, 0.433
31, 0.5000, 0.426
32, 0.5000, 0.428
33, 0.5000, 0.431
34, 0.5000, 0.444
35, 0.5000, 0.426
36, 0.5000, 0.423
37, 0.5000, 0.423
38, 0.5000, 0.427
39, 0.5000, 0.431
40, 0.5000, 0.433
41, 0.5000, 0.429
42, 0.5000, 0.416
43, 0.5000, 0.419
44, 0.5000, 0.434
45, 0.5000, 0.430
46, 0.5000, 0.425
47, 0.5000, 0.433
48, 0.5000, 0.432
49, 0.5000, 0.432
50, 0.5000, 0.431
51, 0.5000, 0.420
52, 0.5000, 0.424
53, 0.5000, 0.429
54, 0.5000, 0.427
55, 0.5000, 0.427
56, 0.5000, 0.441
57, 0.5000, 0.434
58, 0.5000, 0.435
59, 0.5000, 0.424
60, 0.5000, 0.426
61, 0.5000, 0.431
62, 0.5000, 0.420
63, 0.5000, 0.426
64, 0.5000, 0.420
65, 0.5000, 0.425
66, 0.5000, 0.418
67, 0.5000, 0.426
68, 0.5000, 0.418
69, 0.5000, 0.420
70, 0.5000, 0.418
71, 0.5000, 0.429
72, 0.5000, 0.425
73, 0.5000, 0.419
74, 0.5000, 0.420
75, 0.5000, 0.421
76, 0.5000, 0.419
77, 0.5000, 0.423
78, 0.5000, 0.437
79, 0.5000, 0.427
80, 0.5000, 0.438
81, 0.5000, 0.433
82, 0.5000, 0.417
83, 0.5000, 0.419
84, 0.5000, 0.419
85, 0.5000, 0.419
86, 0.5000, 0.421
87, 0.5000, 0.427
88, 0.5000, 0.440
89, 0.5000, 0.443
90, 0.5000, 0.428
91, 0.5000, 0.420
92, 0.5000, 0.419
93, 0.5000, 0.419
94, 0.5000, 0.420
95, 0.5000, 0.422
96, 0.5000, 0.432
97, 0.5000, 0.426
98, 0.5000, 0.435
99, 0.5000, 0.423
100, 0.5000, 0.430
101, 0.5000, 0.425
102, 0.5000, 0.430
103, 0.5000, 0.431
104, 0.5000, 0.422
105, 0.5000, 0.435
106, 0.5000, 0.423
107, 0.5000, 0.424
108, 0.5000, 0.420
109, 0.5000, 0.420
110, 0.5000, 0.419
111, 0.5000, 0.418
112, 0.5000, 0.424
113, 0.5000, 0.422
114, 0.5000, 0.418
115, 0.5000, 0.428
116, 0.5000, 0.421
117, 0.5000, 0.421
118, 0.5000, 0.421
119, 0.5000, 0.437
120, 0.5000, 0.425
121, 0.5000, 0.425
122, 0.5000, 0.435
123, 0.5000, 0.418
124, 0.5000, 0.419
125, 0.5000, 0.423
126, 0.5000, 0.426
127, 0.5000, 0.432
128, 0.5000, 0.426
129, 0.5000, 0.430
130, 0.5000, 0.418
131, 0.5000, 0.418
132, 0.5000, 0.419
133, 0.5000, 0.419
134, 0.5000, 0.427
135, 0.5000, 0.426
136, 0.5000, 0.420
137, 0.5000, 0.420
138, 0.5000, 0.427
139, 0.5000, 0.419
140, 0.5000, 0.418
141, 0.5000, 0.432
142, 0.5000, 0.420
143, 0.5000, 0.428
144, 0.5000, 0.423
145, 0.5000, 0.429
146, 0.5000, 0.428
147, 0.5000, 0.509
148, 0.5000, 0.417
149, 0.5000, 0.424
150, 0.5000, 0.422
151, 0.5000, 0.423
152, 0.5000, 0.423
153, 0.5000, 0.426
154, 0.5000, 0.428
155, 0.5000, 0.436
156, 0.5000, 0.432
157, 0.5000, 0.421
158, 0.5000, 0.435
159, 0.5000, 0.423
160, 0.5000, 0.430
161, 0.5000, 0.430
162, 0.5000, 0.434
163, 0.5000, 0.432
164, 0.5000, 0.420
165, 0.5000, 0.422
166, 0.5000, 0.425
167, 0.5000, 0.422
168, 0.5000, 0.420
169, 0.5000, 0.421
170, 0.5000, 0.423
171, 0.5000, 0.422
172, 0.5000, 0.420
173, 0.5000, 0.423
174, 0.5000, 0.423
175, 0.5000, 0.421
176, 0.5000, 0.423
177, 0.5000, 0.427
178, 0.5000, 0.421
179, 0.5000, 0.423
180, 0.5000, 0.421
181, 0.5000, 0.421
182, 0.5000, 0.425
183, 0.5000, 0.422
184, 0.5000, 0.429
185, 0.5000, 0.429
186, 0.5000, 0.420
187, 0.5000, 0.424
188, 0.5000, 0.422
189, 0.5000, 0.421
190, 0.5000, 0.422
191, 0.5000, 0.421
192, 0.5000, 0.422
193, 0.5000, 0.422
194, 0.5000, 0.429
195, 0.5000, 0.429
196, 0.5000, 0.433
197, 0.5000, 0.427
198, 0.5000, 0.472
199, 0.5000, 0.455
200, 0.5000, 0.454
201, 0.5000, 0.455
202, 0.5000, 0.433
203, 0.5000, 0.420
204, 0.5000, 0.423
205, 0.5000, 0.464
206, 0.5000, 0.460
207, 0.5000, 0.445
208, 0.5000, 0.454
209, 0.5000, 0.491
210, 0.5000, 0.466
211, 0.5000, 0.426
212, 0.5000, 0.432
213, 0.5000, 0.516
214, 0.5000, 0.419
215, 0.5000, 0.425
216, 0.5000, 0.436
217, 0.5000, 0.428
218, 0.5000, 0.421
219, 0.5000, 0.424
220, 0.5000, 0.423
221, 0.5000, 0.419
222, 0.5000, 0.418
223, 0.5000, 0.423
224, 0.5000, 0.443
225, 0.5000, 0.438
226, 0.5000, 0.429
227, 0.5000, 0.423
228, 0.5000, 0.426
229, 0.5000, 0.422
230, 0.5000, 0.424
231, 0.5000, 0.417
232, 0.5000, 0.425
233, 0.5000, 0.428
234, 0.5000, 0.416
235, 0.5000, 0.430
236, 0.5000, 0.422
237, 0.5000, 0.418
238, 0.5000, 0.421
239, 0.5000, 0.425
240, 0.5000, 0.418
241, 0.5000, 0.416
242, 0.5000, 0.432
243, 0.5000, 0.420
244, 0.5000, 0.438
245, 0.5000, 0.426
246, 0.5000, 0.432
247, 0.5000, 0.419
248, 0.5000, 0.417
249, 0.5000, 0.425
250, 0.5000, 0.418
251, 0.5000, 0.410
252, 0.5000, 0.416
253, 0.5000, 0.421
254, 0.5000, 0.426
255, 0.5000, 0.415
256, 0.5000, 0.440
257, 0.5000, 0.450
258, 0.5000, 0.427
259, 0.5000, 0.419
260, 0.5000, 0.413
261, 0.5000, 0.414
262, 0.5000, 0.422
263, 0.5000, 0.418
264, 0.5000, 0.419
265, 0.5000, 0.420
266, 0.5000, 0.413
267, 0.5000, 0.430
268, 0.5000, 0.420
269, 0.5000, 0.418
270, 0.5000, 0.413
271, 0.5000, 0.413
272, 0.5000, 0.430
273, 0.5000, 0.415
274, 0.5000, 0.428
275, 0.5000, 0.419
276, 0.5000, 0.438
277, 0.5000, 0.414
278, 0.5000, 0.413
279, 0.5000, 0.424
280, 0.5000, 0.462
281, 0.5000, 0.415
282, 0.5000, 0.427
283, 0.5000, 0.409
284, 0.5000, 0.410
285, 0.5000, 0.408
286, 0.5000, 0.411
287, 0.5000, 0.410
288, 0.5000, 0.409
289, 0.5000, 0.412
290, 0.5000, 0.412
291, 0.5000, 0.417
292, 0.5000, 0.419
293, 0.5000, 0.420
294, 0.5000, 0.416
295, 0.5000, 0.417
296, 0.5000, 0.417
297, 0.5000, 0.432
298, 0.5000, 0.418
299, 0.5000, 0.419
300, 0.5000, 0.423
301, 0.5000, 0.421
302, 0.5000, 0.422
303, 0.5000, 0.419
304, 0.5000, 0.419
305, 0.5000, 0.422
306, 0.5000, 0.417
307, 0.5000, 0.428
308, 0.5000, 0.434
309, 0.5000, 0.420
310, 0.5000, 0.420
311, 0.5000, 0.418
312, 0.5000, 0.424
313, 0.5000, 0.419
314, 0.5000, 0.416
315, 0.5000, 0.416
316, 0.5000, 0.427
317, 0.5000, 0.417
318, 0.5000, 0.418
319, 0.5000, 0.420
320, 0.5000, 0.417
321, 0.5000, 0.418
322, 0.5000, 0.431
323, 0.5000, 0.422
324, 0.5000, 0.424
325, 0.5000, 0.418
326, 0.5000, 0.418
327, 0.5000, 0.419
328, 0.5000, 0.418
329, 0.5000, 0.420
330, 0.5000, 0.428
331, 0.5000, 0.446
332, 0.5000, 0.426
333, 0.5000, 0.424
334, 0.5000, 0.422
335, 0.5000, 0.423
336, 0.5000, 0.417
337, 0.5000, 0.418
338, 0.5000, 0.423
339, 0.5000, 0.424
340, 0.5000, 0.423
341, 0.5000, 0.423
342, 0.5000, 0.423
343, 0.5000, 0.421
344, 0.5000, 0.424
345, 0.5000, 0.428
346, 0.5000, 0.423
347, 0.5000, 0.421
348, 0.5000, 0.419
349, 0.5000, 0.437
350, 0.5000, 0.451
351, 0.5000, 0.451
352, 0.5000, 0.452
353, 0.5000, 0.437
354, 0.5000, 0.410
355, 0.5000, 0.411
356, 0.5000, 0.412
357, 0.5000, 0.411
358, 0.5000, 0.413
359, 0.5000, 0.418
360, 0.5000, 0.423
361, 0.5000, 0.410
362, 0.5000, 0.412
363, 0.5000, 0.416
364, 0.5000, 0.417
365, 0.5000, 0.421
366, 0.5000, 0.416
367, 0.5000, 0.417
368, 0.5000, 0.429
369, 0.5000, 0.423
370, 0.5000, 0.409
371, 0.5000, 0.411
372, 0.5000, 0.411
373, 0.5000, 0.409
374, 0.5000, 0.410
375, 0.5000, 0.410
376, 0.5000, 0.410
377, 0.5000, 0.410
378, 0.5000, 0.414
379, 0.5000, 0.420
380, 0.5000, 0.416
381, 0.5000, 0.417
382, 0.5000, 0.416
383, 0.5000, 0.410
384, 0.5000, 0.409
385, 0.5000, 0.408
386, 0.5000, 0.409
387, 0.5000, 0.413
388, 0.5000, 0.409
389, 0.5000, 0.412
390, 0.5000, 0.412
391, 0.5000, 0.412
392, 0.5000, 0.409
393, 0.5000, 0.409
394, 0.5000, 0.413
395, 0.5000, 0.414
396, 0.5000, 0.411
397, 0.5000, 0.422
398, 0.5000, 0.418
399, 0.5000, 0.418
400, 0.5000, 0.428
401, 0.5000, 0.397
402, 0.5000, 0.414
403, 0.5000, 0.414
404, 0.5000, 0.414
405, 0.5000, 0.420
406, 0.5000, 0.435
407, 0.5000, 0.413
408, 0.5000, 0.415
409, 0.5000, 0.410
410, 0.5000, 0.411
411, 0.5000, 0.414
412, 0.5000, 0.409
413, 0.5000, 0.410
414, 0.5000, 0.414
415, 0.5000, 0.409
416, 0.5000, 0.404
417, 0.5000, 0.417
418, 0.5000, 0.418
419, 0.5000, 0.421
420, 0.5000, 0.419
421, 0.5000, 0.423
422, 0.5000, 0.420
423, 0.5000, 0.428
424, 0.5000, 0.418
425, 0.5000, 0.425
426, 0.5000, 0.419
427, 0.5000, 0.437
428, 0.5000, 0.420
429, 0.5000, 0.415
430, 0.5000, 0.416
431, 0.5000, 0.417
432, 0.5000, 0.419
433, 0.5000, 0.432
434, 0.5000, 0.417
435, 0.5000, 0.417
436, 0.5000, 0.416
437, 0.5000, 0.420
438, 0.5000, 0.420
439, 0.5000, 0.417
440, 0.5000, 0.418
441, 0.5000, 0.431
442, 0.5000, 0.418
443, 0.5000, 0.425
444, 0.5000, 0.417
445, 0.5000, 0.424
446, 0.5000, 0.420
447, 0.5000, 0.416
448, 0.5000, 0.416
449, 0.5000, 0.420
450, 0.5000, 0.424
451, 0.5000, 0.429
452, 0.5000, 0.428
453, 0.5000, 0.433
454, 0.5000, 0.426
455, 0.5000, 0.425
456, 0.5000, 0.422
457, 0.5000, 0.423
458, 0.5000, 0.437
459, 0.5000, 0.417
460, 0.5000, 0.424
461, 0.5000, 0.414
462, 0.5000, 0.417
463, 0.5000, 0.420
464, 0.5000, 0.514
465, 0.5000, 0.418
466, 0.5000, 0.419
467, 0.5000, 0.422
468, 0.5000, 0.419
469, 0.5000, 0.420
470, 0.5000, 0.423
471, 0.5000, 0.437
472, 0.5000, 0.439
473, 0.5000, 0.423
474, 0.5000, 0.420
475, 0.5000, 0.439
476, 0.5000, 0.426
477, 0.5000, 0.422
478, 0.5000, 0.426
479, 0.5000, 0.424
480, 0.5000, 0.424
481, 0.5000, 0.423
482, 0.5000, 0.422
483, 0.5000, 0.420
484, 0.5000, 0.428
485, 0.5000, 0.423
486, 0.5000, 0.451
487, 0.5000, 0.424
488, 0.5000, 0.422
489, 0.5000, 0.417
490, 0.5000, 0.426
491, 0.5000, 0.431
492, 0.5000, 0.432
493, 0.5000, 0.420
494, 0.5000, 0.422
495, 0.5000, 0.420
496, 0.5000, 0.423
497, 0.5000, 0.435
498, 0.5000, 0.426
499, 0.5000, 0.423
500, 0.5000, 0.416
501, 0.5000, 0.434
502, 0.5000, 0.421
503, 0.5000, 0.423
504, 0.5000, 0.418
505, 0.5000, 0.419
506, 0.5000, 0.418
507, 0.5000, 0.415
508, 0.5000, 0.416
509, 0.5000, 0.417
510, 0.5000, 0.421
511, 0.5000, 0.421
512, 0.5000, 0.416
513, 0.5000, 0.416
514, 0.5000, 0.415
515, 0.5000, 0.415
516, 0.5000, 0.418
517, 0.5000, 0.441
518, 0.5000, 0.420
519, 0.5000, 0.418
520, 0.5000, 0.436
521, 0.5000, 0.425
522, 0.5000, 0.427
523, 0.5000, 0.438
524, 0.5000, 0.420
525, 0.5000, 0.425
526, 0.5000, 0.427
527, 0.5000, 0.417
528, 0.5000, 0.417
529, 0.5000, 0.418
530, 0.5000, 0.422
531, 0.5000, 0.417
532, 0.5000, 0.417
533, 0.5000, 0.422
534, 0.5000, 0.438
535, 0.5000, 0.432
536, 0.5000, 0.418
537, 0.5000, 0.417
538, 0.5000, 0.416
539, 0.5000, 0.415
540, 0.5000, 0.418
541, 0.5000, 0.418
542, 0.5000, 0.417
543, 0.5000, 0.419
544, 0.5000, 0.420
545, 0.5000, 0.419
546, 0.5000, 0.426
547, 0.5000, 0.425
548, 0.5000, 0.424
549, 0.5000, 0.429
550, 0.5000, 0.428
551, 0.5000, 0.417
552, 0.5000, 0.416
553, 0.5000, 0.417
554, 0.5000, 0.431
555, 0.5000, 0.466
556, 0.5000, 0.429
557, 0.5000, 0.415
558, 0.5000, 0.418
559, 0.5000, 0.418
560, 0.5000, 0.418
561, 0.5000, 0.416
562, 0.5000, 0.432
563, 0.5000, 0.415
564, 0.5000, 0.418
565, 0.5000, 0.421
566, 0.5000, 0.425
567, 0.5000, 0.422
568, 0.5000, 0.416
569, 0.5000, 0.421
570, 0.5000, 0.420
571, 0.5000, 0.416
572, 0.5000, 0.416
573, 0.5000, 0.419
574, 0.5000, 0.416
575, 0.5000, 0.415
576, 0.5000, 0.403
577, 0.5000, 0.406
578, 0.5000, 0.410
579, 0.5000, 0.478
580, 0.5000, 0.406
581, 0.5000, 0.406
582, 0.5000, 0.405
583, 0.5000, 0.404
584, 0.5000, 0.404
585, 0.5000, 0.406
586, 0.5000, 0.403
587, 0.5000, 0.410
588, 0.5000, 0.404
589, 0.5000, 0.405
590, 0.5000, 0.412
591, 0.5000, 0.407
592, 0.5000, 0.406
593, 0.5000, 0.411
594, 0.5000, 0.444
595, 0.5000, 0.422
596, 0.5000, 0.430
597, 0.5000, 0.419
598, 0.5000, 0.426
599, 0.5000, 0.418
600, 0.5000, 0.426
601, 0.5000, 0.408
602, 0.5000, 0.423
603, 0.5000, 0.419
604, 0.5000, 0.424
605, 0.5000, 0.479
606, 0.5000, 0.423
607, 0.5000, 0.420
608, 0.5000, 0.426
609, 0.5000, 0.417
610, 0.5000, 0.416
611, 0.5000, 0.419
612, 0.5000, 0.416
613, 0.5000, 0.416
614, 0.5000, 0.420
615, 0.5000, 0.431
616, 0.5000, 0.425
617, 0.5000, 0.425
618, 0.5000, 0.420
619, 0.5000, 0.417
620, 0.5000, 0.422
621, 0.5000, 0.478
622, 0.5000, 0.415
623, 0.5000, 0.414
624, 0.5000, 0.430
625, 0.5000, 0.427
626, 0.5000, 0.418
627, 0.5000, 0.412
628, 0.5000, 0.410
629, 0.5000, 0.406
630, 0.5000, 0.411
631, 0.5000, 0.414
632, 0.5000, 0.421
633, 0.5000, 0.425
634, 0.5000, 0.429
635, 0.5000, 0.426
636, 0.5000, 0.420
637, 0.5000, 0.420
638, 0.5000, 0.421
639, 0.5000, 0.421
640, 0.5000, 0.434
641, 0.5000, 0.415
642, 0.5000, 0.437
643, 0.5000, 0.429
644, 0.5000, 0.416
645, 0.5000, 0.427
646, 0.5000, 0.433
647, 0.5000, 0.426
648, 0.5000, 0.433
649, 0.5000, 0.425
650, 0.5000, 0.423
651, 0.5000, 0.418
652, 0.5000, 0.459
653, 0.5000, 0.414
654, 0.5000, 0.412
655, 0.5000, 0.415
656, 0.5000, 0.415
657, 0.5000, 0.426
658, 0.5000, 0.404
659, 0.5000, 0.418
660, 0.5000, 0.424
661, 0.5000, 0.419
662, 0.5000, 0.418
663, 0.5000, 0.413
664, 0.5000, 0.410
665, 0.5000, 0.430
666, 0.5000, 0.428
667, 0.5000, 0.429
668, 0.5000, 0.426
669, 0.5000, 0.428
670, 0.5000, 0.423
671, 0.5000, 0.419
672, 0.5000, 0.407
673, 0.5000, 0.404
674, 0.5000, 0.434
675, 0.5000, 0.402
676, 0.5000, 0.405
677, 0.5000, 0.406
678, 0.5000, 0.408
679, 0.5000, 0.416
680, 0.5000, 0.419
681, 0.5000, 0.431
682, 0.5000, 0.419
683, 0.5000, 0.416
684, 0.5000, 0.424
685, 0.5000, 0.411
686, 0.5000, 0.416
687, 0.5000, 0.416
688, 0.5000, 0.416
689, 0.5000, 0.426
690, 0.5000, 0.421
691, 0.5000, 0.422
692, 0.5000, 0.417
693, 0.5000, 0.416
694, 0.5000, 0.418
695, 0.5000, 0.420
696, 0.5000, 0.419
697, 0.5000, 0.417
698, 0.5000, 0.418
699, 0.5000, 0.417
700, 0.5000, 0.417
701, 0.5000, 0.417
702, 0.5000, 0.420
703, 0.5000, 0.419
704, 0.5000, 0.417
705, 0.5000, 0.418
706, 0.5000, 0.426
707, 0.5000, 0.418
708, 0.5000, 0.416
709, 0.5000, 0.417
710, 0.5000, 0.417
711, 0.5000, 0.428
712, 0.5000, 0.417
713, 0.5000, 0.419
714, 0.5000, 0.431
715, 0.5000, 0.418
716, 0.5000, 0.419
717, 0.5000, 0.419
718, 0.5000, 0.421
719, 0.5000, 0.418
720, 0.5000, 0.432
721, 0.5000, 0.416
722, 0.5000, 0.418
723, 0.5000, 0.417
724, 0.5000, 0.416
725, 0.5000, 0.417
726, 0.5000, 0.420
727, 0.5000, 0.419
728, 0.5000, 0.417
729, 0.5000, 0.416
730, 0.5000, 0.431
731, 0.5000, 0.418
732, 0.5000, 0.418
733, 0.5000, 0.417
734, 0.5000, 0.424
735, 0.5000, 0.481
736, 0.5000, 0.425
737, 0.5000, 0.422
738, 0.5000, 0.422
739, 0.5000, 0.422
740, 0.5000, 0.424
741, 0.5000, 0.425
742, 0.5000, 0.422
743, 0.5000, 0.422
744, 0.5000, 0.423
745, 0.5000, 0.426
746, 0.5000, 0.422
747, 0.5000, 0.422
748, 0.5000, 0.423
749, 0.5000, 0.421
750, 0.5000, 0.421
751, 0.5000, 0.421
752, 0.5000, 0.434
753, 0.5000, 0.428
754, 0.5000, 0.421
755, 0.5000, 0.420
756, 0.5000, 0.412
757, 0.5000, 0.414
758, 0.5000, 0.412
759, 0.5000, 0.412
760, 0.5000, 0.408
761, 0.5000, 0.408
762, 0.5000, 0.425
763, 0.5000, 0.426
764, 0.5000, 0.424
765, 0.5000, 0.433
766, 0.5000, 0.440
767, 0.5000, 0.428
768, 0.5000, 0.422
769, 0.5000, 0.426
770, 0.5000, 0.426
771, 0.5000, 0.438
772, 0.5000, 0.423
773, 0.5000, 0.424
774, 0.5000, 0.423
775, 0.5000, 0.439
776, 0.5000, 0.458
777, 0.5000, 0.468
778, 0.5000, 0.427
779, 0.5000, 0.430
780, 0.5000, 0.424
781, 0.5000, 0.430
782, 0.5000, 0.432
783, 0.5000, 0.425
784, 0.5000, 0.423
785, 0.5000, 0.419
786, 0.5000, 0.422
787, 0.5000, 0.428
788, 0.5000, 0.421
789, 0.5000, 0.421
790, 0.5000, 0.419
791, 0.5000, 0.415
792, 0.5000, 0.422
793, 0.5000, 0.420
794, 0.5000, 0.415
795, 0.5000, 0.416
796, 0.5000, 0.416
797, 0.5000, 0.422
798, 0.5000, 0.419
799, 0.5000, 0.423
800, 0.5000, 0.423
801, 0.5000, 0.409
802, 0.5000, 0.426
803, 0.5000, 0.424
804, 0.5000, 0.425
805, 0.5000, 0.494
806, 0.5000, 0.417
807, 0.5000, 0.413
808, 0.5000, 0.412
809, 0.5000, 0.417
810, 0.5000, 0.419
811, 0.5000, 0.421
812, 0.5000, 0.421
813, 0.5000, 0.419
814, 0.5000, 0.418
815, 0.5000, 0.425
816, 0.5000, 0.415
817, 0.5000, 0.413
818, 0.5000, 0.413
819, 0.5000, 0.413
820, 0.5000, 0.417
821, 0.5000, 0.413
822, 0.5000, 0.409
823, 0.5000, 0.415
824, 0.5000, 0.411
825, 0.5000, 0.417
826, 0.5000, 0.443
827, 0.5000, 0.411
828, 0.5000, 0.412
829, 0.5000, 0.416
830, 0.5000, 0.420
831, 0.5000, 0.416
832, 0.5000, 0.421
833, 0.5000, 0.428
834, 0.5000, 0.416
835, 0.5000, 0.425
836, 0.5000, 0.420
837, 0.5000, 0.420
838, 0.5000, 0.433
839, 0.5000, 0.416
840, 0.5000, 0.412
841, 0.5000, 0.407
842, 0.5000, 0.416
843, 0.5000, 0.418
844, 0.5000, 0.420
845, 0.5000, 0.407
846, 0.5000, 0.416
847, 0.5000, 0.416
848, 0.5000, 0.415
849, 0.5000, 0.415
850, 0.5000, 0.411
851, 0.5000, 0.415
852, 0.5000, 0.410
853, 0.5000, 0.406
854, 0.5000, 0.422
855, 0.5000, 0.402
856, 0.5000, 0.403
857, 0.5000, 0.406
858, 0.5000, 0.406
859, 0.5000, 0.406
860, 0.5000, 0.407
861, 0.5000, 0.406
862, 0.5000, 0.410
863, 0.5000, 0.409
864, 0.5000, 0.407
865, 0.5000, 0.409
866, 0.5000, 0.418
867, 0.5000, 0.414
868, 0.5000, 0.419
869, 0.5000, 0.412
870, 0.5000, 0.419
871, 0.5000, 0.421
872, 0.5000, 0.410
873, 0.5000, 0.406
874, 0.5000, 0.410
875, 0.5000, 0.417
876, 0.5000, 0.441
877, 0.5000, 0.439
878, 0.5000, 0.431
879, 0.5000, 0.448
880, 0.5000, 0.436
881, 0.5000, 1.159
882, 0.5000, 0.685
883, 0.5000, 1.886
884, 0.5000, 0.431
885, 0.5000, 0.425
886, 0.5000, 0.442
887, 0.5000, 0.736
888, 0.5000, 0.431
889, 0.5000, 0.428
890, 0.5000, 0.429
891, 0.5000, 0.420
892, 0.5000, 0.476
893, 0.5000, 0.449
894, 0.5000, 0.433
895, 0.5000, 0.429
896, 0.5000, 0.426
897, 0.5000, 0.422
898, 0.5000, 0.409
899, 0.5000, 0.427
900, 0.5000, 0.472
901, 0.5000, 0.409
902, 0.5000, 0.410
903, 0.5000, 0.409
904, 0.5000, 0.413
905, 0.5000, 0.418
906, 0.5000, 0.417
907, 0.5000, 0.414
908, 0.5000, 0.412
909, 0.5000, 0.413
910, 0.5000, 0.412
911, 0.5000, 0.409
912, 0.5000, 0.412
913, 0.5000, 0.414
914, 0.5000, 0.419
915, 0.5000, 0.417
916, 0.5000, 0.417
917, 0.5000, 0.415
918, 0.5000, 0.417
919, 0.5000, 0.426
920, 0.5000, 0.424
921, 0.5000, 0.425
922, 0.5000, 0.415
923, 0.5000, 0.413
924, 0.5000, 0.422
925, 0.5000, 0.415
926, 0.5000, 0.411
927, 0.5000, 0.426
928, 0.5000, 0.409
929, 0.5000, 0.419
930, 0.5000, 0.424
931, 0.5000, 0.419
932, 0.5000, 0.427
933, 0.5000, 0.419
934, 0.5000, 0.421
935, 0.5000, 0.424
936, 0.5000, 0.419
937, 0.5000, 0.418
938, 0.5000, 0.439
939, 0.5000, 0.424
940, 0.5000, 0.441
941, 0.5000, 0.419
942, 0.5000, 0.423
943, 0.5000, 0.415
944, 0.5000, 0.425
945, 0.5000, 0.416
946, 0.5000, 0.415
947, 0.5000, 0.404
948, 0.5000, 0.404
949, 0.5000, 0.405
950, 0.5000, 0.418
951, 0.5000, 0.408
952, 0.5000, 0.413
953, 0.5000, 0.407
954, 0.5000, 0.411
955, 0.5000, 0.416
956, 0.5000, 0.415
957, 0.5000, 0.415
958, 0.5000, 0.421
959, 0.5000, 0.415
960, 0.5000, 0.443
961, 0.5000, 0.448
962, 0.5000, 0.442
963, 0.5000, 0.408
964, 0.5000, 0.408
965, 0.5000, 0.406
966, 0.5000, 0.402
967, 0.5000, 0.412
968, 0.5000, 0.418
969, 0.5000, 0.421
970, 0.5000, 0.425
971, 0.5000, 0.421
972, 0.5000, 0.421
973, 0.5000, 0.423
974, 0.5000, 0.417
975, 0.5000, 0.424
976, 0.5000, 0.436
977, 0.5000, 0.430
978, 0.5000, 0.425
979, 0.5000, 0.418
980, 0.5000, 0.412
981, 0.5000, 0.415
982, 0.5000, 0.423
983, 0.5000, 0.411
984, 0.5000, 0.412
985, 0.5000, 0.412
986, 0.5000, 0.419
987, 0.5000, 0.416
988, 0.5000, 0.419
989, 0.5000, 0.419
990, 0.5000, 0.432
991, 0.5000, 0.426
992, 0.5000, 0.428
993, 0.5000, 0.429
994, 0.5000, 0.426
995, 0.5000, 0.427
996, 0.5000, 0.446
997, 0.5000, 0.420
998, 0.5000, 0.418
999, 0.5000, 0.418
1000, 0.5000, 0.422
1001, 0.5000, 0.406
1002, 0.5000, 0.420
1003, 0.5000, 0.421
1004, 0.5000, 0.422
1005, 0.5000, 0.432
1006, 0.5000, 0.420
1007, 0.5000, 0.423
1008, 0.5000, 0.418
1009, 0.5000, 0.455
1010, 0.5000, 0.422
1011, 0.5000, 0.429
1012, 0.5000, 0.420
1013, 0.5000, 0.417
1014, 0.5000, 0.418
1015, 0.5000, 0.419
1016, 0.5000, 0.429
1017, 0.5000, 0.426
1018, 0.5000, 0.421
1019, 0.5000, 0.421
1020, 0.5000, 0.419
1021, 0.5000, 0.419
1022, 0.5000, 0.419
1023, 0.5000, 0.423
1024, 0.5000, 0.423
1025, 0.5000, 0.418
1026, 0.5000, 0.415
1027, 0.5000, 0.433
1028, 0.5000, 0.415
1029, 0.5000, 0.419
1030, 0.5000, 0.418
1031, 0.5000, 0.421
1032, 0.5000, 0.428
1033, 0.5000, 0.435
1034, 0.5000, 0.415
1035, 0.5000, 0.425
1036, 0.5000, 0.418
1037, 0.5000, 0.418
1038, 0.5000, 0.418
1039, 0.5000, 0.419
1040, 0.5000, 0.417
1041, 0.5000, 0.417
1042, 0.5000, 0.417
1043, 0.5000, 0.416
1044, 0.5000, 0.417
1045, 0.5000, 0.419
1046, 0.5000, 0.417
1047, 0.5000, 0.416
1048, 0.5000, 0.417
1049, 0.5000, 0.432
1050, 0.5000, 0.418
1051, 0.5000, 0.420
1052, 0.5000, 0.416
1053, 0.5000, 0.415
1054, 0.5000, 0.416
1055, 0.5000, 0.416
1056, 0.5000, 0.416
1057, 0.5000, 0.434
1058, 0.5000, 0.418
1059, 0.5000, 0.416
1060, 0.5000, 0.417
1061, 0.5000, 0.423
1062, 0.5000, 0.416
1063, 0.5000, 0.415
1064, 0.5000, 0.416
1065, 0.5000, 0.435
1066, 0.5000, 0.417
1067, 0.5000, 0.419
1068, 0.5000, 0.416
1069, 0.5000, 0.416
1070, 0.5000, 0.416
1071, 0.5000, 0.416
1072, 0.5000, 0.416
1073, 0.5000, 0.416
1074, 0.5000, 0.417
1075, 0.5000, 0.418
1076, 0.5000, 0.417
1077, 0.5000, 0.417
1078, 0.5000, 0.416
1079, 0.5000, 0.416
1080, 0.5000, 0.416
1081, 0.5000, 0.418
1082, 0.5000, 0.418
1083, 0.5000, 0.415
1084, 0.5000, 0.416
1085, 0.5000, 0.416
1086, 0.5000, 0.417
1087, 0.5000, 0.417
1088, 0.5000, 0.418
1089, 0.5000, 0.419
1090, 0.5000, 0.420
1091, 0.5000, 0.417
1092, 0.5000, 0.417
1093, 0.5000, 0.417
1094, 0.5000, 0.417
1095, 0.5000, 0.416
1096, 0.5000, 0.417
1097, 0.5000, 0.418
1098, 0.5000, 0.431
1099, 0.5000, 0.419
1100, 0.5000, 0.417
1101, 0.5000, 0.417
1102, 0.5000, 0.416
1103, 0.5000, 0.417
1104, 0.5000, 0.416
1105, 0.5000, 0.428
1106, 0.5000, 0.417
1107, 0.5000, 0.423
1108, 0.5000, 0.418
1109, 0.5000, 0.433
1110, 0.5000, 0.419
1111, 0.5000, 0.416
1112, 0.5000, 0.422
1113, 0.5000, 0.432
1114, 0.5000, 0.418
1115, 0.5000, 0.418
1116, 0.5000, 0.416
1117, 0.5000, 0.420
1118, 0.5000, 0.417
1119, 0.5000, 0.420
1120, 0.5000, 0.419
1121, 0.5000, 0.423
1122, 0.5000, 0.422
1123, 0.5000, 0.415
1124, 0.5000, 0.417
1125, 0.5000, 0.416
1126, 0.5000, 0.421
1127, 0.5000, 0.422
1128, 0.5000, 0.419
1129, 0.5000, 0.430
1130, 0.5000, 0.419
1131, 0.5000, 0.438
1132, 0.5000, 0.436
1133, 0.5000, 0.423
1134, 0.5000, 0.422
1135, 0.5000, 0.426
1136, 0.5000, 0.422
1137, 0.5000, 0.422
1138, 0.5000, 0.421
1139, 0.5000, 0.417
1140, 0.5000, 0.416
1141, 0.5000, 0.422
1142, 0.5000, 0.422
1143, 0.5000, 0.424
1144, 0.5000, 0.421
1145, 0.5000, 0.421
1146, 0.5000, 0.420
1147, 0.5000, 0.422
1148, 0.5000, 0.426
1149, 0.5000, 0.425
1150, 0.5000, 0.418
1151, 0.5000, 0.423
1152, 0.5000, 0.420
1153, 0.5000, 0.420
1154, 0.5000, 0.408
1155, 0.5000, 0.420
1156, 0.5000, 0.418
1157, 0.5000, 0.410
1158, 0.5000, 0.409
1159, 0.5000, 0.410
1160, 0.5000, 0.410
1161, 0.5000, 0.407
1162, 0.5000, 0.408
1163, 0.5000, 0.407
1164, 0.5000, 0.418
1165, 0.5000, 0.417
1166, 0.5000, 0.408
1167, 0.5000, 0.408
1168, 0.5000, 0.407
1169, 0.5000, 0.408
1170, 0.5000, 0.408
1171, 0.5000, 0.408
1172, 0.5000, 0.407
1173, 0.5000, 0.408
1174, 0.5000, 0.410
1175, 0.5000, 0.409
1176, 0.5000, 0.407
1177, 0.5000, 0.408
1178, 0.5000, 0.409
1179, 0.5000, 0.408
1180, 0.5000, 0.407
1181, 0.5000, 0.408
1182, 0.5000, 0.409
1183, 0.5000, 0.413
1184, 0.5000, 0.409
1185, 0.5000, 0.408
1186, 0.5000, 0.411
1187, 0.5000, 0.409
1188, 0.5000, 0.411
1189, 0.5000, 0.410
1190, 0.5000, 0.410
1191, 0.5000, 0.411
1192, 0.5000, 0.406
1193, 0.5000, 0.411
1194, 0.5000, 0.410
1195, 0.5000, 0.407
1196, 0.5000, 0.408
1197, 0.5000, 0.408
1198, 0.5000, 0.408
1199, 0.5000, 0.410
1200, 0.5000, 0.408
1201, 0.5000, 0.405
1202, 0.5000, 0.417
1203, 0.5000, 0.423
1204, 0.5000, 0.422
1205, 0.5000, 0.429
1206, 0.5000, 0.441
1207, 0.5000, 0.428
1208, 0.5000, 0.421
1209, 0.5000, 0.430
1210, 0.5000, 0.458
1211, 0.5000, 0.457
1212, 0.5000, 0.435
1213, 0.5000, 0.416
1214, 0.5000, 0.431
1215, 0.5000, 0.423
1216, 0.5000, 0.436
1217, 0.5000, 0.430
1218, 0.5000, 0.422
1219, 0.5000, 0.423
1220, 0.5000, 0.424
1221, 0.5000, 0.419
1222, 0.5000, 0.453
1223, 0.5000, 0.472
1224, 0.5000, 0.428
1225, 0.5000, 0.423
1226, 0.5000, 0.417
1227, 0.5000, 0.416
1228, 0.5000, 0.416
1229, 0.5000, 0.422
1230, 0.5000, 0.422
1231, 0.5000, 0.426
1232, 0.5000, 0.424
1233, 0.5000, 0.424
1234, 0.5000, 0.424
1235, 0.5000, 0.433
1236, 0.5000, 0.424
1237, 0.5000, 0.424
1238, 0.5000, 0.435
1239, 0.5000, 0.423
1240, 0.5000, 0.418
1241, 0.5000, 0.417
1242, 0.5000, 0.452
1243, 0.5000, 0.420
1244, 0.5000, 0.422
1245, 0.5000, 0.422
1246, 0.5000, 0.420
1247, 0.5000, 0.429
1248, 0.5000, 0.420
1249, 0.5000, 0.418
1250, 0.5000, 0.427
1251, 0.5000, 0.418
1252, 0.5000, 0.426
1253, 0.5000, 0.425
1254, 0.5000, 0.424
1255, 0.5000, 0.424
1256, 0.5000, 0.428
1257, 0.5000, 0.424
1258, 0.5000, 0.418
1259, 0.5000, 0.419
1260, 0.5000, 0.425
1261, 0.5000, 0.421
1262, 0.5000, 0.420
1263, 0.5000, 0.422
1264, 0.5000, 0.418
1265, 0.5000, 0.421
1266, 0.5000, 0.417
1267, 0.5000, 0.425
1268, 0.5000, 0.416
1269, 0.5000, 0.420
1270, 0.5000, 0.417
1271, 0.5000, 0.417
1272, 0.5000, 0.419
1273, 0.5000, 0.432
1274, 0.5000, 0.415
1275, 0.5000, 0.417
1276, 0.5000, 0.424
1277, 0.5000, 0.420
1278, 0.5000, 0.418
1279, 0.5000, 0.422
1280, 0.5000, 0.417
1281, 0.5000, 0.435
1282, 0.5000, 0.416
1283, 0.5000, 0.418
1284, 0.5000, 0.421
1285, 0.5000, 0.420
1286, 0.5000, 0.418
1287, 0.5000, 0.419
1288, 0.5000, 0.418
1289, 0.5000, 0.419
1290, 0.5000, 0.420
1291, 0.5000, 0.431
1292, 0.5000, 0.421
1293, 0.5000, 0.429
1294, 0.5000, 0.424
1295, 0.5000, 0.419
1296, 0.5000, 0.434
1297, 0.5000, 0.425
1298, 0.5000, 0.417
1299, 0.5000, 0.417
1300, 0.5000, 0.435
1301, 0.5000, 0.419
1302, 0.5000, 0.419
1303, 0.5000, 0.416
1304, 0.5000, 0.419
1305, 0.5000, 0.416
1306, 0.5000, 0.417
1307, 0.5000, 0.418
1308, 0.5000, 0.416
1309, 0.5000, 0.416
1310, 0.5000, 0.415
1311, 0.5000, 0.420
1312, 0.5000, 0.417
1313, 0.5000, 0.416
1314, 0.5000, 0.417
1315, 0.5000, 0.416
1316, 0.5000, 0.416
1317, 0.5000, 0.416
1318, 0.5000, 0.417
1319, 0.5000, 0.418
1320, 0.5000, 0.417
1321, 0.5000, 0.416
1322, 0.5000, 0.417
1323, 0.5000, 0.416
1324, 0.5000, 0.419
1325, 0.5000, 0.417
1326, 0.5000, 0.417
1327, 0.5000, 0.418
1328, 0.5000, 0.417
1329, 0.5000, 0.417
1330, 0.5000, 0.418
1331, 0.5000, 0.418
1332, 0.5000, 0.430
1333, 0.5000, 0.420
1334, 0.5000, 0.426
1335, 0.5000, 0.418
1336, 0.5000, 0.416
1337, 0.5000, 0.426
1338, 0.5000, 0.416
1339, 0.5000, 0.417
1340, 0.5000, 0.416
1341, 0.5000, 0.416
1342, 0.5000, 0.417
1343, 0.5000, 0.416
1344, 0.5000, 0.416
1345, 0.5000, 0.418
1346, 0.5000, 0.416
1347, 0.5000, 0.417
1348, 0.5000, 0.416
1349, 0.5000, 0.416
1350, 0.5000, 0.417
1351, 0.5000, 0.418
1352, 0.5000, 0.416
1353, 0.5000, 0.418
1354, 0.5000, 0.416
1355, 0.5000, 0.423
1356, 0.5000, 0.473
1357, 0.5000, 0.423
1358, 0.5000, 0.422
1359, 0.5000, 0.421
1360, 0.5000, 0.424
1361, 0.5000, 0.418
1362, 0.5000, 0.415
1363, 0.5000, 0.420
1364, 0.5000, 0.421
1365, 0.5000, 0.424
1366, 0.5000, 0.419
1367, 0.5000, 0.423
1368, 0.5000, 0.420
1369, 0.5000, 0.421
1370, 0.5000, 0.411
1371, 0.5000, 0.409
1372, 0.5000, 0.409
1373, 0.5000, 0.420
1374, 0.5000, 0.417
1375, 0.5000, 0.408
1376, 0.5000, 0.403
1377, 0.5000, 0.412
1378, 0.5000, 0.418
1379, 0.5000, 0.409
1380, 0.5000, 0.409
1381, 0.5000, 0.409
1382, 0.5000, 0.408
1383, 0.5000, 0.412
1384, 0.5000, 0.413
1385, 0.5000, 0.409
1386, 0.5000, 0.479
1387, 0.5000, 0.478
1388, 0.5000, 0.431
1389, 0.5000, 0.428
1390, 0.5000, 0.419
1391, 0.5000, 0.430
1392, 0.5000, 0.429
1393, 0.5000, 0.409
1394, 0.5000, 0.411
1395, 0.5000, 0.409
1396, 0.5000, 0.409
1397, 0.5000, 0.412
1398, 0.5000, 0.408
1399, 0.5000, 0.407
1400, 0.5000, 0.409
1401, 0.5000, 0.397
1402, 0.5000, 0.421
1403, 0.5000, 0.432
1404, 0.5000, 0.431
1405, 0.5000, 0.423
1406, 0.5000, 0.415
1407, 0.5000, 0.417
1408, 0.5000, 0.417
1409, 0.5000, 0.432
1410, 0.5000, 0.417
1411, 0.5000, 0.424
1412, 0.5000, 0.424
1413, 0.5000, 0.424
1414, 0.5000, 0.420
1415, 0.5000, 0.422
1416, 0.5000, 0.417
1417, 0.5000, 0.457
1418, 0.5000, 0.418
1419, 0.5000, 0.420
1420, 0.5000, 0.419
1421, 0.5000, 0.424
1422, 0.5000, 0.430
1423, 0.5000, 0.462
1424, 0.5000, 0.483
1425, 0.5000, 0.473
1426, 0.5000, 0.423
1427, 0.5000, 0.446
1428, 0.5000, 0.474
1429, 0.5000, 0.475
1430, 0.5000, 0.431
1431, 0.5000, 0.420
1432, 0.5000, 0.422
1433, 0.5000, 0.429
1434, 0.5000, 0.426
1435, 0.5000, 0.427
1436, 0.5000, 0.427
1437, 0.5000, 0.425
1438, 0.5000, 0.421
1439, 0.5000, 0.424
1440, 0.5000, 0.424
1441, 0.5000, 0.423
1442, 0.5000, 0.418
1443, 0.5000, 0.423
1444, 0.5000, 0.415
1445, 0.5000, 0.438
1446, 0.5000, 0.425
1447, 0.5000, 0.417
1448, 0.5000, 0.417
1449, 0.5000, 0.421
1450, 0.5000, 0.419
1451, 0.5000, 0.417
1452, 0.5000, 0.422
1453, 0.5000, 0.422
1454, 0.5000, 0.418
1455, 0.5000, 0.417
1456, 0.5000, 0.417
1457, 0.5000, 0.417
1458, 0.5000, 0.418
1459, 0.5000, 0.418
1460, 0.5000, 0.417
1461, 0.5000, 0.416
1462, 0.5000, 0.416
1463, 0.5000, 0.417
1464, 0.5000, 0.416
1465, 0.5000, 0.421
1466, 0.5000, 0.420
1467, 0.5000, 0.418
1468, 0.5000, 0.419
1469, 0.5000, 0.417
1470, 0.5000, 0.416
1471, 0.5000, 0.416
1472, 0.5000, 0.415
1473, 0.5000, 0.415
1474, 0.5000, 0.416
1475, 0.5000, 0.418
1476, 0.5000, 0.418
1477, 0.5000, 0.419
1478, 0.5000, 0.419
1479, 0.5000, 0.419
1480, 0.5000, 0.417
1481, 0.5000, 0.419
1482, 0.5000, 0.430
1483, 0.5000, 0.417
1484, 0.5000, 0.415
1485, 0.5000, 0.417
1486, 0.5000, 0.419
1487, 0.5000, 0.417
1488, 0.5000, 0.415
1489, 0.5000, 0.418
1490, 0.5000, 0.419
1491, 0.5000, 0.418
1492, 0.5000, 0.424
1493, 0.5000, 0.426
1494, 0.5000, 0.422
1495, 0.5000, 0.421
1496, 0.5000, 0.434
1497, 0.5000, 0.421
1498, 0.5000, 0.423
1499, 0.5000, 0.419
1500, 0.5000, 0.420
1501, 0.5000, 0.431
1502, 0.5000, 0.433
1503, 0.5000, 0.419
1504, 0.5000, 0.418
1505, 0.5000, 0.424
1506, 0.5000, 0.422
1507, 0.5000, 0.423
1508, 0.5000, 0.436
1509, 0.5000, 0.422
1510, 0.5000, 0.424
1511, 0.5000, 0.422
1512, 0.5000, 0.426
1513, 0.5000, 0.419
1514, 0.5000, 0.419
1515, 0.5000, 0.417
1516, 0.5000, 0.423
1517, 0.5000, 0.422
1518, 0.5000, 0.421
1519, 0.5000, 0.427
1520, 0.5000, 0.419
1521, 0.5000, 0.420
1522, 0.5000, 0.417
1523, 0.5000, 0.417
1524, 0.5000, 0.417
1525, 0.5000, 0.419
1526, 0.5000, 0.417
1527, 0.5000, 0.416
1528, 0.5000, 0.415
1529, 0.5000, 0.417
1530, 0.5000, 0.415
1531, 0.5000, 0.417
1532, 0.5000, 0.420
1533, 0.5000, 0.419
1534, 0.5000, 0.423
1535, 0.5000, 0.420
1536, 0.5000, 0.422
1537, 0.5000, 0.419
1538, 0.5000, 0.417
1539, 0.5000, 0.426
1540, 0.5000, 0.419
1541, 0.5000, 0.419
1542, 0.5000, 0.419
1543, 0.5000, 0.422
1544, 0.5000, 0.422
1545, 0.5000, 0.423
1546, 0.5000, 0.420
1547, 0.5000, 0.418
1548, 0.5000, 0.427
1549, 0.5000, 0.417
1550, 0.5000, 0.418
1551, 0.5000, 0.419
1552, 0.5000, 0.489
1553, 0.5000, 0.428
1554, 0.5000, 0.417
1555, 0.5000, 0.421
1556, 0.5000, 0.418
1557, 0.5000, 0.422
1558, 0.5000, 0.421
1559, 0.5000, 0.421
1560, 0.5000, 0.421
1561, 0.5000, 0.426
1562, 0.5000, 0.419
1563, 0.5000, 0.418
1564, 0.5000, 0.419
1565, 0.5000, 0.422
1566, 0.5000, 0.421
1567, 0.5000, 0.420
1568, 0.5000, 0.430
1569, 0.5000, 0.430
1570, 0.5000, 0.426
1571, 0.5000, 0.421
1572, 0.5000, 0.417
1573, 0.5000, 0.409
1574, 0.5000, 0.409
1575, 0.5000, 0.409
1576, 0.5000, 0.408
1577, 0.5000, 0.409
1578, 0.5000, 0.419
1579, 0.5000, 0.416
1580, 0.5000, 0.407
1581, 0.5000, 0.408
1582, 0.5000, 0.407
1583, 0.5000, 0.409
1584, 0.5000, 0.412
1585, 0.5000, 0.413
1586, 0.5000, 0.409
1587, 0.5000, 0.408
1588, 0.5000, 0.409
1589, 0.5000, 0.409
1590, 0.5000, 0.409
1591, 0.5000, 0.408
1592, 0.5000, 0.413
1593, 0.5000, 0.409
1594, 0.5000, 0.408
1595, 0.5000, 0.408
1596, 0.5000, 0.407
1597, 0.5000, 0.414
1598, 0.5000, 0.409
1599, 0.5000, 0.409
1600, 0.5000, 0.411
1601, 0.5000, 0.398
1602, 0.5000, 0.414
1603, 0.5000, 0.415
1604, 0.5000, 0.413
1605, 0.5000, 0.414
1606, 0.5000, 0.420
1607, 0.5000, 0.418
1608, 0.5000, 0.421
1609, 0.5000, 0.422
1610, 0.5000, 0.423
1611, 0.5000, 0.421
1612, 0.5000, 0.421
1613, 0.5000, 0.438
1614, 0.5000, 0.422
1615, 0.5000, 0.419
1616, 0.5000, 0.422
1617, 0.5000, 0.419
1618, 0.5000, 0.437
1619, 0.5000, 0.423
1620, 0.5000, 0.423
1621, 0.5000, 0.420
1622, 0.5000, 0.420
1623, 0.5000, 0.529
1624, 0.5000, 0.433
1625, 0.5000, 0.430
1626, 0.5000, 0.423
1627, 0.5000, 0.424
1628, 0.5000, 0.426
1629, 0.5000, 0.428
1630, 0.5000, 0.432
1631, 0.5000, 0.430
1632, 0.5000, 0.432
1633, 0.5000, 0.423
1634, 0.5000, 0.429
1635, 0.5000, 0.430
1636, 0.5000, 0.423
1637, 0.5000, 0.424
1638, 0.5000, 0.426
1639, 0.5000, 0.423
1640, 0.5000, 0.426
1641, 0.5000, 0.422
1642, 0.5000, 0.432
1643, 0.5000, 0.424
1644, 0.5000, 0.429
1645, 0.5000, 0.421
1646, 0.5000, 0.421
1647, 0.5000, 0.421
1648, 0.5000, 0.439
1649, 0.5000, 0.423
1650, 0.5000, 0.428
1651, 0.5000, 0.435
1652, 0.5000, 0.439
1653, 0.5000, 0.421
1654, 0.5000, 0.421
1655, 0.5000, 0.428
1656, 0.5000, 0.421
1657, 0.5000, 0.426
1658, 0.5000, 0.420
1659, 0.5000, 0.424
1660, 0.5000, 0.421
1661, 0.5000, 0.426
1662, 0.5000, 0.419
1663, 0.5000, 0.431
1664, 0.5000, 0.420
1665, 0.5000, 0.424
1666, 0.5000, 0.431
1667, 0.5000, 0.427
1668, 0.5000, 0.417
1669, 0.5000, 0.416
1670, 0.5000, 0.420
1671, 0.5000, 0.417
1672, 0.5000, 0.416
1673, 0.5000, 0.419
1674, 0.5000, 0.424
1675, 0.5000, 0.418
1676, 0.5000, 0.468
1677, 0.5000, 0.427
1678, 0.5000, 0.438
1679, 0.5000, 0.435
1680, 0.5000, 0.428
1681, 0.5000, 0.425
1682, 0.5000, 0.427
1683, 0.5000, 0.427
1684, 0.5000, 0.422
1685, 0.5000, 0.419
1686, 0.5000, 0.415
1687, 0.5000, 0.427
1688, 0.5000, 0.420
1689, 0.5000, 0.437
1690, 0.5000, 0.428
1691, 0.5000, 0.424
1692, 0.5000, 0.418
1693, 0.5000, 0.422
1694, 0.5000, 0.427
1695, 0.5000, 0.424
1696, 0.5000, 0.418
1697, 0.5000, 0.419
1698, 0.5000, 0.422
1699, 0.5000, 0.419
1700, 0.5000, 0.423
1701, 0.5000, 0.429
1702, 0.5000, 0.420
1703, 0.5000, 0.419
1704, 0.5000, 0.413
1705, 0.5000, 0.424
1706, 0.5000, 0.427
1707, 0.5000, 0.418
1708, 0.5000, 0.418
1709, 0.5000, 0.416
1710, 0.5000, 0.417
1711, 0.5000, 0.419
1712, 0.5000, 0.417
1713, 0.5000, 0.418
1714, 0.5000, 0.421
1715, 0.5000, 0.418
1716, 0.5000, 0.416
1717, 0.5000, 0.426
1718, 0.5000, 0.424
1719, 0.5000, 0.421
1720, 0.5000, 0.421
1721, 0.5000, 0.417
1722, 0.5000, 0.436
1723, 0.5000, 0.423
1724, 0.5000, 0.421
1725, 0.5000, 0.414
1726, 0.5000, 0.440
1727, 0.5000, 0.419
1728, 0.5000, 0.420
1729, 0.5000, 0.417
1730, 0.5000, 0.436
1731, 0.5000, 0.424
1732, 0.5000, 0.420
1733, 0.5000, 0.436
1734, 0.5000, 0.431
1735, 0.5000, 0.421
1736, 0.5000, 0.417
1737, 0.5000, 0.427
1738, 0.5000, 0.424
1739, 0.5000, 0.427
1740, 0.5000, 0.418
1741, 0.5000, 0.413
1742, 0.5000, 0.433
1743, 0.5000, 0.411
1744, 0.5000, 0.429
1745, 0.5000, 0.421
1746, 0.5000, 0.412
1747, 0.5000, 0.411
1748, 0.5000, 0.405
1749, 0.5000, 0.411
1750, 0.5000, 0.408
1751, 0.5000, 0.409
1752, 0.5000, 0.405
1753, 0.5000, 0.408
1754, 0.5000, 0.401
1755, 0.5000, 0.397
1756, 0.5000, 0.402
1757, 0.5000, 0.402
1758, 0.5000, 0.413
1759, 0.5000, 0.444
1760, 0.5000, 0.434
1761, 0.5000, 0.477
1762, 0.5000, 0.427
1763, 0.5000, 0.424
1764, 0.5000, 0.421
1765, 0.5000, 0.424
1766, 0.5000, 0.418
1767, 0.5000, 0.401
1768, 0.5000, 0.405
1769, 0.5000, 0.444
1770, 0.5000, 0.406
1771, 0.5000, 0.411
1772, 0.5000, 0.416
1773, 0.5000, 0.429
1774, 0.5000, 0.421
1775, 0.5000, 0.412
1776, 0.5000, 0.409
1777, 0.5000, 0.407
1778, 0.5000, 0.404
1779, 0.5000, 0.412
1780, 0.5000, 0.411
1781, 0.5000, 0.414
1782, 0.5000, 0.405
1783, 0.5000, 0.406
1784, 0.5000, 0.407
1785, 0.5000, 0.405
1786, 0.5000, 0.406
1787, 0.5000, 0.405
1788, 0.5000, 0.404
1789, 0.5000, 0.402
1790, 0.5000, 0.400
1791, 0.5000, 0.404
1792, 0.5000, 0.401
1793, 0.5000, 0.405
1794, 0.5000, 0.408
1795, 0.5000, 0.407
1796, 0.5000, 0.405
1797, 0.5000, 0.425
1798, 0.5000, 0.418
1799, 0.5000, 0.416
1800, 0.5000, 0.417
1801, 0.5000, 0.405
1802, 0.5000, 0.417
1803, 0.5000, 0.417
1804, 0.5000, 0.416
1805, 0.5000, 0.455
1806, 0.5000, 0.418
1807, 0.5000, 0.417
1808, 0.5000, 0.413
1809, 0.5000, 0.413
1810, 0.5000, 0.417
1811, 0.5000, 0.421
1812, 0.5000, 0.422
1813, 0.5000, 0.422
1814, 0.5000, 0.422
1815, 0.5000, 0.422
1816, 0.5000, 0.420
1817, 0.5000, 0.418
1818, 0.5000, 0.418
1819, 0.5000, 0.420
1820, 0.5000, 0.426
1821, 0.5000, 0.424
1822, 0.5000, 0.418
1823, 0.5000, 0.418
1824, 0.5000, 0.418
1825, 0.5000, 0.415
1826, 0.5000, 0.417
1827, 0.5000, 0.432
1828, 0.5000, 0.417
1829, 0.5000, 0.418
1830, 0.5000, 0.418
1831, 0.5000, 0.419
1832, 0.5000, 0.423
1833, 0.5000, 0.421
1834, 0.5000, 0.418
1835, 0.5000, 0.427
1836, 0.5000, 0.415
1837, 0.5000, 0.414
1838, 0.5000, 0.415
1839, 0.5000, 0.414
1840, 0.5000, 0.414
1841, 0.5000, 0.410
1842, 0.5000, 0.427
1843, 0.5000, 0.422
1844, 0.5000, 0.428
1845, 0.5000, 0.422
1846, 0.5000, 0.418
1847, 0.5000, 0.423
1848, 0.5000, 0.418
1849, 0.5000, 0.418
1850, 0.5000, 0.420
1851, 0.5000, 0.416
1852, 0.5000, 0.424
1853, 0.5000, 0.422
1854, 0.5000, 0.422
1855, 0.5000, 0.422
1856, 0.5000, 0.419
1857, 0.5000, 0.421
1858, 0.5000, 0.423
1859, 0.5000, 0.416
1860, 0.5000, 0.426
1861, 0.5000, 0.420
1862, 0.5000, 0.433
1863, 0.5000, 0.422
1864, 0.5000, 0.419
1865, 0.5000, 0.420
1866, 0.5000, 0.421
1867, 0.5000, 0.418
1868, 0.5000, 0.419
1869, 0.5000, 0.420
1870, 0.5000, 0.416
1871, 0.5000, 0.419
1872, 0.5000, 0.419
1873, 0.5000, 0.428
1874, 0.5000, 0.419
1875, 0.5000, 0.418
1876, 0.5000, 0.433
1877, 0.5000, 0.421
1878, 0.5000, 0.424
1879, 0.5000, 0.424
1880, 0.5000, 0.429
1881, 0.5000, 0.417
1882, 0.5000, 0.414
1883, 0.5000, 0.422
1884, 0.5000, 0.420
1885, 0.5000, 0.424
1886, 0.5000, 0.420
1887, 0.5000, 0.419
1888, 0.5000, 0.419
1889, 0.5000, 0.417
1890, 0.5000, 0.427
1891, 0.5000, 0.424
1892, 0.5000, 0.419
1893, 0.5000, 0.426
1894, 0.5000, 0.429
1895, 0.5000, 0.419
1896, 0.5000, 0.423
1897, 0.5000, 0.417
1898, 0.5000, 0.433
1899, 0.5000, 0.424
1900, 0.5000, 0.424
1901, 0.5000, 0.419
1902, 0.5000, 0.419
1903, 0.5000, 0.414
1904, 0.5000, 0.412
1905, 0.5000, 0.430
1906, 0.5000, 0.421
1907, 0.5000, 0.423
1908, 0.5000, 0.431
1909, 0.5000, 0.421
1910, 0.5000, 0.424
1911, 0.5000, 0.417
1912, 0.5000, 0.421
1913, 0.5000, 0.420
1914, 0.5000, 0.430
1915, 0.5000, 0.425
1916, 0.5000, 0.421
1917, 0.5000, 0.421
1918, 0.5000, 0.420
1919, 0.5000, 0.411
1920, 0.5000, 0.416
1921, 0.5000, 0.413
1922, 0.5000, 0.422
1923, 0.5000, 0.433
1924, 0.5000, 0.417
1925, 0.5000, 0.420
1926, 0.5000, 0.420
1927, 0.5000, 0.427
1928, 0.5000, 0.419
1929, 0.5000, 0.416
1930, 0.5000, 0.421
1931, 0.5000, 0.416
1932, 0.5000, 0.416
1933, 0.5000, 0.430
1934, 0.5000, 0.432
1935, 0.5000, 0.427
1936, 0.5000, 0.420
1937, 0.5000, 0.417
1938, 0.5000, 0.416
1939, 0.5000, 0.420
1940, 0.5000, 0.411
1941, 0.5000, 0.410
1942, 0.5000, 0.410
1943, 0.5000, 0.413
1944, 0.5000, 0.418
1945, 0.5000, 0.417
1946, 0.5000, 0.416
1947, 0.5000, 0.423
1948, 0.5000, 0.415
1949, 0.5000, 0.415
1950, 0.5000, 0.421
1951, 0.5000, 0.417
1952, 0.5000, 0.421
1953, 0.5000, 0.424
1954, 0.5000, 0.417
1955, 0.5000, 0.416
1956, 0.5000, 0.421
1957, 0.5000, 0.416
1958, 0.5000, 0.417
1959, 0.5000, 0.416
1960, 0.5000, 0.415
1961, 0.5000, 0.414
1962, 0.5000, 0.414
1963, 0.5000, 0.414
1964, 0.5000, 0.415
1965, 0.5000, 0.417
1966, 0.5000, 0.419
1967, 0.5000, 0.418
1968, 0.5000, 0.418
1969, 0.5000, 0.429
1970, 0.5000, 0.419
1971, 0.5000, 0.416
1972, 0.5000, 0.419
1973, 0.5000, 0.416
1974, 0.5000, 0.415
1975, 0.5000, 0.416
1976, 0.5000, 0.415
1977, 0.5000, 0.415
1978, 0.5000, 0.415
1979, 0.5000, 0.414
1980, 0.5000, 0.416
1981, 0.5000, 0.418
1982, 0.5000, 0.417
1983, 0.5000, 0.422
1984, 0.5000, 0.421
1985, 0.5000, 0.416
1986, 0.5000, 0.416
1987, 0.5000, 0.417
1988, 0.5000, 0.415
1989, 0.5000, 0.419
1990, 0.5000, 0.421
1991, 0.5000, 0.415
1992, 0.5000, 0.416
1993, 0.5000, 0.417
1994, 0.5000, 0.415
1995, 0.5000, 0.415
1996, 0.5000, 0.413
1997, 0.5000, 0.415
1998, 0.5000, 0.417
1999, 0.5000, 0.416
2000, 0.5000, 0.420
2001, 0.5000, 0.409
2002, 0.5000, 0.426
2003, 0.5000, 0.421
2004, 0.5000, 0.418
2005, 0.5000, 0.458
2006, 0.5000, 0.417
2007, 0.5000, 0.417
2008, 0.5000, 0.416
2009, 0.5000, 0.418
2010, 0.5000, 0.418
2011, 0.5000, 0.420
2012, 0.5000, 0.423
2013, 0.5000, 0.422
2014, 0.5000, 0.424
2015, 0.5000, 0.421
2016, 0.5000, 0.429
2017, 0.5000, 0.419
2018, 0.5000, 0.430
2019, 0.5000, 0.417
2020, 0.5000, 0.424
2021, 0.5000, 0.423
2022, 0.5000, 0.421
2023, 0.5000, 0.425
2024, 0.5000, 0.424
2025, 0.5000, 0.419
2026, 0.5000, 0.417
2027, 0.5000, 0.422
2028, 0.5000, 0.422
2029, 0.5000, 0.423
2030, 0.5000, 0.413
2031, 0.5000, 0.418
2032, 0.5000, 0.422
2033, 0.5000, 0.428
2034, 0.5000, 0.430
2035, 0.5000, 0.419
2036, 0.5000, 0.417
2037, 0.5000, 0.426
2038, 0.5000, 0.451
2039, 0.5000, 0.457
2040, 0.5000, 0.427
2041, 0.5000, 0.427
2042, 0.5000, 0.424
2043, 0.5000, 0.423
2044, 0.5000, 0.418
2045, 0.5000, 0.416
2046, 0.5000, 0.415
2047, 0.5000, 0.417
2048, 0.5000, 0.421
2049, 0.5000, 0.425
2050, 0.5000, 0.433
2051, 0.5000, 0.418
2052, 0.5000, 0.432
2053, 0.5000, 0.421
2054, 0.5000, 0.418
2055, 0.5000, 0.503
2056, 0.5000, 0.455
2057, 0.5000, 0.473
2058, 0.5000, 0.423
2059, 0.5000, 0.432
2060, 0.5000, 0.419
2061, 0.5000, 0.422
2062, 0.5000, 0.419
2063, 0.5000, 0.419
2064, 0.5000, 0.425
2065, 0.5000, 0.421
2066, 0.5000, 0.423
2067, 0.5000, 0.428
2068, 0.5000, 0.419
2069, 0.5000, 0.419
2070, 0.5000, 0.419
2071, 0.5000, 0.416
2072, 0.5000, 0.439
2073, 0.5000, 0.430
2074, 0.5000, 0.424
2075, 0.5000, 0.422
2076, 0.5000, 0.419
2077, 0.5000, 0.421
2078, 0.5000, 0.418
2079, 0.5000, 0.418
2080, 0.5000, 0.417
2081, 0.5000, 0.417
2082, 0.5000, 0.421
2083, 0.5000, 0.416
2084, 0.5000, 0.421
2085, 0.5000, 0.419
2086, 0.5000, 0.418
2087, 0.5000, 0.421
2088, 0.5000, 0.417
2089, 0.5000, 0.419
2090, 0.5000, 0.416
2091, 0.5000, 0.420
2092, 0.5000, 0.424
2093, 0.5000, 0.423
2094, 0.5000, 0.429
2095, 0.5000, 0.420
2096, 0.5000, 0.413
2097, 0.5000, 0.425
2098, 0.5000, 0.421
2099, 0.5000, 0.424
2100, 0.5000, 0.421
2101, 0.5000, 0.419
2102, 0.5000, 0.420
2103, 0.5000, 0.419
2104, 0.5000, 0.432
2105, 0.5000, 0.418
2106, 0.5000, 0.420
2107, 0.5000, 0.430
2108, 0.5000, 0.419
2109, 0.5000, 0.422
2110, 0.5000, 0.421
2111, 0.5000, 0.416
2112, 0.5000, 0.418
2113, 0.5000, 0.417
2114, 0.5000, 0.421
2115, 0.5000, 0.417
2116, 0.5000, 0.418
2117, 0.5000, 0.416
2118, 0.5000, 0.418
2119, 0.5000, 0.417
2120, 0.5000, 0.417
2121, 0.5000, 0.417
2122, 0.5000, 0.427
2123, 0.5000, 0.434
2124, 0.5000, 0.432
2125, 0.5000, 0.420
2126, 0.5000, 0.430
2127, 0.5000, 0.413
2128, 0.5000, 0.422
2129, 0.5000, 0.422
2130, 0.5000, 0.427
2131, 0.5000, 0.420
2132, 0.5000, 0.431
2133, 0.5000, 0.425
2134, 0.5000, 0.421
2135, 0.5000, 0.434
2136, 0.5000, 0.418
2137, 0.5000, 0.420
2138, 0.5000, 0.419
2139, 0.5000, 0.420
2140, 0.5000, 0.421
2141, 0.5000, 0.419
2142, 0.5000, 0.423
2143, 0.5000, 0.419
2144, 0.5000, 0.420
2145, 0.5000, 0.419
2146, 0.5000, 0.422
2147, 0.5000, 0.411
2148, 0.5000, 0.415
2149, 0.5000, 0.416
2150, 0.5000, 0.410
2151, 0.5000, 0.413
2152, 0.5000, 0.410
2153, 0.5000, 0.408
2154, 0.5000, 0.410
2155, 0.5000, 0.410
2156, 0.5000, 0.409
2157, 0.5000, 0.413
2158, 0.5000, 0.407
2159, 0.5000, 0.407
2160, 0.5000, 0.411
2161, 0.5000, 0.403
2162, 0.5000, 0.402
2163, 0.5000, 0.403
2164, 0.5000, 0.402
2165, 0.5000, 0.411
2166, 0.5000, 0.401
2167, 0.5000, 0.404
2168, 0.5000, 0.403
2169, 0.5000, 0.399
2170, 0.5000, 0.404
2171, 0.5000, 0.401
2172, 0.5000, 0.395
2173, 0.5000, 0.393
2174, 0.5000, 0.408
2175, 0.5000, 0.397
2176, 0.5000, 0.396
2177, 0.5000, 0.396
2178, 0.5000, 0.394
2179, 0.5000, 0.395
2180, 0.5000, 0.393
2181, 0.5000, 0.394
2182, 0.5000, 0.393
2183, 0.5000, 0.403
2184, 0.5000, 0.397
2185, 0.5000, 0.393
2186, 0.5000, 0.400
2187, 0.5000, 0.415
2188, 0.5000, 0.422
2189, 0.5000, 0.430
2190, 0.5000, 0.429
2191, 0.5000, 0.434
2192, 0.5000, 0.430
2193, 0.5000, 0.833
2194, 0.5000, 0.794
2195, 0.5000, 0.422
2196, 0.5000, 0.937
2197, 0.5000, 0.508
2198, 0.5000, 0.534
2199, 0.5000, 0.411
2200, 0.5000, 0.558
2201, 0.5000, 0.413
2202, 0.5000, 0.424
2203, 0.5000, 0.421
2204, 0.5000, 0.428
2205, 0.5000, 0.486
2206, 0.5000, 0.429
2207, 0.5000, 0.410
2208, 0.5000, 0.415
2209, 0.5000, 0.420
2210, 0.5000, 0.461
2211, 0.5000, 0.406
2212, 0.5000, 0.414
2213, 0.5000, 0.416
2214, 0.5000, 0.409
2215, 0.5000, 0.415
2216, 0.5000, 0.420
2217, 0.5000, 0.418
2218, 0.5000, 0.467
2219, 0.5000, 0.467
2220, 0.5000, 0.468
2221, 0.5000, 0.453
2222, 0.5000, 0.459
2223, 0.5000, 0.456
2224, 0.5000, 0.422
2225, 0.5000, 0.426
2226, 0.5000, 0.437
2227, 0.5000, 0.428
2228, 0.5000, 0.419
2229, 0.5000, 0.419
2230, 0.5000, 0.418
2231, 0.5000, 0.427
2232, 0.5000, 0.429
2233, 0.5000, 0.427
2234, 0.5000, 0.419
2235, 0.5000, 0.413
2236, 0.5000, 0.416
2237, 0.5000, 0.422
2238, 0.5000, 0.415
2239, 0.5000, 0.413
2240, 0.5000, 0.411
2241, 0.5000, 0.406
2242, 0.5000, 0.420
2243, 0.5000, 0.420
2244, 0.5000, 0.420
2245, 0.5000, 0.419
2246, 0.5000, 0.430
2247, 0.5000, 0.423
2248, 0.5000, 0.422
2249, 0.5000, 0.422
2250, 0.5000, 0.417
2251, 0.5000, 0.423
2252, 0.5000, 0.422
2253, 0.5000, 0.417
2254, 0.5000, 0.422
2255, 0.5000, 0.423
2256, 0.5000, 0.419
2257, 0.5000, 0.426
2258, 0.5000, 0.430
2259, 0.5000, 0.429
2260, 0.5000, 0.420
2261, 0.5000, 0.419
2262, 0.5000, 0.420
2263, 0.5000, 0.429
2264, 0.5000, 0.420
2265, 0.5000, 0.428
2266, 0.5000, 0.426
2267, 0.5000, 0.419
2268, 0.5000, 0.418
2269, 0.5000, 0.418
2270, 0.5000, 0.418
2271, 0.5000, 0.419
2272, 0.5000, 0.419
2273, 0.5000, 0.420
2274, 0.5000, 0.413
2275, 0.5000, 0.411
2276, 0.5000, 0.424
2277, 0.5000, 0.421
2278, 0.5000, 0.420
2279, 0.5000, 0.417
2280, 0.5000, 0.436
2281, 0.5000, 0.424
2282, 0.5000, 0.461
2283, 0.5000, 0.426
2284, 0.5000, 0.423
2285, 0.5000, 0.439
2286, 0.5000, 0.435
2287, 0.5000, 0.421
2288, 0.5000, 0.420
2289, 0.5000, 0.421
2290, 0.5000, 0.420
2291, 0.5000, 0.422
2292, 0.5000, 0.419
2293, 0.5000, 0.423
2294, 0.5000, 0.426
2295, 0.5000, 0.423
2296, 0.5000, 0.433
2297, 0.5000, 0.422
2298, 0.5000, 0.440
2299, 0.5000, 0.435
2300, 0.5000, 0.423
2301, 0.5000, 0.423
2302, 0.5000, 0.422
2303, 0.5000, 0.421
2304, 0.5000, 0.419
2305, 0.5000, 0.418
2306, 0.5000, 0.431
2307, 0.5000, 0.421
2308, 0.5000, 0.418
2309, 0.5000, 0.414
2310, 0.5000, 0.425
2311, 0.5000, 0.410
2312, 0.5000, 0.407
2313, 0.5000, 0.417
2314, 0.5000, 0.423
2315, 0.5000, 0.412
2316, 0.5000, 0.426
2317, 0.5000, 0.424
2318, 0.5000, 0.415
2319, 0.5000, 0.419
2320, 0.5000, 0.418
2321, 0.5000, 0.409
2322, 0.5000, 0.410
2323, 0.5000, 0.408
2324, 0.5000, 0.422
2325, 0.5000, 0.407
2326, 0.5000, 0.403
2327, 0.5000, 0.406
2328, 0.5000, 0.416
2329, 0.5000, 0.410
2330, 0.5000, 0.411
2331, 0.5000, 0.404
2332, 0.5000, 0.488
2333, 0.5000, 0.423
2334, 0.5000, 0.419
2335, 0.5000, 0.420
2336, 0.5000, 0.431
2337, 0.5000, 0.418
2338, 0.5000, 0.419
2339, 0.5000, 0.419
2340, 0.5000, 1.384
2341, 0.5000, 0.935
2342, 0.5000, 0.403
2343, 0.5000, 0.408
2344, 0.5000, 1.214
2345, 0.5000, 0.434
2346, 0.5000, 0.507
2347, 0.5000, 0.426
2348, 0.5000, 0.565
2349, 0.5000, 0.399
2350, 0.5000, 0.416
2351, 0.5000, 0.419
2352, 0.5000, 0.414
2353, 0.5000, 0.417
2354, 0.5000, 0.429
2355, 0.5000, 0.413
2356, 0.5000, 0.411
2357, 0.5000, 0.448
2358, 0.5000, 0.427
2359, 0.5000, 0.431
2360, 0.5000, 0.435
2361, 0.5000, 0.423
2362, 0.5000, 0.404
2363, 0.5000, 0.406
2364, 0.5000, 0.412
2365, 0.5000, 0.415
2366, 0.5000, 0.411
2367, 0.5000, 0.420
2368, 0.5000, 0.418
2369, 0.5000, 0.416
2370, 0.5000, 0.419
2371, 0.5000, 0.410
2372, 0.5000, 0.406
2373, 0.5000, 0.408
2374, 0.5000, 0.413
2375, 0.5000, 0.405
2376, 0.5000, 0.406
2377, 0.5000, 0.406
2378, 0.5000, 0.404
2379, 0.5000, 0.408
2380, 0.5000, 0.408
2381, 0.5000, 0.404
2382, 0.5000, 0.407
2383, 0.5000, 0.402
2384, 0.5000, 0.400
2385, 0.5000, 0.402
2386, 0.5000, 0.403
2387, 0.5000, 0.403
2388, 0.5000, 0.406
2389, 0.5000, 0.404
2390, 0.5000, 0.404
2391, 0.5000, 0.401
2392, 0.5000, 0.405
2393, 0.5000, 0.406
2394, 0.5000, 0.404
2395, 0.5000, 0.408
2396, 0.5000, 0.410
2397, 0.5000, 0.406
2398, 0.5000, 0.406
2399, 0.5000, 0.405
2400, 0.5000, 0.404
2401, 0.5000, 0.406
2402, 0.5000, 0.416
2403, 0.5000, 0.417
2404, 0.5000, 0.420
2405, 0.5000, 0.459
2406, 0.5000, 0.421
2407, 0.5000, 0.418
2408, 0.5000, 0.420
2409, 0.5000, 0.417
2410, 0.5000, 0.420
2411, 0.5000, 0.422
2412, 0.5000, 0.426
2413, 0.5000, 0.431
2414, 0.5000, 0.420
2415, 0.5000, 0.419
2416, 0.5000, 0.420
2417, 0.5000, 0.417
2418, 0.5000, 0.416
2419, 0.5000, 0.421
2420, 0.5000, 0.423
2421, 0.5000, 0.421
2422, 0.5000, 0.420
2423, 0.5000, 0.421
2424, 0.5000, 0.438
2425, 0.5000, 0.426
2426, 0.5000, 0.418
2427, 0.5000, 0.422
2428, 0.5000, 0.427
2429, 0.5000, 0.422
2430, 0.5000, 0.456
2431, 0.5000, 0.460
2432, 0.5000, 0.428
2433, 0.5000, 0.425
2434, 0.5000, 0.421
2435, 0.5000, 0.424
2436, 0.5000, 0.425
2437, 0.5000, 0.416
2438, 0.5000, 0.431
2439, 0.5000, 0.425
2440, 0.5000, 0.423
2441, 0.5000, 0.421
2442, 0.5000, 0.420
2443, 0.5000, 0.419
2444, 0.5000, 0.430
2445, 0.5000, 0.421
2446, 0.5000, 0.423
2447, 0.5000, 0.423
2448, 0.5000, 0.418
2449, 0.5000, 0.426
2450, 0.5000, 0.423
2451, 0.5000, 0.420
2452, 0.5000, 0.414
2453, 0.5000, 0.420
2454, 0.5000, 0.426
2455, 0.5000, 0.417
2456, 0.5000, 0.415
2457, 0.5000, 0.419
2458, 0.5000, 0.419
2459, 0.5000, 0.414
2460, 0.5000, 0.426
2461, 0.5000, 0.413
2462, 0.5000, 0.419
2463, 0.5000, 0.418
2464, 0.5000, 0.419
2465, 0.5000, 0.416
2466, 0.5000, 0.418
2467, 0.5000, 0.418
2468, 0.5000, 0.419
2469, 0.5000, 0.424
2470, 0.5000, 0.417
2471, 0.5000, 0.425
2472, 0.5000, 0.418
2473, 0.5000, 0.420
2474, 0.5000, 0.429
2475, 0.5000, 0.429
2476, 0.5000, 0.416
2477, 0.5000, 0.414
2478, 0.5000, 0.420
2479, 0.5000, 0.417
2480, 0.5000, 0.442
2481, 0.5000, 0.426
2482, 0.5000, 0.476
2483, 0.5000, 0.423
2484, 0.5000, 0.424
2485, 0.5000, 0.420
2486, 0.5000, 0.417
2487, 0.5000, 0.420
2488, 0.5000, 0.430
2489, 0.5000, 0.421
2490, 0.5000, 0.415
2491, 0.5000, 0.436
2492, 0.5000, 0.418
2493, 0.5000, 0.432
2494, 0.5000, 0.417
2495, 0.5000, 0.414
2496, 0.5000, 0.416
2497, 0.5000, 0.416
2498, 0.5000, 0.417
2499, 0.5000, 0.421
2500, 0.5000, 0.421
2501, 0.5000, 0.430
2502, 0.5000, 0.423
2503, 0.5000, 0.423
2504, 0.5000, 0.426
2505, 0.5000, 0.417
2506, 0.5000, 0.426
2507, 0.5000, 0.426
2508, 0.5000, 0.416
2509, 0.5000, 0.417
2510, 0.5000, 0.416
2511, 0.5000, 0.416
2512, 0.5000, 0.418
2513, 0.5000, 0.416
2514, 0.5000, 0.414
2515, 0.5000, 0.421
2516, 0.5000, 0.422
2517, 0.5000, 0.418
2518, 0.5000, 0.418
2519, 0.5000, 0.419
2520, 0.5000, 0.417
2521, 0.5000, 0.424
2522, 0.5000, 0.426
2523, 0.5000, 0.423
2524, 0.5000, 0.425
2525, 0.5000, 0.415
2526, 0.5000, 0.424
2527, 0.5000, 0.417
2528, 0.5000, 0.421
2529, 0.5000, 0.416
2530, 0.5000, 0.433
2531, 0.5000, 0.418
2532, 0.5000, 0.417
2533, 0.5000, 0.418
2534, 0.5000, 0.415
2535, 0.5000, 0.421
2536, 0.5000, 0.418
2537, 0.5000, 0.412
2538, 0.5000, 0.419
2539, 0.5000, 0.415
2540, 0.5000, 0.412
2541, 0.5000, 0.411
2542, 0.5000, 0.419
2543, 0.5000, 0.414
2544, 0.5000, 0.416
2545, 0.5000, 0.422
2546, 0.5000, 0.417
2547, 0.5000, 0.417
2548, 0.5000, 0.416
2549, 0.5000, 0.416
2550, 0.5000, 0.417
2551, 0.5000, 0.419
2552, 0.5000, 0.418
2553, 0.5000, 0.419
2554, 0.5000, 0.430
2555, 0.5000, 0.440
2556, 0.5000, 0.416
2557, 0.5000, 0.418
2558, 0.5000, 0.417
2559, 0.5000, 0.425
2560, 0.5000, 0.429
2561, 0.5000, 0.433
2562, 0.5000, 0.417
2563, 0.5000, 0.419
2564, 0.5000, 0.417
2565, 0.5000, 0.415
2566, 0.5000, 0.415
2567, 0.5000, 0.405
2568, 0.5000, 0.406
2569, 0.5000, 0.404
2570, 0.5000, 0.402
2571, 0.5000, 0.401
2572, 0.5000, 0.406
2573, 0.5000, 0.409
2574, 0.5000, 0.406
2575, 0.5000, 0.407
2576, 0.5000, 0.406
2577, 0.5000, 0.406
2578, 0.5000, 0.414
2579, 0.5000, 0.421
2580, 0.5000, 0.417
2581, 0.5000, 0.436
2582, 0.5000, 0.417
2583, 0.5000, 0.418
2584, 0.5000, 0.418
2585, 0.5000, 0.416
2586, 0.5000, 0.416
2587, 0.5000, 0.418
