0 0.502463877201
200 0.261288464069
400 0.285637408495
600 0.18758277595
800 0.183554396033
1000 0.143304213881
1200 0.217238515615
1400 0.226373836398
1600 0.147989526391
1800 0.17806404829
2000 0.0886592194438
2200 0.157546430826
2400 0.100374191999
2600 0.0710591971874
2800 0.0963802859187
3000 0.155122160912
3200 0.126851543784
3400 0.150686264038
3600 0.0901901721954
3800 0.126676097512
4000 0.125223308802
4200 0.0486154332757
4400 0.159297913313
4600 0.138251975179
4800 0.159217998385
5000 0.144526332617
5200 0.10853613168
5400 0.168346077204
5600 0.109035044909
5800 0.154505372047
6000 0.190883427858
6200 0.189089730382
6400 0.143472075462
6600 0.136112630367
6800 0.0796824842691
7000 0.121441476047
7200 0.142422348261
7400 0.121240824461
7600 0.125480428338
7800 0.0412844568491
8000 0.137391149998
8200 0.12483343482
8400 0.0885270982981
8600 0.102979689837
8800 0.124709837139
9000 0.0860960632563
9200 0.133326143026
9400 0.132391065359
9600 0.0977726951241
9800 0.108261182904
10000 0.133424043655
10200 0.140608981252
10400 0.101590320468
10600 0.0799824520946
10800 0.130789190531
11000 0.115856066346
11200 0.209897503257
11400 0.0552025735378
11600 0.0688624531031
11800 0.0982470810413
12000 0.11391774565
12200 0.0958612784743
12400 0.0902685523033
12600 0.0498984903097
12800 0.0870417430997
13000 0.080008238554
13200 0.139698505402
13400 0.0580855533481
13600 0.145613133907
13800 0.0901011452079
14000 0.116528764367
14200 0.0446912236512
14400 0.102997995913
14600 0.0807395353913
14800 0.0814013257623
15000 0.11336363852
15200 0.0443095676601
15400 0.042851537466
15600 0.0898109674454
15800 0.0374393053353
16000 0.0711882561445
16200 0.0976190492511
16400 0.0730981975794
16600 0.0484103485942
16800 0.0426733680069
17000 0.0806525349617
17200 0.0994872301817
17400 0.0683945193887
17600 0.127777799964
17800 0.0494826957583
18000 0.0903459265828
18200 0.0652244389057
18400 0.0634757354856
18600 0.0948371440172
18800 0.0758623182774
19000 0.045708887279
19200 0.10856115818
19400 0.0851856693625
19600 0.10649111867
19800 0.106171682477
20000 0.0409376882017
20200 0.116566114128
20400 0.0943043380976
20600 0.125341504812
20800 0.100001707673
21000 0.0823900029063
21200 0.0764558315277
21400 0.0880333930254
21600 0.0951229780912
21800 0.134549945593
22000 0.0350344181061
22200 0.0632831975818
22400 0.096209436655
22600 0.0882892087102
22800 0.0730603784323
23000 0.09069404006
23200 0.110375076532
23400 0.0781297758222
23600 0.0227863844484
23800 0.0736754462123
24000 0.0751083791256
24200 0.0730539262295
24400 0.058835208416
24600 0.0844183117151
24800 0.0428883768618
25000 0.107591375709
25200 0.0984486415982
25400 0.0654995888472
25600 0.0841468796134
25800 0.114382892847
26000 0.0443554855883
26200 0.093761369586
26400 0.103246033192
26600 0.0556269362569
26800 0.105970427394
27000 0.0867525935173
27200 0.0667685568333
27400 0.0281685758382
27600 0.103152431548
27800 0.0230381116271
28000 0.118296936154
28200 0.0450663678348
28400 0.0259321369231
28600 0.115689024329
28800 0.129853487015
29000 0.0977821350098
29200 0.104113519192
29400 0.0140748266131
29600 0.0475151054561
29800 0.0433580763638
30000 0.125973746181
30200 0.0800566896796
30400 0.0631254017353
30600 0.113355413079
30800 0.0405714027584
31000 0.0884521454573
31200 0.0571717396379
31400 0.0753369256854
31600 0.128555640578
31800 0.0943704992533
32000 0.0640764459968
32200 0.0535058863461
32400 0.0774793699384
32600 0.05403746292
32800 0.0780841782689
33000 0.0787319093943
33200 0.0700095966458
33400 0.038254186511
33600 0.0965856909752
33800 0.0331429615617
34000 0.110777445138
34200 0.125326380134
34400 0.0307425390929
34600 0.10449089855
34800 0.0874471589923
35000 0.059741217643
35200 0.0350614972413
35400 0.046309877187
35600 0.0492846444249
35800 0.102112576365
36000 0.142695724964
36200 0.0485255420208
36400 0.0698914304376
36600 0.0566793121397
36800 0.0651209652424
37000 0.0893027484417
37200 0.0929307863116
37400 0.111490860581
37600 0.0969988033175
37800 0.0485084429383
38000 0.070231616497
38200 0.069804623723
38400 0.0518566668034
38600 0.0480695515871
38800 0.0989467278123
39000 0.0804524496198
39200 0.0625179931521
39400 0.113000333309
39600 0.0953146219254
39800 0.071906581521
40000 0.0582528561354
40200 0.0531857535243
40400 0.0698194354773
40600 0.0687562227249
40800 0.0642958730459
41000 0.0493651106954
41200 0.0361363589764
41400 0.112733080983
41600 0.0553546324372
41800 0.0870188176632
42000 0.0340789407492
42200 0.0405783429742
42400 0.0536193922162
42600 0.0699240788817
42800 0.0253486055881
43000 0.0592023767531
43200 0.0340584889054
43400 0.0317540243268
43600 0.0452775396407
43800 0.0579882375896
44000 0.0927499607205
44200 0.0302426181734
44400 0.0897347703576
44600 0.0799593403935
44800 0.0467083640397
45000 0.0562131293118
45200 0.0496213063598
45400 0.0794502496719
45600 0.101826682687
45800 0.0374913029373
46000 0.0575627088547
46200 0.0701615214348
46400 0.0654369667172
46600 0.0613608025014
46800 0.0588505938649
47000 0.08016128093
47200 0.0706955865026
47400 0.0515556707978
47600 0.106479302049
47800 0.0526624843478
48000 0.081970192492
48200 0.0261450204998
48400 0.0528579689562
48600 0.0595903024077
48800 0.100378274918
