0, 0.4998, 2.101
1, 0.4869, 0.435
2, 0.4952, 0.442
3, 0.4956, 0.443
4, 0.4981, 0.444
5, 0.4937, 0.440
6, 0.4947, 0.445
7, 0.5017, 0.440
8, 0.4956, 0.455
9, 0.4950, 0.430
10, 0.4978, 0.435
11, 0.4933, 0.430
12, 0.4883, 0.429
13, 0.4969, 0.436
14, 0.4986, 0.434
15, 0.4971, 0.513
16, 0.5027, 0.444
17, 0.5119, 0.439
18, 0.5097, 0.435
19, 0.4964, 0.440
20, 0.5003, 0.447
21, 0.4962, 0.445
22, 0.4868, 0.446
23, 0.4991, 0.456
24, 0.4900, 0.446
25, 0.5026, 0.442
26, 0.4947, 0.453
27, 0.4960, 0.461
28, 0.5011, 0.532
29, 0.4998, 0.428
30, 0.4966, 0.433
31, 0.4893, 0.430
32, 0.4942, 0.451
33, 0.4950, 0.450
34, 0.4962, 0.445
35, 0.5007, 0.442
36, 0.4895, 0.454
37, 0.4963, 0.441
38, 0.4968, 0.434
39, 0.5060, 0.449
40, 0.4915, 0.430
41, 0.4806, 0.440
42, 0.4903, 0.428
43, 0.4881, 0.440
44, 0.4824, 0.437
45, 0.4876, 0.450
46, 0.4756, 0.429
47, 0.4572, 0.435
48, 0.4417, 0.431
49, 0.4428, 0.428
50, 0.3341, 0.437
51, 0.3400, 0.435
52, 0.4690, 0.425
53, 0.4641, 0.420
54, 0.3671, 0.431
55, 0.2833, 0.434
56, 0.4418, 0.446
57, 0.3204, 0.438
58, 0.3237, 0.418
59, 0.3625, 0.430
60, 0.3659, 0.438
61, 0.3288, 0.437
62, 0.3964, 0.436
63, 0.2986, 0.461
64, 0.3743, 0.414
65, 0.2767, 0.420
66, 0.4090, 0.448
67, 0.2179, 0.446
68, 0.3198, 0.459
69, 0.3152, 0.458
70, 0.2730, 0.422
71, 0.2806, 0.421
72, 0.2590, 0.421
73, 0.3441, 0.417
74, 0.2377, 0.418
75, 0.3416, 0.431
76, 0.3189, 0.449
77, 0.3305, 0.450
78, 0.2410, 0.424
79, 0.3189, 0.439
80, 0.2822, 0.424
81, 0.3423, 0.449
82, 0.3233, 0.416
83, 0.2363, 0.425
84, 0.3127, 0.426
85, 0.2868, 0.426
86, 0.2780, 0.425
87, 0.2483, 0.418
88, 0.3127, 0.422
89, 0.3382, 0.421
90, 0.3444, 0.424
91, 0.1717, 0.422
92, 0.2401, 0.424
93, 0.2661, 0.432
94, 0.3311, 0.419
95, 0.2548, 0.419
96, 0.2303, 0.432
97, 0.2664, 0.437
98, 0.2349, 0.437
99, 0.1550, 0.432
100, 0.1933, 0.419
101, 0.3827, 0.421
102, 0.2903, 0.433
103, 0.2897, 0.417
104, 0.3199, 0.419
105, 0.2163, 0.421
106, 0.3005, 0.424
107, 0.3105, 0.421
108, 0.2786, 0.419
109, 0.2792, 0.433
110, 0.3042, 0.417
111, 0.2394, 0.423
112, 0.2320, 0.436
113, 0.2286, 0.426
114, 0.3115, 0.427
115, 0.2531, 0.423
116, 0.2220, 0.427
117, 0.2699, 0.428
118, 0.2893, 0.434
119, 0.2578, 0.420
120, 0.2111, 0.420
121, 0.1994, 0.419
122, 0.2059, 0.421
123, 0.3075, 0.421
124, 0.2203, 0.419
125, 0.1807, 0.432
126, 0.2582, 0.420
127, 0.3276, 0.435
128, 0.2269, 0.431
129, 0.2296, 0.434
130, 0.3050, 0.415
131, 0.2597, 0.422
132, 0.2635, 0.424
133, 0.1921, 0.421
134, 0.1772, 0.425
135, 0.1792, 0.422
136, 0.2087, 0.427
137, 0.2236, 0.428
138, 0.1677, 0.422
139, 0.1986, 0.427
140, 0.1761, 0.431
141, 0.0851, 0.419
142, 0.2105, 0.426
143, 0.2206, 0.432
144, 0.2490, 0.420
145, 0.2683, 0.424
146, 0.1496, 0.418
147, 0.2379, 0.436
148, 0.2270, 0.424
149, 0.2730, 0.419
150, 0.2247, 0.431
151, 0.1673, 0.422
152, 0.2805, 0.426
153, 0.2422, 0.422
154, 0.3603, 0.417
155, 0.2873, 0.422
156, 0.1995, 0.418
157, 0.2739, 0.439
158, 0.1967, 0.420
159, 0.2028, 0.424
160, 0.2067, 0.431
161, 0.2082, 0.430
162, 0.2579, 0.420
163, 0.2579, 0.418
164, 0.2577, 0.433
165, 0.3078, 0.417
166, 0.2118, 0.417
167, 0.2008, 0.423
168, 0.2661, 0.424
169, 0.2574, 0.557
170, 0.2472, 0.456
171, 0.1847, 0.457
172, 0.2680, 0.464
173, 0.1890, 0.468
174, 0.2398, 0.467
175, 0.2112, 0.459
176, 0.2007, 0.456
177, 0.2642, 0.456
178, 0.2780, 0.457
179, 0.2472, 0.462
180, 0.2312, 0.420
181, 0.1998, 0.425
182, 0.2422, 0.429
183, 0.2594, 0.424
184, 0.2737, 0.439
185, 0.2918, 0.438
186, 0.2044, 0.457
187, 0.1686, 0.427
188, 0.1906, 0.426
189, 0.2355, 0.446
190, 0.2600, 0.424
191, 0.1223, 0.423
192, 0.2151, 0.422
193, 0.2112, 0.431
194, 0.2713, 0.431
195, 0.2008, 0.418
196, 0.2052, 0.412
197, 0.2565, 0.410
198, 0.2560, 0.413
199, 0.2253, 0.421
200, 0.1752, 0.462
201, 0.2565, 0.414
202, 0.0975, 0.426
203, 0.1645, 0.433
204, 0.1480, 0.425
205, 0.1856, 0.430
206, 0.1292, 0.428
207, 0.2041, 0.427
208, 0.1646, 0.422
209, 0.1896, 0.434
210, 0.1468, 0.440
211, 0.2079, 0.429
212, 0.1708, 0.435
213, 0.1719, 0.440
214, 0.2163, 0.477
215, 0.1405, 0.512
216, 0.1866, 0.434
217, 0.2363, 0.464
218, 0.2631, 0.440
219, 0.2028, 0.464
220, 0.1947, 0.445
221, 0.2349, 0.439
222, 0.2331, 0.435
223, 0.1917, 0.473
224, 0.2354, 0.442
225, 0.1643, 0.451
226, 0.1914, 0.447
227, 0.1546, 0.436
228, 0.1672, 0.434
229, 0.2066, 0.460
230, 0.1693, 0.452
231, 0.1570, 0.468
232, 0.2578, 0.463
233, 0.1288, 0.447
234, 0.1723, 0.458
235, 0.1832, 0.438
236, 0.1346, 0.436
237, 0.1700, 0.439
238, 0.1602, 0.475
239, 0.1969, 0.478
240, 0.1553, 0.469
241, 0.2626, 0.464
242, 0.1675, 0.471
243, 0.2211, 0.470
244, 0.1436, 0.467
245, 0.2514, 0.473
246, 0.2502, 0.470
247, 0.4100, 0.464
248, 0.2360, 0.470
249, 0.1327, 0.461
250, 0.1393, 0.436
251, 0.2074, 0.436
252, 0.2395, 0.434
253, 0.2787, 0.442
254, 0.3039, 0.468
255, 0.2208, 0.464
256, 0.2867, 0.426
257, 0.2212, 0.420
258, 0.1637, 0.418
259, 0.2163, 0.415
260, 0.1976, 0.418
261, 0.1489, 0.428
262, 0.2985, 0.426
263, 0.1095, 0.420
264, 0.2748, 0.426
265, 0.2759, 0.426
266, 0.1833, 0.445
267, 0.2393, 0.435
268, 0.1460, 0.427
269, 0.2577, 0.438
270, 0.1687, 0.431
271, 0.2114, 0.470
272, 0.1830, 0.432
273, 0.2087, 0.422
274, 0.1274, 0.419
275, 0.2207, 0.426
276, 0.1932, 0.427
277, 0.1875, 0.435
278, 0.1399, 0.432
279, 0.2014, 0.422
280, 0.2206, 0.431
281, 0.1830, 0.434
282, 0.1778, 0.440
283, 0.2020, 0.429
284, 0.1069, 0.424
285, 0.1972, 0.429
286, 0.2572, 0.433
287, 0.2215, 0.422
288, 0.2637, 0.420
289, 0.1860, 0.420
290, 0.2006, 0.432
291, 0.2299, 0.423
292, 0.1503, 0.428
293, 0.1514, 0.431
294, 0.2815, 0.432
295, 0.2101, 0.439
296, 0.2192, 0.435
297, 0.2158, 0.432
298, 0.1818, 0.435
299, 0.1560, 0.423
300, 0.1926, 0.435
301, 0.2140, 0.431
302, 0.2299, 0.416
303, 0.2141, 0.443
304, 0.1530, 0.433
305, 0.1771, 0.424
306, 0.1448, 0.423
307, 0.1693, 0.432
308, 0.1628, 0.421
309, 0.1313, 0.416
310, 0.1415, 0.424
311, 0.1645, 0.421
312, 0.2163, 0.418
313, 0.2166, 0.463
314, 0.2802, 0.432
315, 0.2218, 0.422
316, 0.1753, 0.426
317, 0.1464, 0.421
318, 0.1152, 0.421
319, 0.2138, 0.422
320, 0.2405, 0.417
321, 0.2282, 0.424
322, 0.2160, 0.427
323, 0.1618, 0.422
324, 0.2150, 0.423
325, 0.2240, 0.426
326, 0.2674, 0.421
327, 0.1503, 0.424
328, 0.2684, 0.423
329, 0.1742, 0.424
330, 0.2117, 0.421
331, 0.1870, 0.423
332, 0.2888, 0.427
333, 0.1414, 0.436
334, 0.1346, 0.431
335, 0.1386, 0.424
336, 0.1764, 0.422
337, 0.1855, 0.433
338, 0.1483, 0.425
339, 0.1802, 0.433
340, 0.1630, 0.439
341, 0.1473, 0.437
342, 0.1127, 0.435
343, 0.1412, 0.420
344, 0.2076, 0.436
345, 0.2224, 0.421
346, 0.1182, 0.434
347, 0.2425, 0.427
348, 0.1465, 0.427
349, 0.2792, 0.426
350, 0.1683, 0.429
351, 0.2354, 0.425
352, 0.1881, 0.424
353, 0.3679, 0.445
354, 0.3012, 0.425
355, 0.2893, 0.426
356, 0.2026, 0.433
357, 0.2159, 0.422
358, 0.1939, 0.418
359, 0.1817, 0.428
360, 0.1601, 0.421
361, 0.2012, 0.426
362, 0.2356, 0.524
363, 0.2048, 0.455
364, 0.2639, 0.454
365, 0.1180, 0.430
366, 0.2051, 0.428
367, 0.1891, 0.439
368, 0.1625, 0.430
369, 0.2127, 0.431
370, 0.2114, 0.423
371, 0.1128, 0.430
372, 0.1057, 0.424
373, 0.2008, 0.426
374, 0.1893, 0.423
375, 0.2447, 0.426
376, 0.2805, 0.432
377, 0.2162, 0.435
378, 0.1079, 0.428
379, 0.1681, 0.437
380, 0.1157, 0.444
381, 0.1514, 0.434
382, 0.2724, 0.510
383, 0.1605, 0.424
384, 0.2036, 0.424
385, 0.2293, 0.430
386, 0.2326, 0.423
387, 0.2755, 0.423
388, 0.2409, 0.442
389, 0.2762, 0.445
390, 0.1244, 0.431
391, 0.1580, 0.427
392, 0.1694, 0.426
393, 0.2051, 0.424
394, 0.1253, 0.429
395, 0.1537, 0.418
396, 0.2112, 0.422
397, 0.1625, 0.429
398, 0.1463, 0.436
399, 0.1497, 0.438
400, 0.2414, 0.431
401, 0.3065, 0.409
402, 0.1629, 0.418
403, 0.1488, 0.420
404, 0.1121, 0.417
405, 0.1676, 0.431
406, 0.1882, 0.420
407, 0.1823, 0.417
408, 0.2695, 0.462
409, 0.1952, 0.460
410, 0.2189, 0.444
411, 0.2266, 0.459
412, 0.1882, 0.460
413, 0.1548, 0.463
414, 0.2268, 0.477
415, 0.2207, 0.508
416, 0.2406, 0.462
417, 0.2066, 0.456
418, 0.2333, 0.462
419, 0.2075, 0.454
420, 0.1643, 0.455
421, 0.2089, 0.479
422, 0.3048, 0.452
423, 0.1810, 0.431
424, 0.2022, 0.438
425, 0.1575, 0.453
426, 0.2844, 0.441
427, 0.1167, 0.435
428, 0.1644, 0.438
429, 0.2434, 0.455
430, 0.3144, 0.438
431, 0.2862, 0.448
432, 0.2482, 0.433
433, 0.2205, 0.427
434, 0.1876, 0.443
435, 0.1543, 0.447
436, 0.1508, 0.434
437, 0.1698, 0.457
438, 0.1772, 0.418
439, 0.2437, 0.430
440, 0.1622, 0.523
441, 0.1786, 0.442
442, 0.1861, 0.444
443, 0.2466, 0.433
444, 0.1018, 0.450
445, 0.1794, 0.459
446, 0.2039, 0.430
447, 0.1801, 0.440
448, 0.1862, 0.432
449, 0.2455, 0.433
450, 0.2470, 0.426
451, 0.1706, 0.421
452, 0.2249, 0.422
453, 0.2436, 0.433
454, 0.2235, 0.444
455, 0.2059, 0.436
456, 0.1779, 0.432
457, 0.1523, 0.430
458, 0.2347, 0.427
459, 0.2455, 0.424
460, 0.2553, 0.433
461, 0.1516, 0.441
462, 0.2814, 0.434
463, 0.2177, 0.431
464, 0.2756, 0.422
465, 0.2418, 0.426
466, 0.1140, 0.419
467, 0.2074, 0.420
468, 0.1315, 0.423
469, 0.1708, 0.414
470, 0.1166, 0.423
471, 0.1433, 0.430
472, 0.2564, 0.423
473, 0.2284, 0.425
474, 0.2426, 0.422
475, 0.1282, 0.421
476, 0.1693, 0.418
477, 0.1922, 0.430
478, 0.1732, 0.422
479, 0.2264, 0.426
480, 0.1678, 0.423
481, 0.1389, 0.418
482, 0.1889, 0.427
483, 0.2110, 0.420
484, 0.1737, 0.417
485, 0.1331, 0.419
486, 0.1706, 0.420
487, 0.1706, 0.422
488, 0.1332, 0.424
489, 0.1941, 0.425
490, 0.1474, 0.423
491, 0.1216, 0.424
492, 0.2098, 0.422
493, 0.2295, 0.415
494, 0.2480, 0.418
495, 0.2161, 0.419
496, 0.1710, 0.419
497, 0.2084, 0.423
498, 0.1174, 0.423
499, 0.0970, 0.419
500, 0.1795, 0.419
501, 0.1552, 0.428
502, 0.1105, 0.426
503, 0.1026, 0.419
504, 0.2146, 0.426
505, 0.1730, 0.422
506, 0.3091, 0.416
507, 0.2657, 0.425
508, 0.1418, 0.423
509, 0.1403, 0.428
510, 0.1531, 0.423
511, 0.1938, 0.417
512, 0.1657, 0.425
513, 0.1820, 0.423
514, 0.1918, 0.419
515, 0.1387, 0.417
516, 0.1918, 0.420
517, 0.1448, 0.420
518, 0.1335, 0.427
519, 0.1888, 0.423
520, 0.1780, 0.421
521, 0.1107, 0.419
522, 0.0994, 0.415
523, 0.2479, 0.422
524, 0.1534, 0.427
525, 0.1513, 0.425
526, 0.0961, 0.437
527, 0.1966, 0.432
528, 0.2686, 0.436
529, 0.1931, 0.458
530, 0.1737, 0.422
531, 0.2100, 0.422
532, 0.0839, 0.425
533, 0.2129, 0.422
534, 0.1611, 0.420
535, 0.2665, 0.423
536, 0.1435, 0.421
537, 0.2220, 0.418
538, 0.2816, 0.412
539, 0.3455, 0.460
540, 0.1665, 0.465
541, 0.1816, 0.427
542, 0.1684, 0.427
543, 0.2228, 0.417
544, 0.2090, 0.428
545, 0.1603, 0.432
546, 0.1221, 0.421
547, 0.1592, 0.421
548, 0.2103, 0.415
549, 0.1825, 0.429
550, 0.0920, 0.430
551, 0.1720, 0.419
552, 0.3034, 0.424
553, 0.1322, 0.421
554, 0.1785, 0.418
555, 0.1762, 0.425
556, 0.2242, 0.439
557, 0.3601, 0.462
558, 0.0945, 0.432
559, 0.1609, 0.429
560, 0.2658, 0.446
561, 0.1337, 0.429
562, 0.1519, 0.428
563, 0.1701, 0.424
564, 0.1842, 0.423
565, 0.1436, 0.423
566, 0.1636, 0.420
567, 0.1084, 0.424
568, 0.1374, 0.422
569, 0.1577, 0.420
570, 0.1507, 0.421
571, 0.1290, 0.425
572, 0.1298, 0.426
573, 0.1267, 0.428
574, 0.1383, 0.429
575, 0.1824, 0.442
576, 0.1410, 0.427
577, 0.1197, 0.429
578, 0.1386, 0.429
579, 0.1766, 0.423
580, 0.1650, 0.422
581, 0.2221, 0.420
582, 0.2027, 0.420
583, 0.1232, 0.432
584, 0.2256, 0.426
585, 0.1647, 0.425
586, 0.2177, 0.505
587, 0.1542, 0.495
588, 0.1830, 0.426
589, 0.2576, 0.433
590, 0.2806, 0.426
591, 0.1457, 0.426
592, 0.1846, 0.444
593, 0.2129, 0.435
594, 0.1601, 0.433
595, 0.1167, 0.427
596, 0.2678, 0.425
597, 0.1256, 0.426
598, 0.1331, 0.426
599, 0.2126, 0.438
600, 0.1707, 0.433
601, 0.1880, 0.422
602, 0.1690, 0.444
603, 0.2080, 0.437
604, 0.1944, 0.425
605, 0.2094, 0.428
606, 0.2620, 0.426
607, 0.1912, 0.428
608, 0.2467, 0.470
609, 0.1695, 0.570
610, 0.1500, 0.464
611, 0.1517, 0.483
612, 0.1499, 0.456
613, 0.2269, 0.430
614, 0.0648, 0.433
615, 0.1786, 0.432
616, 0.1523, 0.432
617, 0.2493, 0.453
618, 0.1631, 0.437
619, 0.1630, 0.453
620, 0.2093, 0.439
621, 0.1353, 0.450
622, 0.1187, 0.441
623, 0.2315, 0.443
624, 0.1895, 0.438
625, 0.1796, 0.451
626, 0.1481, 0.436
627, 0.1325, 0.433
628, 0.1374, 0.429
629, 0.1199, 0.470
630, 0.1769, 0.432
631, 0.0768, 0.448
632, 0.1411, 0.431
633, 0.1644, 0.442
634, 0.2332, 0.443
635, 0.1715, 0.426
636, 0.1715, 0.433
637, 0.1747, 0.429
638, 0.1725, 0.431
639, 0.2305, 0.434
640, 0.1966, 0.435
641, 0.1397, 0.433
642, 0.1429, 0.432
643, 0.1607, 0.425
644, 0.1795, 0.429
645, 0.1169, 0.437
646, 0.1529, 0.435
647, 0.1754, 0.432
648, 0.2060, 0.432
649, 0.2105, 0.429
650, 0.1085, 0.429
651, 0.2785, 0.414
652, 0.1951, 0.422
653, 0.1641, 0.437
654, 0.2200, 0.427
655, 0.1662, 0.428
656, 0.1606, 0.424
657, 0.1389, 0.426
658, 0.1888, 0.421
659, 0.2002, 0.422
660, 0.1937, 0.420
661, 0.2198, 0.414
662, 0.1139, 0.418
663, 0.1947, 0.425
664, 0.2744, 0.426
665, 0.1669, 0.431
666, 0.2219, 0.418
667, 0.1562, 0.421
668, 0.1608, 0.424
669, 0.1784, 0.419
670, 0.2295, 0.437
671, 0.2329, 0.425
672, 0.0972, 0.422
673, 0.3670, 0.421
674, 0.1286, 0.424
675, 0.2127, 0.422
676, 0.1272, 0.421
677, 0.1951, 0.424
678, 0.1482, 0.428
679, 0.2665, 0.440
680, 0.2447, 0.431
681, 0.2298, 0.431
682, 0.1904, 0.418
683, 0.1390, 0.422
684, 0.1606, 0.424
685, 0.1689, 0.424
686, 0.2173, 0.426
687, 0.1742, 0.418
688, 0.1886, 0.422
689, 0.1241, 0.424
690, 0.1393, 0.434
691, 0.1773, 0.431
692, 0.2477, 0.424
693, 0.1742, 0.426
694, 0.2425, 0.423
695, 0.2076, 0.425
696, 0.2025, 0.423
697, 0.1714, 0.423
698, 0.2262, 0.426
699, 0.1582, 0.423
700, 0.1536, 0.421
701, 0.1715, 0.423
702, 0.2230, 0.421
703, 0.1459, 0.416
704, 0.1009, 0.431
705, 0.2519, 0.432
706, 0.2471, 0.431
707, 0.1440, 0.425
708, 0.1659, 0.427
709, 0.1778, 0.438
710, 0.1768, 0.429
711, 0.1581, 0.422
712, 0.2504, 0.423
713, 0.3068, 0.422
714, 0.1821, 0.441
715, 0.2291, 0.435
716, 0.1763, 0.418
717, 0.1506, 0.445
718, 0.1305, 0.431
719, 0.1875, 0.419
720, 0.1734, 0.433
721, 0.1787, 0.462
722, 0.2126, 0.423
723, 0.1443, 0.422
724, 0.0876, 0.427
725, 0.1952, 0.428
726, 0.2387, 0.436
727, 0.2528, 0.440
728, 0.2589, 0.436
729, 0.1402, 0.437
730, 0.2101, 0.441
731, 0.2299, 0.429
732, 0.1538, 0.428
733, 0.1838, 0.459
734, 0.1817, 0.433
735, 0.2330, 0.425
736, 0.2162, 0.432
737, 0.1927, 0.443
738, 0.1348, 0.424
739, 0.1880, 0.431
740, 0.1950, 0.431
741, 0.2831, 0.437
742, 0.1487, 0.424
743, 0.1534, 0.434
744, 0.1584, 0.472
745, 0.1231, 0.453
746, 0.0922, 0.425
747, 0.1342, 0.425
748, 0.2060, 0.434
749, 0.1020, 0.436
750, 0.2001, 0.425
751, 0.1815, 0.436
752, 0.1648, 0.424
753, 0.1956, 0.423
754, 0.1646, 0.441
755, 0.2248, 0.427
756, 0.1399, 0.423
757, 0.1825, 0.426
758, 0.1685, 0.420
759, 0.0892, 0.456
760, 0.1755, 0.463
761, 0.1701, 0.422
762, 0.1290, 0.418
763, 0.1573, 0.421
764, 0.2029, 0.419
765, 0.2727, 0.417
766, 0.1936, 0.416
767, 0.1866, 0.417
768, 0.1665, 0.423
769, 0.1036, 0.428
770, 0.2366, 0.427
771, 0.1356, 0.429
772, 0.1262, 0.428
773, 0.2031, 0.419
774, 0.1065, 0.437
775, 0.0953, 0.490
776, 0.2203, 0.420
777, 0.1654, 0.423
778, 0.2486, 0.414
779, 0.1734, 0.414
780, 0.2475, 0.416
781, 0.1556, 0.415
782, 0.2037, 0.418
783, 0.1706, 0.419
784, 0.1769, 0.422
785, 0.1359, 0.422
786, 0.2413, 0.425
787, 0.1861, 0.423
788, 0.2057, 0.420
789, 0.1616, 0.424
790, 0.1155, 0.428
791, 0.1465, 0.426
792, 0.1670, 0.438
793, 0.1589, 0.431
794, 0.1838, 0.420
795, 0.1428, 0.418
796, 0.1656, 0.417
797, 0.1388, 0.414
798, 0.1073, 0.413
799, 0.1676, 0.416
800, 0.1734, 0.417
801, 0.1909, 0.409
802, 0.1514, 0.417
803, 0.1145, 0.419
804, 0.2185, 0.418
805, 0.1543, 0.428
806, 0.1435, 0.434
807, 0.1916, 0.421
808, 0.1842, 0.426
809, 0.0624, 0.419
810, 0.1395, 0.438
811, 0.1798, 0.450
812, 0.1675, 0.425
813, 0.1449, 0.422
814, 0.1802, 0.429
815, 0.2116, 0.451
816, 0.1146, 0.429
817, 0.1828, 0.456
818, 0.2463, 0.460
819, 0.2873, 0.429
820, 0.2249, 0.426
821, 0.1765, 0.427
822, 0.2189, 0.440
823, 0.2566, 0.434
824, 0.2235, 0.430
825, 0.1882, 0.438
826, 0.1263, 0.426
827, 0.1435, 0.434
828, 0.1374, 0.435
829, 0.1560, 0.461
830, 0.1236, 0.456
831, 0.1279, 0.433
832, 0.1269, 0.424
833, 0.1834, 0.496
834, 0.1234, 0.430
835, 0.1809, 0.433
836, 0.1928, 0.436
837, 0.1835, 0.431
838, 0.2014, 0.437
839, 0.1445, 0.448
840, 0.1581, 0.428
841, 0.1741, 0.426
842, 0.1359, 0.456
843, 0.1558, 0.443
844, 0.1292, 0.441
845, 0.1050, 0.432
846, 0.1525, 0.429
847, 0.1602, 0.442
848, 0.1171, 0.465
849, 0.1037, 0.424
850, 0.1747, 0.441
851, 0.1717, 0.424
852, 0.1950, 0.424
853, 0.1722, 0.430
854, 0.1600, 0.424
855, 0.1760, 0.434
856, 0.1001, 0.434
857, 0.2059, 0.424
858, 0.2053, 0.424
859, 0.1813, 0.426
860, 0.1642, 0.422
861, 0.1131, 0.434
862, 0.2203, 0.433
863, 0.2002, 0.424
864, 0.1718, 0.417
865, 0.2391, 0.429
866, 0.1830, 0.437
867, 0.2419, 0.440
868, 0.2048, 0.421
869, 0.2146, 0.423
870, 0.1622, 0.427
871, 0.1785, 0.431
872, 0.1279, 0.417
873, 0.2078, 0.424
874, 0.1313, 0.443
875, 0.0913, 0.424
876, 0.1658, 0.424
877, 0.1337, 0.435
878, 0.1934, 0.443
879, 0.1856, 0.426
880, 0.1036, 0.427
881, 0.2110, 0.425
882, 0.0854, 0.429
883, 0.1160, 0.425
884, 0.1387, 0.428
885, 0.1844, 0.439
886, 0.1606, 0.426
887, 0.1350, 0.450
888, 0.2346, 0.429
889, 0.1280, 0.432
890, 0.1448, 0.432
891, 0.2158, 0.418
892, 0.1401, 0.418
893, 0.1408, 0.430
894, 0.1320, 0.458
895, 0.0398, 0.466
896, 0.0506, 0.426
897, 0.1280, 0.430
898, 0.1994, 0.463
899, 0.1714, 0.461
900, 0.2289, 0.412
901, 0.1266, 0.418
902, 0.0997, 0.423
903, 0.2389, 0.418
904, 0.1583, 0.426
905, 0.1195, 0.424
906, 0.1132, 0.429
907, 0.1839, 0.421
908, 0.1412, 0.429
909, 0.1286, 0.427
910, 0.1390, 0.468
911, 0.1001, 0.465
912, 0.1472, 0.477
913, 0.1863, 0.415
914, 0.2008, 0.426
915, 0.1524, 0.432
916, 0.0982, 0.442
917, 0.1214, 0.425
918, 0.1439, 0.421
919, 0.1218, 0.417
920, 0.2122, 0.437
921, 0.1793, 0.459
922, 0.1744, 0.460
923, 0.2363, 0.422
924, 0.1304, 0.424
925, 0.1271, 0.466
926, 0.1271, 0.464
927, 0.1630, 0.473
928, 0.2128, 0.462
929, 0.1069, 0.432
930, 0.1203, 0.427
931, 0.1377, 0.421
932, 0.1611, 0.432
933, 0.1341, 0.428
934, 0.1115, 0.422
935, 0.0879, 0.438
936, 0.1245, 0.426
937, 0.2416, 0.425
938, 0.1261, 0.439
939, 0.1574, 0.432
940, 0.1811, 0.437
941, 0.2885, 0.425
942, 0.1902, 0.421
943, 0.2534, 0.451
944, 0.1121, 0.430
945, 0.2157, 0.435
946, 0.2660, 0.429
947, 0.2291, 0.433
948, 0.1694, 0.422
949, 0.1571, 0.420
950, 0.1475, 0.415
951, 0.1682, 0.421
952, 0.2281, 0.421
953, 0.0530, 0.435
954, 0.1187, 0.425
955, 0.1632, 0.440
956, 0.2778, 0.431
957, 0.1968, 0.425
958, 0.2210, 0.414
959, 0.1755, 0.424
960, 0.1678, 0.420
961, 0.1421, 0.427
962, 0.1221, 0.439
963, 0.2433, 0.418
964, 0.1965, 0.421
965, 0.1021, 0.434
966, 0.2614, 0.423
967, 0.1016, 0.458
968, 0.1536, 0.418
969, 0.2052, 0.436
970, 0.1550, 0.427
971, 0.1350, 0.424
972, 0.1009, 0.422
973, 0.1028, 0.423
974, 0.1273, 0.426
975, 0.0955, 0.423
976, 0.1910, 0.426
977, 0.2017, 0.439
978, 0.1207, 0.426
979, 0.1304, 0.434
980, 0.1832, 0.436
981, 0.1611, 0.423
982, 0.1715, 0.428
983, 0.2045, 0.423
984, 0.1836, 0.431
985, 0.2800, 0.425
986, 0.1780, 0.421
987, 0.1328, 0.423
988, 0.2061, 0.456
989, 0.2173, 0.457
990, 0.1300, 0.421
991, 0.2028, 0.447
992, 0.2074, 0.430
993, 0.1819, 0.429
994, 0.1256, 0.432
995, 0.0780, 0.433
996, 0.1189, 0.422
997, 0.1216, 0.428
998, 0.2402, 0.466
999, 0.1748, 0.459
1000, 0.1136, 0.445
1001, 0.2506, 0.426
1002, 0.1875, 0.423
1003, 0.1942, 0.427
1004, 0.1563, 0.430
1005, 0.0707, 0.448
1006, 0.1614, 0.438
1007, 0.1243, 0.432
1008, 0.1406, 0.460
1009, 0.1999, 0.466
1010, 0.2353, 0.438
1011, 0.1644, 0.437
1012, 0.2320, 0.434
1013, 0.1672, 0.454
1014, 0.2501, 0.433
1015, 0.2321, 0.451
1016, 0.3365, 0.516
1017, 0.1152, 0.436
1018, 0.1775, 0.435
1019, 0.2706, 0.427
1020, 0.2580, 0.430
1021, 0.2514, 0.435
1022, 0.1621, 0.444
1023, 0.1795, 0.433
1024, 0.1253, 0.437
1025, 0.1782, 0.484
1026, 0.1257, 0.462
1027, 0.1741, 0.493
1028, 0.1930, 0.437
1029, 0.1587, 0.434
1030, 0.2061, 0.442
1031, 0.1629, 0.432
1032, 0.1442, 0.432
1033, 0.2536, 0.435
1034, 0.1321, 0.434
1035, 0.1553, 0.426
1036, 0.1272, 0.452
1037, 0.1605, 0.448
1038, 0.1419, 0.449
1039, 0.1622, 0.444
1040, 0.1373, 0.445
1041, 0.0861, 0.431
1042, 0.1772, 0.435
1043, 0.0902, 0.437
1044, 0.1336, 0.434
1045, 0.2172, 0.439
1046, 0.1557, 0.423
1047, 0.1737, 0.432
1048, 0.1669, 0.427
1049, 0.0506, 0.426
1050, 0.1114, 0.426
1051, 0.1440, 0.432
1052, 0.1601, 0.425
1053, 0.1922, 0.423
1054, 0.1705, 0.426
1055, 0.1674, 0.436
1056, 0.0455, 0.430
1057, 0.1991, 0.424
1058, 0.1503, 0.424
1059, 0.0861, 0.423
1060, 0.1805, 0.418
1061, 0.1779, 0.423
1062, 0.1221, 0.442
1063, 0.1369, 0.424
1064, 0.2351, 0.428
1065, 0.2280, 0.427
1066, 0.1309, 0.418
1067, 0.1846, 0.416
1068, 0.1159, 0.416
1069, 0.1746, 0.430
1070, 0.2410, 0.422
1071, 0.1176, 0.423
1072, 0.2175, 0.421
1073, 0.1167, 0.421
1074, 0.2006, 0.422
1075, 0.1582, 0.425
1076, 0.1578, 0.426
1077, 0.1877, 0.431
1078, 0.1578, 0.418
1079, 0.1064, 0.427
1080, 0.1812, 0.426
1081, 0.1473, 0.419
1082, 0.1129, 0.439
1083, 0.1301, 0.444
1084, 0.0839, 0.425
1085, 0.1136, 0.421
1086, 0.1962, 0.433
1087, 0.2337, 0.433
1088, 0.1160, 0.441
1089, 0.1436, 0.421
1090, 0.1480, 0.429
1091, 0.1084, 0.424
1092, 0.2050, 0.427
1093, 0.1313, 0.420
1094, 0.1331, 0.421
1095, 0.0971, 0.419
1096, 0.1421, 0.422
1097, 0.1492, 0.425
1098, 0.1286, 0.424
1099, 0.1040, 0.424
1100, 0.2218, 0.434
1101, 0.1365, 0.422
1102, 0.1636, 0.419
1103, 0.2266, 0.441
1104, 0.1086, 0.439
1105, 0.1309, 0.429
1106, 0.1911, 0.435
1107, 0.2154, 0.425
1108, 0.1470, 0.445
1109, 0.1052, 0.429
1110, 0.1176, 0.427
1111, 0.1305, 0.435
1112, 0.2288, 0.427
1113, 0.1305, 0.435
1114, 0.1406, 0.424
1115, 0.1170, 0.426
1116, 0.1544, 0.417
1117, 0.1690, 0.426
1118, 0.1235, 0.437
1119, 0.1193, 0.435
1120, 0.1659, 0.435
1121, 0.1587, 0.422
1122, 0.2122, 0.418
1123, 0.1601, 0.431
1124, 0.1406, 0.415
1125, 0.1125, 0.434
1126, 0.0704, 0.435
1127, 0.1375, 0.426
1128, 0.1695, 0.421
1129, 0.1341, 0.427
1130, 0.1711, 0.420
1131, 0.1962, 0.420
1132, 0.1806, 0.421
1133, 0.1202, 0.424
1134, 0.2769, 0.426
1135, 0.2225, 0.430
1136, 0.0662, 0.427
1137, 0.1339, 0.426
1138, 0.0834, 0.441
1139, 0.1800, 0.426
1140, 0.2351, 0.421
1141, 0.1496, 0.422
1142, 0.1064, 0.424
1143, 0.1481, 0.422
1144, 0.2142, 0.437
1145, 0.1244, 0.433
1146, 0.1953, 0.442
1147, 0.1835, 0.432
1148, 0.1454, 0.444
1149, 0.1740, 0.430
1150, 0.0815, 0.424
1151, 0.2054, 0.426
1152, 0.1133, 0.432
1153, 0.1036, 0.414
1154, 0.1387, 0.421
1155, 0.1576, 0.422
1156, 0.1080, 0.429
1157, 0.1977, 0.423
1158, 0.2149, 0.432
1159, 0.1875, 0.428
1160, 0.2147, 0.424
1161, 0.1643, 0.454
1162, 0.2011, 0.415
1163, 0.1736, 0.424
1164, 0.1929, 0.424
1165, 0.1493, 0.419
1166, 0.1549, 0.420
1167, 0.1103, 0.424
1168, 0.1046, 0.420
1169, 0.2183, 0.420
1170, 0.1616, 0.428
1171, 0.1466, 0.427
1172, 0.1459, 0.447
1173, 0.1275, 0.435
1174, 0.1696, 0.435
1175, 0.2065, 0.431
1176, 0.2348, 0.424
1177, 0.1861, 0.426
1178, 0.1711, 0.432
1179, 0.0751, 0.430
1180, 0.1186, 0.429
1181, 0.1130, 0.426
1182, 0.2016, 0.426
1183, 0.1479, 0.418
1184, 0.1050, 0.433
1185, 0.1721, 0.425
1186, 0.1795, 0.423
1187, 0.1390, 0.426
1188, 0.1646, 0.426
1189, 0.1504, 0.420
1190, 0.1779, 0.420
1191, 0.1272, 0.418
1192, 0.0934, 0.419
1193, 0.1895, 0.438
1194, 0.1207, 0.424
1195, 0.1293, 0.421
1196, 0.1888, 0.423
1197, 0.1566, 0.420
1198, 0.1414, 0.420
1199, 0.1375, 0.428
1200, 0.1874, 0.424
1201, 0.0812, 0.408
1202, 0.1591, 0.425
1203, 0.0730, 0.419
1204, 0.1478, 0.439
1205, 0.1649, 0.431
1206, 0.1704, 0.424
1207, 0.1235, 0.427
1208, 0.1852, 0.420
1209, 0.1099, 0.432
1210, 0.1429, 0.442
1211, 0.1385, 0.430
1212, 0.1168, 0.432
1213, 0.1484, 0.428
1214, 0.1580, 0.465
1215, 0.1324, 0.530
1216, 0.2074, 0.436
1217, 0.1165, 0.427
1218, 0.0796, 0.427
1219, 0.1631, 0.436
1220, 0.2154, 0.429
1221, 0.1361, 0.437
1222, 0.1732, 0.432
1223, 0.1881, 0.436
1224, 0.1772, 0.541
1225, 0.0975, 0.431
1226, 0.0973, 0.441
1227, 0.2237, 0.438
1228, 0.1257, 0.434
1229, 0.2206, 0.432
1230, 0.1484, 0.438
1231, 0.1594, 0.448
1232, 0.1579, 0.441
1233, 0.1488, 0.426
1234, 0.1800, 0.439
1235, 0.2037, 0.456
1236, 0.1468, 0.455
1237, 0.2632, 0.459
1238, 0.2087, 0.437
1239, 0.2626, 0.439
1240, 0.1830, 0.434
1241, 0.1222, 0.429
1242, 0.2095, 0.436
1243, 0.1959, 0.430
1244, 0.2755, 0.428
1245, 0.2266, 0.437
1246, 0.2247, 0.426
1247, 0.1728, 0.430
1248, 0.2120, 0.428
1249, 0.2419, 0.426
1250, 0.1480, 0.424
1251, 0.1804, 0.434
1252, 0.1601, 0.424
1253, 0.1447, 0.432
1254, 0.1857, 0.428
1255, 0.2367, 0.440
1256, 0.1811, 0.425
1257, 0.2134, 0.432
1258, 0.2102, 0.432
1259, 0.1606, 0.423
1260, 0.1654, 0.434
1261, 0.1524, 0.425
1262, 0.2199, 0.427
1263, 0.2035, 0.429
1264, 0.2530, 0.434
1265, 0.1663, 0.428
1266, 0.1443, 0.423
1267, 0.1763, 0.421
1268, 0.2092, 0.421
1269, 0.1815, 0.430
1270, 0.2135, 0.429
1271, 0.1447, 0.425
1272, 0.1763, 0.436
1273, 0.1886, 0.426
1274, 0.1620, 0.426
1275, 0.2027, 0.428
1276, 0.1753, 0.443
1277, 0.2375, 0.425
1278, 0.1797, 0.438
1279, 0.1386, 0.428
1280, 0.1396, 0.429
1281, 0.1558, 0.429
1282, 0.1205, 0.428
1283, 0.1799, 0.427
1284, 0.2219, 0.439
1285, 0.1388, 0.447
1286, 0.1527, 0.425
1287, 0.1672, 0.425
1288, 0.1702, 0.432
1289, 0.1269, 0.426
1290, 0.1087, 0.433
1291, 0.0795, 0.419
1292, 0.2259, 0.430
1293, 0.2000, 0.428
1294, 0.1235, 0.423
1295, 0.1252, 0.424
1296, 0.0983, 0.437
1297, 0.1014, 0.427
1298, 0.1343, 0.422
1299, 0.1671, 0.425
1300, 0.1115, 0.426
1301, 0.1448, 0.426
1302, 0.1446, 0.428
1303, 0.1864, 0.426
1304, 0.1548, 0.422
1305, 0.2013, 0.424
1306, 0.1279, 0.418
1307, 0.1571, 0.427
1308, 0.1773, 0.427
1309, 0.1308, 0.423
1310, 0.1762, 0.426
1311, 0.1224, 0.428
1312, 0.1686, 0.428
1313, 0.1837, 0.418
1314, 0.1562, 0.425
1315, 0.1327, 0.425
1316, 0.1572, 0.435
1317, 0.2288, 0.420
1318, 0.1854, 0.428
1319, 0.1785, 0.423
1320, 0.1545, 0.424
1321, 0.1946, 0.455
1322, 0.0882, 0.461
1323, 0.1498, 0.466
1324, 0.1868, 0.462
1325, 0.1613, 0.462
1326, 0.0957, 0.464
1327, 0.1772, 0.419
1328, 0.1214, 0.421
1329, 0.1359, 0.426
1330, 0.2395, 0.431
1331, 0.2386, 0.425
1332, 0.1496, 0.435
1333, 0.1728, 0.425
1334, 0.1559, 0.451
1335, 0.1490, 0.424
1336, 0.1809, 0.427
1337, 0.2110, 0.424
1338, 0.0778, 0.435
1339, 0.1440, 0.435
1340, 0.1789, 0.426
1341, 0.2249, 0.459
1342, 0.1832, 0.456
1343, 0.1849, 0.458
1344, 0.1870, 0.464
1345, 0.1136, 0.426
1346, 0.1325, 0.431
1347, 0.1530, 0.428
1348, 0.1398, 0.427
1349, 0.1185, 0.444
1350, 0.1214, 0.434
1351, 0.1599, 0.436
1352, 0.0680, 0.426
1353, 0.2291, 0.422
1354, 0.1632, 0.421
1355, 0.1046, 0.432
1356, 0.2213, 0.425
1357, 0.1274, 0.426
1358, 0.1699, 0.431
1359, 0.1921, 0.429
1360, 0.1692, 0.441
1361, 0.1331, 0.431
1362, 0.1834, 0.427
1363, 0.1707, 0.425
1364, 0.1980, 0.425
1365, 0.1290, 0.433
1366, 0.1617, 0.420
1367, 0.1448, 0.425
1368, 0.1605, 0.440
1369, 0.1736, 0.419
1370, 0.2139, 0.423
1371, 0.1367, 0.430
1372, 0.1969, 0.458
1373, 0.2149, 0.457
1374, 0.1392, 0.439
1375, 0.1855, 0.454
1376, 0.1314, 0.452
1377, 0.1310, 0.412
1378, 0.1886, 0.417
1379, 0.1502, 0.437
1380, 0.2543, 0.425
1381, 0.2019, 0.421
1382, 0.1919, 0.482
1383, 0.2253, 0.426
1384, 0.1311, 0.460
1385, 0.2309, 0.478
1386, 0.1905, 0.486
1387, 0.1263, 0.464
1388, 0.1081, 0.484
1389, 0.2042, 0.463
1390, 0.1219, 0.457
1391, 0.0607, 0.447
1392, 0.0889, 0.458
1393, 0.1400, 0.462
1394, 0.1640, 0.451
1395, 0.2225, 0.460
1396, 0.2229, 0.467
1397, 0.1703, 0.429
1398, 0.1278, 0.466
1399, 0.1178, 0.469
1400, 0.1804, 0.461
1401, 0.2415, 0.427
1402, 0.1773, 0.463
1403, 0.1397, 0.463
1404, 0.1223, 0.458
1405, 0.2124, 0.470
1406, 0.1126, 0.437
1407, 0.1870, 0.467
1408, 0.1566, 0.462
1409, 0.1528, 0.463
1410, 0.1608, 0.484
1411, 0.1689, 0.475
1412, 0.1331, 0.455
1413, 0.1747, 0.457
1414, 0.1856, 0.462
1415, 0.0951, 0.460
1416, 0.1380, 0.463
1417, 0.1310, 0.454
1418, 0.1529, 0.469
1419, 0.1191, 0.472
1420, 0.0866, 0.580
1421, 0.2134, 0.494
1422, 0.2325, 0.441
1423, 0.1687, 0.462
1424, 0.0930, 0.436
1425, 0.1107, 0.438
1426, 0.0812, 0.465
1427, 0.1511, 0.456
1428, 0.1679, 0.462
1429, 0.1253, 0.480
1430, 0.1413, 0.457
1431, 0.1782, 0.466
1432, 0.1284, 0.463
1433, 0.1798, 0.434
1434, 0.1570, 0.460
1435, 0.1496, 0.460
1436, 0.1346, 0.459
1437, 0.2040, 0.460
1438, 0.1095, 0.455
1439, 0.1017, 0.438
1440, 0.1370, 0.460
1441, 0.1314, 0.457
1442, 0.1033, 0.456
1443, 0.1279, 0.458
1444, 0.1643, 0.465
1445, 0.1192, 0.459
1446, 0.1025, 0.456
1447, 0.1916, 0.454
1448, 0.2200, 0.454
1449, 0.1597, 0.432
1450, 0.1124, 0.456
1451, 0.0637, 0.454
1452, 0.1272, 0.454
1453, 0.1193, 0.454
1454, 0.1633, 0.430
1455, 0.1715, 0.463
1456, 0.1904, 0.455
1457, 0.1421, 0.456
1458, 0.1511, 0.449
1459, 0.1284, 0.461
1460, 0.1070, 0.462
1461, 0.1311, 0.456
1462, 0.1369, 0.460
1463, 0.1947, 0.453
1464, 0.1426, 0.454
1465, 0.1724, 0.462
1466, 0.1945, 0.450
1467, 0.1974, 0.451
1468, 0.1398, 0.472
1469, 0.1812, 0.459
1470, 0.1708, 0.463
1471, 0.1368, 0.458
1472, 0.1233, 0.461
1473, 0.1893, 0.463
1474, 0.1210, 0.459
1475, 0.0633, 0.460
1476, 0.1930, 0.464
1477, 0.1695, 0.462
1478, 0.1376, 0.458
1479, 0.1638, 0.453
1480, 0.1891, 0.452
1481, 0.2251, 0.451
1482, 0.1600, 0.429
1483, 0.1661, 0.452
1484, 0.2055, 0.427
1485, 0.1039, 0.457
1486, 0.1565, 0.456
1487, 0.1152, 0.456
1488, 0.1691, 0.453
1489, 0.1202, 0.468
1490, 0.1953, 0.458
1491, 0.1130, 0.456
1492, 0.1764, 0.456
1493, 0.1509, 0.463
1494, 0.0835, 0.461
1495, 0.1347, 0.428
1496, 0.1332, 0.425
1497, 0.1642, 0.457
1498, 0.1828, 0.448
1499, 0.1413, 0.452
1500, 0.1355, 0.457
1501, 0.1964, 0.459
1502, 0.0989, 0.452
1503, 0.1595, 0.454
1504, 0.1421, 0.457
1505, 0.2123, 0.458
1506, 0.2209, 0.462
1507, 0.1543, 0.471
1508, 0.1906, 0.489
1509, 0.0967, 0.460
1510, 0.2017, 0.461
1511, 0.1701, 0.456
1512, 0.1344, 0.456
1513, 0.1571, 0.455
1514, 0.1072, 0.435
1515, 0.1596, 0.420
1516, 0.0872, 0.461
1517, 0.1823, 0.459
1518, 0.2113, 0.457
1519, 0.1905, 0.458
1520, 0.1181, 0.461
1521, 0.0983, 0.493
1522, 0.1276, 0.458
1523, 0.1687, 0.460
1524, 0.1907, 0.458
1525, 0.1737, 0.458
1526, 0.1934, 0.457
1527, 0.1426, 0.457
1528, 0.1413, 0.452
1529, 0.2475, 0.453
1530, 0.1569, 0.450
1531, 0.1369, 0.456
1532, 0.0850, 0.458
1533, 0.1909, 0.471
1534, 0.1268, 0.495
1535, 0.1279, 0.459
1536, 0.1259, 0.459
1537, 0.1185, 0.453
1538, 0.0763, 0.458
1539, 0.0914, 0.467
1540, 0.1254, 0.460
1541, 0.1153, 0.453
1542, 0.1287, 0.458
1543, 0.1299, 0.454
1544, 0.1570, 0.460
1545, 0.0794, 0.460
1546, 0.1109, 0.455
1547, 0.1822, 0.457
1548, 0.1254, 0.452
1549, 0.2586, 0.452
1550, 0.2051, 0.452
1551, 0.1268, 0.460
1552, 0.1203, 0.467
1553, 0.1749, 0.456
1554, 0.1075, 0.466
1555, 0.1488, 0.481
1556, 0.1673, 0.451
1557, 0.0884, 0.458
1558, 0.0420, 0.455
1559, 0.1396, 0.480
1560, 0.0794, 0.475
1561, 0.1967, 0.475
1562, 0.1387, 0.480
1563, 0.1173, 0.480
1564, 0.1112, 0.474
1565, 0.1550, 0.477
1566, 0.2074, 0.477
1567, 0.1814, 0.451
1568, 0.1599, 0.449
1569, 0.1942, 0.473
1570, 0.1375, 0.474
1571, 0.1479, 0.483
1572, 0.1449, 0.481
1573, 0.0680, 0.467
1574, 0.1480, 0.471
1575, 0.0964, 0.461
1576, 0.1535, 0.455
1577, 0.1417, 0.483
1578, 0.1966, 0.492
1579, 0.1557, 0.476
1580, 0.1147, 0.471
1581, 0.1484, 0.452
1582, 0.1369, 0.448
1583, 0.1028, 0.448
1584, 0.0547, 0.454
1585, 0.1013, 0.456
1586, 0.0911, 0.454
1587, 0.0855, 0.453
1588, 0.1340, 0.478
1589, 0.0733, 0.479
1590, 0.2519, 0.475
1591, 0.1819, 0.467
1592, 0.1215, 0.462
1593, 0.1918, 0.454
1594, 0.1593, 0.459
1595, 0.1035, 0.448
1596, 0.1429, 0.476
1597, 0.1521, 0.476
1598, 0.1429, 0.472
1599, 0.2205, 0.463
1600, 0.1498, 0.460
1601, 0.1589, 0.444
1602, 0.1412, 0.465
1603, 0.1325, 0.456
1604, 0.1204, 0.456
1605, 0.1041, 0.472
1606, 0.1328, 0.455
1607, 0.1053, 0.455
1608, 0.1829, 0.461
1609, 0.1639, 0.455
1610, 0.0275, 0.484
1611, 0.1532, 0.452
1612, 0.1286, 0.450
1613, 0.0938, 0.449
1614, 0.1796, 0.516
1615, 0.1602, 0.576
1616, 0.1271, 0.455
1617, 0.1479, 0.452
1618, 0.2019, 0.479
1619, 0.2099, 0.471
1620, 0.1886, 0.479
1621, 0.1451, 0.478
1622, 0.2200, 0.483
1623, 0.1397, 0.470
1624, 0.1347, 0.464
1625, 0.2125, 0.468
1626, 0.1574, 0.463
1627, 0.1805, 0.469
1628, 0.1434, 0.461
1629, 0.1522, 0.472
1630, 0.1394, 0.463
1631, 0.1159, 0.470
1632, 0.0755, 0.460
1633, 0.1558, 0.457
1634, 0.1429, 0.454
1635, 0.1707, 0.457
1636, 0.1538, 0.462
1637, 0.1907, 0.463
1638, 0.2262, 0.457
1639, 0.1321, 0.462
1640, 0.1520, 0.467
1641, 0.2269, 0.460
1642, 0.1582, 0.453
1643, 0.1029, 0.456
1644, 0.1806, 0.456
1645, 0.1491, 0.459
1646, 0.1125, 0.456
1647, 0.2017, 0.470
1648, 0.1946, 0.456
1649, 0.1246, 0.452
1650, 0.1852, 0.450
1651, 0.1536, 0.452
1652, 0.1267, 0.457
1653, 0.0816, 0.458
1654, 0.1590, 0.461
1655, 0.1822, 0.452
1656, 0.0964, 0.461
1657, 0.1618, 0.468
1658, 0.0551, 0.458
1659, 0.2140, 0.468
1660, 0.1247, 0.457
1661, 0.0661, 0.468
1662, 0.1474, 0.455
1663, 0.1832, 0.457
1664, 0.1306, 0.455
1665, 0.0710, 0.451
1666, 0.1652, 0.466
1667, 0.1935, 0.450
1668, 0.0855, 0.456
1669, 0.1635, 0.449
1670, 0.1140, 0.447
1671, 0.2252, 0.449
1672, 0.2030, 0.450
1673, 0.1516, 0.449
1674, 0.0934, 0.451
1675, 0.1438, 0.457
1676, 0.1211, 0.466
1677, 0.1431, 0.456
1678, 0.1187, 0.489
1679, 0.1350, 0.455
1680, 0.1077, 0.451
1681, 0.1240, 0.460
1682, 0.2063, 0.460
1683, 0.1692, 0.454
1684, 0.1324, 0.450
1685, 0.1619, 0.450
1686, 0.1807, 0.457
1687, 0.1644, 0.452
1688, 0.1292, 0.447
1689, 0.1143, 0.445
1690, 0.1575, 0.450
1691, 0.1157, 0.460
1692, 0.1316, 0.466
1693, 0.1497, 0.449
1694, 0.1359, 0.450
1695, 0.1659, 0.451
1696, 0.0750, 0.452
1697, 0.1363, 0.455
1698, 0.1157, 0.455
1699, 0.0764, 0.454
1700, 0.1541, 0.452
1701, 0.1340, 0.453
1702, 0.2036, 0.455
1703, 0.1207, 0.448
1704, 0.1896, 0.449
1705, 0.1692, 0.445
1706, 0.1519, 0.449
1707, 0.1413, 0.452
1708, 0.1372, 0.449
1709, 0.1289, 0.465
1710, 0.1499, 0.452
1711, 0.0991, 0.454
1712, 0.0906, 0.457
1713, 0.1742, 0.458
1714, 0.0821, 0.456
1715, 0.0561, 0.449
1716, 0.0935, 0.452
1717, 0.1520, 0.452
1718, 0.1815, 0.451
1719, 0.1720, 0.451
1720, 0.1622, 0.468
1721, 0.1244, 0.453
1722, 0.2459, 0.450
1723, 0.1261, 0.454
1724, 0.0973, 0.451
1725, 0.0918, 0.452
1726, 0.1321, 0.452
1727, 0.1367, 0.458
1728, 0.0477, 0.456
1729, 0.1486, 0.454
1730, 0.0882, 0.470
1731, 0.1079, 0.455
1732, 0.0795, 0.459
1733, 0.0949, 0.459
1734, 0.0874, 0.464
1735, 0.2065, 0.455
1736, 0.1108, 0.454
1737, 0.1323, 0.466
1738, 0.2515, 0.452
1739, 0.1299, 0.479
1740, 0.1674, 0.462
1741, 0.1411, 0.452
1742, 0.1581, 0.459
1743, 0.1409, 0.465
1744, 0.1236, 0.468
1745, 0.1117, 0.463
1746, 0.2181, 0.462
1747, 0.1222, 0.473
1748, 0.0919, 0.451
1749, 0.1897, 0.448
1750, 0.1553, 0.457
1751, 0.1084, 0.479
1752, 0.2004, 0.453
1753, 0.1728, 0.449
1754, 0.1569, 0.450
1755, 0.1230, 0.450
1756, 0.1567, 0.457
1757, 0.1668, 0.454
1758, 0.0785, 0.455
1759, 0.1149, 0.445
1760, 0.1330, 0.449
1761, 0.1992, 0.449
1762, 0.1222, 0.453
1763, 0.1910, 0.450
1764, 0.1887, 0.457
1765, 0.3117, 0.456
1766, 0.1286, 0.470
1767, 0.2706, 0.459
1768, 0.4103, 0.473
1769, 0.1751, 0.461
1770, 0.1246, 0.454
1771, 0.1523, 0.473
1772, 0.1899, 0.451
1773, 0.1292, 0.450
1774, 0.1772, 0.473
1775, 0.1713, 0.470
1776, 0.1430, 0.473
1777, 0.1677, 0.468
1778, 0.0635, 0.470
1779, 0.1185, 0.454
1780, 0.1791, 0.480
1781, 0.1545, 0.483
1782, 0.1484, 0.469
1783, 0.2027, 0.465
1784, 0.1880, 0.461
1785, 0.1218, 0.457
1786, 0.1912, 0.496
1787, 0.1211, 0.454
1788, 0.1349, 0.476
1789, 0.2256, 0.479
1790, 0.1553, 0.453
1791, 0.1011, 0.446
1792, 0.1197, 0.456
1793, 0.1486, 0.453
1794, 0.0974, 0.480
1795, 0.1236, 0.475
1796, 0.1387, 0.488
1797, 0.1656, 0.458
1798, 0.1039, 0.444
1799, 0.1960, 0.429
1800, 0.1509, 0.430
1801, 0.0789, 0.455
1802, 0.1438, 0.458
1803, 0.1834, 0.453
1804, 0.1122, 0.455
1805, 0.1351, 0.451
1806, 0.1522, 0.446
1807, 0.1747, 0.452
1808, 0.1274, 0.450
1809, 0.1597, 0.496
1810, 0.1724, 0.571
1811, 0.1057, 0.469
1812, 0.1190, 0.459
1813, 0.1425, 0.457
1814, 0.1117, 0.458
1815, 0.1230, 0.471
1816, 0.2605, 0.468
1817, 0.2817, 0.479
1818, 0.1069, 0.464
1819, 0.1316, 0.457
1820, 0.0920, 0.463
1821, 0.0732, 0.472
1822, 0.0523, 0.473
1823, 0.0904, 0.456
1824, 0.1136, 0.468
1825, 0.1429, 0.476
1826, 0.2226, 0.462
1827, 0.1309, 0.460
1828, 0.1271, 0.454
1829, 0.2713, 0.449
1830, 0.1739, 0.461
1831, 0.2067, 0.460
1832, 0.1047, 0.466
1833, 0.1478, 0.465
1834, 0.0875, 0.457
1835, 0.1857, 0.446
1836, 0.1987, 0.443
1837, 0.1838, 0.447
1838, 0.2202, 0.468
1839, 0.1033, 0.456
1840, 0.1096, 0.461
1841, 0.1352, 0.453
1842, 0.1605, 0.451
1843, 0.1271, 0.450
1844, 0.1610, 0.453
1845, 0.1091, 0.453
1846, 0.1241, 0.458
1847, 0.0901, 0.470
1848, 0.0997, 0.461
1849, 0.0830, 0.465
1850, 0.0622, 0.463
1851, 0.1799, 0.454
1852, 0.1200, 0.477
1853, 0.1607, 0.463
1854, 0.0583, 0.454
1855, 0.1123, 0.458
1856, 0.1102, 0.485
1857, 0.0891, 0.457
1858, 0.0667, 0.456
1859, 0.1670, 0.451
1860, 0.0988, 0.447
1861, 0.0750, 0.454
1862, 0.0965, 0.464
1863, 0.0856, 0.475
1864, 0.1677, 0.462
1865, 0.1586, 0.458
1866, 0.0869, 0.457
1867, 0.1360, 0.457
1868, 0.1657, 0.471
1869, 0.2638, 0.471
1870, 0.1354, 0.469
1871, 0.2122, 0.455
1872, 0.1441, 0.454
1873, 0.0978, 0.467
1874, 0.1451, 0.455
1875, 0.1360, 0.455
1876, 0.1173, 0.467
1877, 0.1378, 0.451
1878, 0.2002, 0.463
1879, 0.1364, 0.456
1880, 0.1325, 0.458
1881, 0.1713, 0.465
1882, 0.2439, 0.452
1883, 0.1109, 0.449
1884, 0.0670, 0.456
1885, 0.1787, 0.456
1886, 0.1022, 0.455
1887, 0.1043, 0.455
1888, 0.1896, 0.446
1889, 0.1423, 0.447
1890, 0.2179, 0.451
1891, 0.2080, 0.459
1892, 0.1615, 0.450
1893, 0.1199, 0.451
1894, 0.1764, 0.450
1895, 0.1734, 0.453
1896, 0.0813, 0.451
1897, 0.1905, 0.448
1898, 0.0796, 0.454
1899, 0.0992, 0.457
1900, 0.0856, 0.448
1901, 0.0656, 0.447
1902, 0.1616, 0.458
1903, 0.1529, 0.455
1904, 0.1689, 0.450
1905, 0.0601, 0.457
1906, 0.0743, 0.457
1907, 0.1246, 0.453
1908, 0.1289, 0.447
1909, 0.1410, 0.451
1910, 0.0741, 0.465
1911, 0.0827, 0.468
1912, 0.1416, 0.457
1913, 0.1192, 0.456
1914, 0.1577, 0.469
1915, 0.1546, 0.461
1916, 0.1280, 0.458
1917, 0.1831, 0.452
1918, 0.2342, 0.463
1919, 0.1683, 0.456
1920, 0.0947, 0.453
1921, 0.1333, 0.451
1922, 0.1343, 0.450
1923, 0.1983, 0.451
1924, 0.2241, 0.450
1925, 0.2022, 0.459
1926, 0.2712, 0.469
1927, 0.2785, 0.456
1928, 0.1474, 0.464
1929, 0.1304, 0.450
1930, 0.1011, 0.459
1931, 0.1580, 0.450
1932, 0.1428, 0.450
1933, 0.1211, 0.451
1934, 0.0902, 0.455
1935, 0.1238, 0.452
1936, 0.1464, 0.457
1937, 0.1611, 0.453
1938, 0.1674, 0.451
1939, 0.1289, 0.465
1940, 0.1776, 0.451
1941, 0.1976, 0.454
1942, 0.1445, 0.454
1943, 0.1453, 0.452
1944, 0.3151, 0.452
1945, 0.1943, 0.450
1946, 0.1027, 0.455
1947, 0.1310, 0.466
1948, 0.1077, 0.452
1949, 0.1431, 0.478
1950, 0.0595, 0.453
1951, 0.1487, 0.457
1952, 0.1606, 0.448
1953, 0.1679, 0.447
1954, 0.1354, 0.453
1955, 0.1122, 0.462
1956, 0.1217, 0.463
1957, 0.0875, 0.452
1958, 0.1702, 0.452
1959, 0.1975, 0.450
1960, 0.1624, 0.448
1961, 0.1993, 0.448
1962, 0.1300, 0.456
1963, 0.1361, 0.455
1964, 0.1008, 0.458
1965, 0.0860, 0.461
1966, 0.1031, 0.452
1967, 0.0436, 0.457
1968, 0.1486, 0.453
1969, 0.1813, 0.451
1970, 0.1659, 0.431
1971, 0.0944, 0.429
1972, 0.1663, 0.457
1973, 0.1424, 0.450
1974, 0.0622, 0.449
1975, 0.1629, 0.435
1976, 0.0393, 0.456
1977, 0.1794, 0.448
1978, 0.1165, 0.457
1979, 0.1644, 0.456
1980, 0.1314, 0.466
1981, 0.1851, 0.477
1982, 0.1513, 0.452
1983, 0.1442, 0.448
1984, 0.1015, 0.453
1985, 0.1645, 0.434
1986, 0.1724, 0.448
1987, 0.1813, 0.450
1988, 0.1474, 0.464
1989, 0.1092, 0.477
1990, 0.1238, 0.460
1991, 0.2024, 0.470
1992, 0.1876, 0.474
1993, 0.1576, 0.467
1994, 0.1096, 0.452
1995, 0.2608, 0.462
1996, 0.2514, 0.462
1997, 0.1674, 0.458
1998, 0.1904, 0.458
1999, 0.1145, 0.457
2000, 0.0572, 0.460
2001, 0.1156, 0.447
2002, 0.1874, 0.454
2003, 0.1414, 0.456
2004, 0.1222, 0.541
2005, 0.0841, 0.472
2006, 0.1064, 0.459
2007, 0.0437, 0.457
2008, 0.2229, 0.453
2009, 0.1412, 0.485
2010, 0.1636, 0.549
2011, 0.0905, 0.465
2012, 0.2239, 0.461
2013, 0.1416, 0.458
2014, 0.1304, 0.467
2015, 0.1299, 0.464
2016, 0.1716, 0.459
2017, 0.1039, 0.464
2018, 0.2197, 0.465
2019, 0.1311, 0.481
2020, 0.1125, 0.454
2021, 0.0983, 0.454
2022, 0.1504, 0.454
2023, 0.1641, 0.465
2024, 0.1474, 0.463
2025, 0.1118, 0.451
2026, 0.1606, 0.462
2027, 0.1375, 0.453
2028, 0.1494, 0.453
2029, 0.1104, 0.463
2030, 0.0706, 0.447
2031, 0.1000, 0.448
2032, 0.1109, 0.452
2033, 0.1731, 0.445
2034, 0.1104, 0.468
2035, 0.1273, 0.455
2036, 0.1906, 0.450
2037, 0.1420, 0.451
2038, 0.1684, 0.453
2039, 0.1205, 0.456
2040, 0.1292, 0.456
2041, 0.3122, 0.455
2042, 0.2768, 0.456
2043, 0.0736, 0.454
2044, 0.1128, 0.452
2045, 0.0660, 0.448
2046, 0.0824, 0.452
2047, 0.1704, 0.450
2048, 0.1018, 0.455
2049, 0.1166, 0.451
2050, 0.1444, 0.446
2051, 0.0829, 0.453
2052, 0.1242, 0.465
2053, 0.1491, 0.460
2054, 0.1797, 0.460
2055, 0.0579, 0.473
2056, 0.1262, 0.467
2057, 0.1525, 0.452
2058, 0.1510, 0.457
2059, 0.2050, 0.461
2060, 0.1484, 0.448
2061, 0.1474, 0.449
2062, 0.1651, 0.452
2063, 0.0551, 0.447
2064, 0.1805, 0.446
2065, 0.1378, 0.458
2066, 0.1583, 0.455
2067, 0.2280, 0.454
2068, 0.1348, 0.453
2069, 0.1503, 0.471
2070, 0.1029, 0.453
2071, 0.1732, 0.447
2072, 0.1232, 0.451
2073, 0.1413, 0.449
2074, 0.0804, 0.448
2075, 0.1799, 0.455
2076, 0.0989, 0.458
2077, 0.0831, 0.460
2078, 0.0818, 0.456
2079, 0.1631, 0.457
2080, 0.0957, 0.468
2081, 0.1056, 0.460
2082, 0.1036, 0.460
2083, 0.0829, 0.446
2084, 0.0503, 0.453
2085, 0.0918, 0.470
2086, 0.1129, 0.455
2087, 0.1115, 0.451
2088, 0.1341, 0.453
2089, 0.1090, 0.454
2090, 0.1455, 0.448
2091, 0.1542, 0.465
2092, 0.2101, 0.453
2093, 0.1067, 0.450
2094, 0.1668, 0.451
2095, 0.1159, 0.453
2096, 0.1190, 0.464
2097, 0.1137, 0.492
2098, 0.1381, 0.447
2099, 0.1473, 0.445
2100, 0.0907, 0.451
2101, 0.0852, 0.451
2102, 0.1015, 0.455
2103, 0.2575, 0.469
2104, 0.1063, 0.453
2105, 0.1316, 0.450
2106, 0.0898, 0.459
2107, 0.0897, 0.467
2108, 0.0674, 0.456
2109, 0.0771, 0.460
2110, 0.1649, 0.473
2111, 0.1645, 0.462
2112, 0.1933, 0.462
2113, 0.1404, 0.456
2114, 0.1281, 0.457
2115, 0.0568, 0.465
2116, 0.2584, 0.449
2117, 0.1330, 0.455
2118, 0.1035, 0.454
2119, 0.1754, 0.455
2120, 0.1720, 0.451
2121, 0.1594, 0.451
2122, 0.1956, 0.452
2123, 0.1231, 0.452
2124, 0.1675, 0.448
2125, 0.0876, 0.450
2126, 0.2200, 0.455
2127, 0.0806, 0.456
2128, 0.1394, 0.466
2129, 0.1650, 0.488
2130, 0.1051, 0.453
2131, 0.1070, 0.458
2132, 0.1239, 0.452
2133, 0.1067, 0.459
2134, 0.2727, 0.464
2135, 0.2539, 0.456
2136, 0.2194, 0.456
2137, 0.1925, 0.454
2138, 0.1038, 0.454
2139, 0.0624, 0.458
2140, 0.1384, 0.454
2141, 0.1504, 0.458
2142, 0.1111, 0.455
2143, 0.1435, 0.453
2144, 0.1000, 0.457
2145, 0.1377, 0.443
2146, 0.0962, 0.451
2147, 0.1120, 0.479
2148, 0.1506, 0.462
2149, 0.1283, 0.458
2150, 0.0785, 0.455
2151, 0.1111, 0.460
2152, 0.1577, 0.482
2153, 0.1602, 0.480
2154, 0.1862, 0.477
2155, 0.2036, 0.477
2156, 0.1575, 0.482
2157, 0.2152, 0.487
2158, 0.1701, 0.456
2159, 0.1234, 0.459
2160, 0.1451, 0.465
2161, 0.1487, 0.464
2162, 0.0533, 0.456
2163, 0.1287, 0.456
2164, 0.2062, 0.460
2165, 0.0860, 0.462
2166, 0.0862, 0.454
2167, 0.1236, 0.457
2168, 0.2623, 0.460
2169, 0.1159, 0.458
2170, 0.1247, 0.457
2171, 0.1522, 0.460
2172, 0.1358, 0.457
2173, 0.2061, 0.455
2174, 0.1571, 0.455
2175, 0.2066, 0.460
2176, 0.1832, 0.469
2177, 0.1983, 0.464
2178, 0.1742, 0.460
2179, 0.1743, 0.458
2180, 0.1323, 0.458
2181, 0.1304, 0.481
2182, 0.0933, 0.466
2183, 0.1055, 0.466
2184, 0.1905, 0.471
2185, 0.1865, 0.472
2186, 0.0605, 0.452
2187, 0.0979, 0.457
2188, 0.1198, 0.451
2189, 0.1607, 0.468
2190, 0.1260, 0.451
2191, 0.1172, 0.449
2192, 0.2354, 0.452
2193, 0.1499, 0.460
2194, 0.0722, 0.428
2195, 0.0913, 0.431
2196, 0.1204, 0.434
2197, 0.1000, 0.457
2198, 0.1455, 0.451
2199, 0.1983, 0.454
2200, 0.1843, 0.488
2201, 0.1645, 0.425
2202, 0.0972, 0.463
2203, 0.1654, 0.462
2204, 0.1862, 0.462
2205, 0.1555, 0.477
2206, 0.1125, 0.462
2207, 0.0696, 0.468
2208, 0.0999, 0.468
2209, 0.0826, 0.513
2210, 0.1458, 0.464
2211, 0.1654, 0.477
2212, 0.2138, 0.462
2213, 0.1283, 0.460
2214, 0.1602, 0.474
2215, 0.1426, 0.467
2216, 0.0838, 0.465
2217, 0.1095, 0.481
2218, 0.1812, 0.476
2219, 0.1052, 0.464
2220, 0.0817, 0.463
2221, 0.1864, 0.453
2222, 0.1710, 0.460
2223, 0.1794, 0.463
2224, 0.1154, 0.450
2225, 0.1433, 0.461
2226, 0.1434, 0.453
2227, 0.1235, 0.462
2228, 0.1215, 0.459
2229, 0.1105, 0.458
2230, 0.1137, 0.452
2231, 0.1760, 0.455
2232, 0.1000, 0.452
2233, 0.1347, 0.433
2234, 0.1502, 0.453
2235, 0.0897, 0.456
2236, 0.0753, 0.463
2237, 0.1643, 0.459
2238, 0.0997, 0.457
2239, 0.1467, 0.451
2240, 0.1166, 0.453
2241, 0.1173, 0.458
2242, 0.1644, 0.455
2243, 0.1199, 0.450
2244, 0.1018, 0.447
2245, 0.1441, 0.450
2246, 0.1289, 0.453
2247, 0.0936, 0.446
2248, 0.0843, 0.451
2249, 0.1387, 0.449
2250, 0.1649, 0.456
2251, 0.1089, 0.478
2252, 0.1044, 0.455
2253, 0.1705, 0.452
2254, 0.2109, 0.450
2255, 0.1670, 0.448
2256, 0.1673, 0.444
2257, 0.1116, 0.449
2258, 0.0580, 0.448
2259, 0.0814, 0.448
2260, 0.0463, 0.453
2261, 0.1824, 0.449
2262, 0.1665, 0.448
2263, 0.1218, 0.454
2264, 0.1545, 0.443
2265, 0.1476, 0.456
2266, 0.1891, 0.449
2267, 0.1158, 0.454
2268, 0.1664, 0.453
2269, 0.1243, 0.450
2270, 0.1017, 0.447
2271, 0.1319, 0.445
2272, 0.1374, 0.451
2273, 0.1195, 0.454
2274, 0.1357, 0.450
2275, 0.1674, 0.462
2276, 0.1828, 0.453
2277, 0.1625, 0.463
2278, 0.1337, 0.447
2279, 0.1728, 0.448
2280, 0.2075, 0.451
2281, 0.2198, 0.453
2282, 0.2052, 0.456
2283, 0.1262, 0.457
2284, 0.1336, 0.453
2285, 0.1359, 0.451
2286, 0.1632, 0.455
2287, 0.2032, 0.448
2288, 0.1677, 0.453
2289, 0.1783, 0.448
2290, 0.1166, 0.462
2291, 0.0971, 0.447
2292, 0.0947, 0.447
2293, 0.1180, 0.453
2294, 0.1173, 0.451
2295, 0.1030, 0.455
2296, 0.0964, 0.451
2297, 0.1351, 0.456
2298, 0.1942, 0.452
2299, 0.1824, 0.452
2300, 0.1404, 0.452
2301, 0.1359, 0.443
2302, 0.1261, 0.450
2303, 0.2273, 0.443
2304, 0.1270, 0.447
2305, 0.1245, 0.451
2306, 0.1241, 0.446
2307, 0.2072, 0.455
2308, 0.1210, 0.446
2309, 0.1691, 0.448
2310, 0.0901, 0.447
2311, 0.2187, 0.451
2312, 0.1274, 0.456
2313, 0.1563, 0.455
2314, 0.1834, 0.466
2315, 0.1414, 0.448
2316, 0.1711, 0.450
2317, 0.5298, 0.449
2318, 0.2237, 0.446
2319, 0.1099, 0.451
2320, 0.0500, 0.461
2321, 0.1112, 0.443
2322, 0.1758, 0.454
2323, 0.1692, 0.446
2324, 0.1721, 0.457
2325, 0.1708, 0.455
2326, 0.1117, 0.455
2327, 0.1919, 0.453
2328, 0.1835, 0.458
2329, 0.1365, 0.451
2330, 0.2976, 0.456
2331, 0.1722, 0.457
2332, 0.2719, 0.454
2333, 0.1705, 0.456
2334, 0.0783, 0.454
2335, 0.1637, 0.452
2336, 0.1835, 0.515
2337, 0.1637, 0.447
2338, 0.2038, 0.450
2339, 0.1153, 0.446
2340, 0.1950, 0.448
2341, 0.1070, 0.452
2342, 0.1004, 0.448
2343, 0.1445, 0.469
2344, 0.1778, 0.462
2345, 0.2008, 0.479
2346, 0.1980, 0.470
2347, 0.1308, 0.457
2348, 0.1839, 0.458
2349, 0.1975, 0.459
2350, 0.1404, 0.458
2351, 0.0951, 0.455
2352, 0.1470, 0.454
2353, 0.0784, 0.452
2354, 0.1898, 0.454
2355, 0.1585, 0.455
2356, 0.0914, 0.453
2357, 0.1968, 0.451
2358, 0.0454, 0.448
2359, 0.2124, 0.450
2360, 0.1163, 0.460
2361, 0.1504, 0.462
2362, 0.1295, 0.452
2363, 0.1455, 0.456
2364, 0.1564, 0.454
2365, 0.1205, 0.454
2366, 0.1806, 0.452
2367, 0.1537, 0.453
2368, 0.1208, 0.449
2369, 0.1363, 0.448
2370, 0.1787, 0.454
2371, 0.1131, 0.453
2372, 0.0690, 0.453
2373, 0.1500, 0.454
2374, 0.1374, 0.451
2375, 0.2296, 0.456
2376, 0.1664, 0.452
2377, 0.1538, 0.469
2378, 0.1063, 0.455
2379, 0.1513, 0.460
2380, 0.1523, 0.456
2381, 0.1766, 0.458
2382, 0.1713, 0.475
2383, 0.1850, 0.455
2384, 0.1092, 0.451
2385, 0.1530, 0.451
2386, 0.1661, 0.525
2387, 0.1272, 0.447
2388, 0.1306, 0.451
2389, 0.1592, 0.455
2390, 0.1252, 0.454
2391, 0.2212, 0.458
2392, 0.2820, 0.452
2393, 0.2067, 0.455
2394, 0.0951, 0.456
2395, 0.0861, 0.463
2396, 0.0976, 0.458
2397, 0.1721, 0.459
2398, 0.2307, 0.457
2399, 0.1466, 0.464
2400, 0.0918, 0.461
2401, 0.0391, 0.449
2402, 0.2419, 0.465
2403, 0.1407, 0.449
2404, 0.1343, 0.460
2405, 0.2043, 0.477
2406, 0.1432, 0.450
2407, 0.1567, 0.455
2408, 0.1183, 0.455
2409, 0.1230, 0.454
2410, 0.1597, 0.553
2411, 0.1535, 0.456
2412, 0.1306, 0.458
2413, 0.0838, 0.471
2414, 0.1539, 0.458
2415, 0.1320, 0.453
2416, 0.1229, 0.458
2417, 0.1723, 0.459
2418, 0.0556, 0.460
2419, 0.1260, 0.460
2420, 0.1513, 0.472
2421, 0.2319, 0.453
2422, 0.2584, 0.459
2423, 0.1523, 0.461
2424, 0.1125, 0.468
2425, 0.1191, 0.449
2426, 0.1515, 0.455
2427, 0.2114, 0.460
2428, 0.0913, 0.451
2429, 0.0695, 0.454
2430, 0.1449, 0.458
2431, 0.0893, 0.457
2432, 0.0871, 0.459
2433, 0.1304, 0.456
2434, 0.1839, 0.457
2435, 0.1307, 0.458
2436, 0.1869, 0.458
2437, 0.1807, 0.467
2438, 0.0777, 0.455
2439, 0.1128, 0.469
2440, 0.1283, 0.458
2441, 0.1247, 0.458
2442, 0.1534, 0.455
2443, 0.1683, 0.458
2444, 0.1493, 0.457
2445, 0.1759, 0.457
2446, 0.1072, 0.452
2447, 0.1772, 0.459
2448, 0.1418, 0.470
2449, 0.1427, 0.456
2450, 0.1906, 0.452
2451, 0.1462, 0.455
2452, 0.0813, 0.457
2453, 0.1525, 0.452
2454, 0.1102, 0.453
2455, 0.1498, 0.457
2456, 0.0539, 0.453
2457, 0.1729, 0.452
2458, 0.1867, 0.451
2459, 0.1509, 0.466
2460, 0.1282, 0.461
2461, 0.1405, 0.457
2462, 0.0639, 0.452
2463, 0.1438, 0.452
2464, 0.1673, 0.456
2465, 0.1176, 0.458
2466, 0.0711, 0.453
2467, 0.0758, 0.451
2468, 0.1370, 0.451
2469, 0.1420, 0.452
2470, 0.1194, 0.447
2471, 0.1329, 0.448
2472, 0.1224, 0.449
2473, 0.0975, 0.444
2474, 0.1120, 0.447
2475, 0.1656, 0.453
2476, 0.1407, 0.447
2477, 0.1592, 0.448
2478, 0.1556, 0.445
2479, 0.1035, 0.447
2480, 0.1472, 0.448
2481, 0.1039, 0.440
2482, 0.1400, 0.449
2483, 0.2054, 0.450
2484, 0.1757, 0.454
2485, 0.1582, 0.453
2486, 0.1253, 0.451
2487, 0.2371, 0.454
2488, 0.2087, 0.445
2489, 0.0835, 0.448
2490, 0.1615, 0.447
2491, 0.1421, 0.450
2492, 0.1748, 0.448
2493, 0.1843, 0.449
2494, 0.1351, 0.449
2495, 0.0693, 0.447
2496, 0.1639, 0.445
2497, 0.1250, 0.444
2498, 0.2129, 0.452
2499, 0.2207, 0.451
2500, 0.1419, 0.434
2501, 0.1144, 0.457
2502, 0.1309, 0.449
2503, 0.1939, 0.449
2504, 0.1720, 0.447
2505, 0.0727, 0.452
2506, 0.0437, 0.451
2507, 0.0787, 0.449
2508, 0.0984, 0.448
2509, 0.0956, 0.443
2510, 0.0784, 0.444
2511, 0.1235, 0.451
2512, 0.1362, 0.469
2513, 0.1052, 0.448
2514, 0.0783, 0.455
2515, 0.1527, 0.455
2516, 0.2247, 0.449
2517, 0.1357, 0.458
2518, 0.1319, 0.481
2519, 0.0996, 0.460
2520, 0.1191, 0.461
2521, 0.1344, 0.467
2522, 0.1579, 0.489
2523, 0.1337, 0.455
2524, 0.1369, 0.459
2525, 0.0639, 0.457
2526, 0.0909, 0.455
2527, 0.1581, 0.455
2528, 0.1647, 0.457
2529, 0.1412, 0.452
2530, 0.1897, 0.453
2531, 0.1499, 0.452
2532, 0.1000, 0.460
2533, 0.0929, 0.460
2534, 0.1968, 0.459
2535, 0.0714, 0.457
2536, 0.0956, 0.455
2537, 0.1462, 0.462
2538, 0.1008, 0.456
2539, 0.1213, 0.456
2540, 0.1485, 0.464
2541, 0.1345, 0.462
2542, 0.1199, 0.453
2543, 0.1392, 0.453
2544, 0.0580, 0.452
2545, 0.1407, 0.450
2546, 0.0939, 0.448
2547, 0.0855, 0.448
2548, 0.1100, 0.447
2549, 0.1827, 0.452
2550, 0.1556, 0.456
2551, 0.1530, 0.459
2552, 0.2163, 0.453
2553, 0.0888, 0.453
2554, 0.1093, 0.455
2555, 0.1123, 0.453
2556, 0.1742, 0.455
2557, 0.1814, 0.462
2558, 0.0746, 0.463
2559, 0.0980, 0.456
2560, 0.2577, 0.458
2561, 0.0829, 0.465
2562, 0.1978, 0.454
2563, 0.1439, 0.448
2564, 0.1631, 0.450
2565, 0.1007, 0.458
2566, 0.1129, 0.453
2567, 0.1793, 0.456
2568, 0.1503, 0.456
2569, 0.1463, 0.462
2570, 0.1435, 0.548
2571, 0.1308, 0.456
2572, 0.1275, 0.456
2573, 0.1188, 0.450
2574, 0.1287, 0.449
2575, 0.1251, 0.457
2576, 0.1535, 0.459
2577, 0.0856, 0.460
2578, 0.1130, 0.451
2579, 0.1150, 0.450
2580, 0.0972, 0.452
2581, 0.1083, 0.455
2582, 0.0502, 0.451
2583, 0.1783, 0.460
2584, 0.1482, 0.457
2585, 0.1403, 0.459
2586, 0.1069, 0.457
2587, 0.1334, 0.461
2588, 0.1383, 0.458
2589, 0.1363, 0.453
2590, 0.1808, 0.450
2591, 0.0965, 0.461
2592, 0.1059, 0.454
2593, 0.1174, 0.455
2594, 0.1010, 0.463
2595, 0.1382, 0.453
2596, 0.1375, 0.454
2597, 0.1535, 0.453
2598, 0.0828, 0.450
2599, 0.1137, 0.458
2600, 0.1276, 0.459
2601, 0.1420, 0.445
2602, 0.0946, 0.457
2603, 0.1680, 0.452
2604, 0.1557, 0.456
2605, 0.1046, 0.467
2606, 0.0965, 0.461
2607, 0.1605, 0.470
2608, 0.1533, 0.460
2609, 0.0994, 0.465
2610, 0.2206, 0.499
2611, 0.1623, 0.453
2612, 0.1509, 0.461
2613, 0.1498, 0.460
2614, 0.1156, 0.458
2615, 0.1805, 0.456
2616, 0.0633, 0.463
2617, 0.1703, 0.467
2618, 0.2063, 0.466
2619, 0.1676, 0.460
2620, 0.1844, 0.461
2621, 0.1332, 0.473
2622, 0.1171, 0.459
2623, 0.0791, 0.455
2624, 0.1171, 0.458
2625, 0.1518, 0.453
2626, 0.1057, 0.447
2627, 0.0927, 0.447
2628, 0.1925, 0.461
2629, 0.1643, 0.465
2630, 0.2429, 0.450
2631, 0.1299, 0.452
2632, 0.1302, 0.455
2633, 0.1491, 0.457
2634, 0.1677, 0.458
2635, 0.1376, 0.462
2636, 0.1647, 0.457
2637, 0.1705, 0.462
2638, 0.1179, 0.457
2639, 0.0905, 0.455
2640, 0.1412, 0.444
2641, 0.1244, 0.453
2642, 0.1121, 0.451
2643, 0.1707, 0.449
2644, 0.0457, 0.456
2645, 0.1999, 0.475
2646, 0.1172, 0.451
2647, 0.1129, 0.456
2648, 0.1281, 0.460
2649, 0.0852, 0.461
2650, 0.1231, 0.463
2651, 0.1088, 0.457
2652, 0.0637, 0.457
2653, 0.1673, 0.455
2654, 0.1340, 0.458
2655, 0.2032, 0.461
2656, 0.1705, 0.453
2657, 0.1584, 0.452
2658, 0.1594, 0.453
2659, 0.1750, 0.454
2660, 0.1155, 0.454
2661, 0.1023, 0.450
2662, 0.1527, 0.447
2663, 0.0926, 0.447
2664, 0.1324, 0.457
2665, 0.1737, 0.458
2666, 0.1221, 0.452
2667, 0.1705, 0.453
2668, 0.1866, 0.453
2669, 0.1311, 0.459
2670, 0.1180, 0.452
2671, 0.1416, 0.449
2672, 0.1191, 0.445
2673, 0.1278, 0.445
2674, 0.1896, 0.446
2675, 0.1234, 0.444
2676, 0.1142, 0.456
2677, 0.1504, 0.449
2678, 0.1250, 0.464
2679, 0.1110, 0.455
2680, 0.0604, 0.463
2681, 0.1001, 0.449
2682, 0.1763, 0.453
2683, 0.1075, 0.451
2684, 0.0846, 0.452
2685, 0.1689, 0.449
2686, 0.2041, 0.448
2687, 0.0590, 0.452
2688, 0.1046, 0.444
2689, 0.1611, 0.445
2690, 0.1835, 0.459
2691, 0.1587, 0.453
2692, 0.1079, 0.453
2693, 0.0761, 0.464
2694, 0.0793, 0.469
2695, 0.1561, 0.453
2696, 0.0879, 0.456
2697, 0.1158, 0.450
2698, 0.1525, 0.462
2699, 0.0999, 0.466
2700, 0.4340, 0.458
2701, 0.1340, 0.451
2702, 0.1581, 0.451
2703, 0.1237, 0.448
2704, 0.1846, 0.446
2705, 0.1916, 0.442
2706, 0.1740, 0.447
2707, 0.1063, 0.450
2708, 0.1285, 0.464
2709, 0.2052, 0.459
2710, 0.1382, 0.452
2711, 0.1180, 0.450
2712, 0.1373, 0.458
2713, 0.1578, 0.449
2714, 0.1698, 0.449
2715, 0.1136, 0.455
2716, 0.1770, 0.454
2717, 0.1824, 0.457
2718, 0.2211, 0.449
2719, 0.0879, 0.461
2720, 0.0965, 0.448
2721, 0.1148, 0.453
2722, 0.0976, 0.463
2723, 0.1155, 0.452
2724, 0.0848, 0.458
2725, 0.0830, 0.456
2726, 0.0884, 0.466
2727, 0.1809, 0.469
2728, 0.0885, 0.462
2729, 0.1280, 0.459
2730, 0.1275, 0.456
2731, 0.0818, 0.461
2732, 0.0788, 0.462
2733, 0.1855, 0.460
2734, 0.1594, 0.456
2735, 0.1537, 0.452
2736, 0.1827, 0.453
2737, 0.1915, 0.449
2738, 0.1014, 0.458
2739, 0.0717, 0.460
2740, 0.1068, 0.463
2741, 0.0861, 0.463
2742, 0.1771, 0.491
2743, 0.0599, 0.455
2744, 0.1007, 0.462
2745, 0.1089, 0.479
2746, 0.0745, 0.459
2747, 0.1599, 0.458
2748, 0.2092, 0.466
2749, 0.1289, 0.462
2750, 0.0700, 0.462
2751, 0.1380, 0.453
2752, 0.1655, 0.455
2753, 0.1559, 0.460
2754, 0.1694, 0.556
2755, 0.1621, 0.454
2756, 0.1112, 0.454
2757, 0.1047, 0.455
2758, 0.1139, 0.454
2759, 0.1573, 0.458
2760, 0.1086, 0.458
2761, 0.1620, 0.455
2762, 0.1361, 0.463
2763, 0.0975, 0.459
2764, 0.1654, 0.456
2765, 0.1004, 0.452
2766, 0.1189, 0.460
2767, 0.1327, 0.462
2768, 0.0980, 0.467
2769, 0.1122, 0.451
2770, 0.0871, 0.452
2771, 0.1166, 0.461
2772, 0.1504, 0.464
2773, 0.0759, 0.460
2774, 0.1418, 0.475
2775, 0.1848, 0.460
2776, 0.1281, 0.460
2777, 0.1548, 0.464
2778, 0.1165, 0.461
2779, 0.0949, 0.465
2780, 0.0894, 0.462
2781, 0.1214, 0.471
2782, 0.1893, 0.451
2783, 0.1366, 0.458
2784, 0.1271, 0.452
2785, 0.1830, 0.452
2786, 0.1412, 0.452
2787, 0.1925, 0.450
2788, 0.1081, 0.454
2789, 0.1591, 0.461
2790, 0.1629, 0.453
2791, 0.1605, 0.458
2792, 0.0497, 0.461
2793, 0.1425, 0.465
2794, 0.1151, 0.461
2795, 0.1432, 0.459
2796, 0.1183, 0.463
2797, 0.2015, 0.468
2798, 0.0861, 0.463
2799, 0.1314, 0.455
2800, 0.0944, 0.450
2801, 0.1371, 0.448
2802, 0.0639, 0.453
2803, 0.0470, 0.458
2804, 0.1884, 0.459
2805, 0.1297, 0.456
2806, 0.1006, 0.476
2807, 0.0976, 0.458
2808, 0.0555, 0.463
2809, 0.0701, 0.456
2810, 0.0800, 0.582
2811, 0.1287, 0.456
2812, 0.1800, 0.460
2813, 0.0951, 0.457
2814, 0.1404, 0.463
2815, 0.2425, 0.458
2816, 0.1345, 0.458
2817, 0.1570, 0.471
2818, 0.1795, 0.458
2819, 0.1758, 0.481
2820, 0.0876, 0.467
2821, 0.1909, 0.459
2822, 0.1386, 0.456
2823, 0.0726, 0.463
2824, 0.1321, 0.460
2825, 0.1102, 0.461
2826, 0.1053, 0.475
2827, 0.1200, 0.463
2828, 0.1265, 0.457
2829, 0.1210, 0.450
2830, 0.1324, 0.456
2831, 0.0967, 0.450
2832, 0.0530, 0.448
2833, 0.1107, 0.441
2834, 0.0801, 0.448
2835, 0.0641, 0.455
2836, 0.1154, 0.448
2837, 0.0560, 0.461
2838, 0.1017, 0.447
2839, 0.1482, 0.447
2840, 0.0732, 0.446
2841, 0.0539, 0.446
2842, 0.1183, 0.451
2843, 0.1262, 0.444
2844, 0.1219, 0.445
2845, 0.0621, 0.449
2846, 0.0957, 0.448
2847, 0.1536, 0.450
2848, 0.1459, 0.446
2849, 0.1508, 0.445
2850, 0.1049, 0.465
2851, 0.1355, 0.450
2852, 0.1911, 0.448
2853, 0.1283, 0.452
2854, 0.0942, 0.446
2855, 0.0581, 0.451
2856, 0.1375, 0.448
2857, 0.1679, 0.446
2858, 0.1661, 0.447
2859, 0.1426, 0.447
2860, 0.1317, 0.458
2861, 0.1691, 0.454
2862, 0.1201, 0.454
2863, 0.1064, 0.457
2864, 0.0970, 0.459
2865, 0.1586, 0.448
2866, 0.1613, 0.451
2867, 0.0750, 0.456
2868, 0.1376, 0.454
2869, 0.1434, 0.452
2870, 0.1097, 0.458
2871, 0.0348, 0.449
2872, 0.0367, 0.448
2873, 0.0712, 0.441
2874, 0.0857, 0.446
2875, 0.0520, 0.451
2876, 0.0861, 0.450
2877, 0.1335, 0.464
2878, 0.1226, 0.445
2879, 0.1714, 0.454
2880, 0.1639, 0.447
2881, 0.1383, 0.449
2882, 0.0764, 0.450
2883, 0.1150, 0.452
2884, 0.0890, 0.451
2885, 0.0479, 0.455
2886, 0.1606, 0.458
2887, 0.1227, 0.456
2888, 0.1051, 0.453
2889, 0.1291, 0.456
2890, 0.1188, 0.454
2891, 0.1651, 0.458
2892, 0.1287, 0.459
2893, 0.0828, 0.458
2894, 0.1870, 0.462
2895, 0.2493, 0.459
2896, 0.1495, 0.458
2897, 0.2622, 0.454
2898, 0.0994, 0.450
2899, 0.0728, 0.462
2900, 0.0955, 0.455
2901, 0.1533, 0.459
2902, 0.1112, 0.458
2903, 0.1683, 0.454
2904, 0.1048, 0.454
2905, 0.0860, 0.455
2906, 0.1609, 0.453
2907, 0.1472, 0.453
2908, 0.1461, 0.457
2909, 0.1172, 0.463
2910, 0.2161, 0.456
2911, 0.1285, 0.454
2912, 0.1064, 0.466
2913, 0.1711, 0.446
2914, 0.1249, 0.461
2915, 0.0935, 0.452
2916, 0.0513, 0.454
2917, 0.0564, 0.451
2918, 0.1259, 0.459
2919, 0.1116, 0.467
2920, 0.1088, 0.448
2921, 0.0474, 0.454
2922, 0.0851, 0.469
2923, 0.0919, 0.474
2924, 0.0556, 0.465
2925, 0.0937, 0.458
2926, 0.0888, 0.457
2927, 0.0553, 0.457
2928, 0.0885, 0.475
2929, 0.0934, 0.459
2930, 0.0852, 0.462
2931, 0.0700, 0.461
2932, 0.0440, 0.615
2933, 0.0266, 0.459
2934, 0.0953, 0.457
2935, 0.0833, 0.456
2936, 0.0842, 0.453
2937, 0.1827, 0.454
2938, 0.0656, 0.459
2939, 0.0573, 0.461
2940, 0.0605, 0.449
2941, 0.0661, 0.466
2942, 0.0877, 0.458
2943, 0.0674, 0.459
2944, 0.1074, 0.462
2945, 0.0916, 0.456
2946, 0.1477, 0.455
2947, 0.1821, 0.463
2948, 0.1597, 0.456
2949, 0.1173, 0.456
2950, 0.1776, 0.461
2951, 0.1494, 0.456
2952, 0.1441, 0.456
2953, 0.1422, 0.459
2954, 0.0923, 0.462
2955, 0.1749, 0.466
2956, 0.1298, 0.458
2957, 0.1487, 0.455
2958, 0.1425, 0.454
2959, 0.1559, 0.454
2960, 0.1377, 0.462
2961, 0.1292, 0.453
2962, 0.1329, 0.454
2963, 0.1419, 0.459
2964, 0.0596, 0.458
2965, 0.2131, 0.461
2966, 0.1009, 0.466
2967, 0.0566, 0.457
2968, 0.1755, 0.455
2969, 0.1319, 0.460
2970, 0.1303, 0.460
2971, 0.1520, 0.464
2972, 0.1469, 0.454
2973, 0.1296, 0.453
2974, 0.1236, 0.457
2975, 0.0892, 0.459
2976, 0.1220, 0.457
2977, 0.1403, 0.454
2978, 0.2050, 0.449
2979, 0.2340, 0.449
2980, 0.2048, 0.448
2981, 0.1210, 0.454
2982, 0.1272, 0.458
2983, 0.0583, 0.459
2984, 0.1777, 0.453
2985, 0.1077, 0.455
2986, 0.1133, 0.455
2987, 0.0372, 0.456
2988, 0.1236, 0.456
2989, 0.1369, 0.459
2990, 0.1235, 0.465
2991, 0.0885, 0.455
2992, 0.1502, 0.462
2993, 0.0879, 0.458
2994, 0.1052, 0.459
2995, 0.1661, 0.458
2996, 0.1857, 0.454
2997, 0.1578, 0.458
2998, 0.1563, 0.458
2999, 0.1004, 0.462
3000, 0.1668, 0.460
3001, 0.0662, 0.456
3002, 0.0896, 0.463
3003, 0.1241, 0.468
3004, 0.1711, 0.456
3005, 0.1011, 0.460
3006, 0.0794, 0.457
3007, 0.1285, 0.461
3008, 0.0992, 0.456
3009, 0.1366, 0.468
3010, 0.1142, 0.523
3011, 0.1844, 0.450
3012, 0.0848, 0.451
3013, 0.0908, 0.457
3014, 0.0754, 0.477
3015, 0.1664, 0.469
3016, 0.0870, 0.473
3017, 0.1035, 0.467
3018, 0.1564, 0.473
3019, 0.1902, 0.462
3020, 0.1668, 0.460
3021, 0.1331, 0.462
3022, 0.1199, 0.458
3023, 0.0996, 0.460
3024, 0.1021, 0.464
3025, 0.1485, 0.460
3026, 0.1672, 0.464
3027, 0.1091, 0.456
3028, 0.2072, 0.452
3029, 0.0675, 0.462
3030, 0.1023, 0.455
3031, 0.1312, 0.455
3032, 0.1473, 0.455
3033, 0.1579, 0.450
3034, 0.1314, 0.452
3035, 0.0897, 0.456
3036, 0.1648, 0.457
3037, 0.1126, 0.443
3038, 0.1263, 0.449
3039, 0.2263, 0.453
3040, 0.1625, 0.447
3041, 0.0894, 0.449
3042, 0.0513, 0.445
3043, 0.1151, 0.446
3044, 0.0579, 0.446
3045, 0.0901, 0.456
3046, 0.1072, 0.456
3047, 0.1139, 0.450
3048, 0.1638, 0.460
3049, 0.1082, 0.453
3050, 0.0918, 0.447
3051, 0.1809, 0.458
3052, 0.1263, 0.457
3053, 0.1149, 0.455
3054, 0.1129, 0.457
3055, 0.1202, 0.456
3056, 0.1662, 0.461
3057, 0.1481, 0.453
3058, 0.1739, 0.454
3059, 0.1024, 0.457
3060, 0.2235, 0.462
3061, 0.1806, 0.459
3062, 0.1592, 0.456
3063, 0.1529, 0.454
3064, 0.1926, 0.456
3065, 0.1074, 0.466
3066, 0.1015, 0.460
3067, 0.0876, 0.457
3068, 0.1048, 0.457
3069, 0.1536, 0.458
3070, 0.0643, 0.470
3071, 0.0895, 0.458
3072, 0.0995, 0.456
3073, 0.1326, 0.454
3074, 0.0886, 0.452
3075, 0.1862, 0.454
3076, 0.1080, 0.454
3077, 0.1947, 0.463
3078, 0.0941, 0.454
3079, 0.0822, 0.457
3080, 0.1050, 0.458
3081, 0.1641, 0.461
3082, 0.0890, 0.456
3083, 0.1256, 0.455
3084, 0.1362, 0.454
3085, 0.1076, 0.475
3086, 0.2300, 0.456
3087, 0.2325, 0.464
3088, 0.2365, 0.461
3089, 0.1950, 0.453
3090, 0.1724, 0.454
3091, 0.1143, 0.462
3092, 0.1862, 0.456
3093, 0.1730, 0.455
3094, 0.2519, 0.474
3095, 0.1653, 0.462
3096, 0.1233, 0.458
3097, 0.1107, 0.463
3098, 0.1115, 0.452
3099, 0.1673, 0.455
3100, 0.0693, 0.457
3101, 0.0567, 0.453
3102, 0.0646, 0.470
3103, 0.1245, 0.462
3104, 0.1625, 0.459
3105, 0.1846, 0.455
3106, 0.0797, 0.458
3107, 0.1690, 0.456
3108, 0.1229, 0.455
3109, 0.1337, 0.458
3110, 0.0819, 0.462
3111, 0.1814, 0.463
3112, 0.1910, 0.458
3113, 0.0941, 0.462
3114, 0.1646, 0.457
3115, 0.1209, 0.464
3116, 0.1903, 0.507
3117, 0.2202, 0.459
3118, 0.1134, 0.453
3119, 0.1453, 0.454
3120, 0.0993, 0.458
3121, 0.1663, 0.455
3122, 0.1108, 0.454
3123, 0.0954, 0.461
3124, 0.1529, 0.459
3125, 0.0905, 0.478
3126, 0.1015, 0.462
3127, 0.1117, 0.461
3128, 0.1007, 0.460
3129, 0.1527, 0.458
3130, 0.0909, 0.454
3131, 0.0937, 0.459
3132, 0.1142, 0.466
3133, 0.1263, 0.456
3134, 0.0708, 0.466
3135, 0.2044, 0.544
3136, 0.1120, 0.458
3137, 0.1734, 0.453
3138, 0.1100, 0.446
3139, 0.1480, 0.452
3140, 0.1741, 0.451
3141, 0.1001, 0.468
3142, 0.0836, 0.458
3143, 0.1450, 0.453
3144, 0.1715, 0.455
3145, 0.1749, 0.462
3146, 0.1473, 0.455
3147, 0.0569, 0.456
3148, 0.1027, 0.456
3149, 0.1481, 0.459
3150, 0.1335, 0.457
3151, 0.1079, 0.458
3152, 0.0887, 0.458
3153, 0.1848, 0.455
3154, 0.1021, 0.456
3155, 0.0888, 0.452
3156, 0.0730, 0.447
3157, 0.0752, 0.453
3158, 0.0926, 0.463
3159, 0.1257, 0.459
3160, 0.1369, 0.453
3161, 0.1914, 0.456
3162, 0.1656, 0.472
3163, 0.1315, 0.456
3164, 0.0574, 0.478
3165, 0.0603, 0.457
3166, 0.0456, 0.463
3167, 0.0423, 0.462
3168, 0.0489, 0.463
3169, 0.0879, 0.456
3170, 0.0500, 0.461
3171, 0.0724, 0.458
3172, 0.1000, 0.456
3173, 0.1125, 0.454
3174, 0.1629, 0.460
3175, 0.1254, 0.457
3176, 0.1468, 0.457
3177, 0.1995, 0.455
3178, 0.0971, 0.462
3179, 0.0834, 0.464
3180, 0.1533, 0.483
3181, 0.1841, 0.458
3182, 0.1263, 0.456
3183, 0.1433, 0.456
3184, 0.1843, 0.458
3185, 0.1721, 0.457
3186, 0.1250, 0.453
3187, 0.0611, 0.451
3188, 0.0837, 0.448
3189, 0.0617, 0.459
3190, 0.0309, 0.473
3191, 0.1633, 0.457
3192, 0.1861, 0.474
3193, 0.1342, 0.473
3194, 0.0815, 0.481
3195, 0.1220, 0.468
3196, 0.0579, 0.462
3197, 0.1037, 0.459
3198, 0.1296, 0.458
3199, 0.1998, 0.460
3200, 0.1312, 0.458
3201, 0.1549, 0.451
3202, 0.2258, 0.457
3203, 0.0668, 0.461
3204, 0.0411, 0.457
3205, 0.1267, 0.473
3206, 0.1124, 0.452
3207, 0.2076, 0.455
3208, 0.1711, 0.455
3209, 0.1893, 0.459
3210, 0.1827, 0.468
3211, 0.0775, 0.489
3212, 0.1573, 0.462
3213, 0.0952, 0.462
3214, 0.1662, 0.458
3215, 0.1028, 0.459
3216, 0.1570, 0.459
3217, 0.1619, 0.457
3218, 0.0830, 0.465
3219, 0.1077, 0.462
3220, 0.0818, 0.457
3221, 0.1081, 0.457
3222, 0.2005, 0.450
3223, 0.2255, 0.470
3224, 0.1549, 0.462
3225, 0.1032, 0.466
3226, 0.1010, 0.462
3227, 0.1136, 0.460
3228, 0.0610, 0.460
3229, 0.0507, 0.465
3230, 0.1019, 0.466
3231, 0.1251, 0.458
3232, 0.0794, 0.462
3233, 0.0707, 0.454
3234, 0.0922, 0.461
3235, 0.1287, 0.456
3236, 0.0915, 0.456
3237, 0.1674, 0.460
3238, 0.1098, 0.461
3239, 0.1041, 0.458
3240, 0.1774, 0.463
3241, 0.1591, 0.461
3242, 0.1264, 0.458
3243, 0.0753, 0.468
3244, 0.0978, 0.463
3245, 0.0764, 0.459
3246, 0.1121, 0.457
3247, 0.1184, 0.459
3248, 0.1274, 0.463
3249, 0.0674, 0.464
3250, 0.1475, 0.473
3251, 0.1150, 0.463
3252, 0.1210, 0.464
3253, 0.1654, 0.451
3254, 0.1058, 0.455
3255, 0.1390, 0.462
3256, 0.2256, 0.459
3257, 0.1468, 0.459
3258, 0.1218, 0.465
3259, 0.1232, 0.461
3260, 0.0932, 0.455
3261, 0.1293, 0.461
3262, 0.0827, 0.465
3263, 0.0988, 0.471
3264, 0.1757, 0.473
3265, 0.2491, 0.464
3266, 0.0737, 0.456
3267, 0.1181, 0.452
3268, 0.1840, 0.431
3269, 0.0904, 0.433
3270, 0.1435, 0.434
3271, 0.0957, 0.452
3272, 0.1037, 0.451
3273, 0.1631, 0.455
3274, 0.1223, 0.461
3275, 0.2129, 0.438
3276, 0.1373, 0.454
3277, 0.1400, 0.463
3278, 0.0926, 0.468
3279, 0.1158, 0.466
3280, 0.1408, 0.463
3281, 0.1216, 0.446
3282, 0.1114, 0.433
3283, 0.1341, 0.438
3284, 0.1704, 0.450
3285, 0.1667, 0.444
3286, 0.1072, 0.434
3287, 0.1237, 0.427
3288, 0.1574, 0.435
3289, 0.0919, 0.452
3290, 0.2664, 0.439
3291, 0.1338, 0.436
3292, 0.1422, 0.431
3293, 0.0381, 0.439
3294, 0.0876, 0.443
3295, 0.0724, 0.462
3296, 0.1284, 0.454
3297, 0.1355, 0.458
3298, 0.0666, 0.436
3299, 0.1046, 0.425
3300, 0.1202, 0.511
3301, 0.1071, 0.444
3302, 0.1472, 0.434
3303, 0.1055, 0.424
3304, 0.1483, 0.433
3305, 0.1120, 0.459
3306, 0.1525, 0.463
3307, 0.1840, 0.470
3308, 0.0942, 0.473
3309, 0.1324, 0.464
3310, 0.1200, 0.468
3311, 0.1016, 0.465
3312, 0.1432, 0.468
3313, 0.1195, 0.466
3314, 0.0913, 0.463
3315, 0.1646, 0.475
3316, 0.1142, 0.461
3317, 0.1494, 0.458
3318, 0.1348, 0.451
3319, 0.0737, 0.456
3320, 0.2114, 0.447
3321, 0.1146, 0.447
3322, 0.1128, 0.450
3323, 0.1177, 0.445
3324, 0.1137, 0.447
3325, 0.2152, 0.447
3326, 0.1746, 0.441
3327, 0.1043, 0.460
3328, 0.1045, 0.452
3329, 0.0746, 0.465
3330, 0.1500, 0.454
3331, 0.1813, 0.489
3332, 0.1996, 0.454
3333, 0.1331, 0.453
3334, 0.1405, 0.463
3335, 0.1370, 0.423
3336, 0.0745, 0.450
3337, 0.0960, 0.510
3338, 0.0680, 0.451
3339, 0.0784, 0.457
3340, 0.1087, 0.454
3341, 0.0837, 0.459
3342, 0.0709, 0.452
3343, 0.1186, 0.448
3344, 0.0899, 0.454
3345, 0.1064, 0.459
3346, 0.1525, 0.461
3347, 0.2630, 0.459
3348, 0.1549, 0.456
3349, 0.0764, 0.477
3350, 0.1177, 0.454
3351, 0.0801, 0.456
3352, 0.0957, 0.459
3353, 0.0578, 0.469
3354, 0.1679, 0.458
3355, 0.1237, 0.467
3356, 0.1072, 0.461
3357, 0.2231, 0.455
3358, 0.1943, 0.451
3359, 0.1523, 0.462
3360, 0.0539, 0.466
3361, 0.1229, 0.468
3362, 0.0986, 0.456
3363, 0.1040, 0.475
3364, 0.1573, 0.462
3365, 0.1221, 0.458
3366, 0.1812, 0.472
3367, 0.0584, 0.465
3368, 0.0878, 0.466
3369, 0.1098, 0.461
3370, 0.1268, 0.462
3371, 0.1585, 0.473
3372, 0.0954, 0.454
3373, 0.0880, 0.460
3374, 0.0608, 0.457
3375, 0.0977, 0.458
3376, 0.0538, 0.455
3377, 0.1324, 0.453
3378, 0.1124, 0.453
3379, 0.1531, 0.452
3380, 0.0948, 0.459
3381, 0.1420, 0.460
3382, 0.1563, 0.464
3383, 0.0731, 0.470
3384, 0.0617, 0.464
3385, 0.1229, 0.465
3386, 0.0649, 0.463
3387, 0.0606, 0.458
3388, 0.1186, 0.452
3389, 0.1155, 0.462
3390, 0.0955, 0.457
3391, 0.1201, 0.456
3392, 0.1129, 0.451
3393, 0.0973, 0.450
3394, 0.0973, 0.450
3395, 0.1409, 0.465
3396, 0.1158, 0.455
3397, 0.1017, 0.461
3398, 0.0559, 0.460
3399, 0.0931, 0.460
3400, 0.1390, 0.463
3401, 0.2202, 0.453
3402, 0.1297, 0.464
3403, 0.0654, 0.463
3404, 0.0730, 0.474
3405, 0.0825, 0.478
3406, 0.1063, 0.468
3407, 0.0906, 0.462
3408, 0.2093, 0.453
3409, 0.1821, 0.470
3410, 0.1178, 0.460
3411, 0.1270, 0.450
3412, 0.0702, 0.461
3413, 0.1123, 0.459
3414, 0.0875, 0.458
3415, 0.0897, 0.458
3416, 0.1222, 0.462
3417, 0.0987, 0.455
3418, 0.0762, 0.465
3419, 0.0811, 0.459
3420, 0.1388, 0.466
3421, 0.0544, 0.460
3422, 0.1057, 0.460
3423, 0.1064, 0.455
3424, 0.1121, 0.458
3425, 0.1158, 0.451
3426, 0.0950, 0.453
3427, 0.1105, 0.446
3428, 0.1409, 0.457
3429, 0.1410, 0.460
3430, 0.1390, 0.463
3431, 0.0701, 0.463
3432, 0.1054, 0.460
3433, 0.1748, 0.455
3434, 0.1329, 0.453
3435, 0.1896, 0.456
3436, 0.0408, 0.457
3437, 0.1019, 0.459
3438, 0.1678, 0.458
3439, 0.1137, 0.455
3440, 0.1081, 0.459
3441, 0.1159, 0.451
3442, 0.1414, 0.448
3443, 0.0912, 0.448
3444, 0.0751, 0.459
3445, 0.0891, 0.462
3446, 0.1803, 0.465
3447, 0.1584, 0.456
3448, 0.1077, 0.457
3449, 0.0769, 0.460
3450, 0.1151, 0.470
3451, 0.0837, 0.464
3452, 0.0926, 0.454
3453, 0.0830, 0.452
3454, 0.1043, 0.451
3455, 0.1073, 0.456
3456, 0.1214, 0.454
3457, 0.1457, 0.451
3458, 0.1120, 0.446
3459, 0.0803, 0.449
3460, 0.2036, 0.452
3461, 0.1196, 0.470
3462, 0.1342, 0.459
3463, 0.1623, 0.455
3464, 0.1926, 0.455
3465, 0.2134, 0.457
3466, 0.0449, 0.453
3467, 0.1499, 0.459
3468, 0.0832, 0.453
3469, 0.1408, 0.455
3470, 0.1435, 0.451
3471, 0.1025, 0.454
3472, 0.0828, 0.451
3473, 0.0457, 0.450
3474, 0.1460, 0.448
3475, 0.0544, 0.451
3476, 0.1271, 0.451
3477, 0.0754, 0.457
3478, 0.1369, 0.468
3479, 0.1151, 0.458
3480, 0.1475, 0.484
3481, 0.0668, 0.462
3482, 0.0754, 0.473
3483, 0.1828, 0.457
3484, 0.0574, 0.461
3485, 0.0918, 0.538
3486, 0.0748, 0.468
3487, 0.1445, 0.455
3488, 0.1048, 0.456
3489, 0.1635, 0.452
3490, 0.1271, 0.462
3491, 0.0791, 0.456
3492, 0.0661, 0.461
3493, 0.0915, 0.460
3494, 0.1206, 0.464
3495, 0.0806, 0.461
3496, 0.0875, 0.460
3497, 0.1247, 0.456
3498, 0.1621, 0.449
3499, 0.1069, 0.462
3500, 0.1078, 0.460
3501, 0.1888, 0.459
3502, 0.2091, 0.452
3503, 0.1474, 0.457
3504, 0.1200, 0.454
3505, 0.1976, 0.456
3506, 0.1484, 0.459
3507, 0.1754, 0.457
3508, 0.1386, 0.460
3509, 0.1816, 0.455
3510, 0.0549, 0.451
3511, 0.1314, 0.456
3512, 0.0833, 0.455
3513, 0.0658, 0.452
3514, 0.1343, 0.453
3515, 0.2036, 0.451
3516, 0.1919, 0.447
3517, 0.1447, 0.452
3518, 0.1118, 0.454
3519, 0.0740, 0.452
3520, 0.1541, 0.451
3521, 0.1241, 0.449
3522, 0.0798, 0.447
3523, 0.0743, 0.461
3524, 0.1138, 0.455
3525, 0.0861, 0.457
3526, 0.1197, 0.453
3527, 0.0646, 0.453
3528, 0.1074, 0.453
3529, 0.1458, 0.456
3530, 0.1486, 0.537
3531, 0.0948, 0.459
3532, 0.1261, 0.461
3533, 0.1189, 0.453
3534, 0.1109, 0.452
3535, 0.1727, 0.455
3536, 0.2215, 0.451
3537, 0.0943, 0.433
3538, 0.0989, 0.452
3539, 0.1315, 0.457
3540, 0.1508, 0.454
3541, 0.1522, 0.459
3542, 0.0621, 0.465
3543, 0.1237, 0.462
3544, 0.0724, 0.459
3545, 0.0697, 0.457
3546, 0.0792, 0.459
3547, 0.0913, 0.460
3548, 0.0924, 0.455
3549, 0.1071, 0.453
3550, 0.0872, 0.452
3551, 0.0985, 0.458
3552, 0.1243, 0.458
3553, 0.0902, 0.458
3554, 0.0906, 0.461
3555, 0.1037, 0.474
3556, 0.2005, 0.456
3557, 0.1340, 0.454
3558, 0.1430, 0.460
3559, 0.1023, 0.457
3560, 0.1044, 0.450
3561, 0.1200, 0.449
3562, 0.1569, 0.455
3563, 0.1460, 0.453
3564, 0.0677, 0.456
3565, 0.1278, 0.465
3566, 0.0911, 0.454
3567, 0.1072, 0.455
3568, 0.2175, 0.456
3569, 0.1085, 0.461
3570, 0.1356, 0.474
3571, 0.1264, 0.459
3572, 0.1725, 0.460
3573, 0.0983, 0.455
3574, 0.0874, 0.452
3575, 0.1339, 0.468
3576, 0.1237, 0.452
3577, 0.1220, 0.450
3578, 0.0934, 0.457
3579, 0.1403, 0.458
3580, 0.2016, 0.468
3581, 0.2023, 0.457
3582, 0.0970, 0.461
3583, 0.0909, 0.456
3584, 0.1092, 0.461
3585, 0.0959, 0.456
3586, 0.1133, 0.451
3587, 0.1604, 0.457
3588, 0.0803, 0.455
3589, 0.0655, 0.456
3590, 0.1392, 0.458
3591, 0.1257, 0.457
3592, 0.1721, 0.448
3593, 0.1088, 0.453
3594, 0.1294, 0.459
3595, 0.0959, 0.460
3596, 0.0813, 0.461
3597, 0.1217, 0.464
3598, 0.1240, 0.459
3599, 0.1742, 0.465
3600, 0.0751, 0.455
3601, 0.1677, 0.444
3602, 0.1294, 0.451
3603, 0.1672, 0.557
3604, 0.1206, 0.469
3605, 0.1033, 0.485
3606, 0.1320, 0.458
3607, 0.1692, 0.457
3608, 0.1303, 0.450
3609, 0.1015, 0.465
3610, 0.1367, 0.457
3611, 0.0751, 0.455
3612, 0.1193, 0.454
3613, 0.1409, 0.458
3614, 0.1314, 0.540
3615, 0.1256, 0.456
3616, 0.1365, 0.459
3617, 0.1357, 0.454
3618, 0.0772, 0.454
3619, 0.1227, 0.456
3620, 0.0951, 0.460
3621, 0.1277, 0.459
3622, 0.0772, 0.459
3623, 0.1166, 0.454
3624, 0.0877, 0.463
3625, 0.1012, 0.464
3626, 0.1594, 0.457
3627, 0.0874, 0.456
3628, 0.1325, 0.453
3629, 0.1497, 0.456
3630, 0.1955, 0.455
3631, 0.1778, 0.459
3632, 0.0887, 0.451
3633, 0.1360, 0.449
3634, 0.1433, 0.454
3635, 0.2198, 0.460
3636, 0.1798, 0.456
3637, 0.1362, 0.456
3638, 0.0492, 0.449
3639, 0.1412, 0.456
3640, 0.1262, 0.450
3641, 0.1411, 0.464
3642, 0.1140, 0.449
3643, 0.0688, 0.453
3644, 0.1196, 0.455
3645, 0.1106, 0.453
3646, 0.2035, 0.449
3647, 0.1376, 0.459
3648, 0.1793, 0.456
3649, 0.2162, 0.455
3650, 0.1413, 0.452
3651, 0.0773, 0.466
3652, 0.1572, 0.459
3653, 0.1242, 0.453
3654, 0.0900, 0.453
3655, 0.0610, 0.453
3656, 0.1176, 0.454
3657, 0.0896, 0.454
3658, 0.1550, 0.454
3659, 0.0940, 0.449
3660, 0.1137, 0.459
3661, 0.1420, 0.453
3662, 0.1078, 0.452
3663, 0.0997, 0.456
3664, 0.0903, 0.473
3665, 0.0896, 0.462
3666, 0.1530, 0.458
3667, 0.1306, 0.457
3668, 0.0643, 0.465
3669, 0.1480, 0.463
3670, 0.1023, 0.454
3671, 0.0628, 0.462
3672, 0.0528, 0.462
3673, 0.1624, 0.457
3674, 0.0867, 0.456
3675, 0.1191, 0.452
3676, 0.0601, 0.464
3677, 0.0781, 0.457
3678, 0.0686, 0.460
3679, 0.1531, 0.457
3680, 0.1289, 0.456
3681, 0.0737, 0.462
3682, 0.1310, 0.455
3683, 0.0540, 0.455
3684, 0.1079, 0.453
3685, 0.1150, 0.452
3686, 0.1276, 0.450
3687, 0.1831, 0.450
3688, 0.1700, 0.451
3689, 0.0877, 0.462
3690, 0.1035, 0.450
3691, 0.1723, 0.453
3692, 0.0910, 0.451
3693, 0.1405, 0.452
3694, 0.2297, 0.453
3695, 0.0977, 0.466
3696, 0.1006, 0.454
3697, 0.0764, 0.455
3698, 0.1681, 0.464
3699, 0.0917, 0.454
3700, 0.0986, 0.461
3701, 0.1461, 0.453
3702, 0.1468, 0.443
3703, 0.1232, 0.448
3704, 0.0961, 0.451
3705, 0.1038, 0.449
3706, 0.0661, 0.448
3707, 0.1314, 0.449
3708, 0.1133, 0.444
3709, 0.0641, 0.447
3710, 0.0477, 0.445
3711, 0.1329, 0.450
3712, 0.1826, 0.451
3713, 0.1333, 0.438
3714, 0.1729, 0.446
3715, 0.0913, 0.452
3716, 0.1581, 0.456
3717, 0.1566, 0.451
3718, 0.1395, 0.449
3719, 0.0736, 0.456
3720, 0.0965, 0.452
3721, 0.1992, 0.455
3722, 0.1511, 0.450
3723, 0.0765, 0.423
3724, 0.1046, 0.457
3725, 0.0929, 0.450
3726, 0.1140, 0.444
3727, 0.1082, 0.449
3728, 0.1487, 0.450
3729, 0.0851, 0.461
3730, 0.0679, 0.448
3731, 0.2290, 0.468
3732, 0.0925, 0.458
3733, 0.0805, 0.458
3734, 0.0599, 0.454
3735, 0.1460, 0.448
3736, 0.0949, 0.454
3737, 0.1272, 0.454
3738, 0.0564, 0.456
3739, 0.1146, 0.464
3740, 0.1400, 0.457
3741, 0.0837, 0.527
3742, 0.1959, 0.451
3743, 0.1487, 0.450
3744, 0.2855, 0.449
3745, 0.1424, 0.448
3746, 0.1381, 0.448
3747, 0.1685, 0.452
3748, 0.1699, 0.446
3749, 0.0789, 0.448
3750, 0.0676, 0.447
3751, 0.0887, 0.449
3752, 0.1107, 0.445
3753, 0.1081, 0.458
3754, 0.1133, 0.444
3755, 0.1413, 0.458
3756, 0.1127, 0.462
3757, 0.0547, 0.455
3758, 0.1370, 0.451
3759, 0.0794, 0.464
3760, 0.0999, 0.452
3761, 0.1427, 0.448
3762, 0.1465, 0.452
3763, 0.1527, 0.451
3764, 0.1148, 0.455
3765, 0.0900, 0.460
3766, 0.0813, 0.456
3767, 0.1272, 0.454
3768, 0.2004, 0.456
3769, 0.0698, 0.455
3770, 0.1219, 0.458
3771, 0.1743, 0.458
3772, 0.0811, 0.453
3773, 0.1101, 0.467
3774, 0.0226, 0.456
3775, 0.0871, 0.459
3776, 0.1275, 0.453
3777, 0.1416, 0.453
3778, 0.1031, 0.451
3779, 0.1100, 0.460
3780, 0.1032, 0.462
3781, 0.1506, 0.460
3782, 0.1470, 0.455
3783, 0.1919, 0.458
3784, 0.1564, 0.461
3785, 0.2142, 0.452
3786, 0.0826, 0.456
3787, 0.1197, 0.458
3788, 0.1853, 0.451
3789, 0.0511, 0.457
3790, 0.0790, 0.472
3791, 0.1370, 0.456
3792, 0.1098, 0.452
3793, 0.1637, 0.451
3794, 0.1266, 0.453
3795, 0.1431, 0.451
3796, 0.1204, 0.453
3797, 0.1906, 0.456
3798, 0.1856, 0.452
3799, 0.1806, 0.453
3800, 0.1553, 0.445
3801, 0.0916, 0.440
3802, 0.0876, 0.449
3803, 0.1046, 0.452
3804, 0.1169, 0.447
3805, 0.1219, 0.458
3806, 0.2063, 0.447
3807, 0.1203, 0.446
3808, 0.0589, 0.448
3809, 0.1828, 0.456
3810, 0.1514, 0.457
3811, 0.1247, 0.446
3812, 0.0820, 0.445
3813, 0.0593, 0.456
3814, 0.1377, 0.485
3815, 0.1005, 0.456
3816, 0.1214, 0.453
3817, 0.1312, 0.452
3818, 0.2139, 0.460
3819, 0.1327, 0.459
3820, 0.1025, 0.458
3821, 0.1276, 0.459
3822, 0.1383, 0.463
3823, 0.1014, 0.455
3824, 0.0976, 0.455
3825, 0.1212, 0.456
3826, 0.1137, 0.458
3827, 0.0710, 0.452
3828, 0.1160, 0.458
3829, 0.1032, 0.457
3830, 0.0805, 0.457
3831, 0.0708, 0.458
3832, 0.1599, 0.456
3833, 0.1102, 0.457
3834, 0.1558, 0.459
3835, 0.1254, 0.461
3836, 0.0848, 0.463
3837, 0.0930, 0.464
3838, 0.0944, 0.455
3839, 0.1101, 0.458
3840, 0.0449, 0.458
3841, 0.1087, 0.455
3842, 0.0535, 0.463
3843, 0.0783, 0.462
3844, 0.0644, 0.464
3845, 0.0995, 0.462
3846, 0.1159, 0.462
3847, 0.1145, 0.467
3848, 0.1320, 0.461
3849, 0.1218, 0.454
3850, 0.1186, 0.456
3851, 0.1348, 0.473
3852, 0.0749, 0.463
3853, 0.0491, 0.469
3854, 0.1027, 0.458
3855, 0.1341, 0.465
3856, 0.0834, 0.544
3857, 0.0772, 0.457
3858, 0.1235, 0.455
3859, 0.1052, 0.457
3860, 0.0929, 0.465
3861, 0.1339, 0.453
3862, 0.1474, 0.457
3863, 0.1985, 0.466
3864, 0.1258, 0.460
3865, 0.1330, 0.456
3866, 0.1214, 0.459
3867, 0.0892, 0.460
3868, 0.1074, 0.455
3869, 0.1504, 0.464
3870, 0.0824, 0.463
3871, 0.0876, 0.464
3872, 0.0713, 0.461
3873, 0.1603, 0.459
3874, 0.1630, 0.452
3875, 0.1213, 0.469
3876, 0.1612, 0.459
3877, 0.1670, 0.452
3878, 0.1753, 0.453
3879, 0.1395, 0.450
3880, 0.1814, 0.462
3881, 0.1078, 0.449
3882, 0.1091, 0.451
3883, 0.1846, 0.451
3884, 0.2816, 0.450
3885, 0.1594, 0.453
3886, 0.1121, 0.449
3887, 0.2047, 0.470
3888, 0.1791, 0.451
3889, 0.1635, 0.452
3890, 0.1403, 0.451
3891, 0.1093, 0.457
3892, 0.1333, 0.455
3893, 0.1235, 0.451
3894, 0.1000, 0.452
3895, 0.1187, 0.456
3896, 0.1637, 0.452
3897, 0.1158, 0.449
3898, 0.1440, 0.461
3899, 0.1676, 0.444
3900, 0.1082, 0.443
3901, 0.1108, 0.444
3902, 0.0860, 0.451
3903, 0.0825, 0.448
3904, 0.0968, 0.453
3905, 0.0830, 0.453
3906, 0.0726, 0.454
3907, 0.1217, 0.452
3908, 0.1051, 0.451
3909, 0.0712, 0.449
3910, 0.1604, 0.444
3911, 0.1529, 0.450
3912, 0.0463, 0.449
3913, 0.1735, 0.449
3914, 0.1304, 0.446
3915, 0.0865, 0.447
3916, 0.1048, 0.447
3917, 0.1097, 0.448
3918, 0.1558, 0.446
3919, 0.1342, 0.447
3920, 0.1693, 0.454
3921, 0.0673, 0.448
3922, 0.1118, 0.449
3923, 0.1481, 0.452
3924, 0.1142, 0.459
3925, 0.1179, 0.454
3926, 0.1796, 0.452
3927, 0.1054, 0.453
3928, 0.0592, 0.449
3929, 0.1715, 0.442
3930, 0.1113, 0.445
3931, 0.1542, 0.444
3932, 0.0972, 0.451
3933, 0.1486, 0.452
3934, 0.1364, 0.454
3935, 0.0645, 0.447
3936, 0.1047, 0.448
3937, 0.0953, 0.448
3938, 0.1347, 0.453
3939, 0.0917, 0.451
3940, 0.1554, 0.451
3941, 0.0917, 0.460
3942, 0.0628, 0.511
3943, 0.0802, 0.445
3944, 0.0871, 0.448
3945, 0.1242, 0.452
3946, 0.0742, 0.452
3947, 0.1271, 0.452
3948, 0.0659, 0.451
3949, 0.0725, 0.456
3950, 0.1874, 0.453
3951, 0.1086, 0.452
3952, 0.1479, 0.454
3953, 0.1775, 0.453
3954, 0.0978, 0.453
3955, 0.1235, 0.451
3956, 0.1077, 0.452
3957, 0.1233, 0.455
3958, 0.1201, 0.458
3959, 0.1799, 0.456
3960, 0.1086, 0.459
3961, 0.1374, 0.466
3962, 0.1045, 0.456
3963, 0.0619, 0.450
3964, 0.0754, 0.489
3965, 0.1072, 0.457
3966, 0.0908, 0.466
3967, 0.1138, 0.458
3968, 0.1097, 0.457
3969, 0.1543, 0.458
3970, 0.0910, 0.459
3971, 0.1265, 0.461
3972, 0.0744, 0.456
3973, 0.1420, 0.458
3974, 0.1937, 0.460
3975, 0.1739, 0.463
3976, 0.0735, 0.463
3977, 0.0605, 0.458
3978, 0.1142, 0.453
3979, 0.1227, 0.458
3980, 0.1250, 0.453
3981, 0.1196, 0.501
3982, 0.1071, 0.452
3983, 0.0614, 0.453
3984, 0.1660, 0.450
3985, 0.1349, 0.456
3986, 0.1027, 0.457
3987, 0.1015, 0.454
3988, 0.1042, 0.449
3989, 0.0656, 0.450
3990, 0.1152, 0.458
3991, 0.1138, 0.456
3992, 0.1342, 0.458
3993, 0.1107, 0.455
3994, 0.1264, 0.454
3995, 0.0767, 0.451
3996, 0.0780, 0.453
3997, 0.0832, 0.453
3998, 0.1215, 0.451
3999, 0.2268, 0.453
4000, 0.1262, 0.450
4001, 0.1270, 0.448
4002, 0.2031, 0.456
4003, 0.0446, 0.453
4004, 0.1758, 0.463
4005, 0.1587, 0.467
4006, 0.1911, 0.456
4007, 0.1535, 0.456
4008, 0.1055, 0.454
4009, 0.1627, 0.460
4010, 0.1167, 0.470
4011, 0.1040, 0.462
4012, 0.1617, 0.459
4013, 0.0885, 0.454
4014, 0.1359, 0.515
4015, 0.1181, 0.454
4016, 0.1283, 0.458
4017, 0.1049, 0.460
4018, 0.0592, 0.454
4019, 0.1384, 0.454
4020, 0.1122, 0.450
4021, 0.1037, 0.450
4022, 0.0741, 0.454
4023, 0.0842, 0.453
4024, 0.1913, 0.468
4025, 0.0951, 0.458
4026, 0.1572, 0.457
4027, 0.0962, 0.458
4028, 0.1347, 0.466
4029, 0.1146, 0.455
4030, 0.0812, 0.453
4031, 0.1150, 0.457
4032, 0.1311, 0.450
4033, 0.1424, 0.452
4034, 0.1925, 0.457
4035, 0.1494, 0.467
4036, 0.0980, 0.450
4037, 0.1052, 0.454
4038, 0.1465, 0.456
4039, 0.1414, 0.553
4040, 0.1010, 0.456
4041, 0.0986, 0.457
4042, 0.0872, 0.467
4043, 0.0924, 0.455
4044, 0.0849, 0.453
4045, 0.1062, 0.450
4046, 0.1656, 0.457
4047, 0.0822, 0.461
4048, 0.1011, 0.458
4049, 0.1108, 0.459
4050, 0.1286, 0.459
4051, 0.0809, 0.449
4052, 0.1463, 0.458
4053, 0.1045, 0.453
4054, 0.1356, 0.469
4055, 0.1205, 0.458
4056, 0.1163, 0.449
4057, 0.1440, 0.449
4058, 0.1290, 0.445
4059, 0.1562, 0.463
4060, 0.1322, 0.450
4061, 0.1184, 0.448
4062, 0.2093, 0.451
4063, 0.1984, 0.444
4064, 0.1309, 0.454
4065, 0.1447, 0.456
4066, 0.0406, 0.454
4067, 0.1739, 0.455
4068, 0.1041, 0.458
4069, 0.0765, 0.455
4070, 0.0660, 0.448
4071, 0.1590, 0.450
4072, 0.0530, 0.473
4073, 0.0536, 0.456
4074, 0.0789, 0.450
4075, 0.0947, 0.453
4076, 0.0446, 0.450
4077, 0.1012, 0.448
4078, 0.0598, 0.449
4079, 0.1120, 0.450
4080, 0.0926, 0.444
4081, 0.0436, 0.462
4082, 0.1418, 0.449
4083, 0.1201, 0.444
4084, 0.1340, 0.447
4085, 0.0917, 0.448
4086, 0.0915, 0.451
4087, 0.0952, 0.453
4088, 0.0732, 0.454
4089, 0.1182, 0.448
4090, 0.1416, 0.451
4091, 0.1782, 0.456
4092, 0.0909, 0.453
4093, 0.1497, 0.445
4094, 0.1078, 0.449
4095, 0.1392, 0.445
4096, 0.1068, 0.443
4097, 0.1245, 0.453
4098, 0.1005, 0.451
4099, 0.0706, 0.427
4100, 0.0893, 0.432
4101, 0.1532, 0.447
4102, 0.1299, 0.451
4103, 0.0872, 0.446
4104, 0.0721, 0.464
4105, 0.1063, 0.447
4106, 0.1223, 0.450
4107, 0.1291, 0.457
4108, 0.0992, 0.447
4109, 0.1837, 0.449
4110, 0.1226, 0.460
4111, 0.1273, 0.448
4112, 0.1037, 0.456
4113, 0.1330, 0.462
4114, 0.1741, 0.464
4115, 0.1214, 0.462
4116, 0.0884, 0.450
4117, 0.0778, 0.452
4118, 0.1177, 0.456
4119, 0.1033, 0.456
4120, 0.1325, 0.451
4121, 0.1161, 0.451
4122, 0.1730, 0.450
4123, 0.1566, 0.449
4124, 0.1730, 0.449
4125, 0.0898, 0.447
4126, 0.1232, 0.451
4127, 0.1551, 0.450
4128, 0.1320, 0.450
4129, 0.1280, 0.457
4130, 0.0836, 0.451
4131, 0.1401, 0.449
4132, 0.1308, 0.450
4133, 0.1109, 0.447
4134, 0.1062, 0.443
4135, 0.1050, 0.442
4136, 0.0941, 0.450
4137, 0.1589, 0.451
4138, 0.0927, 0.447
4139, 0.0629, 0.455
4140, 0.1130, 0.453
4141, 0.1047, 0.451
4142, 0.0721, 0.448
4143, 0.0586, 0.448
4144, 0.0531, 0.451
4145, 0.1439, 0.448
4146, 0.0379, 0.443
4147, 0.1408, 0.453
4148, 0.1542, 0.450
4149, 0.1464, 0.456
4150, 0.0895, 0.443
4151, 0.1005, 0.449
4152, 0.0548, 0.464
4153, 0.1759, 0.456
4154, 0.0542, 0.452
4155, 0.0632, 0.452
4156, 0.1135, 0.453
4157, 0.0608, 0.452
4158, 0.1216, 0.450
4159, 0.1285, 0.451
4160, 0.2008, 0.450
4161, 0.0584, 0.449
4162, 0.0866, 0.452
4163, 0.1627, 0.454
4164, 0.1601, 0.454
4165, 0.0311, 0.454
4166, 0.1162, 0.455
4167, 0.0992, 0.455
4168, 0.1550, 0.465
4169, 0.1480, 0.457
4170, 0.1499, 0.457
4171, 0.1300, 0.471
4172, 0.1841, 0.463
4173, 0.0997, 0.457
4174, 0.1697, 0.465
4175, 0.1329, 0.454
4176, 0.1423, 0.452
4177, 0.1248, 0.452
4178, 0.0446, 0.449
4179, 0.0705, 0.455
4180, 0.1247, 0.454
4181, 0.1267, 0.455
4182, 0.1197, 0.453
4183, 0.1518, 0.453
4184, 0.1583, 0.457
4185, 0.1405, 0.458
4186, 0.1006, 0.452
4187, 0.1798, 0.455
4188, 0.1013, 0.450
4189, 0.1416, 0.454
4190, 0.0915, 0.458
4191, 0.0892, 0.456
4192, 0.1475, 0.456
4193, 0.1650, 0.446
4194, 0.0838, 0.446
4195, 0.0987, 0.453
4196, 0.1133, 0.456
4197, 0.1530, 0.452
4198, 0.1260, 0.452
4199, 0.0943, 0.455
4200, 0.0630, 0.452
4201, 0.1121, 0.443
4202, 0.1036, 0.457
4203, 0.0825, 0.453
4204, 0.1582, 0.468
4205, 0.1143, 0.466
4206, 0.1341, 0.456
4207, 0.0894, 0.453
4208, 0.1117, 0.448
4209, 0.0567, 0.447
4210, 0.1115, 0.461
4211, 0.1135, 0.453
4212, 0.1687, 0.455
4213, 0.1143, 0.453
4214, 0.0340, 0.538
4215, 0.0607, 0.456
4216, 0.0785, 0.458
4217, 0.1077, 0.464
4218, 0.1518, 0.458
4219, 0.1168, 0.468
4220, 0.1267, 0.457
4221, 0.0749, 0.459
4222, 0.0928, 0.457
4223, 0.0712, 0.483
4224, 0.1230, 0.452
4225, 0.1482, 0.449
4226, 0.1665, 0.447
4227, 0.1019, 0.461
4228, 0.2099, 0.468
4229, 0.0823, 0.463
4230, 0.0665, 0.472
4231, 0.0747, 0.462
4232, 0.1328, 0.466
4233, 0.1168, 0.468
4234, 0.1186, 0.461
4235, 0.1145, 0.463
4236, 0.1076, 0.459
4237, 0.1460, 0.463
4238, 0.0733, 0.467
4239, 0.0976, 0.465
4240, 0.1106, 0.464
4241, 0.0816, 0.459
4242, 0.0933, 0.460
4243, 0.1474, 0.447
4244, 0.1913, 0.448
4245, 0.1372, 0.458
4246, 0.1259, 0.449
4247, 0.1170, 0.468
4248, 0.1057, 0.449
4249, 0.1440, 0.451
4250, 0.0239, 0.450
4251, 0.1154, 0.450
4252, 0.1105, 0.451
4253, 0.1151, 0.449
4254, 0.1573, 0.456
4255, 0.1585, 0.466
4256, 0.1590, 0.451
4257, 0.1507, 0.456
4258, 0.0440, 0.454
4259, 0.1654, 0.459
4260, 0.1135, 0.451
4261, 0.1759, 0.450
4262, 0.1040, 0.461
4263, 0.0589, 0.461
4264, 0.0740, 0.459
4265, 0.1135, 0.457
4266, 0.1295, 0.457
4267, 0.1351, 0.462
4268, 0.1364, 0.460
4269, 0.0875, 0.450
4270, 0.0955, 0.457
4271, 0.0674, 0.455
4272, 0.1885, 0.465
4273, 0.2109, 0.457
4274, 0.1390, 0.457
4275, 0.1857, 0.459
4276, 0.0688, 0.460
4277, 0.1082, 0.462
4278, 0.1438, 0.460
4279, 0.1484, 0.456
4280, 0.1350, 0.454
4281, 0.1475, 0.456
4282, 0.1110, 0.462
4283, 0.1376, 0.461
4284, 0.0729, 0.458
4285, 0.1744, 0.456
4286, 0.1675, 0.455
4287, 0.1143, 0.464
4288, 0.0886, 0.456
4289, 0.0850, 0.456
4290, 0.1996, 0.461
4291, 0.1202, 0.456
4292, 0.1329, 0.459
4293, 0.1067, 0.459
4294, 0.0932, 0.458
4295, 0.1140, 0.458
4296, 0.1136, 0.457
4297, 0.0836, 0.459
4298, 0.1145, 0.464
4299, 0.1113, 0.462
4300, 0.1187, 0.457
4301, 0.0989, 0.462
4302, 0.0937, 0.459
4303, 0.1300, 0.459
4304, 0.1700, 0.465
4305, 0.1450, 0.461
4306, 0.1079, 0.459
4307, 0.1376, 0.457
4308, 0.1303, 0.451
4309, 0.1103, 0.468
4310, 0.2033, 0.457
4311, 0.1055, 0.459
4312, 0.1321, 0.462
4313, 0.1156, 0.462
4314, 0.1187, 0.462
4315, 0.1215, 0.457
4316, 0.1340, 0.465
4317, 0.1486, 0.462
4318, 0.0722, 0.463
4319, 0.1266, 0.458
4320, 0.1053, 0.471
4321, 0.1772, 0.481
4322, 0.1662, 0.452
4323, 0.1506, 0.468
4324, 0.0793, 0.462
4325, 0.1255, 0.464
4326, 0.1135, 0.452
4327, 0.1693, 0.457
4328, 0.1830, 0.453
4329, 0.1034, 0.451
4330, 0.2024, 0.451
4331, 0.1195, 0.452
4332, 0.1112, 0.451
4333, 0.0749, 0.447
4334, 0.1109, 0.436
4335, 0.1209, 0.451
4336, 0.1597, 0.457
4337, 0.1482, 0.455
4338, 0.1078, 0.455
4339, 0.1122, 0.467
4340, 0.0890, 0.460
4341, 0.0942, 0.451
4342, 0.0638, 0.451
4343, 0.1217, 0.455
4344, 0.1452, 0.448
4345, 0.1567, 0.451
4346, 0.0966, 0.454
4347, 0.0672, 0.454
4348, 0.1504, 0.449
4349, 0.1051, 0.460
4350, 0.1855, 0.450
4351, 0.1196, 0.452
4352, 0.1721, 0.456
4353, 0.2232, 0.456
4354, 0.0932, 0.454
4355, 0.1636, 0.451
4356, 0.1875, 0.453
4357, 0.1478, 0.482
4358, 0.1053, 0.458
4359, 0.1667, 0.449
4360, 0.0973, 0.451
4361, 0.1319, 0.460
4362, 0.1538, 0.455
4363, 0.1596, 0.456
4364, 0.0964, 0.455
4365, 0.0965, 0.455
4366, 0.2137, 0.456
4367, 0.0690, 0.456
4368, 0.1182, 0.454
4369, 0.1172, 0.456
4370, 0.1062, 0.453
4371, 0.1979, 0.456
4372, 0.1260, 0.454
4373, 0.1032, 0.454
4374, 0.1576, 0.452
4375, 0.0933, 0.451
4376, 0.0588, 0.451
4377, 0.1561, 0.456
4378, 0.0759, 0.454
4379, 0.1058, 0.456
4380, 0.0733, 0.456
4381, 0.0834, 0.454
4382, 0.1041, 0.452
4383, 0.1221, 0.454
4384, 0.1215, 0.446
4385, 0.1691, 0.448
4386, 0.1040, 0.453
4387, 0.1299, 0.456
4388, 0.1220, 0.453
4389, 0.1023, 0.455
4390, 0.0749, 0.454
4391, 0.0615, 0.451
4392, 0.0541, 0.452
4393, 0.2131, 0.452
4394, 0.2468, 0.455
4395, 0.1084, 0.458
4396, 0.1715, 0.456
4397, 0.0859, 0.453
4398, 0.1392, 0.452
4399, 0.1086, 0.453
4400, 0.0978, 0.446
4401, 0.0805, 0.438
4402, 0.1016, 0.452
4403, 0.0861, 0.456
4404, 0.1332, 0.458
4405, 0.1140, 0.458
4406, 0.0960, 0.462
4407, 0.1700, 0.476
4408, 0.1324, 0.451
4409, 0.1896, 0.455
4410, 0.1198, 0.455
4411, 0.0624, 0.491
4412, 0.1057, 0.533
4413, 0.0964, 0.455
4414, 0.1751, 0.459
4415, 0.0976, 0.454
4416, 0.1818, 0.460
4417, 0.1593, 0.463
4418, 0.0980, 0.458
4419, 0.0831, 0.477
4420, 0.1045, 0.472
4421, 0.0802, 0.463
4422, 0.1205, 0.459
4423, 0.0558, 0.471
4424, 0.1192, 0.458
4425, 0.1490, 0.460
4426, 0.1518, 0.463
4427, 0.1336, 0.463
4428, 0.1042, 0.458
4429, 0.0751, 0.452
4430, 0.1108, 0.453
4431, 0.1003, 0.454
4432, 0.0793, 0.452
4433, 0.1303, 0.450
4434, 0.1263, 0.452
4435, 0.1518, 0.465
4436, 0.0943, 0.458
4437, 0.0775, 0.450
4438, 0.2182, 0.450
4439, 0.0433, 0.446
4440, 0.0763, 0.456
4441, 0.0657, 0.448
4442, 0.1734, 0.453
4443, 0.1427, 0.449
4444, 0.1159, 0.448
4445, 0.0915, 0.454
4446, 0.1177, 0.450
4447, 0.1235, 0.453
4448, 0.0911, 0.451
4449, 0.1031, 0.450
4450, 0.0333, 0.461
4451, 0.0560, 0.452
4452, 0.0943, 0.452
4453, 0.1102, 0.451
4454, 0.1053, 0.449
4455, 0.0819, 0.448
4456, 0.1626, 0.445
4457, 0.0816, 0.447
4458, 0.1098, 0.452
4459, 0.1347, 0.453
4460, 0.1492, 0.458
4461, 0.0958, 0.452
4462, 0.0996, 0.450
4463, 0.1277, 0.455
4464, 0.1078, 0.465
4465, 0.0495, 0.454
4466, 0.1370, 0.453
4467, 0.1529, 0.455
4468, 0.1420, 0.449
4469, 0.1227, 0.453
4470, 0.1266, 0.448
4471, 0.1235, 0.453
4472, 0.0919, 0.450
4473, 0.0804, 0.446
4474, 0.0542, 0.449
4475, 0.1017, 0.455
4476, 0.2057, 0.448
4477, 0.1579, 0.448
4478, 0.1688, 0.450
4479, 0.1405, 0.449
4480, 0.1140, 0.446
4481, 0.1836, 0.441
4482, 0.1565, 0.449
4483, 0.1409, 0.448
4484, 0.0814, 0.447
4485, 0.1091, 0.457
4486, 0.1243, 0.450
4487, 0.0706, 0.454
4488, 0.1057, 0.450
4489, 0.1431, 0.447
4490, 0.0885, 0.451
4491, 0.1396, 0.464
4492, 0.0356, 0.448
4493, 0.1492, 0.450
4494, 0.0665, 0.462
4495, 0.1066, 0.447
4496, 0.0992, 0.450
4497, 0.0951, 0.453
4498, 0.1700, 0.450
4499, 0.0808, 0.453
4500, 0.0815, 0.452
4501, 0.1428, 0.450
4502, 0.0957, 0.452
4503, 0.0971, 0.452
4504, 0.1057, 0.452
4505, 0.0869, 0.460
4506, 0.1019, 0.449
4507, 0.0980, 0.450
4508, 0.0879, 0.452
4509, 0.1686, 0.452
4510, 0.0521, 0.453
4511, 0.0801, 0.455
4512, 0.0840, 0.456
4513, 0.0988, 0.450
4514, 0.0765, 0.454
4515, 0.1125, 0.453
4516, 0.1235, 0.448
4517, 0.1925, 0.455
4518, 0.1162, 0.454
4519, 0.0594, 0.456
4520, 0.0937, 0.465
4521, 0.0729, 0.450
4522, 0.0953, 0.451
4523, 0.1822, 0.454
4524, 0.1175, 0.464
4525, 0.0781, 0.450
4526, 0.0847, 0.449
4527, 0.1031, 0.448
4528, 0.0815, 0.448
4529, 0.1338, 0.450
4530, 0.0933, 0.428
4531, 0.1061, 0.427
4532, 0.1291, 0.445
4533, 0.0742, 0.453
4534, 0.1097, 0.448
4535, 0.1319, 0.455
4536, 0.1000, 0.454
4537, 0.0773, 0.447
4538, 0.1152, 0.451
4539, 0.0841, 0.455
4540, 0.1013, 0.453
4541, 0.0854, 0.459
4542, 0.1335, 0.451
4543, 0.1567, 0.445
4544, 0.1600, 0.498
4545, 0.1438, 0.423
4546, 0.1393, 0.428
4547, 0.1100, 0.463
4548, 0.1327, 0.457
4549, 0.1291, 0.449
4550, 0.1379, 0.450
4551, 0.1383, 0.450
4552, 0.0930, 0.451
4553, 0.0776, 0.449
4554, 0.1290, 0.449
4555, 0.1526, 0.452
4556, 0.1285, 0.454
4557, 0.1223, 0.451
4558, 0.0796, 0.450
4559, 0.1279, 0.449
4560, 0.1747, 0.452
4561, 0.1043, 0.459
4562, 0.0947, 0.464
4563, 0.1601, 0.461
4564, 0.1056, 0.457
4565, 0.0962, 0.451
4566, 0.1174, 0.451
4567, 0.1561, 0.449
4568, 0.0839, 0.440
4569, 0.0677, 0.443
4570, 0.1067, 0.443
4571, 0.1204, 0.443
4572, 0.1021, 0.443
4573, 0.1197, 0.437
4574, 0.1280, 0.442
4575, 0.1217, 0.440
4576, 0.0918, 0.439
4577, 0.1070, 0.433
4578, 0.1358, 0.432
4579, 0.0913, 0.433
4580, 0.1622, 0.436
4581, 0.0999, 0.438
4582, 0.1454, 0.438
4583, 0.1126, 0.440
4584, 0.1309, 0.440
4585, 0.1555, 0.443
4586, 0.1283, 0.450
4587, 0.1388, 0.453
4588, 0.1358, 0.465
4589, 0.1107, 0.443
4590, 0.0515, 0.443
4591, 0.0928, 0.446
4592, 0.0638, 0.453
4593, 0.0637, 0.452
4594, 0.1065, 0.445
4595, 0.0890, 0.447
4596, 0.0752, 0.455
4597, 0.1564, 0.496
4598, 0.1009, 0.454
4599, 0.1564, 0.454
4600, 0.1197, 0.455
4601, 0.1389, 0.450
4602, 0.1006, 0.464
4603, 0.1452, 0.456
4604, 0.1204, 0.459
4605, 0.0986, 0.463
4606, 0.0808, 0.459
4607, 0.1360, 0.458
4608, 0.1355, 0.458
4609, 0.1411, 0.468
4610, 0.1232, 0.513
4611, 0.1392, 0.459
4612, 0.1095, 0.462
4613, 0.0903, 0.456
4614, 0.1923, 0.453
4615, 0.0636, 0.453
4616, 0.1027, 0.455
4617, 0.1321, 0.464
4618, 0.1398, 0.463
4619, 0.0634, 0.464
4620, 0.1286, 0.465
4621, 0.1016, 0.458
4622, 0.1355, 0.450
4623, 0.1470, 0.452
4624, 0.1029, 0.457
4625, 0.1175, 0.459
4626, 0.1167, 0.447
4627, 0.1731, 0.451
4628, 0.1319, 0.455
4629, 0.1224, 0.452
4630, 0.1224, 0.462
4631, 0.0999, 0.458
4632, 0.1006, 0.453
4633, 0.1403, 0.449
4634, 0.0898, 0.458
4635, 0.1015, 0.473
4636, 0.1767, 0.457
4637, 0.1093, 0.455
4638, 0.1235, 0.447
4639, 0.1017, 0.453
4640, 0.1747, 0.459
4641, 0.1204, 0.460
4642, 0.1352, 0.451
4643, 0.1266, 0.472
4644, 0.1246, 0.451
4645, 0.0772, 0.454
4646, 0.0874, 0.456
4647, 0.1070, 0.446
4648, 0.1308, 0.463
4649, 0.1089, 0.450
4650, 0.1244, 0.443
4651, 0.0862, 0.454
4652, 0.1126, 0.451
4653, 0.0740, 0.453
4654, 0.0847, 0.444
4655, 0.1033, 0.453
4656, 0.0978, 0.447
4657, 0.1212, 0.462
4658, 0.1600, 0.450
4659, 0.0847, 0.459
4660, 0.1373, 0.471
4661, 0.1505, 0.448
4662, 0.1120, 0.450
4663, 0.1373, 0.446
4664, 0.2145, 0.458
4665, 0.1456, 0.456
4666, 0.1498, 0.452
4667, 0.1216, 0.450
4668, 0.0695, 0.451
4669, 0.1017, 0.450
4670, 0.0990, 0.477
4671, 0.1561, 0.454
4672, 0.0962, 0.448
4673, 0.0781, 0.446
4674, 0.1403, 0.448
4675, 0.1139, 0.453
4676, 0.0996, 0.461
4677, 0.0941, 0.450
4678, 0.1167, 0.449
4679, 0.1640, 0.449
4680, 0.1248, 0.432
4681, 0.0459, 0.427
4682, 0.1519, 0.455
4683, 0.1638, 0.449
4684, 0.1160, 0.449
4685, 0.1713, 0.450
4686, 0.1326, 0.456
4687, 0.1309, 0.453
4688, 0.1242, 0.451
4689, 0.1047, 0.457
4690, 0.1180, 0.447
4691, 0.1477, 0.459
4692, 0.1235, 0.458
4693, 0.1584, 0.450
4694, 0.1209, 0.450
4695, 0.1333, 0.448
4696, 0.0867, 0.448
4697, 0.0880, 0.450
4698, 0.1033, 0.458
4699, 0.1302, 0.453
4700, 0.1530, 0.453
4701, 0.1289, 0.447
4702, 0.1726, 0.446
4703, 0.1038, 0.449
4704, 0.1813, 0.451
4705, 0.0987, 0.444
4706, 0.0911, 0.441
4707, 0.0839, 0.452
4708, 0.0687, 0.437
4709, 0.1586, 0.441
4710, 0.0494, 0.457
4711, 0.1113, 0.457
4712, 0.1578, 0.451
4713, 0.1292, 0.446
4714, 0.1174, 0.449
4715, 0.1147, 0.451
4716, 0.0895, 0.453
4717, 0.1142, 0.456
4718, 0.1120, 0.459
4719, 0.1328, 0.461
4720, 0.0356, 0.460
4721, 0.1215, 0.448
4722, 0.0601, 0.451
4723, 0.1053, 0.454
4724, 0.0962, 0.458
4725, 0.1450, 0.451
4726, 0.0969, 0.448
4727, 0.0873, 0.450
4728, 0.1007, 0.449
4729, 0.1025, 0.444
4730, 0.0848, 0.445
4731, 0.1479, 0.461
4732, 0.0978, 0.450
4733, 0.0987, 0.457
4734, 0.1186, 0.459
4735, 0.1141, 0.463
4736, 0.1279, 0.454
4737, 0.1071, 0.456
4738, 0.1379, 0.447
4739, 0.0954, 0.449
4740, 0.1098, 0.452
4741, 0.0679, 0.452
4742, 0.1287, 0.451
4743, 0.1689, 0.445
4744, 0.1157, 0.451
4745, 0.0690, 0.476
4746, 0.1226, 0.447
4747, 0.1724, 0.443
4748, 0.1861, 0.446
4749, 0.1132, 0.442
4750, 0.1369, 0.441
4751, 0.0317, 0.445
4752, 0.0959, 0.448
4753, 0.1064, 0.443
4754, 0.0970, 0.445
4755, 0.1109, 0.456
4756, 0.0932, 0.444
4757, 0.1359, 0.443
4758, 0.1229, 0.440
4759, 0.0813, 0.442
4760, 0.0610, 0.453
4761, 0.0840, 0.444
4762, 0.1165, 0.447
4763, 0.1467, 0.442
4764, 0.1042, 0.439
4765, 0.2131, 0.440
4766, 0.1029, 0.438
4767, 0.1009, 0.445
4768, 0.1005, 0.442
4769, 0.1027, 0.445
4770, 0.0749, 0.451
4771, 0.1234, 0.444
4772, 0.1775, 0.446
4773, 0.1201, 0.451
4774, 0.0931, 0.459
4775, 0.1310, 0.448
4776, 0.1046, 0.443
4777, 0.1127, 0.447
4778, 0.1289, 0.451
4779, 0.1319, 0.446
4780, 0.1475, 0.456
4781, 0.1218, 0.454
4782, 0.0887, 0.453
4783, 0.1439, 0.554
4784, 0.1138, 0.457
4785, 0.2387, 0.456
4786, 0.1805, 0.457
4787, 0.1064, 0.468
4788, 0.1128, 0.462
4789, 0.0708, 0.473
4790, 0.1259, 0.458
4791, 0.0926, 0.461
4792, 0.1003, 0.462
4793, 0.1853, 0.454
4794, 0.1094, 0.450
4795, 0.1176, 0.463
4796, 0.1860, 0.460
4797, 0.1537, 0.454
4798, 0.1559, 0.450
4799, 0.0649, 0.457
4800, 0.1389, 0.455
4801, 0.1398, 0.448
4802, 0.1050, 0.467
4803, 0.0428, 0.463
4804, 0.1167, 0.456
4805, 0.2194, 0.467
4806, 0.1577, 0.464
4807, 0.1388, 0.458
4808, 0.1420, 0.469
4809, 0.0972, 0.474
4810, 0.1665, 0.518
4811, 0.1140, 0.445
4812, 0.1559, 0.450
4813, 0.1256, 0.456
4814, 0.0666, 0.451
4815, 0.0912, 0.456
4816, 0.0984, 0.461
4817, 0.1082, 0.472
4818, 0.1019, 0.472
4819, 0.1655, 0.467
4820, 0.0919, 0.472
4821, 0.1076, 0.461
4822, 0.0786, 0.478
4823, 0.2073, 0.457
4824, 0.0904, 0.460
4825, 0.0999, 0.458
4826, 0.0513, 0.458
4827, 0.1114, 0.456
4828, 0.1174, 0.456
4829, 0.1260, 0.453
4830, 0.1235, 0.454
4831, 0.0672, 0.453
4832, 0.1459, 0.454
4833, 0.1248, 0.459
4834, 0.1025, 0.452
4835, 0.1536, 0.458
4836, 0.1458, 0.449
4837, 0.0939, 0.449
4838, 0.1048, 0.448
4839, 0.1444, 0.448
4840, 0.1033, 0.456
4841, 0.1335, 0.462
4842, 0.1610, 0.446
4843, 0.0951, 0.463
4844, 0.1544, 0.452
4845, 0.0989, 0.453
4846, 0.1105, 0.448
4847, 0.1285, 0.453
4848, 0.1217, 0.451
4849, 0.1086, 0.448
4850, 0.0793, 0.451
4851, 0.1091, 0.449
4852, 0.0836, 0.449
4853, 0.0957, 0.452
4854, 0.1126, 0.447
4855, 0.1157, 0.456
4856, 0.0958, 0.446
4857, 0.1085, 0.455
4858, 0.1014, 0.444
4859, 0.1469, 0.444
4860, 0.1092, 0.451
4861, 0.1296, 0.450
4862, 0.1464, 0.446
4863, 0.1001, 0.450
4864, 0.1415, 0.450
4865, 0.0825, 0.454
4866, 0.0593, 0.452
4867, 0.1358, 0.459
4868, 0.1600, 0.450
4869, 0.1405, 0.453
4870, 0.0840, 0.451
4871, 0.1576, 0.447
4872, 0.1110, 0.454
4873, 0.1078, 0.450
4874, 0.1170, 0.447
4875, 0.1599, 0.450
4876, 0.1401, 0.453
4877, 0.1427, 0.450
4878, 0.1296, 0.453
4879, 0.1509, 0.451
4880, 0.0783, 0.447
4881, 0.1326, 0.453
4882, 0.1718, 0.454
4883, 0.1723, 0.448
4884, 0.2440, 0.453
4885, 0.2150, 0.450
4886, 0.1534, 0.451
4887, 0.1351, 0.450
4888, 0.1218, 0.450
4889, 0.0715, 0.446
4890, 0.2660, 0.439
4891, 0.1285, 0.445
4892, 0.1598, 0.455
4893, 0.1911, 0.455
4894, 0.0558, 0.450
4895, 0.1284, 0.450
4896, 0.0782, 0.449
4897, 0.1204, 0.450
4898, 0.1945, 0.451
4899, 0.1617, 0.453
4900, 0.1400, 0.452
4901, 0.1931, 0.460
4902, 0.1210, 0.457
4903, 0.1481, 0.450
4904, 0.0691, 0.448
4905, 0.0804, 0.451
4906, 0.1680, 0.445
4907, 0.1249, 0.451
4908, 0.1589, 0.459
4909, 0.1765, 0.458
4910, 0.1869, 0.459
4911, 0.1213, 0.456
4912, 0.0398, 0.457
4913, 0.0261, 0.464
4914, 0.1229, 0.456
4915, 0.1033, 0.466
4916, 0.1681, 0.462
4917, 0.1426, 0.460
4918, 0.1527, 0.454
4919, 0.1066, 0.466
4920, 0.1336, 0.454
4921, 0.1453, 0.454
4922, 0.1250, 0.459
4923, 0.2075, 0.457
4924, 0.2137, 0.475
4925, 0.1355, 0.462
4926, 0.0795, 0.467
4927, 0.1409, 0.458
4928, 0.1037, 0.467
4929, 0.0398, 0.466
4930, 0.0809, 0.466
4931, 0.0971, 0.461
4932, 0.1490, 0.463
4933, 0.1783, 0.456
4934, 0.1125, 0.456
4935, 0.1487, 0.458
4936, 0.1458, 0.457
4937, 0.1454, 0.457
4938, 0.0585, 0.462
4939, 0.1286, 0.462
4940, 0.1389, 0.461
4941, 0.1332, 0.468
4942, 0.1826, 0.506
4943, 0.1117, 0.453
4944, 0.1132, 0.453
4945, 0.1163, 0.455
4946, 0.0513, 0.460
4947, 0.1493, 0.458
4948, 0.1249, 0.454
4949, 0.0980, 0.455
4950, 0.1501, 0.454
4951, 0.0749, 0.456
4952, 0.1292, 0.456
4953, 0.1015, 0.458
4954, 0.0983, 0.459
4955, 0.0747, 0.454
4956, 0.1345, 0.453
4957, 0.0951, 0.457
4958, 0.1074, 0.477
4959, 0.1019, 0.464
4960, 0.1195, 0.457
4961, 0.2133, 0.455
4962, 0.0778, 0.458
4963, 0.1348, 0.454
4964, 0.0791, 0.459
4965, 0.1303, 0.455
4966, 0.1456, 0.459
4967, 0.0934, 0.539
4968, 0.1281, 0.449
4969, 0.1701, 0.445
4970, 0.0604, 0.449
4971, 0.1156, 0.460
4972, 0.0831, 0.471
4973, 0.1064, 0.460
4974, 0.0840, 0.457
4975, 0.0793, 0.454
4976, 0.0470, 0.458
4977, 0.1053, 0.453
4978, 0.1024, 0.461
4979, 0.1022, 0.460
4980, 0.0528, 0.463
4981, 0.0746, 0.457
4982, 0.0638, 0.465
4983, 0.0964, 0.458
4984, 0.0757, 0.452
4985, 0.1009, 0.449
4986, 0.0881, 0.457
4987, 0.1147, 0.479
4988, 0.1188, 0.461
4989, 0.1101, 0.467
4990, 0.1772, 0.466
4991, 0.1106, 0.471
4992, 0.1436, 0.466
4993, 0.0587, 0.457
4994, 0.0614, 0.458
4995, 0.0622, 0.474
4996, 0.1140, 0.466
4997, 0.1366, 0.457
4998, 0.1609, 0.456
4999, 0.0557, 0.453
5000, 0.0872, 0.454
