0, 0.4986, 1.642
1, 0.5001, 0.399
2, 0.4955, 0.427
3, 0.4983, 0.413
4, 0.5300, 0.407
5, 0.4969, 0.425
6, 0.5024, 0.421
7, 0.4965, 0.424
8, 0.4893, 0.462
9, 0.5021, 0.410
10, 0.4969, 0.405
11, 0.4996, 0.398
12, 0.5001, 0.398
13, 0.4991, 0.409
14, 0.5034, 0.410
15, 0.4924, 0.404
16, 0.5200, 0.401
17, 0.5164, 0.396
18, 0.4963, 0.399
19, 0.4829, 0.408
20, 0.4871, 0.407
21, 0.4736, 0.396
22, 0.5060, 0.395
23, 0.5096, 0.393
24, 0.5001, 0.392
25, 0.5020, 0.396
26, 0.5068, 0.391
27, 0.5065, 0.399
28, 0.4792, 0.402
29, 0.5060, 0.387
30, 0.4579, 0.390
31, 0.4595, 0.390
32, 0.4593, 0.391
33, 0.4707, 0.390
34, 0.4119, 0.394
35, 0.5412, 0.392
36, 0.4949, 0.392
37, 0.4808, 0.398
38, 0.4539, 0.388
39, 0.4182, 0.394
40, 0.5006, 0.390
41, 0.3400, 0.390
42, 0.2650, 0.388
43, 0.2876, 0.399
44, 0.3559, 0.400
45, 0.3009, 0.389
46, 0.4055, 0.394
47, 0.3421, 0.410
48, 0.2864, 0.390
49, 0.5316, 0.393
50, 0.4970, 0.388
51, 0.5089, 0.391
52, 0.4895, 0.389
53, 0.4317, 0.404
54, 0.4249, 0.391
55, 0.4517, 0.397
56, 0.4646, 0.391
57, 0.3549, 0.391
58, 0.4224, 0.389
59, 0.3547, 0.393
60, 0.4455, 0.399
61, 0.3291, 0.390
62, 0.3945, 0.386
63, 0.3111, 0.400
64, 0.3673, 0.396
65, 0.3290, 0.397
66, 0.3990, 0.390
67, 0.2714, 0.397
68, 0.2937, 0.396
69, 0.3431, 0.395
70, 0.3039, 0.390
71, 0.3198, 0.398
72, 0.3272, 0.401
73, 0.4127, 0.391
74, 0.3420, 0.388
75, 0.2483, 0.391
76, 0.3629, 0.391
77, 0.2954, 0.391
78, 0.3062, 0.388
79, 0.3175, 0.391
80, 0.2774, 0.391
81, 0.3305, 0.391
82, 0.2915, 0.388
83, 0.2398, 0.387
84, 0.3010, 0.390
85, 0.2945, 0.389
86, 0.3305, 0.401
87, 0.3117, 0.388
88, 0.4684, 0.398
89, 0.3644, 0.391
90, 0.3512, 0.390
91, 0.2629, 0.389
92, 0.3065, 0.390
93, 0.2554, 0.390
94, 0.3557, 0.401
95, 0.2659, 0.400
96, 0.2611, 0.387
97, 0.3326, 0.401
98, 0.2993, 0.388
99, 0.2522, 0.389
100, 0.2759, 0.388
101, 0.3969, 0.388
102, 0.3057, 0.388
103, 0.3132, 0.392
104, 0.3846, 0.391
105, 0.2325, 0.389
106, 0.3081, 0.390
107, 0.4022, 0.390
108, 0.4282, 0.389
109, 0.3013, 0.390
110, 0.4129, 0.386
111, 0.2177, 0.392
112, 0.3070, 0.390
113, 0.3469, 0.391
114, 0.2953, 0.388
115, 0.2931, 0.400
116, 0.3283, 0.391
117, 0.2780, 0.394
118, 0.3308, 0.400
119, 0.4400, 0.387
120, 0.3111, 0.392
121, 0.1903, 0.392
122, 0.1725, 0.405
123, 0.2951, 0.388
124, 0.2116, 0.390
125, 0.2540, 0.388
126, 0.2902, 0.398
127, 0.3325, 0.416
128, 0.3011, 0.396
129, 0.2763, 0.393
130, 0.4091, 0.390
131, 0.2606, 0.390
132, 0.3271, 0.392
133, 0.2307, 0.391
134, 0.2569, 0.392
135, 0.2546, 0.392
136, 0.3558, 0.394
137, 0.3164, 0.395
138, 0.2412, 0.392
139, 0.2811, 0.392
140, 0.2217, 0.391
141, 0.1188, 0.393
142, 0.2402, 0.399
143, 0.2314, 0.397
144, 0.3737, 0.395
145, 0.3754, 0.393
146, 0.2304, 0.391
147, 0.3208, 0.392
148, 0.3496, 0.393
149, 0.3114, 0.392
150, 0.2610, 0.392
151, 0.2375, 0.392
152, 0.2784, 0.394
153, 0.3146, 0.395
154, 0.3563, 0.392
155, 0.4263, 0.392
156, 0.3227, 0.391
157, 0.3435, 0.391
158, 0.2346, 0.394
159, 0.2952, 0.397
160, 0.3261, 0.398
161, 0.2730, 0.394
162, 0.3017, 0.392
163, 0.3945, 0.393
164, 0.3024, 0.393
165, 0.3578, 0.391
166, 0.3452, 0.391
167, 0.2792, 0.391
168, 0.3043, 0.393
169, 0.2864, 0.394
170, 0.3174, 0.392
171, 0.3785, 0.394
172, 0.5137, 0.391
173, 0.2268, 0.391
174, 0.2646, 0.393
175, 0.2718, 0.395
176, 0.3320, 0.398
177, 0.3486, 0.394
178, 0.2575, 0.392
179, 0.3173, 0.392
180, 0.3244, 0.393
181, 0.3456, 0.392
182, 0.2517, 0.393
183, 0.2621, 0.393
184, 0.3794, 0.394
185, 0.2583, 0.394
186, 0.2610, 0.392
187, 0.2783, 0.392
188, 0.2969, 0.392
189, 0.2739, 0.392
190, 0.3879, 0.393
191, 0.2877, 0.395
192, 0.3176, 0.396
193, 0.2466, 0.394
194, 0.4007, 0.385
195, 0.3052, 0.392
196, 0.3515, 0.393
197, 0.3058, 0.393
198, 0.2949, 0.393
199, 0.2293, 0.394
200, 0.2971, 0.395
201, 0.2801, 0.387
202, 0.2186, 0.395
203, 0.2111, 0.394
204, 0.1873, 0.393
205, 0.4010, 0.394
206, 0.2110, 0.394
207, 0.2408, 0.398
208, 0.2187, 0.405
209, 0.2480, 0.454
210, 0.2660, 0.401
211, 0.2839, 0.389
212, 0.2337, 0.388
213, 0.2610, 0.388
214, 0.2969, 0.389
215, 0.2818, 0.389
216, 0.2233, 0.392
217, 0.2297, 0.394
218, 0.3469, 0.394
219, 0.2967, 0.390
220, 0.3375, 0.387
221, 0.2495, 0.393
222, 0.2633, 0.393
223, 0.3116, 0.393
224, 0.3203, 0.395
225, 0.2500, 0.394
226, 0.3786, 0.392
227, 0.2627, 0.393
228, 0.2758, 0.392
229, 0.2449, 0.394
230, 0.2085, 0.392
231, 0.2236, 0.397
232, 0.2984, 0.394
233, 0.2525, 0.397
234, 0.2919, 0.391
235, 0.3303, 0.390
236, 0.2245, 0.390
237, 0.2208, 0.389
238, 0.2377, 0.389
239, 0.1997, 0.391
240, 0.2208, 0.388
241, 0.3031, 0.391
242, 0.3479, 0.392
243, 0.2297, 0.392
244, 0.2009, 0.388
245, 0.3758, 0.391
246, 0.3147, 0.391
247, 0.3280, 0.392
248, 0.3366, 0.391
249, 0.2580, 0.392
250, 0.2510, 0.390
251, 0.3682, 0.407
252, 0.2793, 0.395
253, 0.2694, 0.398
254, 0.3814, 0.402
255, 0.3172, 0.401
256, 0.3283, 0.393
257, 0.3218, 0.396
258, 0.3014, 0.390
259, 0.2793, 0.390
260, 0.3491, 0.392
261, 0.1811, 0.408
262, 0.2990, 0.395
263, 0.2481, 0.394
264, 0.3016, 0.410
265, 0.3055, 0.395
266, 0.3098, 0.407
267, 0.3338, 0.395
268, 0.2710, 0.404
269, 0.3941, 0.392
270, 0.2798, 0.394
271, 0.2928, 0.390
272, 0.2471, 0.391
273, 0.2653, 0.392
274, 0.3171, 0.395
275, 0.2508, 0.394
276, 0.2684, 0.391
277, 0.3601, 0.392
278, 0.2511, 0.395
279, 0.2628, 0.394
280, 0.2896, 0.411
281, 0.2822, 0.392
282, 0.1960, 0.403
283, 0.2483, 0.395
284, 0.1838, 0.392
285, 0.2557, 0.393
286, 0.3250, 0.393
287, 0.3234, 0.394
288, 0.3648, 0.392
289, 0.2941, 0.393
290, 0.2900, 0.394
291, 0.2986, 0.391
292, 0.2136, 0.392
293, 0.2419, 0.391
294, 0.2801, 0.391
295, 0.2311, 0.391
296, 0.2807, 0.391
297, 0.3136, 0.396
298, 0.2667, 0.391
299, 0.2813, 0.392
300, 0.3022, 0.394
301, 0.2205, 0.395
302, 0.2473, 0.391
303, 0.2349, 0.410
304, 0.2638, 0.398
305, 0.2391, 0.394
306, 0.2107, 0.405
307, 0.2426, 0.391
308, 0.2353, 0.393
309, 0.2673, 0.392
310, 0.2464, 0.398
311, 0.2370, 0.400
312, 0.2349, 0.395
313, 0.3289, 0.408
314, 0.3935, 0.396
315, 0.3111, 0.393
316, 0.2101, 0.395
317, 0.2215, 0.394
318, 0.2070, 0.394
319, 0.2518, 0.408
320, 0.2565, 0.392
321, 0.2743, 0.390
322, 0.3266, 0.392
323, 0.2355, 0.391
324, 0.2113, 0.396
325, 0.3035, 0.391
326, 0.3153, 0.396
327, 0.3183, 0.401
328, 0.2980, 0.398
329, 0.4740, 0.394
330, 0.2249, 0.464
331, 0.2455, 0.393
332, 0.2694, 0.395
333, 0.1917, 0.392
334, 0.2083, 0.392
335, 0.2133, 0.393
336, 0.1867, 0.391
337, 0.1859, 0.391
338, 0.1842, 0.389
339, 0.2335, 0.390
340, 0.2232, 0.391
341, 0.3057, 0.392
342, 0.0915, 0.393
343, 0.1583, 0.391
344, 0.2095, 0.394
345, 0.2190, 0.398
346, 0.2254, 0.395
347, 0.3061, 0.396
348, 0.2426, 0.397
349, 0.2609, 0.395
350, 0.2290, 0.395
351, 0.2469, 0.395
352, 0.2090, 0.393
353, 0.2623, 0.393
354, 0.2668, 0.392
355, 0.2436, 0.392
356, 0.2995, 0.392
357, 0.2296, 0.393
358, 0.3148, 0.395
359, 0.2560, 0.393
360, 0.2514, 0.396
361, 0.2813, 0.397
362, 0.2723, 0.395
363, 0.2404, 0.395
364, 0.2596, 0.395
365, 0.1855, 0.388
366, 0.2170, 0.390
367, 0.2103, 0.391
368, 0.3056, 0.393
369, 0.2592, 0.393
370, 0.2391, 0.392
371, 0.2133, 0.393
372, 0.2187, 0.394
373, 0.2119, 0.392
374, 0.1934, 0.393
375, 0.2599, 0.395
376, 0.3129, 0.394
377, 0.2493, 0.397
378, 0.2304, 0.394
379, 0.2111, 0.394
380, 0.1479, 0.409
381, 0.1905, 0.408
382, 0.2591, 0.409
383, 0.1764, 0.406
384, 0.1891, 0.396
385, 0.2914, 0.397
386, 0.4112, 0.395
387, 0.2820, 0.394
388, 0.3091, 0.392
389, 0.3307, 0.405
390, 0.1982, 0.406
391, 0.2065, 0.394
392, 0.1685, 0.396
393, 0.2476, 0.397
394, 0.2799, 0.394
395, 0.2114, 0.394
396, 0.2423, 0.394
397, 0.2183, 0.394
398, 0.2660, 0.394
399, 0.2458, 0.405
400, 0.2350, 0.407
401, 0.3926, 0.388
402, 0.2485, 0.397
403, 0.3195, 0.398
404, 0.1949, 0.389
405, 0.2125, 0.389
406, 0.1975, 0.401
407, 0.1750, 0.421
408, 0.3040, 0.408
409, 0.2643, 0.430
410, 0.2215, 0.390
411, 0.2059, 0.392
412, 0.2010, 0.392
413, 0.2009, 0.390
414, 0.2959, 0.390
415, 0.2526, 0.388
416, 0.3038, 0.395
417, 0.2603, 0.391
418, 0.2727, 0.392
419, 0.2714, 0.393
420, 0.2129, 0.389
421, 0.2251, 0.387
422, 0.3218, 0.391
423, 0.1990, 0.391
424, 0.2503, 0.396
425, 0.2354, 0.407
426, 0.2238, 0.392
427, 0.1831, 0.393
428, 0.1809, 0.393
429, 0.2399, 0.392
430, 0.4085, 0.393
431, 0.2999, 0.392
432, 0.2992, 0.390
433, 0.2665, 0.397
434, 0.1910, 0.391
435, 0.2466, 0.388
436, 0.1890, 0.393
437, 0.2531, 0.391
438, 0.2392, 0.392
439, 0.1919, 0.395
440, 0.1761, 0.392
441, 0.1833, 0.394
442, 0.3223, 0.390
443, 0.2604, 0.392
444, 0.1321, 0.388
445, 0.1948, 0.390
446, 0.1741, 0.394
447, 0.2156, 0.393
448, 0.1743, 0.389
449, 0.2171, 0.387
450, 0.2455, 0.391
451, 0.1501, 0.390
452, 0.2858, 0.393
453, 0.2494, 0.387
454, 0.1653, 0.392
455, 0.2640, 0.395
456, 0.2217, 0.395
457, 0.2631, 0.392
458, 0.2621, 0.388
459, 0.2259, 0.390
460, 0.2896, 0.392
461, 0.1851, 0.390
462, 0.2437, 0.392
463, 0.2193, 0.394
464, 0.2288, 0.390
465, 0.3231, 0.390
466, 0.1687, 0.391
467, 0.2008, 0.388
468, 0.1331, 0.392
469, 0.2024, 0.390
470, 0.1025, 0.392
471, 0.1516, 0.394
472, 0.3021, 0.392
473, 0.1954, 0.392
474, 0.3084, 0.391
475, 0.1555, 0.392
476, 0.2033, 0.388
477, 0.1934, 0.393
478, 0.1996, 0.395
479, 0.2124, 0.392
480, 0.1353, 0.390
481, 0.0874, 0.387
482, 0.2404, 0.391
483, 0.2155, 0.390
484, 0.1891, 0.391
485, 0.1870, 0.388
486, 0.2357, 0.392
487, 0.2043, 0.393
488, 0.1631, 0.394
489, 0.2584, 0.395
490, 0.1825, 0.390
491, 0.1852, 0.391
492, 0.1886, 0.392
493, 0.2882, 0.390
494, 0.3266, 0.390
495, 0.1798, 0.393
496, 0.2137, 0.390
497, 0.2182, 0.390
498, 0.1441, 0.391
499, 0.1163, 0.388
500, 0.2440, 0.391
501, 0.2252, 0.389
502, 0.1269, 0.391
503, 0.1255, 0.390
504, 0.1922, 0.393
505, 0.1953, 0.395
506, 0.3676, 0.392
507, 0.3055, 0.391
508, 0.1600, 0.388
509, 0.1757, 0.389
510, 0.1499, 0.392
511, 0.2600, 0.393
512, 0.1538, 0.391
513, 0.2450, 0.391
514, 0.3129, 0.391
515, 0.1782, 0.390
516, 0.1932, 0.392
517, 0.2257, 0.386
518, 0.1897, 0.391
519, 0.2272, 0.393
520, 0.2187, 0.394
521, 0.1591, 0.395
522, 0.1406, 0.392
523, 0.1678, 0.392
524, 0.1983, 0.394
525, 0.1731, 0.389
526, 0.1229, 0.389
527, 0.2309, 0.392
528, 0.2962, 0.391
529, 0.2678, 0.391
530, 0.2499, 0.389
531, 0.2589, 0.391
532, 0.1342, 0.391
533, 0.2324, 0.393
534, 0.1506, 0.410
535, 0.2782, 0.394
536, 0.2569, 0.394
537, 0.3104, 0.399
538, 0.2695, 0.393
539, 0.2915, 0.394
540, 0.2245, 0.394
541, 0.2406, 0.392
542, 0.1616, 0.394
543, 0.1996, 0.395
544, 0.2087, 0.392
545, 0.2362, 0.395
546, 0.1827, 0.393
547, 0.1856, 0.394
548, 0.2242, 0.398
549, 0.2078, 0.395
550, 0.1459, 0.394
551, 0.2369, 0.393
552, 0.2687, 0.394
553, 0.2002, 0.397
554, 0.1944, 0.395
555, 0.2124, 0.394
556, 0.2309, 0.390
557, 0.4166, 0.390
558, 0.1129, 0.394
559, 0.1285, 0.396
560, 0.3015, 0.392
561, 0.1946, 0.395
562, 0.1930, 0.394
563, 0.2271, 0.396
564, 0.2058, 0.400
565, 0.2399, 0.395
566, 0.2460, 0.430
567, 0.1574, 0.424
568, 0.1977, 0.452
569, 0.1323, 0.450
570, 0.1489, 0.450
571, 0.1282, 0.447
572, 0.1651, 0.451
573, 0.1320, 0.449
574, 0.2403, 0.450
575, 0.2160, 0.460
576, 0.1594, 0.450
577, 0.1108, 0.451
578, 0.1602, 0.446
579, 0.1824, 0.398
580, 0.2252, 0.405
581, 0.2752, 0.397
582, 0.2296, 0.398
583, 0.1840, 0.407
584, 0.2380, 0.417
585, 0.1845, 0.418
586, 0.2332, 0.414
587, 0.1533, 0.425
588, 0.2513, 0.418
589, 0.3058, 0.415
590, 0.2926, 0.407
591, 0.1679, 0.406
592, 0.2967, 0.406
593, 0.2706, 0.408
594, 0.1653, 0.404
595, 0.1884, 0.401
596, 0.2614, 0.400
597, 0.1258, 0.395
598, 0.1557, 0.395
599, 0.2506, 0.396
600, 0.1918, 0.395
601, 0.2125, 0.387
602, 0.1547, 0.397
603, 0.3179, 0.396
604, 0.1928, 0.396
605, 0.1743, 0.405
606, 0.2495, 0.394
607, 0.1826, 0.398
608, 0.2576, 0.405
609, 0.1456, 0.440
610, 0.1760, 0.394
611, 0.2576, 0.397
612, 0.1647, 0.398
613, 0.1591, 0.393
614, 0.1399, 0.393
615, 0.2363, 0.395
616, 0.1617, 0.392
617, 0.2739, 0.391
618, 0.2317, 0.393
619, 0.1562, 0.393
620, 0.2248, 0.398
621, 0.1844, 0.394
622, 0.1805, 0.393
623, 0.2489, 0.391
624, 0.2419, 0.391
625, 0.1576, 0.389
626, 0.1776, 0.392
627, 0.1095, 0.401
628, 0.1752, 0.392
629, 0.1202, 0.395
630, 0.1976, 0.395
631, 0.0965, 0.411
632, 0.1538, 0.408
633, 0.2604, 0.408
634, 0.2678, 0.389
635, 0.2698, 0.406
636, 0.2031, 0.389
637, 0.1408, 0.389
638, 0.2033, 0.388
639, 0.2574, 0.391
640, 0.2637, 0.390
641, 0.1414, 0.391
642, 0.1764, 0.387
643, 0.2013, 0.390
644, 0.1957, 0.394
645, 0.1562, 0.393
646, 0.1962, 0.395
647, 0.1952, 0.392
648, 0.1877, 0.393
649, 0.2546, 0.392
650, 0.1169, 0.390
651, 0.2754, 0.388
652, 0.1936, 0.391
653, 0.2453, 0.388
654, 0.2150, 0.388
655, 0.1908, 0.388
656, 0.2254, 0.391
657, 0.1029, 0.390
658, 0.1761, 0.390
659, 0.2609, 0.388
660, 0.2185, 0.394
661, 0.1689, 0.391
662, 0.1853, 0.389
663, 0.1841, 0.387
664, 0.2884, 0.392
665, 0.1712, 0.393
666, 0.2217, 0.391
667, 0.2345, 0.387
668, 0.1962, 0.396
669, 0.1708, 0.389
670, 0.2159, 0.401
671, 0.2449, 0.388
672, 0.1607, 0.393
673, 0.2622, 0.391
674, 0.1718, 0.402
675, 0.1729, 0.388
676, 0.1426, 0.396
677, 0.1754, 0.390
678, 0.1931, 0.390
679, 0.2930, 0.387
680, 0.1934, 0.393
681, 0.2050, 0.394
682, 0.2148, 0.392
683, 0.1852, 0.390
684, 0.1976, 0.392
685, 0.2279, 0.392
686, 0.2290, 0.389
687, 0.1671, 0.388
688, 0.1929, 0.392
689, 0.1712, 0.391
690, 0.1431, 0.390
691, 0.2291, 0.390
692, 0.3006, 0.395
693, 0.1619, 0.408
694, 0.2501, 0.393
695, 0.1787, 0.391
696, 0.2331, 0.391
697, 0.1817, 0.393
698, 0.2371, 0.392
699, 0.2038, 0.387
700, 0.1574, 0.391
701, 0.1953, 0.388
702, 0.1935, 0.389
703, 0.1324, 0.402
704, 0.1429, 0.391
705, 0.2420, 0.391
706, 0.3376, 0.389
707, 0.1811, 0.387
708, 0.2092, 0.395
709, 0.2043, 0.392
710, 0.1797, 0.391
711, 0.3575, 0.388
712, 0.2316, 0.393
713, 0.3163, 0.394
714, 0.2096, 0.391
715, 0.2545, 0.390
716, 0.1907, 0.390
717, 0.2126, 0.390
718, 0.1998, 0.389
719, 0.2067, 0.389
720, 0.1860, 0.389
721, 0.2224, 0.393
722, 0.2450, 0.393
723, 0.1996, 0.431
724, 0.1190, 0.395
725, 0.2474, 0.393
726, 0.2739, 0.392
727, 0.2384, 0.389
728, 0.3013, 0.392
729, 0.2363, 0.395
730, 0.2154, 0.393
731, 0.2186, 0.392
732, 0.2069, 0.393
733, 0.2530, 0.392
734, 0.1740, 0.391
735, 0.1760, 0.390
736, 0.1891, 0.391
737, 0.1970, 0.397
738, 0.1316, 0.400
739, 0.2440, 0.396
740, 0.2484, 0.395
741, 0.3005, 0.393
742, 0.1788, 0.392
743, 0.1968, 0.392
744, 0.1817, 0.393
745, 0.1708, 0.395
746, 0.1101, 0.395
747, 0.1537, 0.393
748, 0.1971, 0.394
749, 0.1812, 0.393
750, 0.1971, 0.393
751, 0.2509, 0.392
752, 0.2557, 0.392
753, 0.2135, 0.398
754, 0.2042, 0.399
755, 0.2449, 0.396
756, 0.1451, 0.396
757, 0.1664, 0.393
758, 0.2241, 0.393
759, 0.1367, 0.403
760, 0.1752, 0.394
761, 0.1932, 0.395
762, 0.1486, 0.394
763, 0.2064, 0.392
764, 0.2539, 0.394
765, 0.3271, 0.392
766, 0.1898, 0.388
767, 0.2118, 0.394
768, 0.1797, 0.393
769, 0.1745, 0.397
770, 0.3036, 0.399
771, 0.2996, 0.399
772, 0.1806, 0.397
773, 0.1741, 0.394
774, 0.1297, 0.395
775, 0.0758, 0.395
776, 0.3210, 0.393
777, 0.1888, 0.395
778, 0.2412, 0.394
779, 0.1794, 0.393
780, 0.2611, 0.395
781, 0.1843, 0.404
782, 0.1752, 0.405
783, 0.2056, 0.391
784, 0.2678, 0.393
785, 0.2089, 0.398
786, 0.1961, 0.397
787, 0.2484, 0.394
788, 0.2074, 0.396
789, 0.2200, 0.393
790, 0.2060, 0.394
791, 0.1754, 0.394
792, 0.1663, 0.395
793, 0.2257, 0.395
794, 0.2447, 0.394
795, 0.2353, 0.392
796, 0.1814, 0.388
797, 0.2001, 0.391
798, 0.1474, 0.391
799, 0.1915, 0.392
800, 0.2080, 0.393
801, 0.2126, 0.388
802, 0.1495, 0.398
803, 0.1896, 0.396
804, 0.1814, 0.392
805, 0.1897, 0.392
806, 0.1407, 0.398
807, 0.2058, 0.396
808, 0.1764, 0.406
809, 0.1241, 0.432
810, 0.1762, 0.399
811, 0.1723, 0.408
812, 0.1714, 0.412
813, 0.1398, 0.394
814, 0.2571, 0.392
815, 0.1896, 0.389
816, 0.1787, 0.394
817, 0.2262, 0.393
818, 0.2206, 0.403
819, 0.2026, 0.397
820, 0.2290, 0.399
821, 0.2541, 0.397
822, 0.1708, 0.397
823, 0.2479, 0.400
824, 0.1947, 0.393
825, 0.2047, 0.393
826, 0.1541, 0.389
827, 0.1357, 0.388
828, 0.1604, 0.387
829, 0.1666, 0.389
830, 0.1635, 0.394
831, 0.0977, 0.392
832, 0.1627, 0.395
833, 0.2247, 0.392
834, 0.1632, 0.393
835, 0.1187, 0.408
836, 0.1686, 0.391
837, 0.1973, 0.394
838, 0.1958, 0.392
839, 0.1764, 0.394
840, 0.1939, 0.391
841, 0.2648, 0.394
842, 0.0977, 0.392
843, 0.1812, 0.389
844, 0.1602, 0.385
845, 0.1070, 0.390
846, 0.2019, 0.392
847, 0.1773, 0.400
848, 0.2000, 0.393
849, 0.2515, 0.394
850, 0.2046, 0.396
851, 0.2375, 0.392
852, 0.1670, 0.392
853, 0.2546, 0.398
854, 0.1741, 0.398
855, 0.1976, 0.395
856, 0.1164, 0.389
857, 0.2131, 0.402
858, 0.1634, 0.391
859, 0.1664, 0.389
860, 0.2176, 0.391
861, 0.1143, 0.388
862, 0.2114, 0.406
863, 0.2768, 0.392
864, 0.2377, 0.392
865, 0.3142, 0.409
866, 0.1469, 0.391
867, 0.2384, 0.395
868, 0.3058, 0.390
869, 0.1969, 0.390
870, 0.1801, 0.390
871, 0.1721, 0.392
872, 0.1493, 0.391
873, 0.1924, 0.393
874, 0.1811, 0.391
875, 0.1082, 0.391
876, 0.1387, 0.388
877, 0.1819, 0.388
878, 0.1723, 0.390
879, 0.2028, 0.393
880, 0.1141, 0.392
881, 0.2831, 0.395
882, 0.2386, 0.392
883, 0.1542, 0.392
884, 0.1441, 0.393
885, 0.1861, 0.390
886, 0.2046, 0.407
887, 0.0999, 0.390
888, 0.2560, 0.391
889, 0.1666, 0.392
890, 0.1582, 0.392
891, 0.1361, 0.390
892, 0.1646, 0.389
893, 0.1917, 0.385
894, 0.2044, 0.391
895, 0.0449, 0.391
896, 0.0551, 0.396
897, 0.1917, 0.394
898, 0.1982, 0.391
899, 0.1835, 0.408
900, 0.1906, 0.405
901, 0.1496, 0.388
902, 0.1288, 0.389
903, 0.2314, 0.391
904, 0.2057, 0.408
905, 0.1635, 0.389
906, 0.1534, 0.390
907, 0.2330, 0.398
908, 0.1358, 0.390
909, 0.1361, 0.387
910, 0.1666, 0.393
911, 0.1504, 0.394
912, 0.1645, 0.393
913, 0.1948, 0.390
914, 0.3066, 0.394
915, 0.1819, 0.392
916, 0.1404, 0.391
917, 0.1648, 0.387
918, 0.1446, 0.390
919, 0.1295, 0.393
920, 0.1675, 0.392
921, 0.2525, 0.388
922, 0.2392, 0.391
923, 0.2252, 0.392
924, 0.1447, 0.445
925, 0.1525, 0.389
926, 0.1610, 0.394
927, 0.1619, 0.398
928, 0.2642, 0.396
929, 0.1244, 0.397
930, 0.1788, 0.394
931, 0.1322, 0.393
932, 0.1970, 0.405
933, 0.2135, 0.392
934, 0.1663, 0.391
935, 0.1133, 0.392
936, 0.2010, 0.392
937, 0.1967, 0.388
938, 0.1227, 0.396
939, 0.1691, 0.397
940, 0.1978, 0.396
941, 0.2882, 0.395
942, 0.2130, 0.395
943, 0.2722, 0.394
944, 0.1652, 0.396
945, 0.1782, 0.400
946, 0.2855, 0.396
947, 0.2021, 0.394
948, 0.2248, 0.393
949, 0.2001, 0.391
950, 0.1090, 0.392
951, 0.1387, 0.394
952, 0.1811, 0.407
953, 0.0778, 0.410
954, 0.1738, 0.396
955, 0.1840, 0.396
956, 0.2330, 0.396
957, 0.1552, 0.394
958, 0.2159, 0.395
959, 0.1590, 0.395
960, 0.2065, 0.396
961, 0.2025, 0.399
962, 0.2364, 0.395
963, 0.2944, 0.395
964, 0.2369, 0.394
965, 0.1504, 0.392
966, 0.2237, 0.392
967, 0.1345, 0.392
968, 0.1790, 0.400
969, 0.2130, 0.424
970, 0.2039, 0.453
971, 0.1798, 0.444
972, 0.1538, 0.453
973, 0.1102, 0.456
974, 0.1119, 0.451
975, 0.1044, 0.452
976, 0.1880, 0.452
977, 0.1913, 0.461
978, 0.1683, 0.455
979, 0.1364, 0.448
980, 0.2090, 0.449
981, 0.2602, 0.446
982, 0.2228, 0.448
983, 0.1945, 0.447
984, 0.1885, 0.447
985, 0.2567, 0.443
986, 0.2286, 0.448
987, 0.1860, 0.447
988, 0.2427, 0.446
989, 0.2344, 0.446
990, 0.2324, 0.445
991, 0.1872, 0.444
992, 0.1304, 0.441
993, 0.1908, 0.439
994, 0.1593, 0.439
995, 0.1221, 0.440
996, 0.1179, 0.440
997, 0.1414, 0.440
998, 0.2069, 0.438
999, 0.1738, 0.439
1000, 0.1383, 0.439
1001, 0.2228, 0.424
1002, 0.1827, 0.426
1003, 0.1991, 0.424
1004, 0.1813, 0.418
1005, 0.1243, 0.425
1006, 0.1977, 0.432
1007, 0.1464, 0.444
1008, 0.1621, 0.508
1009, 0.2043, 0.400
1010, 0.2114, 0.400
1011, 0.2160, 0.398
1012, 0.2081, 0.399
1013, 0.2406, 0.396
1014, 0.2366, 0.397
1015, 0.3012, 0.399
1016, 0.4906, 0.399
1017, 0.2131, 0.402
1018, 0.1718, 0.420
1019, 0.2552, 0.402
1020, 0.2791, 0.402
1021, 0.2821, 0.394
1022, 0.1883, 0.393
1023, 0.2195, 0.395
1024, 0.1132, 0.393
1025, 0.2350, 0.393
1026, 0.1393, 0.402
1027, 0.2009, 0.393
1028, 0.1783, 0.392
1029, 0.1928, 0.391
1030, 0.2302, 0.392
1031, 0.1470, 0.392
1032, 0.1540, 0.392
1033, 0.2212, 0.391
1034, 0.1667, 0.394
1035, 0.1909, 0.393
1036, 0.1676, 0.392
1037, 0.1341, 0.412
1038, 0.1803, 0.393
1039, 0.1594, 0.396
1040, 0.1796, 0.393
1041, 0.1179, 0.393
1042, 0.2240, 0.393
1043, 0.0957, 0.405
1044, 0.1510, 0.392
1045, 0.2291, 0.393
1046, 0.1452, 0.387
1047, 0.2438, 0.391
1048, 0.1982, 0.390
1049, 0.0873, 0.390
1050, 0.1292, 0.386
1051, 0.1255, 0.393
1052, 0.2131, 0.395
1053, 0.2607, 0.392
1054, 0.1518, 0.391
1055, 0.1529, 0.393
1056, 0.0726, 0.395
1057, 0.1999, 0.393
1058, 0.1345, 0.389
1059, 0.1350, 0.392
1060, 0.2170, 0.392
1061, 0.2003, 0.390
1062, 0.1448, 0.388
1063, 0.1654, 0.391
1064, 0.2520, 0.390
1065, 0.2629, 0.393
1066, 0.1827, 0.388
1067, 0.2599, 0.399
1068, 0.1651, 0.394
1069, 0.1827, 0.395
1070, 0.2301, 0.394
1071, 0.0864, 0.393
1072, 0.1955, 0.392
1073, 0.1127, 0.394
1074, 0.2304, 0.401
1075, 0.2171, 0.394
1076, 0.1617, 0.400
1077, 0.1968, 0.390
1078, 0.1454, 0.386
1079, 0.1564, 0.390
1080, 0.2170, 0.390
1081, 0.2305, 0.391
1082, 0.1546, 0.387
1083, 0.1259, 0.393
1084, 0.1119, 0.394
1085, 0.1138, 0.392
1086, 0.1743, 0.390
1087, 0.2316, 0.393
1088, 0.1413, 0.391
1089, 0.1777, 0.394
1090, 0.1978, 0.390
1091, 0.1305, 0.404
1092, 0.1794, 0.392
1093, 0.1169, 0.393
1094, 0.1318, 0.389
1095, 0.1328, 0.396
1096, 0.1313, 0.397
1097, 0.1253, 0.397
1098, 0.1457, 0.387
1099, 0.1403, 0.396
1100, 0.2395, 0.405
1101, 0.1439, 0.396
1102, 0.1922, 0.393
1103, 0.1974, 0.395
1104, 0.1312, 0.392
1105, 0.1625, 0.392
1106, 0.2490, 0.389
1107, 0.2477, 0.407
1108, 0.1754, 0.392
1109, 0.1420, 0.391
1110, 0.1231, 0.388
1111, 0.1539, 0.389
1112, 0.2240, 0.390
1113, 0.1468, 0.390
1114, 0.1488, 0.391
1115, 0.1873, 0.390
1116, 0.1331, 0.392
1117, 0.1468, 0.391
1118, 0.1537, 0.394
1119, 0.1511, 0.392
1120, 0.2623, 0.391
1121, 0.2946, 0.395
1122, 0.2035, 0.393
1123, 0.1806, 0.412
1124, 0.1797, 0.394
1125, 0.1294, 0.391
1126, 0.1225, 0.392
1127, 0.1857, 0.391
1128, 0.2228, 0.392
1129, 0.1622, 0.392
1130, 0.1278, 0.392
1131, 0.1917, 0.393
1132, 0.1714, 0.441
1133, 0.1161, 0.424
1134, 0.3194, 0.449
1135, 0.2791, 0.441
1136, 0.0969, 0.449
1137, 0.1445, 0.453
1138, 0.1544, 0.456
1139, 0.2115, 0.451
1140, 0.1892, 0.449
1141, 0.2197, 0.450
1142, 0.1184, 0.444
1143, 0.1084, 0.445
1144, 0.1984, 0.446
1145, 0.1452, 0.448
1146, 0.2194, 0.444
1147, 0.1725, 0.448
1148, 0.1741, 0.453
1149, 0.1939, 0.447
1150, 0.0815, 0.446
1151, 0.2222, 0.446
1152, 0.1964, 0.447
1153, 0.1908, 0.447
1154, 0.1512, 0.448
1155, 0.1763, 0.441
1156, 0.1239, 0.442
1157, 0.1707, 0.441
1158, 0.2213, 0.439
1159, 0.1722, 0.439
1160, 0.2825, 0.439
1161, 0.1946, 0.439
1162, 0.1689, 0.440
1163, 0.2354, 0.440
1164, 0.2410, 0.441
1165, 0.1538, 0.442
1166, 0.1569, 0.445
1167, 0.1304, 0.448
1168, 0.1471, 0.446
1169, 0.2025, 0.427
1170, 0.2117, 0.423
1171, 0.1757, 0.415
1172, 0.1715, 0.410
1173, 0.1694, 0.405
1174, 0.1617, 0.406
1175, 0.1961, 0.407
1176, 0.2459, 0.408
1177, 0.2160, 0.408
1178, 0.1349, 0.406
1179, 0.0938, 0.403
1180, 0.1807, 0.404
1181, 0.1453, 0.406
1182, 0.2665, 0.415
1183, 0.1604, 0.420
1184, 0.1139, 0.409
1185, 0.2357, 0.400
1186, 0.1777, 0.399
1187, 0.1694, 0.394
1188, 0.1591, 0.394
1189, 0.1532, 0.394
1190, 0.2296, 0.396
1191, 0.2016, 0.395
1192, 0.0901, 0.395
1193, 0.1938, 0.393
1194, 0.1840, 0.391
1195, 0.1403, 0.391
1196, 0.2259, 0.390
1197, 0.2015, 0.392
1198, 0.1510, 0.453
1199, 0.1133, 0.423
1200, 0.2473, 0.390
1201, 0.1019, 0.391
1202, 0.1676, 0.398
1203, 0.0997, 0.398
1204, 0.1277, 0.396
1205, 0.2217, 0.399
1206, 0.2424, 0.398
1207, 0.1098, 0.402
1208, 0.2137, 0.393
1209, 0.1589, 0.457
1210, 0.1780, 0.395
1211, 0.2132, 0.395
1212, 0.1378, 0.388
1213, 0.1721, 0.395
1214, 0.1905, 0.397
1215, 0.1857, 0.414
1216, 0.2493, 0.404
1217, 0.1366, 0.402
1218, 0.0968, 0.394
1219, 0.1751, 0.399
1220, 0.2625, 0.398
1221, 0.1336, 0.401
1222, 0.1835, 0.395
1223, 0.1750, 0.404
1224, 0.1784, 0.394
1225, 0.0957, 0.388
1226, 0.1479, 0.389
1227, 0.2542, 0.398
1228, 0.1614, 0.400
1229, 0.1809, 0.390
1230, 0.1500, 0.389
1231, 0.1954, 0.395
1232, 0.1624, 0.389
1233, 0.1561, 0.389
1234, 0.1758, 0.391
1235, 0.2520, 0.400
1236, 0.1729, 0.390
1237, 0.2918, 0.402
1238, 0.1553, 0.392
1239, 0.2456, 0.390
1240, 0.1841, 0.391
1241, 0.1764, 0.390
1242, 0.1644, 0.389
1243, 0.1869, 0.392
1244, 0.2283, 0.386
1245, 0.2422, 0.388
1246, 0.2366, 0.390
1247, 0.1827, 0.391
1248, 0.1848, 0.394
1249, 0.2454, 0.387
1250, 0.1985, 0.391
1251, 0.2404, 0.391
1252, 0.2280, 0.391
1253, 0.2385, 0.387
1254, 0.2402, 0.389
1255, 0.2062, 0.392
1256, 0.1614, 0.390
1257, 0.2321, 0.390
1258, 0.2410, 0.389
1259, 0.2020, 0.389
1260, 0.1246, 0.389
1261, 0.1284, 0.388
1262, 0.1886, 0.390
1263, 0.1581, 0.389
1264, 0.2298, 0.391
1265, 0.2023, 0.395
1266, 0.1242, 0.390
1267, 0.1779, 0.386
1268, 0.2301, 0.391
1269, 0.1734, 0.402
1270, 0.2725, 0.391
1271, 0.1452, 0.392
1272, 0.2438, 0.388
1273, 0.2529, 0.390
1274, 0.2122, 0.389
1275, 0.2523, 0.388
1276, 0.2072, 0.388
1277, 0.1947, 0.384
1278, 0.1872, 0.390
1279, 0.1857, 0.393
1280, 0.0977, 0.393
1281, 0.2162, 0.391
1282, 0.1609, 0.393
1283, 0.1411, 0.390
1284, 0.1838, 0.391
1285, 0.1546, 0.388
1286, 0.1698, 0.386
1287, 0.1953, 0.390
1288, 0.2014, 0.391
1289, 0.1564, 0.392
1290, 0.1619, 0.389
1291, 0.0894, 0.387
1292, 0.2656, 0.389
1293, 0.2372, 0.388
1294, 0.2147, 0.391
1295, 0.1004, 0.392
1296, 0.1265, 0.390
1297, 0.1705, 0.393
1298, 0.1528, 0.390
1299, 0.1833, 0.391
1300, 0.1590, 0.392
1301, 0.1335, 0.386
1302, 0.1447, 0.389
1303, 0.2044, 0.390
1304, 0.2293, 0.391
1305, 0.2315, 0.389
1306, 0.2437, 0.389
1307, 0.1779, 0.389
1308, 0.1924, 0.388
1309, 0.1963, 0.388
1310, 0.2108, 0.389
1311, 0.1262, 0.393
1312, 0.1439, 0.392
1313, 0.2538, 0.405
1314, 0.1864, 0.388
1315, 0.1562, 0.390
1316, 0.1773, 0.390
1317, 0.2421, 0.387
1318, 0.2484, 0.389
1319, 0.1722, 0.386
1320, 0.1608, 0.392
1321, 0.2155, 0.392
1322, 0.1722, 0.390
1323, 0.1588, 0.389
1324, 0.2219, 0.387
1325, 0.1811, 0.386
1326, 0.0957, 0.388
1327, 0.1256, 0.390
1328, 0.1118, 0.391
1329, 0.1242, 0.393
1330, 0.2796, 0.395
1331, 0.2568, 0.391
1332, 0.1288, 0.391
1333, 0.1926, 0.384
1334, 0.1765, 0.393
1335, 0.1272, 0.384
1336, 0.1805, 0.401
1337, 0.1508, 0.396
1338, 0.1405, 0.394
1339, 0.1316, 0.392
1340, 0.2630, 0.390
1341, 0.2554, 0.389
1342, 0.2092, 0.391
1343, 0.2230, 0.390
1344, 0.1831, 0.391
1345, 0.1011, 0.395
1346, 0.1436, 0.393
1347, 0.1544, 0.391
1348, 0.1504, 0.393
1349, 0.1369, 0.390
1350, 0.3059, 0.393
1351, 0.1516, 0.397
1352, 0.0888, 0.402
1353, 0.1756, 0.396
1354, 0.1736, 0.394
1355, 0.1483, 0.395
1356, 0.1764, 0.394
1357, 0.1154, 0.392
1358, 0.1577, 0.391
1359, 0.2052, 0.392
1360, 0.1543, 0.393
1361, 0.1389, 0.395
1362, 0.2090, 0.393
1363, 0.1334, 0.393
1364, 0.2329, 0.394
1365, 0.1727, 0.392
1366, 0.1910, 0.392
1367, 0.1540, 0.396
1368, 0.2166, 0.404
1369, 0.1227, 0.401
1370, 0.1673, 0.398
1371, 0.1875, 0.397
1372, 0.2213, 0.394
1373, 0.1728, 0.392
1374, 0.1476, 0.392
1375, 0.2248, 0.392
1376, 0.1947, 0.393
1377, 0.1553, 0.396
1378, 0.2022, 0.394
1379, 0.1185, 0.392
1380, 0.4195, 0.394
1381, 0.2106, 0.393
1382, 0.2482, 0.392
1383, 0.1969, 0.394
1384, 0.1992, 0.400
1385, 0.2261, 0.410
1386, 0.2431, 0.406
1387, 0.1458, 0.393
1388, 0.2148, 0.394
1389, 0.2263, 0.392
1390, 0.1326, 0.415
1391, 0.0579, 0.385
1392, 0.1407, 0.391
1393, 0.1690, 0.395
1394, 0.1827, 0.393
1395, 0.1767, 0.404
1396, 0.4191, 0.394
1397, 0.1822, 0.393
1398, 0.1617, 0.392
1399, 0.1198, 0.395
1400, 0.2012, 0.401
1401, 0.2110, 0.388
1402, 0.1721, 0.395
1403, 0.1191, 0.398
1404, 0.1676, 0.396
1405, 0.2020, 0.405
1406, 0.1543, 0.409
1407, 0.1567, 0.405
1408, 0.1872, 0.406
1409, 0.1681, 0.459
1410, 0.1978, 0.393
1411, 0.1939, 0.389
1412, 0.1484, 0.391
1413, 0.2120, 0.395
1414, 0.1598, 0.394
1415, 0.2034, 0.396
1416, 0.2331, 0.395
1417, 0.1787, 0.405
1418, 0.1827, 0.391
1419, 0.1766, 0.394
1420, 0.1401, 0.399
1421, 0.2454, 0.410
1422, 0.2798, 0.405
1423, 0.1846, 0.406
1424, 0.1064, 0.395
1425, 0.1189, 0.389
1426, 0.1658, 0.389
1427, 0.1274, 0.401
1428, 0.1893, 0.403
1429, 0.1455, 0.393
1430, 0.1705, 0.393
1431, 0.1549, 0.392
1432, 0.1532, 0.394
1433, 0.1815, 0.393
1434, 0.1407, 0.393
1435, 0.1725, 0.393
1436, 0.1417, 0.388
1437, 0.3569, 0.393
1438, 0.1529, 0.391
1439, 0.1047, 0.387
1440, 0.1807, 0.394
1441, 0.1794, 0.390
1442, 0.1064, 0.389
1443, 0.1601, 0.390
1444, 0.2106, 0.390
1445, 0.1218, 0.388
1446, 0.0901, 0.389
1447, 0.1870, 0.393
1448, 0.1912, 0.390
1449, 0.2079, 0.397
1450, 0.2070, 0.391
1451, 0.0899, 0.391
1452, 0.1646, 0.390
1453, 0.1199, 0.385
1454, 0.2426, 0.391
1455, 0.1822, 0.391
1456, 0.1950, 0.392
1457, 0.1316, 0.391
1458, 0.2139, 0.387
1459, 0.1430, 0.399
1460, 0.0674, 0.389
1461, 0.2026, 0.401
1462, 0.1497, 0.390
1463, 0.2107, 0.391
1464, 0.1999, 0.395
1465, 0.1779, 0.405
1466, 0.1600, 0.391
1467, 0.1843, 0.387
1468, 0.1158, 0.391
1469, 0.1859, 0.389
1470, 0.1657, 0.391
1471, 0.1484, 0.388
1472, 0.1520, 0.389
1473, 0.1638, 0.393
1474, 0.1406, 0.391
1475, 0.1280, 0.393
1476, 0.1803, 0.386
1477, 0.1745, 0.390
1478, 0.1752, 0.391
1479, 0.1901, 0.389
1480, 0.1868, 0.390
1481, 0.2152, 0.388
1482, 0.1981, 0.389
1483, 0.1698, 0.390
1484, 0.2505, 0.392
1485, 0.1574, 0.389
1486, 0.1847, 0.386
1487, 0.0932, 0.390
1488, 0.1240, 0.392
1489, 0.1402, 0.392
1490, 0.1784, 0.386
1491, 0.1500, 0.393
1492, 0.1859, 0.390
1493, 0.1310, 0.389
1494, 0.1057, 0.391
1495, 0.1028, 0.388
1496, 0.1233, 0.394
1497, 0.2459, 0.392
1498, 0.1902, 0.389
1499, 0.2101, 0.389
1500, 0.1633, 0.390
1501, 0.1885, 0.388
1502, 0.1442, 0.388
1503, 0.1434, 0.389
1504, 0.2064, 0.390
1505, 0.1967, 0.392
1506, 0.1617, 0.390
1507, 0.1648, 0.389
1508, 0.2073, 0.390
1509, 0.1138, 0.386
1510, 0.2122, 0.389
1511, 0.1589, 0.392
1512, 0.1503, 0.392
1513, 0.1922, 0.393
1514, 0.1431, 0.386
1515, 0.1996, 0.390
1516, 0.1041, 0.390
1517, 0.1524, 0.388
1518, 0.1979, 0.384
1519, 0.2223, 0.388
1520, 0.1024, 0.393
1521, 0.1369, 0.393
1522, 0.1303, 0.397
1523, 0.1875, 0.388
1524, 0.1929, 0.390
1525, 0.2160, 0.389
1526, 0.1997, 0.390
1527, 0.1651, 0.387
1528, 0.1720, 0.392
1529, 0.1949, 0.392
1530, 0.2272, 0.389
1531, 0.1663, 0.388
1532, 0.1302, 0.391
1533, 0.1942, 0.393
1534, 0.1417, 0.415
1535, 0.1481, 0.390
1536, 0.1536, 0.394
1537, 0.1339, 0.396
1538, 0.1127, 0.393
1539, 0.1240, 0.392
1540, 0.0952, 0.392
1541, 0.1283, 0.385
1542, 0.0897, 0.390
1543, 0.1196, 0.392
1544, 0.1674, 0.393
1545, 0.0922, 0.393
1546, 0.1584, 0.392
1547, 0.2070, 0.392
1548, 0.1454, 0.398
1549, 0.2756, 0.400
1550, 0.1935, 0.397
1551, 0.1672, 0.390
1552, 0.1359, 0.391
1553, 0.1632, 0.395
1554, 0.1310, 0.393
1555, 0.1747, 0.392
1556, 0.1746, 0.406
1557, 0.1262, 0.404
1558, 0.0655, 0.391
1559, 0.1704, 0.390
1560, 0.0676, 0.391
1561, 0.1966, 0.390
1562, 0.1955, 0.385
1563, 0.1388, 0.388
1564, 0.1380, 0.397
1565, 0.1749, 0.397
1566, 0.2182, 0.407
1567, 0.2236, 0.409
1568, 0.1726, 0.397
1569, 0.2099, 0.396
1570, 0.1596, 0.397
1571, 0.1619, 0.427
1572, 0.1417, 0.455
1573, 0.0836, 0.441
1574, 0.1303, 0.444
1575, 0.1031, 0.450
1576, 0.2015, 0.448
1577, 0.1511, 0.449
1578, 0.1992, 0.448
1579, 0.1734, 0.448
1580, 0.1551, 0.451
1581, 0.1435, 0.450
1582, 0.1503, 0.445
1583, 0.1603, 0.449
1584, 0.0532, 0.459
1585, 0.0703, 0.457
1586, 0.0929, 0.452
1587, 0.1397, 0.449
1588, 0.1620, 0.447
1589, 0.1936, 0.445
1590, 0.2367, 0.446
1591, 0.2684, 0.444
1592, 0.1305, 0.441
1593, 0.2130, 0.443
1594, 0.1409, 0.442
1595, 0.1311, 0.443
1596, 0.1563, 0.441
1597, 0.1341, 0.441
1598, 0.1177, 0.440
1599, 0.2127, 0.441
1600, 0.1771, 0.442
1601, 0.1584, 0.421
1602, 0.1317, 0.401
1603, 0.1670, 0.407
1604, 0.1068, 0.424
1605, 0.1315, 0.429
1606, 0.1441, 0.418
1607, 0.1238, 0.422
1608, 0.2680, 0.452
1609, 0.1597, 0.416
1610, 0.0482, 0.405
1611, 0.1887, 0.400
1612, 0.1454, 0.401
1613, 0.1303, 0.399
1614, 0.1535, 0.397
1615, 0.1686, 0.400
1616, 0.1549, 0.397
1617, 0.1263, 0.402
1618, 0.1871, 0.402
1619, 0.1962, 0.395
1620, 0.1940, 0.393
1621, 0.1385, 0.394
1622, 0.2853, 0.407
1623, 0.1322, 0.393
1624, 0.1271, 0.390
1625, 0.1999, 0.393
1626, 0.2208, 0.395
1627, 0.1538, 0.391
1628, 0.1716, 0.390
1629, 0.2864, 0.387
1630, 0.1204, 0.390
1631, 0.1378, 0.391
1632, 0.1297, 0.391
1633, 0.1361, 0.391
1634, 0.1755, 0.387
1635, 0.1750, 0.399
1636, 0.1816, 0.401
1637, 0.2515, 0.400
1638, 0.2103, 0.392
1639, 0.1615, 0.392
1640, 0.1388, 0.395
1641, 0.2980, 0.394
1642, 0.1470, 0.394
1643, 0.1042, 0.392
1644, 0.2151, 0.391
1645, 0.1492, 0.391
1646, 0.2255, 0.390
1647, 0.2498, 0.392
1648, 0.2078, 0.390
1649, 0.2210, 0.391
1650, 0.2184, 0.390
1651, 0.1979, 0.393
1652, 0.1679, 0.398
1653, 0.1222, 0.393
1654, 0.1719, 0.388
1655, 0.1738, 0.392
1656, 0.1292, 0.392
1657, 0.1419, 0.393
1658, 0.0691, 0.394
1659, 0.1713, 0.390
1660, 0.1630, 0.395
1661, 0.1042, 0.392
1662, 0.1704, 0.390
1663, 0.2205, 0.389
1664, 0.1054, 0.394
1665, 0.0889, 0.389
1666, 0.2031, 0.389
1667, 0.1912, 0.392
1668, 0.0996, 0.394
1669, 0.1687, 0.392
1670, 0.0998, 0.392
1671, 0.2462, 0.404
1672, 0.2479, 0.392
1673, 0.1440, 0.394
1674, 0.1213, 0.393
1675, 0.2316, 0.392
1676, 0.1283, 0.392
1677, 0.1762, 0.387
1678, 0.1291, 0.390
1679, 0.1557, 0.392
1680, 0.2709, 0.391
1681, 0.1760, 0.390
1682, 0.2018, 0.390
1683, 0.1991, 0.392
1684, 0.1762, 0.395
1685, 0.1623, 0.393
1686, 0.2432, 0.387
1687, 0.1984, 0.391
1688, 0.1903, 0.392
1689, 0.1846, 0.393
1690, 0.1967, 0.392
1691, 0.1711, 0.392
1692, 0.1487, 0.392
1693, 0.1528, 0.390
1694, 0.1261, 0.391
1695, 0.1288, 0.388
1696, 0.1580, 0.405
1697, 0.1560, 0.390
1698, 0.1679, 0.390
1699, 0.1098, 0.395
1700, 0.1723, 0.403
1701, 0.1697, 0.394
1702, 0.2016, 0.394
1703, 0.1401, 0.395
1704, 0.2093, 0.390
1705, 0.1491, 0.393
1706, 0.1967, 0.393
1707, 0.1509, 0.393
1708, 0.1773, 0.392
1709, 0.1727, 0.388
1710, 0.1604, 0.390
1711, 0.1408, 0.392
1712, 0.1296, 0.392
1713, 0.1825, 0.387
1714, 0.0871, 0.389
1715, 0.0659, 0.393
1716, 0.0995, 0.395
1717, 0.1731, 0.390
1718, 0.2100, 0.388
1719, 0.2407, 0.393
1720, 0.1638, 0.392
1721, 0.1302, 0.394
1722, 0.1708, 0.388
1723, 0.1415, 0.401
1724, 0.0762, 0.392
1725, 0.0923, 0.390
1726, 0.1279, 0.391
1727, 0.0962, 0.388
1728, 0.0520, 0.392
1729, 0.1956, 0.397
1730, 0.1077, 0.437
1731, 0.1591, 0.421
1732, 0.0788, 0.417
1733, 0.1185, 0.440
1734, 0.1226, 0.442
1735, 0.1950, 0.428
1736, 0.1691, 0.424
1737, 0.1828, 0.391
1738, 0.2866, 0.405
1739, 0.1423, 0.393
1740, 0.1613, 0.395
1741, 0.1939, 0.392
1742, 0.1529, 0.388
1743, 0.1428, 0.396
1744, 0.1216, 0.399
1745, 0.2106, 0.399
1746, 0.2290, 0.392
1747, 0.1989, 0.393
1748, 0.0585, 0.408
1749, 0.2174, 0.416
1750, 0.1387, 0.425
1751, 0.1405, 0.414
1752, 0.1754, 0.416
1753, 0.2747, 0.410
1754, 0.1066, 0.394
1755, 0.1355, 0.396
1756, 0.1867, 0.396
1757, 0.2003, 0.408
1758, 0.0892, 0.407
1759, 0.1344, 0.393
1760, 0.1408, 0.399
1761, 0.2016, 0.397
1762, 0.1333, 0.391
1763, 0.1826, 0.394
1764, 0.2097, 0.396
1765, 0.3100, 0.392
1766, 0.1342, 0.393
1767, 0.2922, 0.393
1768, 0.3865, 0.394
1769, 0.2663, 0.403
1770, 0.1559, 0.395
1771, 0.2131, 0.394
1772, 0.2055, 0.395
1773, 0.1043, 0.393
1774, 0.1133, 0.393
1775, 0.1889, 0.394
1776, 0.1230, 0.399
1777, 0.2211, 0.401
1778, 0.1121, 0.423
1779, 0.1251, 0.388
1780, 0.2147, 0.396
1781, 0.2171, 0.393
1782, 0.1610, 0.404
1783, 0.1735, 0.404
1784, 0.2321, 0.406
1785, 0.1267, 0.408
1786, 0.2791, 0.395
1787, 0.1508, 0.397
1788, 0.0995, 0.394
1789, 0.1644, 0.394
1790, 0.1799, 0.393
1791, 0.1243, 0.392
1792, 0.1229, 0.397
1793, 0.1272, 0.408
1794, 0.1374, 0.412
1795, 0.1236, 0.412
1796, 0.1796, 0.394
1797, 0.1431, 0.392
1798, 0.0668, 0.393
1799, 0.1639, 0.393
1800, 0.1621, 0.396
1801, 0.1286, 0.386
1802, 0.1456, 0.407
1803, 0.2305, 0.415
1804, 0.0767, 0.398
1805, 0.1466, 0.401
1806, 0.1972, 0.388
1807, 0.2113, 0.390
1808, 0.1262, 0.414
1809, 0.1525, 0.455
1810, 0.1510, 0.396
1811, 0.1230, 0.396
1812, 0.1640, 0.403
1813, 0.1207, 0.404
1814, 0.1455, 0.395
1815, 0.1314, 0.395
1816, 0.2371, 0.395
1817, 0.2236, 0.392
1818, 0.1454, 0.392
1819, 0.1528, 0.398
1820, 0.1076, 0.394
1821, 0.1175, 0.407
1822, 0.0742, 0.411
1823, 0.1139, 0.396
1824, 0.1393, 0.396
1825, 0.1279, 0.393
1826, 0.2795, 0.390
1827, 0.1736, 0.392
1828, 0.1601, 0.390
1829, 0.2883, 0.394
1830, 0.2561, 0.397
1831, 0.2584, 0.407
1832, 0.2078, 0.394
1833, 0.1607, 0.390
1834, 0.1109, 0.394
1835, 0.1867, 0.392
1836, 0.2289, 0.394
1837, 0.3081, 0.390
1838, 0.2134, 0.390
1839, 0.1383, 0.391
1840, 0.1472, 0.393
1841, 0.1835, 0.391
1842, 0.1732, 0.393
1843, 0.1560, 0.391
1844, 0.1844, 0.406
1845, 0.1645, 0.394
1846, 0.1009, 0.398
1847, 0.1112, 0.402
1848, 0.1028, 0.399
1849, 0.0901, 0.397
1850, 0.0973, 0.393
1851, 0.2077, 0.400
1852, 0.1660, 0.392
1853, 0.1287, 0.391
1854, 0.0816, 0.393
1855, 0.0989, 0.397
1856, 0.0998, 0.391
1857, 0.1338, 0.395
1858, 0.0928, 0.394
1859, 0.2006, 0.392
1860, 0.1004, 0.393
1861, 0.1036, 0.394
1862, 0.1561, 0.403
1863, 0.1176, 0.394
1864, 0.1623, 0.394
1865, 0.1414, 0.396
1866, 0.1018, 0.393
1867, 0.1547, 0.395
1868, 0.1658, 0.393
1869, 0.3391, 0.391
1870, 0.2952, 0.391
1871, 0.1845, 0.389
1872, 0.2396, 0.395
1873, 0.0980, 0.392
1874, 0.1539, 0.390
1875, 0.1427, 0.396
1876, 0.1648, 0.405
1877, 0.1351, 0.407
1878, 0.2129, 0.399
1879, 0.1315, 0.396
1880, 0.1449, 0.401
1881, 0.1238, 0.395
1882, 0.2371, 0.408
1883, 0.1064, 0.396
1884, 0.1106, 0.398
1885, 0.1367, 0.409
1886, 0.1035, 0.407
1887, 0.1241, 0.397
1888, 0.1262, 0.393
1889, 0.1893, 0.392
1890, 0.1880, 0.395
1891, 0.2139, 0.393
1892, 0.1307, 0.395
1893, 0.1651, 0.399
1894, 0.1380, 0.396
1895, 0.1406, 0.408
1896, 0.0652, 0.395
1897, 0.2008, 0.392
1898, 0.0676, 0.392
1899, 0.0779, 0.396
1900, 0.1118, 0.397
1901, 0.0907, 0.393
1902, 0.1834, 0.391
1903, 0.1748, 0.394
1904, 0.1802, 0.397
1905, 0.0628, 0.393
1906, 0.0874, 0.392
1907, 0.1329, 0.397
1908, 0.1284, 0.405
1909, 0.1412, 0.392
1910, 0.0915, 0.392
1911, 0.1016, 0.389
1912, 0.1365, 0.395
1913, 0.1141, 0.399
1914, 0.1911, 0.395
1915, 0.1487, 0.393
1916, 0.1498, 0.395
1917, 0.1701, 0.395
1918, 0.2231, 0.395
1919, 0.1654, 0.392
1920, 0.1107, 0.408
1921, 0.1726, 0.402
1922, 0.2082, 0.394
1923, 0.2215, 0.398
1924, 0.2124, 0.397
1925, 0.2232, 0.439
1926, 0.3253, 0.406
1927, 0.3047, 0.407
1928, 0.1725, 0.393
1929, 0.1362, 0.394
1930, 0.1020, 0.393
1931, 0.2490, 0.392
1932, 0.1399, 0.391
1933, 0.1546, 0.392
1934, 0.0642, 0.392
1935, 0.1239, 0.394
1936, 0.2070, 0.389
1937, 0.1645, 0.392
1938, 0.1563, 0.389
1939, 0.0924, 0.395
1940, 0.1720, 0.400
1941, 0.2084, 0.397
1942, 0.1558, 0.396
1943, 0.1555, 0.395
1944, 0.3173, 0.394
1945, 0.2094, 0.394
1946, 0.1449, 0.393
1947, 0.1331, 0.424
1948, 0.0991, 0.422
1949, 0.1782, 0.444
1950, 0.0665, 0.440
1951, 0.1601, 0.452
1952, 0.1754, 0.451
1953, 0.1818, 0.449
1954, 0.2272, 0.447
1955, 0.1145, 0.452
1956, 0.1152, 0.466
1957, 0.1438, 0.451
1958, 0.1275, 0.449
1959, 0.1701, 0.454
1960, 0.1246, 0.451
1961, 0.2614, 0.452
1962, 0.1404, 0.450
1963, 0.1260, 0.449
1964, 0.1285, 0.449
1965, 0.1025, 0.448
1966, 0.1440, 0.447
1967, 0.0520, 0.447
1968, 0.1338, 0.448
1969, 0.1773, 0.446
1970, 0.1940, 0.443
1971, 0.1526, 0.440
1972, 0.1591, 0.442
1973, 0.1494, 0.445
1974, 0.1067, 0.443
1975, 0.1889, 0.441
1976, 0.0625, 0.439
1977, 0.1817, 0.440
1978, 0.1323, 0.440
1979, 0.1694, 0.440
1980, 0.1395, 0.441
1981, 0.1528, 0.445
1982, 0.1771, 0.446
1983, 0.1341, 0.446
1984, 0.1200, 0.446
1985, 0.1919, 0.448
1986, 0.1609, 0.443
1987, 0.1862, 0.439
1988, 0.1622, 0.440
1989, 0.1492, 0.440
1990, 0.1211, 0.442
1991, 0.1833, 0.442
1992, 0.2190, 0.440
1993, 0.1748, 0.439
1994, 0.1096, 0.440
1995, 0.2745, 0.436
1996, 0.2437, 0.442
1997, 0.2248, 0.444
1998, 0.2010, 0.445
1999, 0.1355, 0.444
2000, 0.0769, 0.447
2001, 0.0969, 0.427
2002, 0.1786, 0.422
2003, 0.1796, 0.418
2004, 0.1067, 0.444
2005, 0.1277, 0.431
2006, 0.1022, 0.437
2007, 0.0620, 0.439
2008, 0.2269, 0.492
2009, 0.1768, 0.409
2010, 0.1708, 0.405
2011, 0.1226, 0.399
2012, 0.2618, 0.410
2013, 0.2068, 0.413
2014, 0.1482, 0.421
2015, 0.1805, 0.418
2016, 0.1385, 0.411
2017, 0.1493, 0.400
2018, 0.2050, 0.399
2019, 0.1452, 0.406
2020, 0.1393, 0.406
2021, 0.1381, 0.396
2022, 0.1504, 0.400
2023, 0.1521, 0.403
2024, 0.1556, 0.400
2025, 0.1213, 0.399
2026, 0.1958, 0.397
2027, 0.1367, 0.395
2028, 0.2128, 0.390
2029, 0.1403, 0.388
2030, 0.0570, 0.390
2031, 0.1252, 0.390
2032, 0.1169, 0.390
2033, 0.1917, 0.391
2034, 0.1366, 0.390
2035, 0.1616, 0.392
2036, 0.2097, 0.390
2037, 0.1677, 0.392
2038, 0.1761, 0.392
2039, 0.2330, 0.388
2040, 0.1134, 0.403
2041, 0.2904, 0.390
2042, 0.2727, 0.406
2043, 0.1482, 0.389
2044, 0.1566, 0.390
2045, 0.1047, 0.401
2046, 0.1013, 0.391
2047, 0.1898, 0.390
2048, 0.1420, 0.387
2049, 0.1682, 0.392
2050, 0.1527, 0.391
2051, 0.0586, 0.392
2052, 0.1185, 0.390
2053, 0.1542, 0.390
2054, 0.1591, 0.392
2055, 0.0962, 0.390
2056, 0.1240, 0.389
2057, 0.1482, 0.390
2058, 0.1101, 0.389
2059, 0.2280, 0.389
2060, 0.1487, 0.390
2061, 0.2016, 0.389
2062, 0.1525, 0.387
2063, 0.0692, 0.390
2064, 0.2392, 0.390
2065, 0.1980, 0.392
2066, 0.1758, 0.392
2067, 0.2398, 0.388
2068, 0.2330, 0.395
2069, 0.1869, 0.389
2070, 0.1523, 0.391
2071, 0.1654, 0.388
2072, 0.1170, 0.390
2073, 0.1458, 0.391
2074, 0.0796, 0.390
2075, 0.1981, 0.390
2076, 0.1070, 0.388
2077, 0.0924, 0.393
2078, 0.1174, 0.390
2079, 0.1442, 0.390
2080, 0.1178, 0.390
2081, 0.1866, 0.389
2082, 0.1412, 0.392
2083, 0.0672, 0.392
2084, 0.0705, 0.391
2085, 0.1201, 0.389
2086, 0.1388, 0.390
2087, 0.1123, 0.391
2088, 0.1394, 0.390
2089, 0.1507, 0.390
2090, 0.1485, 0.390
2091, 0.1701, 0.391
2092, 0.2069, 0.390
2093, 0.1580, 0.387
2094, 0.1136, 0.393
2095, 0.1305, 0.407
2096, 0.1934, 0.395
2097, 0.1980, 0.392
2098, 0.1698, 0.392
2099, 0.1799, 0.391
2100, 0.0967, 0.402
2101, 0.0955, 0.390
2102, 0.1473, 0.391
2103, 0.1994, 0.394
2104, 0.1754, 0.387
2105, 0.1190, 0.405
2106, 0.1476, 0.397
2107, 0.1640, 0.398
2108, 0.1021, 0.404
2109, 0.0893, 0.392
2110, 0.2015, 0.398
2111, 0.1966, 0.399
2112, 0.2153, 0.391
2113, 0.1603, 0.399
2114, 0.1428, 0.398
2115, 0.1372, 0.395
2116, 0.2745, 0.388
2117, 0.1811, 0.390
2118, 0.1498, 0.390
2119, 0.2095, 0.391
2120, 0.1783, 0.388
2121, 0.1717, 0.391
2122, 0.1910, 0.390
2123, 0.1267, 0.391
2124, 0.1879, 0.389
2125, 0.1062, 0.398
2126, 0.2498, 0.390
2127, 0.1274, 0.401
2128, 0.1186, 0.420
2129, 0.1809, 0.392
2130, 0.0997, 0.392
2131, 0.1175, 0.405
2132, 0.1266, 0.393
2133, 0.0756, 0.390
2134, 0.1944, 0.392
2135, 0.2374, 0.394
2136, 0.2167, 0.392
2137, 0.2261, 0.393
2138, 0.1001, 0.391
2139, 0.0703, 0.392
2140, 0.1891, 0.394
2141, 0.1871, 0.394
2142, 0.1135, 0.396
2143, 0.1861, 0.400
2144, 0.1112, 0.396
2145, 0.1371, 0.396
2146, 0.1220, 0.395
2147, 0.1127, 0.394
2148, 0.2103, 0.395
2149, 0.1559, 0.393
2150, 0.0909, 0.393
2151, 0.1509, 0.395
2152, 0.1519, 0.393
2153, 0.1305, 0.393
2154, 0.1546, 0.393
2155, 0.2445, 0.394
2156, 0.2070, 0.395
2157, 0.2485, 0.393
2158, 0.1233, 0.397
2159, 0.1098, 0.399
2160, 0.2087, 0.394
2161, 0.1663, 0.396
2162, 0.0625, 0.389
2163, 0.1671, 0.394
2164, 0.1443, 0.394
2165, 0.1240, 0.390
2166, 0.0961, 0.393
2167, 0.1106, 0.395
2168, 0.2363, 0.387
2169, 0.0938, 0.388
2170, 0.1296, 0.391
2171, 0.1485, 0.393
2172, 0.1942, 0.388
2173, 0.2217, 0.388
2174, 0.1857, 0.398
2175, 0.2131, 0.403
2176, 0.2321, 0.396
2177, 0.2103, 0.409
2178, 0.1882, 0.408
2179, 0.1511, 0.397
2180, 0.1101, 0.397
2181, 0.1102, 0.395
2182, 0.0780, 0.407
2183, 0.0834, 0.409
2184, 0.2075, 0.410
2185, 0.1986, 0.410
2186, 0.0876, 0.396
2187, 0.1470, 0.408
2188, 0.1089, 0.412
2189, 0.1107, 0.395
2190, 0.1479, 0.397
2191, 0.1616, 0.402
2192, 0.2035, 0.396
2193, 0.1960, 0.396
2194, 0.1283, 0.392
2195, 0.1475, 0.394
2196, 0.1270, 0.395
2197, 0.1367, 0.394
2198, 0.1594, 0.394
2199, 0.1912, 0.395
2200, 0.1793, 0.394
2201, 0.1870, 0.386
2202, 0.0950, 0.395
2203, 0.1332, 0.392
2204, 0.1634, 0.388
2205, 0.1588, 0.391
2206, 0.1797, 0.410
2207, 0.0830, 0.425
2208, 0.1507, 0.428
2209, 0.1397, 0.480
2210, 0.2149, 0.393
2211, 0.1585, 0.390
2212, 0.2156, 0.391
2213, 0.2042, 0.397
2214, 0.2138, 0.396
2215, 0.1990, 0.397
2216, 0.1160, 0.393
2217, 0.1489, 0.394
2218, 0.1972, 0.393
2219, 0.1556, 0.393
2220, 0.1010, 0.394
2221, 0.2461, 0.393
2222, 0.2103, 0.403
2223, 0.1556, 0.397
2224, 0.1734, 0.390
2225, 0.1266, 0.394
2226, 0.1587, 0.389
2227, 0.1068, 0.400
2228, 0.1279, 0.401
2229, 0.1608, 0.392
2230, 0.1761, 0.393
2231, 0.1938, 0.398
2232, 0.1128, 0.394
2233, 0.1669, 0.391
2234, 0.1620, 0.435
2235, 0.1681, 0.434
2236, 0.1023, 0.437
2237, 0.1374, 0.429
2238, 0.1487, 0.404
2239, 0.2025, 0.403
2240, 0.1748, 0.389
2241, 0.0989, 0.391
2242, 0.1520, 0.392
2243, 0.1204, 0.393
2244, 0.1206, 0.405
2245, 0.1906, 0.389
2246, 0.1354, 0.391
2247, 0.1554, 0.392
2248, 0.1327, 0.391
2249, 0.1749, 0.388
2250, 0.1823, 0.398
2251, 0.1547, 0.406
2252, 0.1834, 0.406
2253, 0.2097, 0.393
2254, 0.1787, 0.393
2255, 0.1548, 0.393
2256, 0.1795, 0.393
2257, 0.1049, 0.390
2258, 0.0956, 0.391
2259, 0.1156, 0.389
2260, 0.1236, 0.389
2261, 0.2026, 0.388
2262, 0.1914, 0.401
2263, 0.2083, 0.391
2264, 0.1516, 0.395
2265, 0.2186, 0.391
2266, 0.2028, 0.389
2267, 0.1519, 0.389
2268, 0.2428, 0.400
2269, 0.1125, 0.388
2270, 0.1094, 0.393
2271, 0.1598, 0.392
2272, 0.1767, 0.391
2273, 0.1610, 0.390
2274, 0.1712, 0.405
2275, 0.1382, 0.390
2276, 0.2003, 0.388
2277, 0.1471, 0.387
2278, 0.1411, 0.391
2279, 0.1312, 0.391
2280, 0.2102, 0.389
2281, 0.1939, 0.391
2282, 0.2393, 0.389
2283, 0.1717, 0.389
2284, 0.1839, 0.389
2285, 0.1421, 0.386
2286, 0.2015, 0.395
2287, 0.1948, 0.392
2288, 0.1849, 0.392
2289, 0.2176, 0.389
2290, 0.1646, 0.406
2291, 0.1114, 0.391
2292, 0.1784, 0.389
2293, 0.1583, 0.389
2294, 0.2621, 0.392
2295, 0.1833, 0.393
2296, 0.2079, 0.392
2297, 0.1905, 0.399
2298, 0.2084, 0.389
2299, 0.2077, 0.397
2300, 0.1704, 0.395
2301, 0.1629, 0.386
2302, 0.1531, 0.394
2303, 0.2277, 0.397
2304, 0.1428, 0.407
2305, 0.1815, 0.393
2306, 0.1330, 0.405
2307, 0.2354, 0.397
2308, 0.1880, 0.396
2309, 0.1823, 0.388
2310, 0.1446, 0.399
2311, 0.2118, 0.410
2312, 0.1416, 0.393
2313, 0.1676, 0.399
2314, 0.2423, 0.390
2315, 0.1484, 0.390
2316, 0.1825, 0.403
2317, 0.3953, 0.389
2318, 0.3509, 0.391
2319, 0.2138, 0.395
2320, 0.1186, 0.399
2321, 0.0990, 0.392
2322, 0.1601, 0.390
2323, 0.1537, 0.397
2324, 0.1861, 0.392
2325, 0.1944, 0.442
2326, 0.1103, 0.392
2327, 0.2162, 0.396
2328, 0.1434, 0.397
2329, 0.1281, 0.396
2330, 0.2628, 0.392
2331, 0.1831, 0.391
2332, 0.2526, 0.391
2333, 0.1545, 0.391
2334, 0.2055, 0.392
2335, 0.1591, 0.395
2336, 0.1911, 0.393
2337, 0.1501, 0.393
2338, 0.2317, 0.392
2339, 0.1364, 0.395
2340, 0.2068, 0.398
2341, 0.1662, 0.396
2342, 0.1433, 0.396
2343, 0.1559, 0.395
2344, 0.1782, 0.395
2345, 0.1538, 0.395
2346, 0.2182, 0.393
2347, 0.1735, 0.392
2348, 0.1727, 0.392
2349, 0.1786, 0.392
2350, 0.2147, 0.393
2351, 0.0985, 0.395
2352, 0.1208, 0.394
2353, 0.0953, 0.395
2354, 0.1360, 0.392
2355, 0.0978, 0.394
2356, 0.1015, 0.397
2357, 0.2125, 0.394
2358, 0.0743, 0.396
2359, 0.1633, 0.397
2360, 0.1320, 0.396
2361, 0.1574, 0.395
2362, 0.1511, 0.393
2363, 0.1332, 0.392
2364, 0.1090, 0.392
2365, 0.1969, 0.392
2366, 0.2105, 0.393
2367, 0.1574, 0.394
2368, 0.1625, 0.394
2369, 0.2015, 0.397
2370, 0.1590, 0.394
2371, 0.1337, 0.393
2372, 0.0740, 0.427
2373, 0.1311, 0.448
2374, 0.1504, 0.448
2375, 0.3274, 0.451
2376, 0.1729, 0.450
2377, 0.1411, 0.451
2378, 0.1013, 0.448
2379, 0.2433, 0.446
2380, 0.1607, 0.448
2381, 0.1403, 0.445
2382, 0.2181, 0.449
2383, 0.2695, 0.449
2384, 0.1903, 0.448
2385, 0.2023, 0.454
2386, 0.2090, 0.450
2387, 0.1561, 0.449
2388, 0.1172, 0.453
2389, 0.1288, 0.446
2390, 0.1028, 0.447
2391, 0.1837, 0.446
2392, 0.2682, 0.445
2393, 0.2046, 0.445
2394, 0.1333, 0.442
2395, 0.1416, 0.440
2396, 0.1418, 0.440
2397, 0.2173, 0.442
2398, 0.2231, 0.439
2399, 0.1466, 0.443
2400, 0.0801, 0.440
2401, 0.0437, 0.426
2402, 0.2821, 0.416
2403, 0.1711, 0.415
2404, 0.1797, 0.419
2405, 0.2176, 0.418
2406, 0.1609, 0.437
2407, 0.2001, 0.436
2408, 0.1089, 0.509
2409, 0.1248, 0.424
2410, 0.1624, 0.409
2411, 0.1616, 0.400
2412, 0.1715, 0.410
2413, 0.1440, 0.412
2414, 0.1626, 0.415
2415, 0.0853, 0.411
2416, 0.1343, 0.408
2417, 0.1969, 0.405
2418, 0.0819, 0.404
2419, 0.1470, 0.405
2420, 0.1515, 0.401
2421, 0.2379, 0.393
2422, 0.2543, 0.399
2423, 0.1314, 0.398
2424, 0.1033, 0.392
2425, 0.1140, 0.400
2426, 0.1508, 0.413
2427, 0.2241, 0.401
2428, 0.0988, 0.394
2429, 0.1080, 0.398
2430, 0.1597, 0.400
2431, 0.1140, 0.391
2432, 0.1668, 0.389
2433, 0.2021, 0.392
2434, 0.1355, 0.394
2435, 0.1806, 0.395
2436, 0.1404, 0.394
2437, 0.1822, 0.397
2438, 0.0905, 0.400
2439, 0.1355, 0.399
2440, 0.1546, 0.396
2441, 0.1928, 0.401
2442, 0.1395, 0.389
2443, 0.1645, 0.392
2444, 0.1725, 0.390
2445, 0.1709, 0.392
2446, 0.1183, 0.389
2447, 0.2276, 0.405
2448, 0.1475, 0.393
2449, 0.1474, 0.389
2450, 0.2703, 0.389
2451, 0.1523, 0.394
2452, 0.1249, 0.390
2453, 0.1358, 0.393
2454, 0.1559, 0.392
2455, 0.1747, 0.391
2456, 0.0976, 0.397
2457, 0.1447, 0.407
2458, 0.1380, 0.398
2459, 0.1467, 0.389
2460, 0.0923, 0.390
2461, 0.1391, 0.393
2462, 0.0544, 0.392
2463, 0.1414, 0.388
2464, 0.1897, 0.399
2465, 0.1425, 0.391
2466, 0.1102, 0.393
2467, 0.0623, 0.389
2468, 0.1393, 0.392
2469, 0.0663, 0.392
2470, 0.1141, 0.390
2471, 0.1670, 0.388
2472, 0.1845, 0.392
2473, 0.1193, 0.390
2474, 0.1474, 0.391
2475, 0.1576, 0.388
2476, 0.1117, 0.390
2477, 0.2022, 0.391
2478, 0.1635, 0.393
2479, 0.1296, 0.391
2480, 0.1463, 0.391
2481, 0.1699, 0.390
2482, 0.1703, 0.391
2483, 0.2279, 0.392
2484, 0.1589, 0.392
2485, 0.1659, 0.392
2486, 0.1629, 0.395
2487, 0.2055, 0.390
2488, 0.1994, 0.392
2489, 0.1019, 0.389
2490, 0.2100, 0.391
2491, 0.1806, 0.391
2492, 0.1730, 0.388
2493, 0.1675, 0.392
2494, 0.1529, 0.394
2495, 0.1005, 0.392
2496, 0.2008, 0.388
2497, 0.1388, 0.391
2498, 0.2046, 0.392
2499, 0.1985, 0.393
2500, 0.1405, 0.388
2501, 0.1067, 0.391
2502, 0.1475, 0.391
2503, 0.2680, 0.393
2504, 0.1677, 0.388
2505, 0.0793, 0.391
2506, 0.0495, 0.391
2507, 0.1279, 0.393
2508, 0.1368, 0.389
2509, 0.1161, 0.391
2510, 0.1526, 0.394
2511, 0.1507, 0.392
2512, 0.1188, 0.388
2513, 0.1242, 0.391
2514, 0.1395, 0.391
2515, 0.1524, 0.392
2516, 0.2036, 0.391
2517, 0.1629, 0.391
2518, 0.1552, 0.393
2519, 0.1562, 0.392
2520, 0.1287, 0.389
2521, 0.1569, 0.392
2522, 0.2122, 0.388
2523, 0.1255, 0.401
2524, 0.1607, 0.392
2525, 0.0943, 0.392
2526, 0.0970, 0.394
2527, 0.1075, 0.394
2528, 0.2008, 0.387
2529, 0.1846, 0.387
2530, 0.2161, 0.392
2531, 0.2124, 0.393
2532, 0.1025, 0.390
2533, 0.1183, 0.390
2534, 0.1891, 0.392
2535, 0.0901, 0.395
2536, 0.1047, 0.394
2537, 0.1425, 0.394
2538, 0.1073, 0.392
2539, 0.1361, 0.398
2540, 0.2071, 0.395
2541, 0.1849, 0.393
2542, 0.1658, 0.394
2543, 0.1395, 0.396
2544, 0.0830, 0.408
2545, 0.1578, 0.398
2546, 0.1264, 0.390
2547, 0.0998, 0.394
2548, 0.1553, 0.392
2549, 0.1976, 0.386
2550, 0.1645, 0.391
2551, 0.2200, 0.395
2552, 0.1924, 0.396
2553, 0.0787, 0.406
2554, 0.2118, 0.465
2555, 0.1394, 0.432
2556, 0.1815, 0.451
2557, 0.1569, 0.445
2558, 0.0950, 0.449
2559, 0.1012, 0.448
2560, 0.2550, 0.448
2561, 0.1024, 0.449
2562, 0.1572, 0.448
2563, 0.1040, 0.452
2564, 0.1756, 0.445
2565, 0.1355, 0.449
2566, 0.1152, 0.447
2567, 0.1894, 0.451
2568, 0.1460, 0.447
2569, 0.2173, 0.449
2570, 0.1424, 0.452
2571, 0.1983, 0.449
2572, 0.1616, 0.413
2573, 0.1538, 0.425
2574, 0.1261, 0.407
2575, 0.1524, 0.412
2576, 0.1603, 0.412
2577, 0.1062, 0.414
2578, 0.1810, 0.406
2579, 0.1240, 0.405
2580, 0.1065, 0.411
2581, 0.1421, 0.412
2582, 0.0442, 0.409
2583, 0.2300, 0.407
2584, 0.1763, 0.405
2585, 0.1761, 0.411
2586, 0.1103, 0.407
2587, 0.1391, 0.411
2588, 0.1509, 0.410
2589, 0.1695, 0.412
2590, 0.2013, 0.409
2591, 0.1494, 0.395
2592, 0.1137, 0.395
2593, 0.1579, 0.396
2594, 0.0950, 0.396
2595, 0.1439, 0.396
2596, 0.1653, 0.395
2597, 0.1552, 0.395
2598, 0.0786, 0.393
2599, 0.1343, 0.392
2600, 0.1079, 0.392
2601, 0.1544, 0.425
2602, 0.1556, 0.391
2603, 0.1753, 0.389
2604, 0.1837, 0.389
2605, 0.1178, 0.394
2606, 0.1321, 0.543
2607, 0.2118, 0.449
2608, 0.1681, 0.511
2609, 0.1177, 0.390
2610, 0.2305, 0.393
2611, 0.1491, 0.429
2612, 0.1541, 0.420
2613, 0.1547, 0.418
2614, 0.1638, 0.423
2615, 0.2152, 0.400
2616, 0.0898, 0.400
2617, 0.1868, 0.418
2618, 0.1563, 0.402
2619, 0.1825, 0.394
2620, 0.2292, 0.420
2621, 0.1830, 0.426
2622, 0.1215, 0.437
2623, 0.0812, 0.445
2624, 0.0963, 0.422
2625, 0.1640, 0.430
2626, 0.1281, 0.424
2627, 0.0961, 0.404
2628, 0.1741, 0.425
2629, 0.1827, 0.433
2630, 0.2218, 0.444
2631, 0.1311, 0.438
2632, 0.1255, 0.438
2633, 0.1027, 0.406
2634, 0.1916, 0.425
2635, 0.1872, 0.398
2636, 0.2126, 0.394
2637, 0.1682, 0.395
2638, 0.1001, 0.415
2639, 0.0958, 0.404
2640, 0.1442, 0.404
2641, 0.1541, 0.402
2642, 0.1051, 0.397
2643, 0.1247, 0.393
2644, 0.0715, 0.394
2645, 0.1611, 0.408
2646, 0.1285, 0.399
2647, 0.1233, 0.404
2648, 0.1378, 0.392
2649, 0.1422, 0.406
2650, 0.1116, 0.391
2651, 0.0564, 0.409
2652, 0.0701, 0.394
2653, 0.1995, 0.390
2654, 0.0998, 0.390
2655, 0.1930, 0.388
2656, 0.1884, 0.395
2657, 0.1871, 0.393
2658, 0.1870, 0.391
2659, 0.1981, 0.389
2660, 0.1625, 0.393
2661, 0.1202, 0.391
2662, 0.1489, 0.389
2663, 0.1180, 0.387
2664, 0.1795, 0.390
2665, 0.1687, 0.395
2666, 0.1154, 0.391
2667, 0.1263, 0.388
2668, 0.1530, 0.392
2669, 0.1304, 0.391
2670, 0.1632, 0.403
2671, 0.2003, 0.397
2672, 0.1405, 0.394
2673, 0.1306, 0.393
2674, 0.1659, 0.391
2675, 0.1870, 0.394
2676, 0.1294, 0.390
2677, 0.1948, 0.406
2678, 0.1390, 0.388
2679, 0.1632, 0.400
2680, 0.0695, 0.388
2681, 0.1064, 0.400
2682, 0.1672, 0.397
2683, 0.1101, 0.400
2684, 0.0641, 0.386
2685, 0.2115, 0.396
2686, 0.1957, 0.395
2687, 0.0726, 0.399
2688, 0.1522, 0.389
2689, 0.2316, 0.398
2690, 0.1622, 0.397
2691, 0.1792, 0.393
2692, 0.1169, 0.393
2693, 0.1007, 0.403
2694, 0.0776, 0.389
2695, 0.2118, 0.388
2696, 0.0927, 0.390
2697, 0.1148, 0.392
2698, 0.2333, 0.389
2699, 0.1449, 0.390
2700, 0.4924, 0.389
2701, 0.2088, 0.391
2702, 0.2035, 0.387
2703, 0.1594, 0.389
2704, 0.1774, 0.392
2705, 0.2133, 0.394
2706, 0.1526, 0.391
2707, 0.1296, 0.389
2708, 0.1846, 0.397
2709, 0.2177, 0.393
2710, 0.1422, 0.390
2711, 0.1735, 0.390
2712, 0.1272, 0.390
2713, 0.1920, 0.392
2714, 0.1444, 0.391
2715, 0.1601, 0.389
2716, 0.1774, 0.389
2717, 0.1716, 0.391
2718, 0.2100, 0.390
2719, 0.1457, 0.389
2720, 0.1046, 0.392
2721, 0.1392, 0.393
2722, 0.1423, 0.391
2723, 0.1025, 0.392
2724, 0.1758, 0.429
2725, 0.1166, 0.393
2726, 0.1301, 0.393
2727, 0.1653, 0.391
2728, 0.1328, 0.392
2729, 0.1142, 0.394
2730, 0.1243, 0.393
2731, 0.0843, 0.391
2732, 0.0766, 0.391
2733, 0.1657, 0.392
2734, 0.1969, 0.443
2735, 0.1764, 0.437
2736, 0.1945, 0.389
2737, 0.1988, 0.395
2738, 0.1217, 0.396
2739, 0.0696, 0.404
2740, 0.1098, 0.395
2741, 0.0653, 0.396
2742, 0.1363, 0.396
2743, 0.0840, 0.396
2744, 0.1297, 0.394
2745, 0.1431, 0.395
2746, 0.1392, 0.394
2747, 0.1810, 0.393
2748, 0.2219, 0.392
2749, 0.1416, 0.392
2750, 0.1067, 0.394
2751, 0.1460, 0.407
2752, 0.1708, 0.411
2753, 0.1309, 0.399
2754, 0.1963, 0.408
2755, 0.1964, 0.407
2756, 0.1283, 0.397
2757, 0.2302, 0.397
2758, 0.1387, 0.397
2759, 0.1818, 0.396
2760, 0.1185, 0.395
2761, 0.1922, 0.396
2762, 0.1178, 0.393
2763, 0.1204, 0.391
2764, 0.1441, 0.391
2765, 0.1133, 0.393
2766, 0.1446, 0.393
2767, 0.1302, 0.395
2768, 0.1650, 0.395
2769, 0.1100, 0.397
2770, 0.1226, 0.398
2771, 0.1411, 0.395
2772, 0.1372, 0.398
2773, 0.0959, 0.395
2774, 0.1270, 0.394
2775, 0.2534, 0.395
2776, 0.2068, 0.396
2777, 0.1568, 0.389
2778, 0.1191, 0.390
2779, 0.1187, 0.392
2780, 0.1316, 0.392
2781, 0.1610, 0.392
2782, 0.1736, 0.393
2783, 0.1310, 0.394
2784, 0.1636, 0.396
2785, 0.1392, 0.399
2786, 0.1346, 0.394
2787, 0.2483, 0.395
2788, 0.1248, 0.397
2789, 0.1411, 0.395
2790, 0.2376, 0.393
2791, 0.1670, 0.396
2792, 0.0620, 0.407
2793, 0.1624, 0.408
2794, 0.1215, 0.395
2795, 0.1353, 0.394
2796, 0.1442, 0.393
2797, 0.2286, 0.392
2798, 0.1195, 0.392
2799, 0.1340, 0.395
2800, 0.0984, 0.395
2801, 0.1520, 0.391
2802, 0.1093, 0.397
2803, 0.0500, 0.398
2804, 0.2124, 0.400
2805, 0.1549, 0.397
2806, 0.1021, 0.396
2807, 0.1324, 0.402
2808, 0.1211, 0.395
2809, 0.1386, 0.443
2810, 0.0882, 0.400
2811, 0.1776, 0.396
2812, 0.1833, 0.395
2813, 0.1222, 0.387
2814, 0.1597, 0.390
2815, 0.2192, 0.396
2816, 0.1718, 0.394
2817, 0.1345, 0.398
2818, 0.2006, 0.411
2819, 0.1505, 0.396
2820, 0.1005, 0.399
2821, 0.1840, 0.396
2822, 0.1424, 0.395
2823, 0.1139, 0.395
2824, 0.1422, 0.392
2825, 0.1953, 0.395
2826, 0.0871, 0.389
2827, 0.1371, 0.389
2828, 0.1472, 0.409
2829, 0.1290, 0.397
2830, 0.1093, 0.399
2831, 0.1052, 0.412
2832, 0.0790, 0.394
2833, 0.0944, 0.392
2834, 0.0952, 0.397
2835, 0.0960, 0.394
2836, 0.1419, 0.392
2837, 0.0687, 0.396
2838, 0.1164, 0.393
2839, 0.1952, 0.396
2840, 0.0835, 0.394
2841, 0.1262, 0.404
2842, 0.1676, 0.391
2843, 0.2092, 0.396
2844, 0.2005, 0.392
2845, 0.0822, 0.395
2846, 0.1165, 0.394
2847, 0.1560, 0.391
2848, 0.1365, 0.406
2849, 0.1251, 0.394
2850, 0.1111, 0.394
2851, 0.1549, 0.397
2852, 0.1483, 0.392
2853, 0.0972, 0.407
2854, 0.0972, 0.394
2855, 0.0983, 0.393
2856, 0.1493, 0.398
2857, 0.2626, 0.409
2858, 0.2181, 0.393
2859, 0.2082, 0.392
2860, 0.1742, 0.403
2861, 0.2243, 0.393
2862, 0.1523, 0.394
2863, 0.1349, 0.395
2864, 0.0947, 0.408
2865, 0.1341, 0.398
2866, 0.1925, 0.394
2867, 0.1067, 0.396
2868, 0.1628, 0.401
2869, 0.1540, 0.395
2870, 0.1222, 0.403
2871, 0.0495, 0.397
2872, 0.1493, 0.401
2873, 0.1182, 0.398
2874, 0.1721, 0.397
2875, 0.1232, 0.393
2876, 0.0941, 0.397
2877, 0.1396, 0.392
2878, 0.1622, 0.401
2879, 0.1880, 0.400
2880, 0.1481, 0.391
2881, 0.1791, 0.405
2882, 0.1374, 0.399
2883, 0.1153, 0.398
2884, 0.0652, 0.398
2885, 0.0575, 0.396
2886, 0.1765, 0.410
2887, 0.1475, 0.394
2888, 0.1329, 0.393
2889, 0.1606, 0.394
2890, 0.1590, 0.398
2891, 0.1761, 0.411
2892, 0.1438, 0.411
2893, 0.0901, 0.408
2894, 0.1325, 0.408
2895, 0.2343, 0.399
2896, 0.1740, 0.393
2897, 0.2707, 0.397
2898, 0.1208, 0.396
2899, 0.1144, 0.397
2900, 0.1290, 0.397
2901, 0.1843, 0.394
2902, 0.1456, 0.395
2903, 0.1677, 0.393
2904, 0.1270, 0.393
2905, 0.1093, 0.393
2906, 0.2202, 0.395
2907, 0.1678, 0.395
2908, 0.2173, 0.395
2909, 0.1205, 0.389
2910, 0.2725, 0.391
2911, 0.1030, 0.391
2912, 0.1688, 0.402
2913, 0.1385, 0.399
2914, 0.1397, 0.399
2915, 0.1431, 0.406
2916, 0.0949, 0.407
2917, 0.0765, 0.412
2918, 0.1245, 0.395
2919, 0.1193, 0.405
2920, 0.1406, 0.392
2921, 0.0770, 0.400
2922, 0.1087, 0.399
2923, 0.1460, 0.397
2924, 0.0766, 0.394
2925, 0.0724, 0.409
2926, 0.0980, 0.415
2927, 0.0691, 0.400
2928, 0.1609, 0.398
2929, 0.1302, 0.398
2930, 0.0961, 0.412
2931, 0.0946, 0.395
2932, 0.0505, 0.429
2933, 0.0507, 0.391
2934, 0.1120, 0.388
2935, 0.1309, 0.390
2936, 0.1571, 0.391
2937, 0.1631, 0.392
2938, 0.1112, 0.393
2939, 0.0666, 0.393
2940, 0.0962, 0.391
2941, 0.1049, 0.390
2942, 0.1131, 0.406
2943, 0.1014, 0.408
2944, 0.1398, 0.394
2945, 0.1570, 0.394
2946, 0.1617, 0.396
2947, 0.1642, 0.409
2948, 0.0913, 0.408
2949, 0.1505, 0.409
2950, 0.2014, 0.407
2951, 0.1471, 0.395
2952, 0.1847, 0.395
2953, 0.1821, 0.399
2954, 0.1072, 0.398
2955, 0.1826, 0.398
2956, 0.1184, 0.397
2957, 0.1487, 0.396
2958, 0.2024, 0.396
2959, 0.1057, 0.395
2960, 0.0796, 0.396
2961, 0.1798, 0.399
2962, 0.1049, 0.399
2963, 0.1378, 0.401
2964, 0.1366, 0.394
2965, 0.2290, 0.389
2966, 0.1247, 0.391
2967, 0.0741, 0.396
2968, 0.1876, 0.395
2969, 0.2116, 0.394
2970, 0.1580, 0.395
2971, 0.1446, 0.394
2972, 0.1163, 0.394
2973, 0.1427, 0.392
2974, 0.1486, 0.392
2975, 0.1120, 0.393
2976, 0.1155, 0.393
2977, 0.1369, 0.395
2978, 0.2030, 0.396
2979, 0.2481, 0.395
2980, 0.1846, 0.405
2981, 0.1131, 0.406
2982, 0.1304, 0.396
2983, 0.0900, 0.398
2984, 0.1907, 0.393
2985, 0.1410, 0.395
2986, 0.1201, 0.395
2987, 0.0667, 0.395
2988, 0.1404, 0.395
2989, 0.1483, 0.392
2990, 0.1423, 0.392
2991, 0.0863, 0.392
2992, 0.1828, 0.393
2993, 0.0810, 0.395
2994, 0.1619, 0.430
2995, 0.1980, 0.431
2996, 0.1535, 0.430
2997, 0.1843, 0.405
2998, 0.2061, 0.408
2999, 0.0878, 0.418
3000, 0.1337, 0.393
3001, 0.1317, 0.388
3002, 0.0951, 0.398
3003, 0.1515, 0.394
3004, 0.2340, 0.390
3005, 0.1625, 0.388
3006, 0.1146, 0.390
3007, 0.1267, 0.398
3008, 0.0621, 0.407
3009, 0.1263, 0.486
3010, 0.1028, 0.414
3011, 0.1967, 0.413
3012, 0.0828, 0.409
3013, 0.1165, 0.410
3014, 0.1146, 0.398
3015, 0.1898, 0.402
3016, 0.1245, 0.393
3017, 0.1192, 0.392
3018, 0.1718, 0.393
3019, 0.1700, 0.394
3020, 0.1585, 0.389
3021, 0.1572, 0.389
3022, 0.1247, 0.391
3023, 0.1168, 0.392
3024, 0.1186, 0.394
3025, 0.1655, 0.388
3026, 0.1602, 0.388
3027, 0.1041, 0.398
3028, 0.1809, 0.399
3029, 0.0612, 0.388
3030, 0.0848, 0.391
3031, 0.1644, 0.391
3032, 0.1463, 0.389
3033, 0.2119, 0.391
3034, 0.1747, 0.393
3035, 0.1061, 0.391
3036, 0.1987, 0.392
3037, 0.1475, 0.390
3038, 0.1678, 0.389
3039, 0.2964, 0.390
3040, 0.1435, 0.387
3041, 0.1191, 0.403
3042, 0.0816, 0.388
3043, 0.1539, 0.389
3044, 0.0693, 0.402
3045, 0.1322, 0.386
3046, 0.1870, 0.399
3047, 0.1571, 0.413
3048, 0.1619, 0.396
3049, 0.1045, 0.391
3050, 0.0747, 0.394
3051, 0.3062, 0.397
3052, 0.1598, 0.391
3053, 0.1030, 0.390
3054, 0.1021, 0.388
3055, 0.1179, 0.390
3056, 0.1980, 0.389
3057, 0.1898, 0.402
3058, 0.1513, 0.390
3059, 0.0875, 0.398
3060, 0.2086, 0.400
3061, 0.1556, 0.388
3062, 0.1723, 0.391
3063, 0.1549, 0.385
3064, 0.1830, 0.391
3065, 0.1517, 0.401
3066, 0.1009, 0.393
3067, 0.0631, 0.393
3068, 0.1198, 0.394
3069, 0.1617, 0.390
3070, 0.0894, 0.390
3071, 0.0914, 0.389
3072, 0.1264, 0.390
3073, 0.1453, 0.388
3074, 0.1148, 0.389
3075, 0.1594, 0.387
3076, 0.1424, 0.387
3077, 0.1878, 0.389
3078, 0.1484, 0.387
3079, 0.0938, 0.391
3080, 0.1510, 0.391
3081, 0.1436, 0.395
3082, 0.1170, 0.391
3083, 0.1354, 0.393
3084, 0.1127, 0.393
3085, 0.1485, 0.404
3086, 0.2158, 0.393
3087, 0.2014, 0.388
3088, 0.2455, 0.390
3089, 0.2089, 0.391
3090, 0.1708, 0.389
3091, 0.1365, 0.387
3092, 0.2085, 0.385
3093, 0.1970, 0.387
3094, 0.2078, 0.388
3095, 0.2003, 0.389
3096, 0.1198, 0.387
3097, 0.0932, 0.394
3098, 0.1886, 0.396
3099, 0.1745, 0.393
3100, 0.0605, 0.393
3101, 0.0783, 0.389
3102, 0.0937, 0.390
3103, 0.1146, 0.391
3104, 0.1523, 0.391
3105, 0.1568, 0.391
3106, 0.0774, 0.386
3107, 0.1963, 0.388
3108, 0.1490, 0.388
3109, 0.1577, 0.387
3110, 0.0941, 0.386
3111, 0.2181, 0.388
3112, 0.1782, 0.390
3113, 0.1054, 0.395
3114, 0.1573, 0.393
3115, 0.1697, 0.392
3116, 0.1620, 0.392
3117, 0.1984, 0.391
3118, 0.1071, 0.390
3119, 0.1910, 0.391
3120, 0.1118, 0.388
3121, 0.2198, 0.391
3122, 0.1284, 0.390
3123, 0.0797, 0.389
3124, 0.1523, 0.386
3125, 0.0806, 0.387
3126, 0.1115, 0.388
3127, 0.1474, 0.389
3128, 0.0942, 0.390
3129, 0.1514, 0.392
3130, 0.0876, 0.393
3131, 0.0857, 0.394
3132, 0.1218, 0.394
3133, 0.1404, 0.387
3134, 0.0652, 0.391
3135, 0.2597, 0.397
3136, 0.1212, 0.420
3137, 0.2163, 0.388
3138, 0.1422, 0.388
3139, 0.1696, 0.386
3140, 0.2061, 0.382
3141, 0.1138, 0.384
3142, 0.0594, 0.383
3143, 0.1574, 0.386
3144, 0.1522, 0.387
3145, 0.1858, 0.397
3146, 0.1630, 0.395
3147, 0.1115, 0.395
3148, 0.1165, 0.394
3149, 0.1164, 0.393
3150, 0.1759, 0.396
3151, 0.1542, 0.400
3152, 0.0968, 0.394
3153, 0.2011, 0.396
3154, 0.0695, 0.394
3155, 0.1213, 0.389
3156, 0.0790, 0.390
3157, 0.1002, 0.405
3158, 0.1304, 0.406
3159, 0.1371, 0.423
3160, 0.1928, 0.414
3161, 0.2585, 0.448
3162, 0.1754, 0.446
3163, 0.1135, 0.435
3164, 0.0718, 0.451
3165, 0.0685, 0.448
3166, 0.0693, 0.454
3167, 0.0335, 0.459
3168, 0.0772, 0.452
3169, 0.0850, 0.454
3170, 0.0651, 0.450
3171, 0.0619, 0.450
3172, 0.1144, 0.452
3173, 0.1326, 0.449
3174, 0.1654, 0.445
3175, 0.1718, 0.450
3176, 0.1565, 0.446
3177, 0.1691, 0.447
3178, 0.0927, 0.449
3179, 0.1222, 0.448
3180, 0.1577, 0.443
3181, 0.1743, 0.441
3182, 0.1122, 0.441
3183, 0.1734, 0.440
3184, 0.1932, 0.438
3185, 0.2125, 0.440
3186, 0.1193, 0.445
3187, 0.0610, 0.443
3188, 0.0868, 0.439
3189, 0.0644, 0.441
3190, 0.0468, 0.444
3191, 0.2045, 0.444
3192, 0.1832, 0.444
3193, 0.1467, 0.446
3194, 0.1412, 0.448
3195, 0.1514, 0.448
3196, 0.0634, 0.447
3197, 0.0850, 0.443
3198, 0.1104, 0.441
3199, 0.2991, 0.440
3200, 0.1365, 0.440
3201, 0.1980, 0.401
3202, 0.2153, 0.420
3203, 0.0974, 0.417
3204, 0.0486, 0.408
3205, 0.1386, 0.420
3206, 0.1380, 0.422
3207, 0.2535, 0.420
3208, 0.1728, 0.456
3209, 0.2841, 0.432
3210, 0.1921, 0.425
3211, 0.1007, 0.422
3212, 0.1938, 0.423
3213, 0.0964, 0.414
3214, 0.1792, 0.411
3215, 0.1110, 0.405
3216, 0.1406, 0.404
3217, 0.1674, 0.396
3218, 0.0609, 0.411
3219, 0.1081, 0.392
3220, 0.0989, 0.398
3221, 0.1412, 0.403
3222, 0.2206, 0.393
3223, 0.1940, 0.400
3224, 0.1971, 0.396
3225, 0.1296, 0.387
3226, 0.1389, 0.392
3227, 0.1294, 0.390
3228, 0.0829, 0.395
3229, 0.0830, 0.388
3230, 0.1237, 0.389
3231, 0.1212, 0.395
3232, 0.0947, 0.395
3233, 0.0784, 0.394
3234, 0.1351, 0.412
3235, 0.1359, 0.393
3236, 0.0742, 0.395
3237, 0.1599, 0.399
3238, 0.1234, 0.394
3239, 0.0770, 0.398
3240, 0.2045, 0.404
3241, 0.1939, 0.394
3242, 0.1177, 0.399
3243, 0.1238, 0.391
3244, 0.1260, 0.408
3245, 0.1009, 0.398
3246, 0.0819, 0.393
3247, 0.1158, 0.406
3248, 0.1615, 0.401
3249, 0.0901, 0.392
3250, 0.1774, 0.394
3251, 0.1019, 0.400
3252, 0.1350, 0.394
3253, 0.1813, 0.394
3254, 0.1400, 0.409
3255, 0.1648, 0.392
3256, 0.2217, 0.393
3257, 0.1599, 0.395
3258, 0.1492, 0.393
3259, 0.1557, 0.395
3260, 0.1130, 0.391
3261, 0.1483, 0.391
3262, 0.1307, 0.395
3263, 0.1368, 0.390
3264, 0.1858, 0.403
3265, 0.2454, 0.401
3266, 0.1115, 0.407
3267, 0.1330, 0.397
3268, 0.2286, 0.395
3269, 0.1253, 0.396
3270, 0.1404, 0.391
3271, 0.1609, 0.397
3272, 0.1254, 0.393
3273, 0.1385, 0.394
3274, 0.1358, 0.431
3275, 0.2553, 0.415
3276, 0.1722, 0.421
3277, 0.1532, 0.427
3278, 0.1188, 0.434
3279, 0.1194, 0.403
3280, 0.1477, 0.410
3281, 0.1076, 0.415
3282, 0.1299, 0.398
3283, 0.1836, 0.400
3284, 0.1526, 0.409
3285, 0.1824, 0.420
3286, 0.1238, 0.408
3287, 0.1795, 0.389
3288, 0.1049, 0.399
3289, 0.0961, 0.401
3290, 0.2582, 0.401
3291, 0.1763, 0.413
3292, 0.1579, 0.403
3293, 0.0623, 0.405
3294, 0.0752, 0.419
3295, 0.1139, 0.414
3296, 0.0847, 0.423
3297, 0.0996, 0.412
3298, 0.0815, 0.395
3299, 0.1333, 0.398
3300, 0.1384, 0.405
3301, 0.1184, 0.413
3302, 0.1868, 0.406
3303, 0.1283, 0.396
3304, 0.1303, 0.401
3305, 0.0951, 0.400
3306, 0.1904, 0.401
3307, 0.1821, 0.399
3308, 0.0957, 0.394
3309, 0.0868, 0.403
3310, 0.1267, 0.403
3311, 0.1550, 0.397
3312, 0.1425, 0.387
3313, 0.1751, 0.399
3314, 0.1249, 0.410
3315, 0.1727, 0.407
3316, 0.1512, 0.396
3317, 0.1743, 0.399
3318, 0.1665, 0.395
3319, 0.0801, 0.398
3320, 0.1926, 0.387
3321, 0.1169, 0.393
3322, 0.1265, 0.392
3323, 0.2067, 0.461
3324, 0.1046, 0.392
3325, 0.1952, 0.392
3326, 0.1332, 0.392
3327, 0.0968, 0.405
3328, 0.1338, 0.406
3329, 0.0858, 0.385
3330, 0.1657, 0.396
3331, 0.1886, 0.406
3332, 0.2683, 0.395
3333, 0.1513, 0.393
3334, 0.1339, 0.392
3335, 0.1645, 0.403
3336, 0.1149, 0.408
3337, 0.1192, 0.399
3338, 0.1426, 0.401
3339, 0.0623, 0.398
3340, 0.0793, 0.396
3341, 0.1408, 0.396
3342, 0.1162, 0.394
3343, 0.1493, 0.405
3344, 0.0832, 0.419
3345, 0.1059, 0.410
3346, 0.1550, 0.395
3347, 0.2936, 0.393
3348, 0.1875, 0.396
3349, 0.1121, 0.394
3350, 0.1618, 0.393
3351, 0.1175, 0.393
3352, 0.0939, 0.393
3353, 0.1428, 0.392
3354, 0.1619, 0.404
3355, 0.1742, 0.398
3356, 0.1210, 0.394
3357, 0.1926, 0.397
3358, 0.1855, 0.394
3359, 0.1622, 0.394
3360, 0.1062, 0.393
3361, 0.1124, 0.393
3362, 0.1655, 0.396
3363, 0.1021, 0.393
3364, 0.1693, 0.395
3365, 0.1724, 0.395
3366, 0.2309, 0.393
3367, 0.0832, 0.392
3368, 0.0643, 0.394
3369, 0.0961, 0.398
3370, 0.1392, 0.397
3371, 0.1797, 0.400
3372, 0.0972, 0.395
3373, 0.1025, 0.395
3374, 0.0788, 0.395
3375, 0.1014, 0.393
3376, 0.0641, 0.393
3377, 0.1232, 0.394
3378, 0.0763, 0.394
3379, 0.1333, 0.392
3380, 0.1439, 0.395
3381, 0.1334, 0.393
3382, 0.2113, 0.394
3383, 0.0857, 0.394
3384, 0.0478, 0.396
3385, 0.1094, 0.398
3386, 0.0636, 0.397
3387, 0.0473, 0.398
3388, 0.1540, 0.396
3389, 0.1085, 0.395
3390, 0.1088, 0.393
3391, 0.1511, 0.393
3392, 0.0942, 0.394
3393, 0.1009, 0.394
3394, 0.1008, 0.394
3395, 0.1567, 0.393
3396, 0.1198, 0.395
3397, 0.1155, 0.394
3398, 0.0591, 0.393
3399, 0.1250, 0.393
3400, 0.1473, 0.394
3401, 0.2870, 0.389
3402, 0.1326, 0.399
3403, 0.1129, 0.402
3404, 0.0956, 0.395
3405, 0.1113, 0.397
3406, 0.0933, 0.396
3407, 0.1068, 0.402
3408, 0.1881, 0.412
3409, 0.1646, 0.460
3410, 0.1083, 0.393
3411, 0.1661, 0.389
3412, 0.1079, 0.391
3413, 0.1558, 0.389
3414, 0.1004, 0.389
3415, 0.0951, 0.390
3416, 0.2300, 0.398
3417, 0.1093, 0.391
3418, 0.0661, 0.394
3419, 0.0791, 0.396
3420, 0.1502, 0.391
3421, 0.0954, 0.394
3422, 0.1097, 0.392
3423, 0.1360, 0.393
3424, 0.1083, 0.409
3425, 0.1146, 0.395
3426, 0.1077, 0.393
3427, 0.1253, 0.401
3428, 0.1442, 0.394
3429, 0.2245, 0.392
3430, 0.1571, 0.389
3431, 0.1232, 0.393
3432, 0.1735, 0.402
3433, 0.1928, 0.391
3434, 0.1221, 0.390
3435, 0.2118, 0.405
3436, 0.0678, 0.409
3437, 0.1389, 0.391
3438, 0.1655, 0.393
3439, 0.1615, 0.389
3440, 0.1202, 0.389
3441, 0.1167, 0.390
3442, 0.1723, 0.390
3443, 0.1003, 0.390
3444, 0.1025, 0.392
3445, 0.1558, 0.390
3446, 0.2377, 0.391
3447, 0.2047, 0.393
3448, 0.1037, 0.387
3449, 0.0843, 0.391
3450, 0.1403, 0.394
3451, 0.1337, 0.396
3452, 0.1086, 0.394
3453, 0.0955, 0.389
3454, 0.1227, 0.390
3455, 0.1431, 0.391
3456, 0.1159, 0.390
3457, 0.1545, 0.389
3458, 0.1185, 0.390
3459, 0.0788, 0.394
3460, 0.1953, 0.410
3461, 0.1162, 0.391
3462, 0.1402, 0.389
3463, 0.1954, 0.393
3464, 0.2022, 0.391
3465, 0.2033, 0.408
3466, 0.0627, 0.391
3467, 0.1984, 0.397
3468, 0.0837, 0.402
3469, 0.1403, 0.392
3470, 0.1737, 0.391
3471, 0.1234, 0.389
3472, 0.1214, 0.393
3473, 0.1026, 0.389
3474, 0.1893, 0.399
3475, 0.0819, 0.391
3476, 0.1574, 0.394
3477, 0.1414, 0.391
3478, 0.1746, 0.392
3479, 0.1408, 0.392
3480, 0.1462, 0.387
3481, 0.0843, 0.392
3482, 0.1186, 0.394
3483, 0.1664, 0.396
3484, 0.1189, 0.393
3485, 0.1317, 0.389
3486, 0.1347, 0.391
3487, 0.1757, 0.392
3488, 0.1095, 0.389
3489, 0.1678, 0.388
3490, 0.1441, 0.391
3491, 0.0602, 0.391
3492, 0.0876, 0.390
3493, 0.0770, 0.390
3494, 0.1316, 0.393
3495, 0.0773, 0.394
3496, 0.1433, 0.391
3497, 0.1303, 0.392
3498, 0.1920, 0.391
3499, 0.1209, 0.396
3500, 0.1668, 0.393
3501, 0.1484, 0.391
3502, 0.2123, 0.392
3503, 0.1361, 0.391
3504, 0.1528, 0.389
3505, 0.1801, 0.391
3506, 0.1407, 0.391
3507, 0.1564, 0.389
3508, 0.1761, 0.390
3509, 0.2054, 0.392
3510, 0.0531, 0.393
3511, 0.1206, 0.392
3512, 0.1475, 0.390
3513, 0.0962, 0.393
3514, 0.1274, 0.395
3515, 0.1819, 0.399
3516, 0.2487, 0.390
3517, 0.1042, 0.390
3518, 0.1346, 0.395
3519, 0.0644, 0.391
3520, 0.1137, 0.389
3521, 0.1464, 0.390
3522, 0.1013, 0.391
3523, 0.1108, 0.392
3524, 0.1177, 0.392
3525, 0.1133, 0.387
3526, 0.1325, 0.391
3527, 0.0705, 0.392
3528, 0.1309, 0.391
3529, 0.1780, 0.393
3530, 0.1752, 0.393
3531, 0.0841, 0.396
3532, 0.1452, 0.398
3533, 0.1324, 0.434
3534, 0.1183, 0.393
3535, 0.1970, 0.392
3536, 0.2124, 0.394
3537, 0.1151, 0.393
3538, 0.1172, 0.400
3539, 0.1351, 0.394
3540, 0.1437, 0.391
3541, 0.1574, 0.392
3542, 0.1749, 0.394
3543, 0.1439, 0.395
3544, 0.0870, 0.393
3545, 0.1267, 0.395
3546, 0.0702, 0.393
3547, 0.1720, 0.396
3548, 0.1122, 0.400
3549, 0.1185, 0.399
3550, 0.1238, 0.397
3551, 0.1193, 0.394
3552, 0.1945, 0.394
3553, 0.1149, 0.395
3554, 0.1436, 0.388
3555, 0.0706, 0.393
3556, 0.1777, 0.394
3557, 0.1153, 0.393
3558, 0.1664, 0.395
3559, 0.1539, 0.395
3560, 0.1535, 0.398
3561, 0.0968, 0.404
3562, 0.1458, 0.396
3563, 0.1357, 0.395
3564, 0.0816, 0.399
3565, 0.1724, 0.395
3566, 0.1058, 0.398
3567, 0.1358, 0.397
3568, 0.2344, 0.394
3569, 0.1204, 0.405
3570, 0.1334, 0.406
3571, 0.0999, 0.393
3572, 0.1431, 0.394
3573, 0.1070, 0.394
3574, 0.0786, 0.393
3575, 0.1703, 0.395
3576, 0.1478, 0.394
3577, 0.0801, 0.396
3578, 0.0973, 0.393
3579, 0.1573, 0.396
3580, 0.1525, 0.397
3581, 0.1705, 0.395
3582, 0.1289, 0.398
3583, 0.1478, 0.398
3584, 0.0973, 0.395
3585, 0.0844, 0.393
3586, 0.1132, 0.392
3587, 0.1434, 0.394
3588, 0.1364, 0.397
3589, 0.0561, 0.398
3590, 0.1077, 0.425
3591, 0.1341, 0.455
3592, 0.1647, 0.444
3593, 0.1370, 0.454
3594, 0.1380, 0.450
3595, 0.0880, 0.447
3596, 0.1319, 0.454
3597, 0.1749, 0.457
3598, 0.1721, 0.463
3599, 0.1645, 0.458
3600, 0.0709, 0.451
3601, 0.1849, 0.426
3602, 0.0749, 0.422
3603, 0.1977, 0.399
3604, 0.1864, 0.400
3605, 0.1129, 0.393
3606, 0.1181, 0.396
3607, 0.1414, 0.430
3608, 0.1244, 0.452
3609, 0.1686, 0.425
3610, 0.1100, 0.426
3611, 0.1104, 0.421
3612, 0.1281, 0.409
3613, 0.1449, 0.411
3614, 0.1350, 0.412
3615, 0.1602, 0.407
3616, 0.1552, 0.412
3617, 0.1652, 0.409
3618, 0.1115, 0.399
3619, 0.1494, 0.408
3620, 0.0997, 0.406
3621, 0.1075, 0.402
3622, 0.0658, 0.410
3623, 0.1170, 0.395
3624, 0.0992, 0.403
3625, 0.1407, 0.392
3626, 0.1809, 0.396
3627, 0.1624, 0.407
3628, 0.1619, 0.408
3629, 0.1490, 0.390
3630, 0.2231, 0.398
3631, 0.1622, 0.399
3632, 0.0742, 0.396
3633, 0.1577, 0.388
3634, 0.1181, 0.399
3635, 0.1958, 0.397
3636, 0.1728, 0.400
3637, 0.1230, 0.395
3638, 0.1044, 0.401
3639, 0.1549, 0.400
3640, 0.1695, 0.399
3641, 0.1316, 0.395
3642, 0.0989, 0.398
3643, 0.0599, 0.397
3644, 0.1057, 0.396
3645, 0.1368, 0.388
3646, 0.2064, 0.392
3647, 0.1533, 0.392
3648, 0.1877, 0.389
3649, 0.2116, 0.389
3650, 0.1712, 0.390
3651, 0.0828, 0.393
3652, 0.1773, 0.396
3653, 0.1451, 0.391
3654, 0.0890, 0.393
3655, 0.0903, 0.395
3656, 0.0920, 0.405
3657, 0.0995, 0.392
3658, 0.1849, 0.392
3659, 0.0963, 0.392
3660, 0.1290, 0.389
3661, 0.1387, 0.390
3662, 0.1380, 0.388
3663, 0.0890, 0.389
3664, 0.0886, 0.389
3665, 0.0886, 0.389
3666, 0.2026, 0.386
3667, 0.1332, 0.402
3668, 0.0821, 0.395
3669, 0.1679, 0.390
3670, 0.1322, 0.390
3671, 0.1321, 0.394
3672, 0.0494, 0.395
3673, 0.1762, 0.394
3674, 0.1237, 0.389
3675, 0.0963, 0.391
3676, 0.0964, 0.391
3677, 0.0936, 0.390
3678, 0.0873, 0.389
3679, 0.2317, 0.390
3680, 0.1526, 0.388
3681, 0.0604, 0.388
3682, 0.1345, 0.386
3683, 0.0739, 0.393
3684, 0.1379, 0.396
3685, 0.1143, 0.389
3686, 0.1221, 0.389
3687, 0.1919, 0.393
3688, 0.1554, 0.393
3689, 0.1315, 0.393
3690, 0.0919, 0.392
3691, 0.1980, 0.388
3692, 0.0790, 0.390
3693, 0.1692, 0.404
3694, 0.2357, 0.391
3695, 0.1320, 0.388
3696, 0.1088, 0.388
3697, 0.0912, 0.387
3698, 0.1756, 0.388
3699, 0.1125, 0.391
3700, 0.1328, 0.391
3701, 0.2014, 0.390
3702, 0.1933, 0.391
3703, 0.1407, 0.393
3704, 0.0772, 0.394
3705, 0.1307, 0.391
3706, 0.1190, 0.393
3707, 0.1875, 0.391
3708, 0.1220, 0.391
3709, 0.0585, 0.388
3710, 0.0930, 0.391
3711, 0.1583, 0.390
3712, 0.1814, 0.389
3713, 0.0930, 0.388
3714, 0.1595, 0.385
3715, 0.0923, 0.392
3716, 0.1528, 0.394
3717, 0.1506, 0.389
3718, 0.1375, 0.391
3719, 0.1009, 0.393
3720, 0.1235, 0.394
3721, 0.1787, 0.394
3722, 0.1857, 0.392
3723, 0.1025, 0.390
3724, 0.1049, 0.407
3725, 0.1178, 0.388
3726, 0.1005, 0.402
3727, 0.1357, 0.393
3728, 0.1496, 0.389
3729, 0.1414, 0.390
3730, 0.0861, 0.389
3731, 0.1525, 0.443
3732, 0.1853, 0.427
3733, 0.1110, 0.438
3734, 0.1104, 0.444
3735, 0.1353, 0.452
3736, 0.1427, 0.455
3737, 0.1663, 0.452
3738, 0.0911, 0.439
3739, 0.1769, 0.397
3740, 0.1550, 0.405
3741, 0.1011, 0.397
3742, 0.2316, 0.400
3743, 0.1593, 0.396
3744, 0.2695, 0.396
3745, 0.1501, 0.394
3746, 0.2192, 0.391
3747, 0.1507, 0.396
3748, 0.1640, 0.410
3749, 0.1266, 0.416
3750, 0.1029, 0.431
3751, 0.1320, 0.403
3752, 0.1491, 0.404
3753, 0.1263, 0.418
3754, 0.1339, 0.416
3755, 0.1414, 0.405
3756, 0.1195, 0.396
3757, 0.0974, 0.392
3758, 0.1047, 0.393
3759, 0.0816, 0.396
3760, 0.0742, 0.396
3761, 0.1537, 0.396
3762, 0.1467, 0.395
3763, 0.1451, 0.399
3764, 0.1116, 0.391
3765, 0.1463, 0.404
3766, 0.1056, 0.422
3767, 0.1400, 0.407
3768, 0.2031, 0.395
3769, 0.0875, 0.392
3770, 0.1150, 0.393
3771, 0.1667, 0.396
3772, 0.1097, 0.398
3773, 0.1489, 0.409
3774, 0.0334, 0.410
3775, 0.1170, 0.399
3776, 0.1596, 0.396
3777, 0.1867, 0.404
3778, 0.1114, 0.397
3779, 0.0996, 0.407
3780, 0.1353, 0.408
3781, 0.1898, 0.398
3782, 0.1995, 0.397
3783, 0.1961, 0.393
3784, 0.2103, 0.395
3785, 0.2961, 0.391
3786, 0.1188, 0.392
3787, 0.1797, 0.394
3788, 0.1743, 0.397
3789, 0.0637, 0.394
3790, 0.0993, 0.394
3791, 0.1752, 0.397
3792, 0.1277, 0.395
3793, 0.1827, 0.396
3794, 0.1427, 0.395
3795, 0.1342, 0.394
3796, 0.1452, 0.394
3797, 0.1785, 0.399
3798, 0.1495, 0.395
3799, 0.1524, 0.394
3800, 0.1258, 0.394
3801, 0.1007, 0.386
3802, 0.1170, 0.395
3803, 0.1680, 0.397
3804, 0.1917, 0.397
3805, 0.1443, 0.401
3806, 0.1896, 0.391
3807, 0.1364, 0.401
3808, 0.0693, 0.404
3809, 0.2071, 0.463
3810, 0.1725, 0.399
3811, 0.1538, 0.395
3812, 0.1084, 0.391
3813, 0.0661, 0.399
3814, 0.1467, 0.400
3815, 0.1261, 0.399
3816, 0.1539, 0.394
3817, 0.1588, 0.391
3818, 0.1980, 0.391
3819, 0.1696, 0.393
3820, 0.2046, 0.397
3821, 0.1956, 0.394
3822, 0.1280, 0.408
3823, 0.1091, 0.404
3824, 0.1142, 0.400
3825, 0.1723, 0.390
3826, 0.1517, 0.390
3827, 0.1380, 0.415
3828, 0.1150, 0.406
3829, 0.1004, 0.397
3830, 0.0785, 0.418
3831, 0.0833, 0.405
3832, 0.1504, 0.392
3833, 0.1468, 0.391
3834, 0.1481, 0.394
3835, 0.1355, 0.418
3836, 0.1495, 0.400
3837, 0.1308, 0.393
3838, 0.1389, 0.392
3839, 0.1388, 0.398
3840, 0.0595, 0.407
3841, 0.1513, 0.400
3842, 0.0673, 0.389
3843, 0.1260, 0.396
3844, 0.0912, 0.390
3845, 0.1280, 0.406
3846, 0.1260, 0.394
3847, 0.1541, 0.403
3848, 0.1051, 0.391
3849, 0.1409, 0.391
3850, 0.1062, 0.389
3851, 0.1319, 0.407
3852, 0.1657, 0.394
3853, 0.0566, 0.394
3854, 0.1194, 0.391
3855, 0.1494, 0.393
3856, 0.1339, 0.407
3857, 0.0893, 0.394
3858, 0.1468, 0.388
3859, 0.1428, 0.389
3860, 0.1332, 0.392
3861, 0.1996, 0.396
3862, 0.1421, 0.390
3863, 0.2251, 0.389
3864, 0.1575, 0.400
3865, 0.1609, 0.393
3866, 0.1938, 0.398
3867, 0.1232, 0.393
3868, 0.1647, 0.406
3869, 0.1724, 0.402
3870, 0.1660, 0.392
3871, 0.1059, 0.403
3872, 0.1439, 0.395
3873, 0.1398, 0.394
3874, 0.1420, 0.392
3875, 0.1235, 0.391
3876, 0.1658, 0.395
3877, 0.2048, 0.390
3878, 0.2160, 0.389
3879, 0.2146, 0.386
3880, 0.2167, 0.392
3881, 0.1312, 0.408
3882, 0.1575, 0.395
3883, 0.1784, 0.392
3884, 0.2964, 0.400
3885, 0.1483, 0.393
3886, 0.1266, 0.395
3887, 0.2099, 0.393
3888, 0.2000, 0.399
3889, 0.2378, 0.394
3890, 0.1723, 0.408
3891, 0.0839, 0.388
3892, 0.1602, 0.394
3893, 0.1625, 0.391
3894, 0.1052, 0.401
3895, 0.1052, 0.388
3896, 0.1684, 0.392
3897, 0.1319, 0.390
3898, 0.1297, 0.393
3899, 0.1169, 0.387
3900, 0.0822, 0.406
3901, 0.1579, 0.396
3902, 0.0884, 0.393
3903, 0.0819, 0.389
3904, 0.1069, 0.392
3905, 0.0960, 0.411
3906, 0.0830, 0.392
3907, 0.1317, 0.394
3908, 0.1308, 0.395
3909, 0.0690, 0.390
3910, 0.2121, 0.389
3911, 0.1594, 0.392
3912, 0.0586, 0.392
3913, 0.1796, 0.391
3914, 0.1150, 0.389
3915, 0.1236, 0.391
3916, 0.1196, 0.395
3917, 0.1462, 0.394
3918, 0.2930, 0.392
3919, 0.1180, 0.392
3920, 0.1308, 0.393
3921, 0.0910, 0.390
3922, 0.1108, 0.407
3923, 0.1522, 0.395
3924, 0.1448, 0.399
3925, 0.1528, 0.391
3926, 0.1535, 0.392
3927, 0.1237, 0.394
3928, 0.0650, 0.393
3929, 0.1533, 0.392
3930, 0.1463, 0.391
3931, 0.1597, 0.392
3932, 0.1286, 0.396
3933, 0.1708, 0.394
3934, 0.1329, 0.393
3935, 0.0222, 0.395
3936, 0.1210, 0.395
3937, 0.1293, 0.389
3938, 0.1331, 0.395
3939, 0.1279, 0.397
3940, 0.2137, 0.397
3941, 0.0978, 0.394
3942, 0.0897, 0.394
3943, 0.0811, 0.394
3944, 0.1113, 0.394
3945, 0.1644, 0.393
3946, 0.1041, 0.392
3947, 0.1326, 0.394
3948, 0.0830, 0.396
3949, 0.1063, 0.394
3950, 0.2253, 0.394
3951, 0.1419, 0.397
3952, 0.1801, 0.408
3953, 0.1679, 0.408
3954, 0.1114, 0.396
3955, 0.1134, 0.395
3956, 0.1383, 0.397
3957, 0.1227, 0.426
3958, 0.1626, 0.449
3959, 0.2350, 0.448
3960, 0.1488, 0.444
3961, 0.1929, 0.447
3962, 0.1034, 0.445
3963, 0.0747, 0.450
3964, 0.1211, 0.454
3965, 0.1446, 0.451
3966, 0.1149, 0.447
3967, 0.1292, 0.450
3968, 0.1624, 0.449
3969, 0.1922, 0.438
3970, 0.1152, 0.428
3971, 0.1471, 0.401
3972, 0.0811, 0.398
3973, 0.1362, 0.404
3974, 0.1694, 0.410
3975, 0.1721, 0.418
3976, 0.0801, 0.417
3977, 0.0682, 0.417
3978, 0.0934, 0.417
3979, 0.1181, 0.418
3980, 0.1775, 0.412
3981, 0.1029, 0.404
3982, 0.1085, 0.409
3983, 0.1044, 0.407
3984, 0.1846, 0.407
3985, 0.2227, 0.403
3986, 0.1268, 0.406
3987, 0.1392, 0.399
3988, 0.1403, 0.396
3989, 0.0695, 0.407
3990, 0.1327, 0.406
3991, 0.1591, 0.398
3992, 0.1625, 0.396
3993, 0.1054, 0.396
3994, 0.1615, 0.396
3995, 0.0942, 0.428
3996, 0.0855, 0.389
3997, 0.0855, 0.392
3998, 0.1119, 0.392
3999, 0.1909, 0.392
4000, 0.1222, 0.392
4001, 0.1371, 0.387
4002, 0.2415, 0.406
4003, 0.0713, 0.398
4004, 0.2006, 0.392
4005, 0.2155, 0.392
4006, 0.1631, 0.411
4007, 0.1405, 0.407
4008, 0.0946, 0.396
4009, 0.1411, 0.429
4010, 0.1113, 0.411
4011, 0.1217, 0.418
4012, 0.1474, 0.402
4013, 0.1383, 0.398
4014, 0.1705, 0.397
4015, 0.1670, 0.396
4016, 0.1617, 0.394
4017, 0.0811, 0.394
4018, 0.0932, 0.396
4019, 0.1603, 0.407
4020, 0.1174, 0.402
4021, 0.1196, 0.393
4022, 0.0863, 0.403
4023, 0.1282, 0.404
4024, 0.2045, 0.395
4025, 0.1264, 0.392
4026, 0.1738, 0.390
4027, 0.1071, 0.398
4028, 0.1637, 0.399
4029, 0.1462, 0.388
4030, 0.0749, 0.390
4031, 0.1124, 0.392
4032, 0.1663, 0.391
4033, 0.1438, 0.391
4034, 0.1638, 0.389
4035, 0.1616, 0.391
4036, 0.1194, 0.395
4037, 0.1433, 0.391
4038, 0.1703, 0.385
4039, 0.2046, 0.391
4040, 0.1499, 0.394
4041, 0.0853, 0.395
4042, 0.1183, 0.389
4043, 0.1164, 0.388
4044, 0.0596, 0.388
4045, 0.1306, 0.389
4046, 0.1559, 0.389
4047, 0.1618, 0.392
4048, 0.1236, 0.390
4049, 0.1286, 0.395
4050, 0.1948, 0.389
4051, 0.0822, 0.392
4052, 0.1505, 0.394
4053, 0.1210, 0.392
4054, 0.1626, 0.391
4055, 0.1144, 0.391
4056, 0.1459, 0.392
4057, 0.1433, 0.392
4058, 0.1079, 0.390
4059, 0.1713, 0.389
4060, 0.1540, 0.390
4061, 0.1107, 0.392
4062, 0.2080, 0.390
4063, 0.2014, 0.392
4064, 0.1309, 0.391
4065, 0.1389, 0.391
4066, 0.0592, 0.390
4067, 0.1688, 0.390
4068, 0.1305, 0.395
4069, 0.0861, 0.391
4070, 0.0730, 0.391
4071, 0.1153, 0.393
4072, 0.0502, 0.392
4073, 0.0435, 0.393
4074, 0.0650, 0.390
4075, 0.1083, 0.387
4076, 0.0957, 0.390
4077, 0.1850, 0.390
4078, 0.1054, 0.390
4079, 0.1485, 0.389
4080, 0.1094, 0.390
4081, 0.0757, 0.391
4082, 0.1713, 0.390
4083, 0.1461, 0.389
4084, 0.1490, 0.410
4085, 0.1014, 0.390
4086, 0.1680, 0.404
4087, 0.1162, 0.390
4088, 0.0731, 0.404
4089, 0.1816, 0.393
4090, 0.2009, 0.390
4091, 0.1764, 0.386
4092, 0.0622, 0.389
4093, 0.1307, 0.392
4094, 0.0867, 0.390
4095, 0.1171, 0.391
4096, 0.1217, 0.390
4097, 0.1399, 0.399
4098, 0.1032, 0.391
4099, 0.1086, 0.391
4100, 0.1339, 0.394
4101, 0.1725, 0.389
4102, 0.1609, 0.392
4103, 0.0778, 0.390
4104, 0.0770, 0.404
4105, 0.1111, 0.393
4106, 0.1585, 0.391
4107, 0.1199, 0.385
4108, 0.1080, 0.389
4109, 0.1233, 0.387
4110, 0.1481, 0.390
4111, 0.1358, 0.389
4112, 0.1446, 0.390
4113, 0.1360, 0.391
4114, 0.2160, 0.395
4115, 0.1376, 0.388
4116, 0.0647, 0.394
4117, 0.1009, 0.389
4118, 0.1411, 0.391
4119, 0.1303, 0.391
4120, 0.1493, 0.393
4121, 0.1303, 0.391
4122, 0.2086, 0.397
4123, 0.1509, 0.384
4124, 0.1979, 0.390
4125, 0.1170, 0.388
4126, 0.1358, 0.391
4127, 0.2284, 0.394
4128, 0.1472, 0.393
4129, 0.1532, 0.394
4130, 0.1326, 0.391
4131, 0.1630, 0.393
4132, 0.1742, 0.395
4133, 0.1476, 0.390
4134, 0.1304, 0.393
4135, 0.1170, 0.394
4136, 0.0928, 0.395
4137, 0.1751, 0.399
4138, 0.1232, 0.411
4139, 0.1074, 0.409
4140, 0.1404, 0.395
4141, 0.1033, 0.395
4142, 0.0910, 0.396
4143, 0.1350, 0.395
4144, 0.0656, 0.394
4145, 0.1448, 0.394
4146, 0.0816, 0.387
4147, 0.1443, 0.391
4148, 0.1664, 0.395
4149, 0.2017, 0.392
4150, 0.1040, 0.392
4151, 0.1271, 0.395
4152, 0.0857, 0.394
4153, 0.1905, 0.401
4154, 0.1006, 0.401
4155, 0.0644, 0.393
4156, 0.1528, 0.394
4157, 0.0892, 0.394
4158, 0.1593, 0.395
4159, 0.1536, 0.396
4160, 0.1883, 0.395
4161, 0.0981, 0.406
4162, 0.0933, 0.404
4163, 0.2196, 0.388
4164, 0.1521, 0.396
4165, 0.0508, 0.391
4166, 0.1699, 0.389
4167, 0.0786, 0.395
4168, 0.1334, 0.395
4169, 0.1472, 0.398
4170, 0.1998, 0.398
4171, 0.1129, 0.394
4172, 0.2096, 0.391
4173, 0.1476, 0.395
4174, 0.1943, 0.396
4175, 0.1591, 0.395
4176, 0.1933, 0.396
4177, 0.1455, 0.394
4178, 0.0613, 0.404
4179, 0.1121, 0.411
4180, 0.1283, 0.399
4181, 0.1117, 0.406
4182, 0.1141, 0.409
4183, 0.1734, 0.399
4184, 0.1801, 0.395
4185, 0.1220, 0.399
4186, 0.1335, 0.402
4187, 0.2264, 0.406
4188, 0.1041, 0.408
4189, 0.1536, 0.395
4190, 0.1040, 0.395
4191, 0.1036, 0.394
4192, 0.1583, 0.395
4193, 0.1846, 0.394
4194, 0.0571, 0.392
4195, 0.1406, 0.394
4196, 0.1326, 0.412
4197, 0.1674, 0.386
4198, 0.1631, 0.394
4199, 0.0861, 0.396
4200, 0.1074, 0.397
4201, 0.1413, 0.390
4202, 0.1280, 0.399
4203, 0.1199, 0.396
4204, 0.2199, 0.396
4205, 0.1359, 0.396
4206, 0.1594, 0.398
4207, 0.0744, 0.400
4208, 0.1444, 0.411
4209, 0.1031, 0.508
4210, 0.1325, 0.392
4211, 0.1266, 0.408
4212, 0.2012, 0.410
4213, 0.1609, 0.401
4214, 0.0508, 0.394
4215, 0.0912, 0.407
4216, 0.0922, 0.392
4217, 0.0969, 0.394
4218, 0.1469, 0.396
4219, 0.1116, 0.390
4220, 0.1172, 0.388
4221, 0.0821, 0.397
4222, 0.1069, 0.397
4223, 0.1009, 0.396
4224, 0.1319, 0.400
4225, 0.1027, 0.398
4226, 0.2004, 0.415
4227, 0.1279, 0.402
4228, 0.2144, 0.405
4229, 0.0708, 0.388
4230, 0.0843, 0.399
4231, 0.1159, 0.393
4232, 0.1447, 0.392
4233, 0.1435, 0.390
4234, 0.1795, 0.401
4235, 0.1279, 0.398
4236, 0.1679, 0.399
4237, 0.1428, 0.390
4238, 0.0981, 0.396
4239, 0.1340, 0.406
4240, 0.0645, 0.394
4241, 0.0906, 0.392
4242, 0.0996, 0.390
4243, 0.2033, 0.397
4244, 0.1305, 0.391
4245, 0.1735, 0.390
4246, 0.1669, 0.393
4247, 0.1535, 0.393
4248, 0.1528, 0.401
4249, 0.1275, 0.390
4250, 0.0577, 0.395
4251, 0.0702, 0.391
4252, 0.1150, 0.391
4253, 0.1682, 0.388
4254, 0.1475, 0.397
4255, 0.1583, 0.396
4256, 0.2079, 0.394
4257, 0.1615, 0.390
4258, 0.0700, 0.390
4259, 0.1830, 0.389
4260, 0.1650, 0.390
4261, 0.1598, 0.388
4262, 0.1317, 0.392
4263, 0.0611, 0.392
4264, 0.0869, 0.391
4265, 0.0837, 0.392
4266, 0.1446, 0.392
4267, 0.1486, 0.390
4268, 0.1149, 0.392
4269, 0.1186, 0.392
4270, 0.1327, 0.395
4271, 0.1099, 0.393
4272, 0.2089, 0.395
4273, 0.2343, 0.393
4274, 0.1545, 0.389
4275, 0.1835, 0.390
4276, 0.1245, 0.387
4277, 0.0817, 0.387
4278, 0.1649, 0.391
4279, 0.2255, 0.393
4280, 0.1090, 0.393
4281, 0.1678, 0.405
4282, 0.1203, 0.391
4283, 0.0985, 0.392
4284, 0.0913, 0.406
4285, 0.1874, 0.390
4286, 0.2052, 0.394
4287, 0.1255, 0.395
4288, 0.0953, 0.393
4289, 0.1211, 0.392
4290, 0.1687, 0.387
4291, 0.1299, 0.390
4292, 0.1256, 0.390
4293, 0.1137, 0.390
4294, 0.1063, 0.387
4295, 0.1289, 0.401
4296, 0.1186, 0.393
4297, 0.0723, 0.395
4298, 0.1205, 0.389
4299, 0.1316, 0.389
4300, 0.1367, 0.408
4301, 0.1124, 0.395
4302, 0.0871, 0.392
4303, 0.1574, 0.396
4304, 0.2025, 0.392
4305, 0.1405, 0.393
4306, 0.1217, 0.391
4307, 0.1576, 0.389
4308, 0.2083, 0.389
4309, 0.0877, 0.389
4310, 0.2250, 0.395
4311, 0.0985, 0.392
4312, 0.1455, 0.393
4313, 0.1447, 0.392
4314, 0.1339, 0.391
4315, 0.1127, 0.390
4316, 0.1618, 0.393
4317, 0.1923, 0.390
4318, 0.0734, 0.394
4319, 0.2060, 0.396
4320, 0.1348, 0.394
4321, 0.1546, 0.394
4322, 0.2089, 0.388
4323, 0.1508, 0.389
4324, 0.1239, 0.389
4325, 0.1490, 0.388
4326, 0.1273, 0.392
4327, 0.1619, 0.394
4328, 0.1901, 0.395
4329, 0.1211, 0.391
4330, 0.2351, 0.417
4331, 0.1372, 0.395
4332, 0.1360, 0.394
4333, 0.1184, 0.393
4334, 0.1200, 0.396
4335, 0.1455, 0.398
4336, 0.1987, 0.395
4337, 0.1516, 0.394
4338, 0.1299, 0.392
4339, 0.1575, 0.392
4340, 0.1049, 0.392
4341, 0.1303, 0.390
4342, 0.0772, 0.393
4343, 0.0975, 0.396
4344, 0.1613, 0.400
4345, 0.1641, 0.400
4346, 0.1092, 0.397
4347, 0.1024, 0.395
4348, 0.1773, 0.394
4349, 0.1688, 0.392
4350, 0.2196, 0.395
4351, 0.1628, 0.397
4352, 0.2136, 0.398
4353, 0.2439, 0.395
4354, 0.1160, 0.388
4355, 0.1554, 0.390
4356, 0.2135, 0.392
4357, 0.1468, 0.392
4358, 0.1280, 0.394
4359, 0.1593, 0.395
4360, 0.1296, 0.397
4361, 0.1658, 0.402
4362, 0.1526, 0.399
4363, 0.1682, 0.396
4364, 0.1549, 0.394
4365, 0.1085, 0.396
4366, 0.1709, 0.428
4367, 0.0718, 0.449
4368, 0.1268, 0.446
4369, 0.1308, 0.443
4370, 0.1000, 0.448
4371, 0.2404, 0.450
4372, 0.1053, 0.447
4373, 0.1121, 0.446
4374, 0.1783, 0.449
4375, 0.0943, 0.453
4376, 0.0934, 0.455
4377, 0.1175, 0.459
4378, 0.0684, 0.454
4379, 0.1266, 0.451
4380, 0.0679, 0.449
4381, 0.0912, 0.446
4382, 0.1309, 0.445
4383, 0.1857, 0.448
4384, 0.1923, 0.448
4385, 0.1797, 0.447
4386, 0.1202, 0.447
4387, 0.1764, 0.447
4388, 0.0892, 0.446
4389, 0.1485, 0.442
4390, 0.0803, 0.440
4391, 0.1060, 0.440
4392, 0.0838, 0.440
4393, 0.2808, 0.439
4394, 0.2354, 0.440
4395, 0.1864, 0.440
4396, 0.1640, 0.439
4397, 0.1201, 0.440
4398, 0.1117, 0.444
4399, 0.1398, 0.448
4400, 0.1341, 0.448
4401, 0.1175, 0.429
4402, 0.1143, 0.428
4403, 0.1501, 0.424
4404, 0.1843, 0.424
4405, 0.0941, 0.431
4406, 0.1327, 0.420
4407, 0.1238, 0.432
4408, 0.1140, 0.451
4409, 0.2084, 0.421
4410, 0.1816, 0.418
4411, 0.0763, 0.408
4412, 0.1117, 0.401
4413, 0.1330, 0.399
4414, 0.1926, 0.408
4415, 0.1190, 0.428
4416, 0.1732, 0.406
4417, 0.1331, 0.407
4418, 0.1040, 0.416
4419, 0.0918, 0.421
4420, 0.1222, 0.416
4421, 0.0973, 0.405
4422, 0.1657, 0.399
4423, 0.0757, 0.405
4424, 0.1098, 0.401
4425, 0.1398, 0.398
4426, 0.2285, 0.394
4427, 0.1422, 0.393
4428, 0.1288, 0.392
4429, 0.0998, 0.389
4430, 0.1086, 0.391
4431, 0.1296, 0.400
4432, 0.1359, 0.403
4433, 0.1535, 0.392
4434, 0.1142, 0.389
4435, 0.1422, 0.389
4436, 0.1185, 0.393
4437, 0.1196, 0.419
4438, 0.2014, 0.391
4439, 0.1031, 0.397
4440, 0.0931, 0.397
4441, 0.0981, 0.398
4442, 0.1251, 0.388
4443, 0.1692, 0.393
4444, 0.1770, 0.394
4445, 0.0910, 0.394
4446, 0.1166, 0.392
4447, 0.1500, 0.397
4448, 0.0720, 0.391
4449, 0.1235, 0.391
4450, 0.0947, 0.390
4451, 0.0866, 0.389
4452, 0.1016, 0.396
4453, 0.1149, 0.390
4454, 0.1238, 0.395
4455, 0.1368, 0.390
4456, 0.2141, 0.394
4457, 0.1062, 0.393
4458, 0.1465, 0.393
4459, 0.1565, 0.390
4460, 0.1966, 0.392
4461, 0.1234, 0.390
4462, 0.1163, 0.390
4463, 0.1556, 0.390
4464, 0.1719, 0.390
4465, 0.0580, 0.390
4466, 0.1832, 0.393
4467, 0.1642, 0.391
4468, 0.1321, 0.395
4469, 0.1012, 0.390
4470, 0.1364, 0.396
4471, 0.1937, 0.392
4472, 0.1036, 0.394
4473, 0.1656, 0.393
4474, 0.0871, 0.392
4475, 0.1221, 0.392
4476, 0.1546, 0.388
4477, 0.1484, 0.407
4478, 0.1934, 0.391
4479, 0.2025, 0.393
4480, 0.1173, 0.387
4481, 0.1410, 0.390
4482, 0.1517, 0.388
4483, 0.1545, 0.391
4484, 0.1559, 0.393
4485, 0.1714, 0.388
4486, 0.1524, 0.393
4487, 0.0726, 0.394
4488, 0.1211, 0.401
4489, 0.1240, 0.393
4490, 0.1093, 0.393
4491, 0.1739, 0.391
4492, 0.0366, 0.392
4493, 0.1288, 0.391
4494, 0.0682, 0.393
4495, 0.1492, 0.394
4496, 0.1174, 0.391
4497, 0.0973, 0.390
4498, 0.1943, 0.388
4499, 0.1036, 0.392
4500, 0.0912, 0.405
4501, 0.1285, 0.389
4502, 0.0957, 0.391
4503, 0.0910, 0.393
4504, 0.1348, 0.390
4505, 0.0770, 0.394
4506, 0.1423, 0.391
4507, 0.2106, 0.390
4508, 0.1220, 0.389
4509, 0.1540, 0.390
4510, 0.1015, 0.392
4511, 0.1049, 0.392
4512, 0.1323, 0.391
4513, 0.1151, 0.387
4514, 0.1340, 0.389
4515, 0.1057, 0.397
4516, 0.1681, 0.394
4517, 0.1928, 0.393
4518, 0.1115, 0.392
4519, 0.0585, 0.394
4520, 0.1095, 0.392
4521, 0.1263, 0.398
4522, 0.1408, 0.393
4523, 0.2273, 0.392
4524, 0.1352, 0.393
4525, 0.1232, 0.393
4526, 0.1141, 0.395
4527, 0.1588, 0.394
4528, 0.0887, 0.394
4529, 0.1454, 0.460
4530, 0.0881, 0.391
4531, 0.0883, 0.393
4532, 0.1427, 0.396
4533, 0.0854, 0.391
4534, 0.1211, 0.394
4535, 0.1442, 0.392
4536, 0.1279, 0.395
4537, 0.1312, 0.397
4538, 0.1306, 0.395
4539, 0.0981, 0.415
4540, 0.1671, 0.394
4541, 0.0637, 0.391
4542, 0.1490, 0.394
4543, 0.1465, 0.398
4544, 0.2493, 0.400
4545, 0.1499, 0.396
4546, 0.1580, 0.395
4547, 0.1116, 0.398
4548, 0.1530, 0.397
4549, 0.1474, 0.392
4550, 0.1169, 0.405
4551, 0.1330, 0.407
4552, 0.1155, 0.410
4553, 0.1055, 0.407
4554, 0.1563, 0.395
4555, 0.1943, 0.395
4556, 0.1265, 0.394
4557, 0.1116, 0.392
4558, 0.1037, 0.394
4559, 0.1671, 0.396
4560, 0.1953, 0.399
4561, 0.1338, 0.396
4562, 0.1301, 0.394
4563, 0.1473, 0.398
4564, 0.0951, 0.397
4565, 0.1139, 0.392
4566, 0.1955, 0.392
4567, 0.1408, 0.395
4568, 0.1099, 0.396
4569, 0.1253, 0.393
4570, 0.1092, 0.398
4571, 0.1061, 0.396
4572, 0.1174, 0.396
4573, 0.1305, 0.423
4574, 0.1394, 0.449
4575, 0.1369, 0.449
4576, 0.1146, 0.456
4577, 0.0923, 0.451
4578, 0.1877, 0.449
4579, 0.0852, 0.453
4580, 0.1891, 0.459
4581, 0.1325, 0.450
4582, 0.1571, 0.447
4583, 0.1407, 0.451
4584, 0.1791, 0.452
4585, 0.1230, 0.450
4586, 0.1425, 0.452
4587, 0.2081, 0.450
4588, 0.1622, 0.453
4589, 0.1243, 0.449
4590, 0.0715, 0.448
4591, 0.1201, 0.432
4592, 0.0963, 0.422
4593, 0.0595, 0.449
4594, 0.1324, 0.449
4595, 0.1119, 0.445
4596, 0.0700, 0.441
4597, 0.1912, 0.441
4598, 0.1188, 0.444
4599, 0.1738, 0.443
4600, 0.1389, 0.405
4601, 0.1704, 0.390
4602, 0.1074, 0.409
4603, 0.1900, 0.409
4604, 0.1388, 0.410
4605, 0.1338, 0.407
4606, 0.1232, 0.410
4607, 0.1506, 0.415
4608, 0.1428, 0.441
4609, 0.1592, 0.461
4610, 0.1305, 0.425
4611, 0.1677, 0.421
4612, 0.1483, 0.421
4613, 0.1535, 0.410
4614, 0.1915, 0.413
4615, 0.0763, 0.407
4616, 0.1244, 0.406
4617, 0.1885, 0.403
4618, 0.1550, 0.404
4619, 0.0536, 0.397
4620, 0.1403, 0.398
4621, 0.1270, 0.408
4622, 0.1247, 0.403
4623, 0.1073, 0.400
4624, 0.1110, 0.395
4625, 0.1228, 0.403
4626, 0.1448, 0.394
4627, 0.1438, 0.395
4628, 0.1690, 0.390
4629, 0.1354, 0.395
4630, 0.1092, 0.389
4631, 0.0981, 0.393
4632, 0.0748, 0.394
4633, 0.1430, 0.393
4634, 0.0812, 0.392
4635, 0.0920, 0.391
4636, 0.1689, 0.392
4637, 0.1129, 0.401
4638, 0.1063, 0.391
4639, 0.0770, 0.397
4640, 0.2794, 0.403
4641, 0.1298, 0.392
4642, 0.1688, 0.387
4643, 0.1276, 0.391
4644, 0.1964, 0.390
4645, 0.0847, 0.390
4646, 0.1025, 0.395
4647, 0.0915, 0.394
4648, 0.1812, 0.393
4649, 0.1372, 0.392
4650, 0.1367, 0.388
4651, 0.0739, 0.391
4652, 0.1253, 0.391
4653, 0.1082, 0.389
4654, 0.1046, 0.390
4655, 0.1201, 0.395
4656, 0.1044, 0.391
4657, 0.1096, 0.391
4658, 0.1305, 0.387
4659, 0.1186, 0.389
4660, 0.1773, 0.390
4661, 0.1991, 0.390
4662, 0.0764, 0.390
4663, 0.1560, 0.391
4664, 0.2347, 0.389
4665, 0.1882, 0.390
4666, 0.1218, 0.390
4667, 0.1835, 0.388
4668, 0.1097, 0.391
4669, 0.1115, 0.389
4670, 0.0902, 0.396
4671, 0.1631, 0.394
4672, 0.0524, 0.390
4673, 0.0991, 0.390
4674, 0.1261, 0.391
4675, 0.1447, 0.390
4676, 0.0920, 0.398
4677, 0.1260, 0.390
4678, 0.1414, 0.390
4679, 0.1705, 0.388
4680, 0.1955, 0.391
4681, 0.0683, 0.389
4682, 0.2015, 0.390
4683, 0.1566, 0.392
4684, 0.1480, 0.391
4685, 0.2198, 0.389
4686, 0.1414, 0.393
4687, 0.1515, 0.395
4688, 0.1456, 0.389
4689, 0.1689, 0.393
4690, 0.1026, 0.389
4691, 0.1182, 0.388
4692, 0.1293, 0.390
4693, 0.1708, 0.386
4694, 0.1259, 0.403
4695, 0.1557, 0.398
4696, 0.0904, 0.390
4697, 0.0918, 0.387
4698, 0.0827, 0.389
4699, 0.1763, 0.390
4700, 0.1248, 0.391
4701, 0.1508, 0.387
4702, 0.1621, 0.390
4703, 0.1006, 0.397
4704, 0.1649, 0.392
4705, 0.1146, 0.390
4706, 0.1506, 0.400
4707, 0.1172, 0.388
4708, 0.0834, 0.390
4709, 0.1482, 0.389
4710, 0.0527, 0.390
4711, 0.0727, 0.393
4712, 0.1123, 0.391
4713, 0.1713, 0.391
4714, 0.1730, 0.390
4715, 0.1552, 0.390
4716, 0.1536, 0.388
4717, 0.1247, 0.387
4718, 0.1196, 0.392
4719, 0.1405, 0.396
4720, 0.0556, 0.391
4721, 0.1187, 0.389
4722, 0.0901, 0.389
4723, 0.0941, 0.389
4724, 0.1065, 0.389
4725, 0.2138, 0.387
4726, 0.1092, 0.391
4727, 0.0981, 0.393
4728, 0.0706, 0.398
4729, 0.1191, 0.414
4730, 0.1210, 0.392
4731, 0.1312, 0.392
4732, 0.1480, 0.392
4733, 0.1254, 0.390
4734, 0.1580, 0.392
4735, 0.1579, 0.392
4736, 0.0940, 0.389
4737, 0.1044, 0.391
4738, 0.1580, 0.390
4739, 0.1151, 0.391
4740, 0.1190, 0.389
4741, 0.0869, 0.389
4742, 0.1683, 0.393
4743, 0.2178, 0.402
4744, 0.1331, 0.399
4745, 0.0991, 0.395
4746, 0.1454, 0.393
4747, 0.1737, 0.395
4748, 0.1843, 0.395
4749, 0.1311, 0.396
4750, 0.1889, 0.408
4751, 0.0472, 0.410
4752, 0.0892, 0.398
4753, 0.0985, 0.394
4754, 0.1339, 0.392
4755, 0.1169, 0.392
4756, 0.1308, 0.392
4757, 0.1867, 0.392
4758, 0.0982, 0.392
4759, 0.0950, 0.398
4760, 0.1029, 0.400
4761, 0.1242, 0.394
4762, 0.1361, 0.395
4763, 0.1445, 0.396
4764, 0.1354, 0.393
4765, 0.2017, 0.395
4766, 0.0920, 0.394
4767, 0.1034, 0.396
4768, 0.1776, 0.399
4769, 0.1802, 0.395
4770, 0.1526, 0.392
4771, 0.1114, 0.392
4772, 0.1786, 0.391
4773, 0.1501, 0.392
4774, 0.1203, 0.394
4775, 0.1468, 0.398
4776, 0.0943, 0.399
4777, 0.1369, 0.395
4778, 0.1564, 0.394
4779, 0.1163, 0.395
4780, 0.1863, 0.394
4781, 0.1586, 0.394
4782, 0.1113, 0.395
4783, 0.1196, 0.397
4784, 0.1076, 0.399
4785, 0.2660, 0.394
4786, 0.1793, 0.389
4787, 0.1341, 0.392
4788, 0.1332, 0.393
4789, 0.1459, 0.394
4790, 0.1639, 0.389
4791, 0.1113, 0.392
4792, 0.1549, 0.399
4793, 0.2250, 0.397
4794, 0.1380, 0.425
4795, 0.1181, 0.421
4796, 0.1886, 0.388
4797, 0.2106, 0.399
4798, 0.1843, 0.388
4799, 0.1381, 0.397
4800, 0.1208, 0.399
4801, 0.1642, 0.392
4802, 0.0749, 0.411
4803, 0.0685, 0.393
4804, 0.1511, 0.388
4805, 0.2403, 0.391
4806, 0.1484, 0.409
4807, 0.1122, 0.419
4808, 0.1345, 0.410
4809, 0.1138, 0.477
4810, 0.1760, 0.411
4811, 0.1501, 0.421
4812, 0.2026, 0.415
4813, 0.1283, 0.404
4814, 0.1326, 0.411
4815, 0.0835, 0.405
4816, 0.1341, 0.402
4817, 0.1279, 0.395
4818, 0.0815, 0.393
4819, 0.1614, 0.407
4820, 0.0939, 0.396
4821, 0.1105, 0.398
4822, 0.1369, 0.393
4823, 0.2767, 0.395
4824, 0.0677, 0.396
4825, 0.1340, 0.390
4826, 0.0607, 0.387
4827, 0.1402, 0.389
4828, 0.1333, 0.390
4829, 0.1479, 0.391
4830, 0.1138, 0.389
4831, 0.1180, 0.389
4832, 0.1898, 0.392
4833, 0.1416, 0.390
4834, 0.1411, 0.390
4835, 0.1425, 0.390
4836, 0.1589, 0.389
4837, 0.1228, 0.391
4838, 0.1753, 0.393
4839, 0.1532, 0.393
4840, 0.0975, 0.395
4841, 0.1389, 0.390
4842, 0.1247, 0.391
4843, 0.1259, 0.390
4844, 0.2174, 0.391
4845, 0.1220, 0.388
4846, 0.1311, 0.388
4847, 0.1559, 0.389
4848, 0.1353, 0.392
4849, 0.1176, 0.394
4850, 0.1064, 0.389
4851, 0.1368, 0.400
4852, 0.0801, 0.394
4853, 0.1005, 0.390
4854, 0.1299, 0.392
4855, 0.1255, 0.396
4856, 0.1336, 0.392
4857, 0.1415, 0.394
4858, 0.1315, 0.391
4859, 0.1621, 0.392
4860, 0.1005, 0.392
4861, 0.1959, 0.391
4862, 0.1446, 0.388
4863, 0.1061, 0.393
4864, 0.1611, 0.391
4865, 0.0932, 0.389
4866, 0.1059, 0.390
4867, 0.1708, 0.392
4868, 0.1787, 0.391
4869, 0.1861, 0.406
4870, 0.0779, 0.393
4871, 0.1839, 0.393
4872, 0.1314, 0.407
4873, 0.0978, 0.393
4874, 0.1281, 0.394
4875, 0.1718, 0.391
4876, 0.1071, 0.403
4877, 0.1565, 0.391
4878, 0.1685, 0.392
4879, 0.1335, 0.390
4880, 0.1089, 0.405
4881, 0.2081, 0.390
4882, 0.1980, 0.392
4883, 0.1870, 0.390
4884, 0.2653, 0.389
4885, 0.1997, 0.407
4886, 0.1293, 0.395
4887, 0.1572, 0.392
4888, 0.1545, 0.393
4889, 0.0903, 0.394
4890, 0.3055, 0.405
4891, 0.2066, 0.389
4892, 0.1088, 0.391
4893, 0.2236, 0.393
4894, 0.0733, 0.394
4895, 0.1927, 0.392
4896, 0.0701, 0.404
4897, 0.0793, 0.391
4898, 0.1529, 0.390
4899, 0.2108, 0.386
4900, 0.1746, 0.391
4901, 0.1500, 0.402
4902, 0.1266, 0.399
4903, 0.1645, 0.389
4904, 0.0657, 0.398
4905, 0.0823, 0.393
4906, 0.1917, 0.397
4907, 0.1102, 0.388
4908, 0.1790, 0.399
4909, 0.2257, 0.394
4910, 0.1237, 0.411
4911, 0.1250, 0.386
4912, 0.0434, 0.397
4913, 0.0216, 0.392
4914, 0.1340, 0.395
4915, 0.0935, 0.387
4916, 0.1600, 0.402
4917, 0.1959, 0.398
4918, 0.1750, 0.398
4919, 0.1198, 0.388
4920, 0.1839, 0.395
4921, 0.1670, 0.391
4922, 0.1590, 0.389
4923, 0.2109, 0.391
4924, 0.2108, 0.394
4925, 0.1585, 0.393
4926, 0.1040, 0.464
4927, 0.1732, 0.391
4928, 0.1319, 0.390
4929, 0.1169, 0.391
4930, 0.1297, 0.389
4931, 0.1097, 0.390
4932, 0.1658, 0.390
4933, 0.1899, 0.391
4934, 0.1960, 0.394
4935, 0.1538, 0.397
4936, 0.1422, 0.395
4937, 0.1757, 0.393
4938, 0.1698, 0.392
4939, 0.1234, 0.392
4940, 0.0981, 0.397
4941, 0.1778, 0.397
4942, 0.2404, 0.398
4943, 0.1052, 0.396
4944, 0.1532, 0.395
4945, 0.1046, 0.407
4946, 0.0984, 0.408
4947, 0.1877, 0.395
4948, 0.1495, 0.395
4949, 0.1325, 0.395
4950, 0.1674, 0.394
4951, 0.1055, 0.395
4952, 0.1380, 0.394
4953, 0.1591, 0.392
4954, 0.0862, 0.394
4955, 0.0654, 0.394
4956, 0.1366, 0.397
4957, 0.0827, 0.396
4958, 0.1706, 0.398
4959, 0.1378, 0.396
4960, 0.1378, 0.389
4961, 0.1809, 0.391
4962, 0.0943, 0.393
4963, 0.1471, 0.394
4964, 0.1313, 0.395
4965, 0.1815, 0.395
4966, 0.1166, 0.394
4967, 0.1368, 0.396
4968, 0.1499, 0.396
4969, 0.1751, 0.393
4970, 0.1084, 0.393
4971, 0.1278, 0.394
4972, 0.1169, 0.395
4973, 0.1227, 0.396
4974, 0.1433, 0.399
4975, 0.1059, 0.410
4976, 0.0754, 0.408
4977, 0.1363, 0.396
4978, 0.0774, 0.395
4979, 0.1204, 0.396
4980, 0.0717, 0.396
4981, 0.1065, 0.395
4982, 0.0846, 0.394
4983, 0.0603, 0.396
4984, 0.0848, 0.396
4985, 0.1780, 0.395
4986, 0.1458, 0.392
4987, 0.1904, 0.394
4988, 0.1198, 0.395
4989, 0.1751, 0.395
4990, 0.2116, 0.398
4991, 0.1523, 0.399
4992, 0.1402, 0.395
4993, 0.1093, 0.395
4994, 0.0765, 0.394
4995, 0.0526, 0.393
4996, 0.1542, 0.396
4997, 0.1344, 0.395
4998, 0.2058, 0.393
4999, 0.1208, 0.396
5000, 0.1587, 0.396
