0, 0.4982, 2.333
1, 0.4997, 0.424
2, 0.5005, 0.432
3, 0.4987, 0.443
4, 0.4934, 0.432
5, 0.4967, 0.457
6, 0.5153, 0.447
7, 0.5069, 0.478
8, 0.4999, 0.416
9, 0.4918, 0.441
10, 0.4794, 0.429
11, 0.4864, 0.438
12, 0.5088, 0.449
13, 0.5032, 0.445
14, 0.4795, 0.444
15, 0.4709, 0.434
16, 0.5150, 0.441
17, 0.5250, 0.426
18, 0.4924, 0.427
19, 0.4785, 0.429
20, 0.4785, 0.430
21, 0.4847, 0.433
22, 0.5380, 0.460
23, 0.5055, 0.474
24, 0.4881, 0.456
25, 0.4806, 0.425
26, 0.5242, 0.433
27, 0.5012, 0.432
28, 0.4638, 0.428
29, 0.4747, 0.430
30, 0.4722, 0.426
31, 0.5192, 0.433
32, 0.4057, 0.445
33, 0.4983, 0.430
34, 0.4225, 0.436
35, 0.4794, 0.439
36, 0.4320, 0.442
37, 0.4338, 0.466
38, 0.4424, 0.452
39, 0.3962, 0.437
40, 0.4061, 0.432
41, 0.3248, 0.428
42, 0.3327, 0.429
43, 0.2777, 0.491
44, 0.5362, 0.436
45, 0.4144, 0.439
46, 0.4277, 0.442
47, 0.3525, 0.432
48, 0.4578, 0.433
49, 0.3921, 0.427
50, 0.3952, 0.425
51, 0.3256, 0.427
52, 0.4243, 0.425
53, 0.4128, 0.428
54, 0.3756, 0.423
55, 0.4130, 0.424
56, 0.3371, 0.427
57, 0.3402, 0.430
58, 0.3423, 0.430
59, 0.2566, 0.420
60, 0.3173, 0.421
61, 0.2527, 0.430
62, 0.3554, 0.436
63, 0.3495, 0.436
64, 0.5290, 0.443
65, 0.2807, 0.430
66, 0.4032, 0.427
67, 0.3142, 0.444
68, 0.3475, 0.440
69, 0.3445, 0.428
70, 0.3156, 0.426
71, 0.2917, 0.428
72, 0.3265, 0.437
73, 0.3775, 0.432
74, 0.4048, 0.439
75, 0.3220, 0.436
76, 0.4351, 0.434
77, 0.3380, 0.432
78, 0.3427, 0.433
79, 0.3623, 0.431
80, 0.3617, 0.440
81, 0.3648, 0.455
82, 0.3268, 0.449
83, 0.2860, 0.442
84, 0.3637, 0.425
85, 0.2989, 0.429
86, 0.3150, 0.425
87, 0.3733, 0.432
88, 0.4035, 0.432
89, 0.4092, 0.431
90, 0.4521, 0.428
91, 0.2513, 0.428
92, 0.3135, 0.429
93, 0.2902, 0.417
94, 0.3061, 0.422
95, 0.2614, 0.425
96, 0.2991, 0.438
97, 0.3360, 0.427
98, 0.2948, 0.420
99, 0.2857, 0.423
100, 0.3440, 0.418
101, 0.4023, 0.420
102, 0.2838, 0.427
103, 0.3762, 0.425
104, 0.3522, 0.433
105, 0.2616, 0.422
106, 0.3212, 0.417
107, 0.3919, 0.433
108, 0.3699, 0.423
109, 0.2114, 0.418
110, 0.4194, 0.439
111, 0.3319, 0.420
112, 0.3269, 0.428
113, 0.3746, 0.424
114, 0.3695, 0.425
115, 0.3594, 0.424
116, 0.3190, 0.422
117, 0.3220, 0.424
118, 0.3654, 0.425
119, 0.4192, 0.423
120, 0.3256, 0.421
121, 0.3587, 0.420
122, 0.2673, 0.417
123, 0.4130, 0.422
124, 0.2984, 0.424
125, 0.2870, 0.427
126, 0.3238, 0.426
127, 0.3979, 0.441
128, 0.3315, 0.422
129, 0.2874, 0.429
130, 0.4192, 0.429
131, 0.2976, 0.424
132, 0.3523, 0.420
133, 0.3908, 0.418
134, 0.3058, 0.422
135, 0.3022, 0.417
136, 0.3395, 0.432
137, 0.3534, 0.442
138, 0.2787, 0.420
139, 0.3103, 0.422
140, 0.2355, 0.428
141, 0.1520, 0.430
142, 0.2738, 0.423
143, 0.2445, 0.420
144, 0.3519, 0.424
145, 0.3840, 0.424
146, 0.2141, 0.432
147, 0.3487, 0.439
148, 0.3481, 0.424
149, 0.3124, 0.421
150, 0.2664, 0.423
151, 0.2426, 0.421
152, 0.2992, 0.416
153, 0.3107, 0.417
154, 0.3239, 0.414
155, 0.3806, 0.420
156, 0.3102, 0.432
157, 0.2857, 0.419
158, 0.2367, 0.421
159, 0.2580, 0.422
160, 0.2882, 0.425
161, 0.3895, 0.417
162, 0.2816, 0.423
163, 0.3264, 0.419
164, 0.3152, 0.424
165, 0.3261, 0.419
166, 0.3764, 0.419
167, 0.3155, 0.426
168, 0.3419, 0.418
169, 0.3906, 0.417
170, 0.4132, 0.414
171, 0.3470, 0.429
172, 0.5110, 0.423
173, 0.2798, 0.423
174, 0.3781, 0.419
175, 0.3514, 0.428
176, 0.3497, 0.421
177, 0.3484, 0.430
178, 0.2878, 0.426
179, 0.4023, 0.428
180, 0.3213, 0.439
181, 0.3468, 0.439
182, 0.2351, 0.440
183, 0.2613, 0.425
184, 0.3699, 0.442
185, 0.3169, 0.427
186, 0.3189, 0.425
187, 0.2836, 0.436
188, 0.3178, 0.430
189, 0.3573, 0.427
190, 0.4589, 0.425
191, 0.2943, 0.429
192, 0.4054, 0.427
193, 0.2668, 0.445
194, 0.3009, 0.430
195, 0.2559, 0.443
196, 0.3249, 0.423
197, 0.3181, 0.436
198, 0.3563, 0.434
199, 0.3181, 0.426
200, 0.3270, 0.432
201, 0.3342, 0.414
202, 0.1540, 0.430
203, 0.2249, 0.426
204, 0.1742, 0.432
205, 0.3212, 0.483
206, 0.2490, 0.436
207, 0.2300, 0.430
208, 0.2609, 0.430
209, 0.2770, 0.427
210, 0.2575, 0.436
211, 0.3761, 0.435
212, 0.2724, 0.431
213, 0.3070, 0.460
214, 0.3059, 0.460
215, 0.2397, 0.460
216, 0.2634, 0.458
217, 0.2491, 0.464
218, 0.3642, 0.464
219, 0.2709, 0.427
220, 0.2924, 0.432
221, 0.2241, 0.444
222, 0.2941, 0.431
223, 0.3424, 0.427
224, 0.3716, 0.427
225, 0.2469, 0.430
226, 0.3873, 0.449
227, 0.2784, 0.433
228, 0.3065, 0.434
229, 0.3293, 0.434
230, 0.1958, 0.439
231, 0.1892, 0.448
232, 0.3492, 0.459
233, 0.2730, 0.433
234, 0.3352, 0.428
235, 0.2758, 0.430
236, 0.2499, 0.426
237, 0.2097, 0.433
238, 0.2019, 0.428
239, 0.2534, 0.426
240, 0.1910, 0.429
241, 0.4196, 0.435
242, 0.4083, 0.425
243, 0.2828, 0.426
244, 0.2775, 0.429
245, 0.3179, 0.438
246, 0.2522, 0.423
247, 0.3420, 0.431
248, 0.3750, 0.428
249, 0.2405, 0.431
250, 0.2404, 0.429
251, 0.3150, 0.424
252, 0.3079, 0.423
253, 0.2780, 0.425
254, 0.3286, 0.426
255, 0.3466, 0.434
256, 0.3281, 0.430
257, 0.3091, 0.436
258, 0.3409, 0.432
259, 0.2957, 0.427
260, 0.3467, 0.434
261, 0.2201, 0.425
262, 0.3655, 0.427
263, 0.1884, 0.426
264, 0.3842, 0.444
265, 0.3438, 0.432
266, 0.2777, 0.434
267, 0.3765, 0.423
268, 0.3203, 0.423
269, 0.3519, 0.426
270, 0.3102, 0.426
271, 0.2942, 0.426
272, 0.2348, 0.428
273, 0.3148, 0.431
274, 0.2286, 0.435
275, 0.2340, 0.425
276, 0.2372, 0.437
277, 0.2491, 0.430
278, 0.2097, 0.443
279, 0.2640, 0.428
280, 0.3063, 0.452
281, 0.2875, 0.425
282, 0.2051, 0.423
283, 0.2576, 0.428
284, 0.1935, 0.424
285, 0.2777, 0.425
286, 0.2996, 0.427
287, 0.3278, 0.434
288, 0.3677, 0.436
289, 0.3101, 0.434
290, 0.3354, 0.427
291, 0.2868, 0.425
292, 0.2007, 0.431
293, 0.2180, 0.446
294, 0.3590, 0.528
295, 0.2042, 0.442
296, 0.2467, 0.433
297, 0.2393, 0.432
298, 0.3018, 0.424
299, 0.2261, 0.426
300, 0.2518, 0.430
301, 0.2213, 0.429
302, 0.2420, 0.429
303, 0.2360, 0.429
304, 0.2476, 0.428
305, 0.2143, 0.430
306, 0.1912, 0.439
307, 0.1932, 0.438
308, 0.2403, 0.425
309, 0.2928, 0.435
310, 0.2784, 0.438
311, 0.2331, 0.435
312, 0.2533, 0.432
313, 0.2879, 0.422
314, 0.3206, 0.427
315, 0.2705, 0.426
316, 0.2671, 0.423
317, 0.2197, 0.439
318, 0.1621, 0.431
319, 0.2633, 0.435
320, 0.2944, 0.425
321, 0.2715, 0.427
322, 0.2977, 0.426
323, 0.2200, 0.434
324, 0.1901, 0.433
325, 0.2948, 0.435
326, 0.2861, 0.431
327, 0.2875, 0.437
328, 0.3480, 0.441
329, 0.2463, 0.444
330, 0.2617, 0.431
331, 0.1852, 0.425
332, 0.2790, 0.434
333, 0.2423, 0.433
334, 0.2940, 0.445
335, 0.2266, 0.439
336, 0.2717, 0.430
337, 0.2879, 0.430
338, 0.1746, 0.430
339, 0.2401, 0.431
340, 0.2599, 0.432
341, 0.1844, 0.439
342, 0.1257, 0.440
343, 0.2142, 0.439
344, 0.2975, 0.511
345, 0.2748, 0.432
346, 0.1727, 0.422
347, 0.3093, 0.430
348, 0.2401, 0.456
349, 0.2294, 0.429
350, 0.2191, 0.425
351, 0.2744, 0.425
352, 0.1893, 0.421
353, 0.2427, 0.421
354, 0.2926, 0.426
355, 0.2650, 0.431
356, 0.2551, 0.431
357, 0.2280, 0.427
358, 0.3023, 0.426
359, 0.3261, 0.425
360, 0.2302, 0.429
361, 0.2953, 0.427
362, 0.2603, 0.428
363, 0.2592, 0.423
364, 0.2501, 0.427
365, 0.2225, 0.425
366, 0.2658, 0.437
367, 0.2353, 0.426
368, 0.2774, 0.418
369, 0.2454, 0.430
370, 0.2560, 0.421
371, 0.1622, 0.419
372, 0.2285, 0.422
373, 0.2472, 0.424
374, 0.1692, 0.431
375, 0.2387, 0.431
376, 0.2981, 0.424
377, 0.2259, 0.426
378, 0.2135, 0.429
379, 0.1635, 0.421
380, 0.1575, 0.428
381, 0.1955, 0.427
382, 0.2824, 0.423
383, 0.1649, 0.423
384, 0.2245, 0.429
385, 0.3378, 0.427
386, 0.2539, 0.423
387, 0.2757, 0.421
388, 0.2152, 0.462
389, 0.2467, 0.454
390, 0.1868, 0.454
391, 0.2148, 0.462
392, 0.1859, 0.445
393, 0.2440, 0.447
394, 0.1744, 0.441
395, 0.2742, 0.427
396, 0.2707, 0.432
397, 0.2609, 0.425
398, 0.2086, 0.432
399, 0.1654, 0.424
400, 0.2459, 0.426
401, 0.2994, 0.415
402, 0.2159, 0.434
403, 0.2990, 0.441
404, 0.1900, 0.439
405, 0.2771, 0.435
406, 0.2566, 0.446
407, 0.1867, 0.446
408, 0.2636, 0.444
409, 0.2029, 0.449
410, 0.2391, 0.442
411, 0.2308, 0.501
412, 0.1974, 0.429
413, 0.1405, 0.431
414, 0.2981, 0.440
415, 0.2082, 0.460
416, 0.3368, 0.466
417, 0.2340, 0.493
418, 0.2579, 0.488
419, 0.2823, 0.454
420, 0.1962, 0.459
421, 0.2171, 0.459
422, 0.3253, 0.477
423, 0.2470, 0.442
424, 0.1977, 0.425
425, 0.2560, 0.427
426, 0.2290, 0.463
427, 0.1815, 0.511
428, 0.2255, 0.439
429, 0.2591, 0.432
430, 0.3442, 0.439
431, 0.3303, 0.433
432, 0.3182, 0.434
433, 0.2417, 0.446
434, 0.2214, 0.445
435, 0.2395, 0.445
436, 0.2147, 0.441
437, 0.2471, 0.446
438, 0.1865, 0.443
439, 0.1821, 0.434
440, 0.1736, 0.432
441, 0.2350, 0.438
442, 0.2609, 0.444
443, 0.2588, 0.429
444, 0.1582, 0.439
445, 0.2078, 0.433
446, 0.2208, 0.437
447, 0.2224, 0.430
448, 0.2273, 0.428
449, 0.2119, 0.435
450, 0.2519, 0.427
451, 0.1778, 0.489
452, 0.2271, 0.431
453, 0.2184, 0.429
454, 0.2020, 0.423
455, 0.2635, 0.436
456, 0.1939, 0.450
457, 0.2141, 0.440
458, 0.2024, 0.439
459, 0.2389, 0.442
460, 0.2911, 0.431
461, 0.1652, 0.444
462, 0.2974, 0.429
463, 0.1886, 0.432
464, 0.2606, 0.428
465, 0.2929, 0.444
466, 0.1340, 0.430
467, 0.2790, 0.426
468, 0.1816, 0.419
469, 0.2283, 0.418
470, 0.1342, 0.438
471, 0.1636, 0.425
472, 0.2767, 0.433
473, 0.2511, 0.434
474, 0.3012, 0.433
475, 0.1864, 0.426
476, 0.1742, 0.434
477, 0.1686, 0.415
478, 0.1916, 0.430
479, 0.2222, 0.420
480, 0.1306, 0.420
481, 0.1665, 0.425
482, 0.2227, 0.432
483, 0.2111, 0.419
484, 0.2178, 0.417
485, 0.2129, 0.434
486, 0.2770, 0.427
487, 0.1916, 0.420
488, 0.1730, 0.431
489, 0.1683, 0.421
490, 0.2120, 0.418
491, 0.1726, 0.458
492, 0.1872, 0.458
493, 0.2658, 0.423
494, 0.3378, 0.424
495, 0.2148, 0.425
496, 0.2313, 0.435
497, 0.2330, 0.434
498, 0.1445, 0.424
499, 0.2073, 0.422
500, 0.2258, 0.422
501, 0.2530, 0.423
502, 0.1671, 0.469
503, 0.0987, 0.437
504, 0.2164, 0.425
505, 0.1642, 0.425
506, 0.2805, 0.424
507, 0.3111, 0.425
508, 0.1239, 0.449
509, 0.1399, 0.454
510, 0.1649, 0.426
511, 0.2068, 0.423
512, 0.1786, 0.417
513, 0.1527, 0.423
514, 0.2154, 0.413
515, 0.2052, 0.420
516, 0.2147, 0.422
517, 0.2032, 0.425
518, 0.1737, 0.423
519, 0.2021, 0.442
520, 0.1963, 0.424
521, 0.1073, 0.425
522, 0.1424, 0.422
523, 0.2333, 0.435
524, 0.2432, 0.429
525, 0.1696, 0.436
526, 0.1248, 0.421
527, 0.2050, 0.415
528, 0.3053, 0.446
529, 0.2790, 0.417
530, 0.2216, 0.421
531, 0.2048, 0.434
532, 0.1543, 0.418
533, 0.2153, 0.455
534, 0.2198, 0.425
535, 0.2884, 0.427
536, 0.2691, 0.426
537, 0.2881, 0.429
538, 0.3042, 0.427
539, 0.2776, 0.436
540, 0.2285, 0.426
541, 0.2350, 0.450
542, 0.1646, 0.456
543, 0.2287, 0.458
544, 0.2170, 0.431
545, 0.2127, 0.424
546, 0.1939, 0.425
547, 0.2199, 0.430
548, 0.2108, 0.415
549, 0.1879, 0.424
550, 0.1589, 0.429
551, 0.2180, 0.422
552, 0.2842, 0.434
553, 0.2051, 0.422
554, 0.2041, 0.424
555, 0.2631, 0.421
556, 0.2162, 0.426
557, 0.3626, 0.421
558, 0.1360, 0.431
559, 0.1775, 0.418
560, 0.3284, 0.424
561, 0.1862, 0.425
562, 0.1962, 0.432
563, 0.2168, 0.428
564, 0.1753, 0.461
565, 0.1993, 0.443
566, 0.2159, 0.439
567, 0.1382, 0.429
568, 0.2036, 0.433
569, 0.1741, 0.432
570, 0.1431, 0.425
571, 0.1217, 0.442
572, 0.1567, 0.419
573, 0.1425, 0.432
574, 0.1936, 0.435
575, 0.2094, 0.430
576, 0.1740, 0.425
577, 0.1129, 0.430
578, 0.1877, 0.422
579, 0.2148, 0.438
580, 0.2335, 0.425
581, 0.2522, 0.429
582, 0.2228, 0.421
583, 0.2196, 0.420
584, 0.2414, 0.426
585, 0.1739, 0.427
586, 0.2430, 0.425
587, 0.2130, 0.417
588, 0.1874, 0.458
589, 0.2446, 0.423
590, 0.3155, 0.423
591, 0.1837, 0.423
592, 0.2225, 0.422
593, 0.2033, 0.424
594, 0.2188, 0.427
595, 0.2121, 0.419
596, 0.2638, 0.418
597, 0.1020, 0.414
598, 0.1760, 0.417
599, 0.2543, 0.415
600, 0.1588, 0.430
601, 0.2415, 0.422
602, 0.1763, 0.431
603, 0.2835, 0.432
604, 0.2030, 0.419
605, 0.1761, 0.419
606, 0.2660, 0.431
607, 0.2269, 0.422
608, 0.2153, 0.435
609, 0.1732, 0.444
610, 0.1835, 0.431
611, 0.2091, 0.442
612, 0.1199, 0.468
613, 0.2055, 0.462
614, 0.1202, 0.442
615, 0.2582, 0.457
616, 0.1777, 0.427
617, 0.2341, 0.428
618, 0.1760, 0.427
619, 0.2311, 0.427
620, 0.1913, 0.424
621, 0.1619, 0.433
622, 0.2045, 0.443
623, 0.2351, 0.438
624, 0.1899, 0.434
625, 0.2153, 0.443
626, 0.1775, 0.426
627, 0.1663, 0.438
628, 0.1673, 0.432
629, 0.1105, 0.466
630, 0.2346, 0.468
631, 0.1380, 0.456
632, 0.1460, 0.429
633, 0.2637, 0.438
634, 0.2270, 0.427
635, 0.2383, 0.426
636, 0.1915, 0.424
637, 0.1418, 0.430
638, 0.1656, 0.432
639, 0.2615, 0.437
640, 0.2402, 0.441
641, 0.1069, 0.453
642, 0.1785, 0.439
643, 0.1992, 0.428
644, 0.2059, 0.432
645, 0.1279, 0.489
646, 0.1702, 0.438
647, 0.1699, 0.430
648, 0.1626, 0.434
649, 0.2712, 0.437
650, 0.1584, 0.438
651, 0.2491, 0.434
652, 0.1954, 0.445
653, 0.2741, 0.450
654, 0.2054, 0.424
655, 0.1595, 0.437
656, 0.2115, 0.444
657, 0.1378, 0.436
658, 0.1568, 0.438
659, 0.1955, 0.428
660, 0.2076, 0.433
661, 0.2109, 0.432
662, 0.1198, 0.438
663, 0.1576, 0.432
664, 0.2515, 0.439
665, 0.1679, 0.421
666, 0.2534, 0.426
667, 0.2509, 0.428
668, 0.1691, 0.438
669, 0.1854, 0.423
670, 0.2081, 0.427
671, 0.2362, 0.425
672, 0.1441, 0.427
673, 0.2258, 0.426
674, 0.1930, 0.437
675, 0.2043, 0.425
676, 0.1323, 0.425
677, 0.1642, 0.422
678, 0.1561, 0.426
679, 0.2659, 0.419
680, 0.2755, 0.419
681, 0.2505, 0.424
682, 0.2266, 0.426
683, 0.1380, 0.426
684, 0.1797, 0.421
685, 0.2329, 0.420
686, 0.2571, 0.418
687, 0.1704, 0.428
688, 0.2277, 0.417
689, 0.1545, 0.438
690, 0.1924, 0.436
691, 0.2049, 0.432
692, 0.2294, 0.436
693, 0.1920, 0.441
694, 0.2107, 0.420
695, 0.2193, 0.431
696, 0.2236, 0.438
697, 0.2119, 0.436
698, 0.2131, 0.423
699, 0.2117, 0.434
700, 0.1581, 0.425
701, 0.2492, 0.429
702, 0.2255, 0.430
703, 0.2173, 0.426
704, 0.1388, 0.434
705, 0.2789, 0.422
706, 0.3280, 0.426
707, 0.1983, 0.421
708, 0.1718, 0.436
709, 0.1784, 0.422
710, 0.1428, 0.415
711, 0.2463, 0.416
712, 0.2249, 0.420
713, 0.3329, 0.421
714, 0.2400, 0.424
715, 0.2577, 0.431
716, 0.2332, 0.423
717, 0.1712, 0.433
718, 0.2320, 0.420
719, 0.1963, 0.425
720, 0.1895, 0.425
721, 0.2445, 0.422
722, 0.2581, 0.420
723, 0.1650, 0.423
724, 0.1716, 0.425
725, 0.2225, 0.428
726, 0.2558, 0.433
727, 0.2338, 0.421
728, 0.2744, 0.420
729, 0.1916, 0.421
730, 0.2459, 0.419
731, 0.2002, 0.417
732, 0.1830, 0.426
733, 0.2349, 0.438
734, 0.1950, 0.426
735, 0.2124, 0.424
736, 0.1559, 0.421
737, 0.1154, 0.429
738, 0.1945, 0.420
739, 0.2274, 0.426
740, 0.2074, 0.426
741, 0.2367, 0.436
742, 0.1794, 0.426
743, 0.1874, 0.422
744, 0.2256, 0.422
745, 0.1561, 0.419
746, 0.1483, 0.422
747, 0.1492, 0.428
748, 0.2060, 0.430
749, 0.1462, 0.428
750, 0.2168, 0.422
751, 0.2560, 0.433
752, 0.2456, 0.434
753, 0.1726, 0.430
754, 0.1596, 0.419
755, 0.2129, 0.433
756, 0.2061, 0.415
757, 0.1654, 0.416
758, 0.2645, 0.421
759, 0.1179, 0.432
760, 0.2197, 0.431
761, 0.1735, 0.428
762, 0.1617, 0.423
763, 0.1893, 0.422
764, 0.2468, 0.429
765, 0.2881, 0.432
766, 0.1954, 0.424
767, 0.2128, 0.427
768, 0.2080, 0.424
769, 0.1716, 0.424
770, 0.2519, 0.424
771, 0.2141, 0.425
772, 0.1611, 0.417
773, 0.1961, 0.417
774, 0.1347, 0.417
775, 0.1059, 0.419
776, 0.2912, 0.425
777, 0.2338, 0.428
778, 0.2713, 0.453
779, 0.2132, 0.435
780, 0.2285, 0.436
781, 0.2225, 0.558
782, 0.2570, 0.457
783, 0.2059, 0.457
784, 0.2261, 0.446
785, 0.2393, 0.451
786, 0.2234, 0.452
787, 0.2095, 0.429
788, 0.2248, 0.426
789, 0.2104, 0.432
790, 0.1595, 0.432
791, 0.1755, 0.427
792, 0.1263, 0.449
793, 0.1829, 0.442
794, 0.2546, 0.443
795, 0.2262, 0.430
796, 0.1976, 0.431
797, 0.1833, 0.572
798, 0.1609, 0.460
799, 0.2015, 0.645
800, 0.1876, 0.489
801, 0.1889, 0.413
802, 0.1608, 0.427
803, 0.1914, 0.424
804, 0.2475, 0.423
805, 0.1588, 0.453
806, 0.1694, 0.459
807, 0.1592, 0.453
808, 0.2304, 0.429
809, 0.1490, 0.433
810, 0.2224, 0.440
811, 0.2237, 0.435
812, 0.1635, 0.433
813, 0.1768, 0.433
814, 0.2528, 0.429
815, 0.2383, 0.494
816, 0.1495, 0.430
817, 0.2139, 0.436
818, 0.2481, 0.431
819, 0.2834, 0.427
820, 0.2466, 0.432
821, 0.2316, 0.430
822, 0.2573, 0.435
823, 0.2591, 0.441
824, 0.2200, 0.434
825, 0.1766, 0.445
826, 0.1701, 0.442
827, 0.1803, 0.433
828, 0.1276, 0.429
829, 0.2055, 0.431
830, 0.2033, 0.439
831, 0.1643, 0.436
832, 0.1839, 0.428
833, 0.2234, 0.424
834, 0.1798, 0.436
835, 0.1468, 0.430
836, 0.2612, 0.438
837, 0.1868, 0.436
838, 0.2857, 0.445
839, 0.1711, 0.426
840, 0.2409, 0.426
841, 0.2020, 0.426
842, 0.1964, 0.425
843, 0.1815, 0.434
844, 0.1251, 0.534
845, 0.1341, 0.483
846, 0.1452, 0.468
847, 0.1964, 0.429
848, 0.2108, 0.428
849, 0.2085, 0.430
850, 0.2092, 0.443
851, 0.2030, 0.433
852, 0.1683, 0.440
853, 0.2002, 0.439
854, 0.2251, 0.446
855, 0.2237, 0.445
856, 0.1191, 0.442
857, 0.2423, 0.448
858, 0.2199, 0.431
859, 0.1786, 0.427
860, 0.2255, 0.430
861, 0.1474, 0.425
862, 0.2211, 0.425
863, 0.2788, 0.421
864, 0.2239, 0.422
865, 0.3110, 0.442
866, 0.1712, 0.419
867, 0.2568, 0.422
868, 0.1833, 0.424
869, 0.2464, 0.421
870, 0.2121, 0.426
871, 0.1507, 0.422
872, 0.1627, 0.420
873, 0.1833, 0.440
874, 0.1728, 0.432
875, 0.1011, 0.426
876, 0.1311, 0.423
877, 0.1516, 0.422
878, 0.2044, 0.422
879, 0.2437, 0.419
880, 0.1567, 0.418
881, 0.2870, 0.418
882, 0.1246, 0.421
883, 0.1340, 0.418
884, 0.1432, 0.433
885, 0.1213, 0.418
886, 0.1790, 0.420
887, 0.1186, 0.422
888, 0.2631, 0.437
889, 0.2347, 0.437
890, 0.1802, 0.421
891, 0.1900, 0.417
892, 0.2136, 0.445
893, 0.1292, 0.441
894, 0.2257, 0.439
895, 0.0392, 0.422
896, 0.0602, 0.419
897, 0.2146, 0.420
898, 0.1987, 0.428
899, 0.1225, 0.425
900, 0.1872, 0.425
901, 0.1869, 0.429
902, 0.1663, 0.425
903, 0.2909, 0.423
904, 0.2059, 0.431
905, 0.1298, 0.438
906, 0.1494, 0.431
907, 0.1884, 0.434
908, 0.1381, 0.425
909, 0.1506, 0.435
910, 0.1398, 0.422
911, 0.1383, 0.420
912, 0.1343, 0.467
913, 0.2109, 0.463
914, 0.2883, 0.466
915, 0.1791, 0.467
916, 0.1303, 0.452
917, 0.1690, 0.459
918, 0.1405, 0.425
919, 0.2047, 0.418
920, 0.2174, 0.423
921, 0.2604, 0.433
922, 0.2314, 0.441
923, 0.2470, 0.423
924, 0.1635, 0.419
925, 0.1881, 0.415
926, 0.1957, 0.418
927, 0.1799, 0.425
928, 0.2190, 0.435
929, 0.1563, 0.436
930, 0.1395, 0.429
931, 0.1615, 0.459
932, 0.2045, 0.458
933, 0.1498, 0.462
934, 0.2112, 0.462
935, 0.1466, 0.533
936, 0.2008, 0.460
937, 0.3274, 0.456
938, 0.1697, 0.461
939, 0.1664, 0.468
940, 0.1827, 0.433
941, 0.2285, 0.428
942, 0.1625, 0.438
943, 0.2415, 0.439
944, 0.1216, 0.425
945, 0.1765, 0.438
946, 0.2318, 0.433
947, 0.2790, 0.424
948, 0.1900, 0.434
949, 0.1809, 0.437
950, 0.1871, 0.423
951, 0.1415, 0.429
952, 0.2018, 0.531
953, 0.0738, 0.563
954, 0.2090, 0.509
955, 0.1423, 0.421
956, 0.2495, 0.452
957, 0.1364, 0.437
958, 0.2613, 0.424
959, 0.2220, 0.420
960, 0.2417, 0.423
961, 0.1320, 0.425
962, 0.1851, 0.421
963, 0.2727, 0.421
964, 0.2587, 0.421
965, 0.1707, 0.420
966, 0.2926, 0.423
967, 0.1138, 0.435
968, 0.2068, 0.418
969, 0.2381, 0.420
970, 0.2037, 0.426
971, 0.1382, 0.428
972, 0.1725, 0.433
973, 0.1513, 0.428
974, 0.1338, 0.427
975, 0.0982, 0.434
976, 0.2200, 0.432
977, 0.2226, 0.435
978, 0.1707, 0.429
979, 0.1246, 0.430
980, 0.1888, 0.428
981, 0.2055, 0.430
982, 0.2584, 0.426
983, 0.1724, 0.434
984, 0.2274, 0.431
985, 0.2917, 0.424
986, 0.1686, 0.424
987, 0.1343, 0.439
988, 0.2107, 0.472
989, 0.2539, 0.433
990, 0.2239, 0.430
991, 0.1784, 0.434
992, 0.2267, 0.430
993, 0.1958, 0.424
994, 0.1711, 0.457
995, 0.1350, 0.456
996, 0.1420, 0.461
997, 0.1424, 0.425
998, 0.2188, 0.427
999, 0.1559, 0.424
1000, 0.1663, 0.423
1001, 0.2432, 0.416
1002, 0.2212, 0.431
1003, 0.2115, 0.427
1004, 0.1470, 0.434
1005, 0.1271, 0.454
1006, 0.2007, 0.439
1007, 0.1658, 0.471
1008, 0.1401, 0.429
1009, 0.2006, 0.431
1010, 0.2075, 0.446
1011, 0.2004, 0.442
1012, 0.2606, 0.440
1013, 0.2337, 0.430
1014, 0.2186, 0.430
1015, 0.2246, 0.434
1016, 0.2252, 0.539
1017, 0.1832, 0.437
1018, 0.1609, 0.430
1019, 0.2200, 0.432
1020, 0.3351, 0.431
1021, 0.2503, 0.429
1022, 0.2343, 0.440
1023, 0.2263, 0.438
1024, 0.1695, 0.438
1025, 0.2358, 0.427
1026, 0.1824, 0.449
1027, 0.2066, 0.422
1028, 0.2533, 0.430
1029, 0.1400, 0.443
1030, 0.2293, 0.444
1031, 0.1437, 0.443
1032, 0.1730, 0.446
1033, 0.2964, 0.455
1034, 0.2206, 0.428
1035, 0.1710, 0.438
1036, 0.2265, 0.434
1037, 0.1632, 0.461
1038, 0.2120, 0.497
1039, 0.1655, 0.463
1040, 0.2073, 0.427
1041, 0.1221, 0.432
1042, 0.1746, 0.433
1043, 0.1587, 0.431
1044, 0.1529, 0.435
1045, 0.2879, 0.449
1046, 0.1870, 0.446
1047, 0.1745, 0.425
1048, 0.2286, 0.425
1049, 0.0610, 0.425
1050, 0.1526, 0.430
1051, 0.1047, 0.436
1052, 0.2005, 0.426
1053, 0.2400, 0.425
1054, 0.2226, 0.439
1055, 0.1658, 0.431
1056, 0.0676, 0.425
1057, 0.1926, 0.424
1058, 0.1165, 0.421
1059, 0.1504, 0.428
1060, 0.1793, 0.431
1061, 0.1887, 0.422
1062, 0.1637, 0.421
1063, 0.1361, 0.427
1064, 0.2772, 0.432
1065, 0.2725, 0.435
1066, 0.2069, 0.435
1067, 0.1971, 0.425
1068, 0.1548, 0.422
1069, 0.1691, 0.434
1070, 0.2280, 0.443
1071, 0.1123, 0.424
1072, 0.2141, 0.426
1073, 0.1594, 0.421
1074, 0.1566, 0.420
1075, 0.1556, 0.415
1076, 0.1886, 0.417
1077, 0.2313, 0.420
1078, 0.1557, 0.421
1079, 0.1675, 0.421
1080, 0.2046, 0.418
1081, 0.2759, 0.425
1082, 0.1589, 0.419
1083, 0.1248, 0.415
1084, 0.1215, 0.427
1085, 0.1605, 0.437
1086, 0.1715, 0.427
1087, 0.2366, 0.435
1088, 0.1374, 0.448
1089, 0.1998, 0.454
1090, 0.2172, 0.553
1091, 0.1449, 0.460
1092, 0.2459, 0.448
1093, 0.1467, 0.454
1094, 0.1500, 0.445
1095, 0.1518, 0.449
1096, 0.1510, 0.441
1097, 0.1180, 0.434
1098, 0.1688, 0.440
1099, 0.1628, 0.440
1100, 0.2113, 0.432
1101, 0.1833, 0.445
1102, 0.2095, 0.443
1103, 0.1874, 0.439
1104, 0.1150, 0.429
1105, 0.1190, 0.426
1106, 0.2569, 0.435
1107, 0.2280, 0.510
1108, 0.1669, 0.660
1109, 0.1663, 0.488
1110, 0.1218, 0.890
1111, 0.1926, 0.866
1112, 0.2276, 0.835
1113, 0.1378, 0.865
1114, 0.1532, 0.831
1115, 0.1754, 0.743
1116, 0.1824, 0.549
1117, 0.1634, 0.444
1118, 0.1470, 0.433
1119, 0.1344, 0.426
1120, 0.2501, 0.432
1121, 0.2355, 0.424
1122, 0.1877, 0.417
1123, 0.2163, 0.421
1124, 0.1872, 0.422
1125, 0.1434, 0.423
1126, 0.1218, 0.420
1127, 0.1855, 0.424
1128, 0.2578, 0.434
1129, 0.1895, 0.426
1130, 0.1489, 0.423
1131, 0.1809, 0.421
1132, 0.1471, 0.428
1133, 0.1331, 0.431
1134, 0.2186, 0.450
1135, 0.2697, 0.423
1136, 0.0948, 0.419
1137, 0.1365, 0.437
1138, 0.1178, 0.427
1139, 0.2474, 0.424
1140, 0.2386, 0.424
1141, 0.1621, 0.422
1142, 0.1338, 0.422
1143, 0.1344, 0.436
1144, 0.1787, 0.425
1145, 0.1266, 0.429
1146, 0.2496, 0.420
1147, 0.1688, 0.424
1148, 0.2182, 0.421
1149, 0.1743, 0.423
1150, 0.0710, 0.425
1151, 0.2167, 0.419
1152, 0.1781, 0.420
1153, 0.0935, 0.432
1154, 0.1452, 0.424
1155, 0.1532, 0.421
1156, 0.1454, 0.427
1157, 0.2616, 0.450
1158, 0.2903, 0.428
1159, 0.1490, 0.422
1160, 0.2516, 0.422
1161, 0.2248, 0.423
1162, 0.2357, 0.422
1163, 0.2057, 0.420
1164, 0.2393, 0.423
1165, 0.2057, 0.427
1166, 0.1678, 0.417
1167, 0.1493, 0.420
1168, 0.1555, 0.423
1169, 0.1968, 0.423
1170, 0.2239, 0.426
1171, 0.2043, 0.421
1172, 0.1463, 0.429
1173, 0.2749, 0.419
1174, 0.1736, 0.430
1175, 0.1927, 0.453
1176, 0.2556, 0.419
1177, 0.1742, 0.416
1178, 0.2106, 0.414
1179, 0.1204, 0.415
1180, 0.1860, 0.418
1181, 0.1674, 0.417
1182, 0.2751, 0.418
1183, 0.1345, 0.421
1184, 0.1208, 0.418
1185, 0.1917, 0.424
1186, 0.1888, 0.425
1187, 0.1520, 0.429
1188, 0.1536, 0.428
1189, 0.1988, 0.430
1190, 0.2399, 0.420
1191, 0.2149, 0.439
1192, 0.0999, 0.440
1193, 0.1853, 0.419
1194, 0.2228, 0.416
1195, 0.1709, 0.419
1196, 0.2202, 0.429
1197, 0.1899, 0.418
1198, 0.1687, 0.430
1199, 0.1039, 0.430
1200, 0.2197, 0.432
1201, 0.0875, 0.413
1202, 0.1876, 0.428
1203, 0.0941, 0.428
1204, 0.1742, 0.427
1205, 0.2140, 0.430
1206, 0.2392, 0.471
1207, 0.1849, 0.469
1208, 0.2091, 0.432
1209, 0.1766, 0.425
1210, 0.2157, 0.425
1211, 0.2372, 0.450
1212, 0.1369, 0.432
1213, 0.1555, 0.479
1214, 0.2188, 0.443
1215, 0.1922, 0.437
1216, 0.2261, 0.511
1217, 0.1606, 0.459
1218, 0.1506, 0.460
1219, 0.1783, 0.457
1220, 0.1878, 0.459
1221, 0.1307, 0.466
1222, 0.1855, 0.458
1223, 0.1840, 0.448
1224, 0.1487, 0.444
1225, 0.1160, 0.437
1226, 0.1291, 0.470
1227, 0.1910, 0.443
1228, 0.1989, 0.438
1229, 0.2589, 0.440
1230, 0.1683, 0.445
1231, 0.1805, 0.434
1232, 0.1833, 0.428
1233, 0.1428, 0.429
1234, 0.2034, 0.427
1235, 0.2580, 0.448
1236, 0.1402, 0.435
1237, 0.2795, 0.447
1238, 0.1446, 0.436
1239, 0.2630, 0.435
1240, 0.2277, 0.438
1241, 0.1741, 0.437
1242, 0.2384, 0.423
1243, 0.1964, 0.422
1244, 0.1586, 0.424
1245, 0.2426, 0.431
1246, 0.2266, 0.445
1247, 0.1961, 0.448
1248, 0.2163, 0.439
1249, 0.2256, 0.436
1250, 0.2306, 0.434
1251, 0.2165, 0.423
1252, 0.2508, 0.424
1253, 0.2963, 0.468
1254, 0.1963, 0.467
1255, 0.2437, 0.463
1256, 0.1817, 0.457
1257, 0.2202, 0.460
1258, 0.2332, 0.457
1259, 0.1724, 0.462
1260, 0.2032, 0.461
1261, 0.1301, 0.456
1262, 0.2415, 0.470
1263, 0.2082, 0.456
1264, 0.2509, 0.457
1265, 0.2148, 0.465
1266, 0.1616, 0.417
1267, 0.1760, 0.424
1268, 0.1968, 0.461
1269, 0.1987, 0.465
1270, 0.2688, 0.457
1271, 0.1679, 0.454
1272, 0.3088, 0.457
1273, 0.2616, 0.453
1274, 0.2134, 0.444
1275, 0.2320, 0.458
1276, 0.2220, 0.462
1277, 0.2173, 0.461
1278, 0.1910, 0.456
1279, 0.1790, 0.456
1280, 0.1093, 0.461
1281, 0.2123, 0.455
1282, 0.1612, 0.458
1283, 0.1772, 0.454
1284, 0.2069, 0.427
1285, 0.1605, 0.423
1286, 0.1591, 0.431
1287, 0.2033, 0.434
1288, 0.1927, 0.424
1289, 0.1132, 0.427
1290, 0.1145, 0.458
1291, 0.1240, 0.431
1292, 0.2270, 0.423
1293, 0.2013, 0.469
1294, 0.2036, 0.456
1295, 0.1149, 0.459
1296, 0.1481, 0.461
1297, 0.1097, 0.452
1298, 0.1851, 0.458
1299, 0.1951, 0.459
1300, 0.1364, 0.475
1301, 0.1865, 0.456
1302, 0.1342, 0.432
1303, 0.1745, 0.432
1304, 0.1845, 0.427
1305, 0.2293, 0.448
1306, 0.1860, 0.449
1307, 0.1757, 0.457
1308, 0.1798, 0.468
1309, 0.1517, 0.457
1310, 0.1964, 0.452
1311, 0.1478, 0.428
1312, 0.1222, 0.435
1313, 0.1854, 0.430
1314, 0.1766, 0.418
1315, 0.1563, 0.427
1316, 0.1649, 0.430
1317, 0.2472, 0.444
1318, 0.2071, 0.422
1319, 0.1778, 0.420
1320, 0.1442, 0.436
1321, 0.2111, 0.440
1322, 0.1414, 0.423
1323, 0.1887, 0.426
1324, 0.2438, 0.440
1325, 0.1705, 0.449
1326, 0.0980, 0.437
1327, 0.1161, 0.459
1328, 0.0985, 0.422
1329, 0.1388, 0.425
1330, 0.2633, 0.431
1331, 0.2133, 0.424
1332, 0.1347, 0.498
1333, 0.1775, 0.445
1334, 0.2227, 0.436
1335, 0.1677, 0.455
1336, 0.2200, 0.446
1337, 0.2018, 0.428
1338, 0.1347, 0.424
1339, 0.1280, 0.447
1340, 0.2074, 0.435
1341, 0.2848, 0.421
1342, 0.2064, 0.448
1343, 0.2066, 0.431
1344, 0.1764, 0.430
1345, 0.1142, 0.421
1346, 0.1355, 0.421
1347, 0.1613, 0.440
1348, 0.1298, 0.575
1349, 0.1737, 0.548
1350, 0.1460, 0.500
1351, 0.1767, 0.783
1352, 0.0628, 0.786
1353, 0.1730, 0.845
1354, 0.1447, 0.860
1355, 0.1392, 0.818
1356, 0.1764, 0.791
1357, 0.1399, 0.926
1358, 0.2281, 0.437
1359, 0.1911, 0.531
1360, 0.2605, 0.416
1361, 0.1932, 0.421
1362, 0.2170, 0.424
1363, 0.1928, 0.427
1364, 0.1866, 0.423
1365, 0.1710, 0.441
1366, 0.2226, 0.434
1367, 0.1432, 0.425
1368, 0.1765, 0.426
1369, 0.2110, 0.419
1370, 0.2399, 0.499
1371, 0.2450, 0.461
1372, 0.3181, 0.466
1373, 0.2543, 0.469
1374, 0.1676, 0.424
1375, 0.2386, 0.444
1376, 0.1912, 0.431
1377, 0.1830, 0.427
1378, 0.1847, 0.417
1379, 0.1524, 0.417
1380, 0.3463, 0.419
1381, 0.1909, 0.428
1382, 0.2441, 0.428
1383, 0.2344, 0.418
1384, 0.2599, 0.472
1385, 0.2378, 0.460
1386, 0.2023, 0.456
1387, 0.1733, 0.453
1388, 0.1761, 0.454
1389, 0.2426, 0.426
1390, 0.1768, 0.427
1391, 0.0782, 0.430
1392, 0.1095, 0.420
1393, 0.2521, 0.427
1394, 0.2121, 0.424
1395, 0.1750, 0.422
1396, 0.2987, 0.429
1397, 0.1858, 0.418
1398, 0.1667, 0.421
1399, 0.1922, 0.434
1400, 0.2604, 0.441
1401, 0.2090, 0.422
1402, 0.1805, 0.436
1403, 0.1296, 0.440
1404, 0.1321, 0.443
1405, 0.1865, 0.433
1406, 0.1750, 0.441
1407, 0.1538, 0.455
1408, 0.1840, 0.491
1409, 0.2246, 0.433
1410, 0.1697, 0.451
1411, 0.1777, 0.435
1412, 0.1797, 0.431
1413, 0.2586, 0.433
1414, 0.1645, 0.456
1415, 0.1299, 0.543
1416, 0.2013, 0.437
1417, 0.1435, 0.426
1418, 0.1880, 0.421
1419, 0.1448, 0.447
1420, 0.1003, 0.439
1421, 0.3113, 0.437
1422, 0.2355, 0.444
1423, 0.1999, 0.436
1424, 0.1300, 0.451
1425, 0.1451, 0.456
1426, 0.1476, 0.455
1427, 0.1303, 0.437
1428, 0.2593, 0.427
1429, 0.1291, 0.432
1430, 0.1977, 0.425
1431, 0.2202, 0.432
1432, 0.1813, 0.428
1433, 0.1940, 0.428
1434, 0.1854, 0.423
1435, 0.1939, 0.445
1436, 0.1559, 0.421
1437, 0.2328, 0.423
1438, 0.1443, 0.427
1439, 0.1018, 0.429
1440, 0.1938, 0.431
1441, 0.1710, 0.422
1442, 0.1092, 0.431
1443, 0.1838, 0.426
1444, 0.1281, 0.443
1445, 0.1593, 0.440
1446, 0.0836, 0.422
1447, 0.1871, 0.429
1448, 0.1875, 0.430
1449, 0.1873, 0.434
1450, 0.1805, 0.445
1451, 0.0959, 0.425
1452, 0.1331, 0.430
1453, 0.1608, 0.428
1454, 0.2474, 0.422
1455, 0.1223, 0.424
1456, 0.1644, 0.420
1457, 0.1798, 0.422
1458, 0.1891, 0.424
1459, 0.1636, 0.423
1460, 0.1025, 0.421
1461, 0.2167, 0.423
1462, 0.1905, 0.421
1463, 0.1954, 0.424
1464, 0.2322, 0.424
1465, 0.1654, 0.422
1466, 0.1523, 0.418
1467, 0.1543, 0.422
1468, 0.1309, 0.427
1469, 0.2063, 0.427
1470, 0.1683, 0.425
1471, 0.1366, 0.423
1472, 0.1693, 0.424
1473, 0.1987, 0.426
1474, 0.1579, 0.425
1475, 0.1609, 0.434
1476, 0.2508, 0.420
1477, 0.2359, 0.418
1478, 0.1743, 0.417
1479, 0.2132, 0.433
1480, 0.1890, 0.423
1481, 0.2443, 0.432
1482, 0.1567, 0.423
1483, 0.1668, 0.420
1484, 0.2855, 0.422
1485, 0.1506, 0.465
1486, 0.2278, 0.463
1487, 0.1227, 0.441
1488, 0.1393, 0.433
1489, 0.1579, 0.419
1490, 0.1687, 0.435
1491, 0.1680, 0.431
1492, 0.1788, 0.443
1493, 0.1680, 0.441
1494, 0.1397, 0.446
1495, 0.1683, 0.444
1496, 0.1523, 0.454
1497, 0.1828, 0.457
1498, 0.1738, 0.440
1499, 0.1763, 0.430
1500, 0.1799, 0.441
1501, 0.2285, 0.442
1502, 0.0928, 0.433
1503, 0.1595, 0.431
1504, 0.2300, 0.419
1505, 0.2789, 0.446
1506, 0.2148, 0.427
1507, 0.1588, 0.421
1508, 0.2167, 0.427
1509, 0.1195, 0.541
1510, 0.2313, 0.595
1511, 0.1327, 0.498
1512, 0.1519, 0.848
1513, 0.1945, 0.786
1514, 0.1773, 0.801
1515, 0.1916, 0.817
1516, 0.1205, 0.818
1517, 0.1526, 0.832
1518, 0.1888, 0.898
1519, 0.2003, 0.936
1520, 0.1328, 0.737
1521, 0.1538, 0.899
1522, 0.1439, 0.858
1523, 0.2174, 0.815
1524, 0.2097, 0.931
1525, 0.1900, 0.879
1526, 0.1885, 0.783
1527, 0.1450, 0.837
1528, 0.1537, 0.783
1529, 0.2051, 0.864
1530, 0.2102, 0.871
1531, 0.1499, 0.925
1532, 0.1077, 0.944
1533, 0.1994, 0.863
1534, 0.1274, 0.795
1535, 0.1026, 0.876
1536, 0.1596, 0.993
1537, 0.1235, 0.918
1538, 0.1541, 0.820
1539, 0.1211, 0.806
1540, 0.1683, 0.864
1541, 0.1058, 0.924
1542, 0.1017, 0.882
1543, 0.1288, 0.765
1544, 0.1636, 0.845
1545, 0.0870, 0.891
1546, 0.1364, 0.868
1547, 0.2371, 0.764
1548, 0.1697, 0.790
1549, 0.2259, 0.938
1550, 0.2341, 0.761
1551, 0.1304, 0.851
1552, 0.1550, 0.875
1553, 0.2108, 0.863
1554, 0.1411, 0.858
1555, 0.2640, 0.829
1556, 0.1238, 0.908
1557, 0.1196, 0.870
1558, 0.1011, 0.847
1559, 0.2013, 0.810
1560, 0.0836, 0.886
1561, 0.1997, 0.898
1562, 0.2094, 0.832
1563, 0.1589, 0.816
1564, 0.1812, 0.872
1565, 0.1704, 0.834
1566, 0.2256, 0.832
1567, 0.2281, 0.865
1568, 0.1785, 0.811
1569, 0.2097, 0.886
1570, 0.1359, 0.836
1571, 0.1786, 0.903
1572, 0.1521, 0.911
1573, 0.1725, 0.888
1574, 0.1970, 0.843
1575, 0.1242, 0.893
1576, 0.1777, 0.894
1577, 0.1588, 0.779
1578, 0.2221, 0.897
1579, 0.1559, 0.890
1580, 0.1829, 0.870
1581, 0.1369, 0.782
1582, 0.1900, 0.817
1583, 0.1585, 0.864
1584, 0.0734, 0.867
1585, 0.0959, 0.885
1586, 0.1330, 0.881
1587, 0.1381, 0.910
1588, 0.1612, 0.803
1589, 0.1231, 0.809
1590, 0.3120, 0.824
1591, 0.2176, 0.874
1592, 0.1430, 0.749
1593, 0.2020, 0.854
1594, 0.1909, 0.884
1595, 0.1717, 0.938
1596, 0.1981, 0.843
1597, 0.1403, 0.919
1598, 0.1310, 0.901
1599, 0.2113, 0.845
1600, 0.1856, 0.882
1601, 0.1527, 0.801
1602, 0.1703, 0.843
1603, 0.1347, 0.863
1604, 0.1331, 0.894
1605, 0.1649, 0.874
1606, 0.1296, 0.879
1607, 0.1015, 0.899
1608, 0.2301, 0.890
1609, 0.1077, 0.876
1610, 0.0559, 0.847
1611, 0.1976, 0.857
1612, 0.1492, 0.822
1613, 0.1317, 0.755
1614, 0.2039, 0.834
1615, 0.1950, 0.866
1616, 0.2089, 0.852
1617, 0.1704, 0.788
1618, 0.2023, 0.822
1619, 0.1774, 0.845
1620, 0.1746, 0.897
1621, 0.1503, 0.814
1622, 0.2901, 0.822
1623, 0.1560, 0.754
1624, 0.1472, 0.821
1625, 0.2073, 0.887
1626, 0.2309, 0.875
1627, 0.2470, 0.820
1628, 0.1687, 0.816
1629, 0.1531, 0.813
1630, 0.1682, 0.864
1631, 0.1660, 0.885
1632, 0.1326, 0.921
1633, 0.1524, 0.884
1634, 0.2091, 0.896
1635, 0.1955, 0.826
1636, 0.1831, 0.880
1637, 0.2244, 0.846
1638, 0.2102, 0.931
1639, 0.1313, 0.874
1640, 0.1585, 0.826
1641, 0.2898, 0.887
1642, 0.1629, 0.884
1643, 0.1018, 0.834
1644, 0.1870, 0.829
1645, 0.1550, 0.892
1646, 0.1855, 0.934
1647, 0.2375, 0.881
1648, 0.1660, 0.758
1649, 0.1554, 0.781
1650, 0.1900, 0.852
1651, 0.1607, 0.848
1652, 0.2292, 0.805
1653, 0.1551, 0.783
1654, 0.1970, 0.910
1655, 0.1881, 0.901
1656, 0.1230, 0.946
1657, 0.1845, 0.919
1658, 0.1021, 0.873
1659, 0.1927, 0.896
1660, 0.1440, 0.917
1661, 0.0907, 0.875
1662, 0.2249, 0.815
1663, 0.2328, 0.799
1664, 0.1185, 0.875
1665, 0.0770, 0.907
1666, 0.2042, 0.908
1667, 0.2597, 0.842
1668, 0.1479, 0.922
1669, 0.2216, 0.902
1670, 0.1534, 0.911
1671, 0.2871, 0.845
1672, 0.2085, 0.798
1673, 0.1811, 0.772
1674, 0.0998, 0.957
1675, 0.2335, 0.962
1676, 0.1475, 0.893
1677, 0.1679, 0.965
1678, 0.1300, 0.845
1679, 0.1473, 0.828
1680, 0.1649, 0.796
1681, 0.1817, 0.921
1682, 0.1916, 0.805
1683, 0.2536, 0.871
1684, 0.1627, 0.954
1685, 0.1592, 0.813
1686, 0.1768, 0.835
1687, 0.1896, 0.963
1688, 0.2097, 0.904
1689, 0.1510, 0.827
1690, 0.2223, 0.815
1691, 0.2117, 0.894
1692, 0.1571, 0.831
1693, 0.1545, 0.800
1694, 0.1426, 0.810
1695, 0.1442, 0.869
1696, 0.1943, 0.887
1697, 0.1853, 0.897
1698, 0.0993, 0.782
1699, 0.0880, 0.786
1700, 0.2221, 0.798
1701, 0.1143, 0.853
1702, 0.2354, 0.912
1703, 0.1242, 0.841
1704, 0.2683, 0.847
1705, 0.1613, 0.861
1706, 0.1945, 0.884
1707, 0.1297, 0.806
1708, 0.1608, 0.810
1709, 0.1610, 0.862
1710, 0.1573, 0.795
1711, 0.1382, 0.818
1712, 0.1464, 0.854
1713, 0.1774, 0.831
1714, 0.1413, 0.825
1715, 0.0931, 0.808
1716, 0.0906, 0.956
1717, 0.1498, 0.844
1718, 0.2177, 0.769
1719, 0.2581, 0.830
1720, 0.2116, 0.840
1721, 0.1414, 0.794
1722, 0.1772, 0.908
1723, 0.1754, 0.859
1724, 0.1195, 0.855
1725, 0.1338, 0.790
1726, 0.1312, 0.790
1727, 0.1269, 0.838
1728, 0.0682, 0.877
1729, 0.1601, 0.872
1730, 0.0940, 0.801
1731, 0.1334, 0.812
1732, 0.1587, 0.865
1733, 0.0946, 0.783
1734, 0.1290, 0.883
1735, 0.1979, 0.827
1736, 0.1639, 0.880
1737, 0.1824, 0.913
1738, 0.2249, 0.825
1739, 0.1425, 0.763
1740, 0.1699, 0.841
1741, 0.2056, 0.832
1742, 0.2177, 0.796
1743, 0.1468, 0.894
1744, 0.1543, 0.878
1745, 0.1662, 0.919
1746, 0.2267, 0.855
1747, 0.1698, 0.911
1748, 0.1035, 0.894
1749, 0.2070, 0.716
1750, 0.1428, 0.790
1751, 0.1841, 0.882
1752, 0.2172, 0.845
1753, 0.2132, 0.866
1754, 0.0887, 0.785
1755, 0.1167, 0.803
1756, 0.1899, 0.816
1757, 0.1882, 0.901
1758, 0.0841, 0.810
1759, 0.1393, 0.820
1760, 0.1498, 0.863
1761, 0.1872, 0.837
1762, 0.1267, 0.830
1763, 0.1958, 0.841
1764, 0.2446, 0.866
1765, 0.3079, 0.944
1766, 0.1079, 0.894
1767, 0.3565, 0.933
1768, 0.5409, 0.886
1769, 0.2014, 0.877
1770, 0.1619, 0.972
1771, 0.2282, 0.820
1772, 0.2731, 0.809
1773, 0.1750, 0.844
1774, 0.1426, 0.862
1775, 0.1869, 0.926
1776, 0.1490, 0.908
1777, 0.2010, 0.921
1778, 0.1297, 0.820
1779, 0.1345, 0.849
1780, 0.1750, 0.819
1781, 0.1692, 0.772
1782, 0.2290, 0.849
1783, 0.2107, 0.850
1784, 0.1878, 0.804
1785, 0.1373, 0.876
1786, 0.2198, 0.869
1787, 0.1630, 0.948
1788, 0.1194, 0.809
1789, 0.1630, 0.818
1790, 0.1803, 0.824
1791, 0.1204, 0.870
1792, 0.1416, 0.956
1793, 0.1587, 0.948
1794, 0.1438, 0.873
1795, 0.1488, 0.860
1796, 0.1483, 0.784
1797, 0.1555, 0.835
1798, 0.1211, 0.880
1799, 0.1925, 0.883
1800, 0.1994, 0.778
1801, 0.1287, 0.773
1802, 0.1563, 0.875
1803, 0.2025, 0.756
1804, 0.1254, 0.877
1805, 0.1571, 0.847
1806, 0.2011, 0.947
1807, 0.2394, 0.846
1808, 0.1426, 0.755
1809, 0.1624, 0.842
1810, 0.1611, 0.845
1811, 0.1231, 0.878
1812, 0.1691, 0.917
1813, 0.1461, 0.862
1814, 0.1608, 0.928
1815, 0.1086, 0.932
1816, 0.2143, 0.887
1817, 0.2278, 0.794
1818, 0.1309, 0.843
1819, 0.1795, 0.892
1820, 0.1354, 0.845
1821, 0.1127, 0.948
1822, 0.0846, 0.932
1823, 0.1417, 0.940
1824, 0.1405, 0.830
1825, 0.1310, 0.809
1826, 0.2783, 0.821
1827, 0.1755, 0.831
1828, 0.1725, 0.899
1829, 0.3316, 0.778
1830, 0.2242, 0.807
1831, 0.2153, 0.881
1832, 0.1520, 0.911
1833, 0.1741, 0.838
1834, 0.1323, 0.783
1835, 0.1586, 0.809
1836, 0.4824, 0.847
1837, 0.2256, 0.896
1838, 0.2296, 0.881
1839, 0.1198, 0.902
1840, 0.1434, 0.872
1841, 0.1870, 0.860
1842, 0.2046, 0.758
1843, 0.1337, 0.863
1844, 0.1885, 0.830
1845, 0.1209, 0.880
1846, 0.1320, 0.877
1847, 0.1064, 0.889
1848, 0.1153, 0.800
1849, 0.1137, 0.875
1850, 0.0852, 0.839
1851, 0.2015, 0.842
1852, 0.2006, 0.884
1853, 0.1417, 0.836
1854, 0.1038, 0.804
1855, 0.1074, 0.824
1856, 0.1360, 0.876
1857, 0.1276, 0.785
1858, 0.0675, 0.866
1859, 0.2234, 0.806
1860, 0.1079, 0.905
1861, 0.0914, 0.875
1862, 0.1512, 0.825
1863, 0.1514, 0.759
1864, 0.1852, 0.823
1865, 0.1752, 0.865
1866, 0.1171, 0.890
1867, 0.1832, 0.931
1868, 0.1714, 0.812
1869, 0.4002, 0.791
1870, 0.1563, 0.895
1871, 0.2180, 0.921
1872, 0.2044, 0.908
1873, 0.1287, 0.965
1874, 0.1714, 0.898
1875, 0.1745, 0.823
1876, 0.1169, 0.799
1877, 0.1456, 0.837
1878, 0.2129, 0.896
1879, 0.1413, 0.868
1880, 0.1459, 0.909
1881, 0.1113, 0.801
1882, 0.2610, 0.821
1883, 0.1401, 0.826
1884, 0.0932, 0.873
1885, 0.1868, 0.816
1886, 0.0975, 0.810
1887, 0.1548, 0.859
1888, 0.1823, 0.857
1889, 0.1853, 0.802
1890, 0.2298, 0.868
1891, 0.1791, 0.926
1892, 0.2026, 0.867
1893, 0.1267, 0.778
1894, 0.1421, 0.817
1895, 0.2082, 0.839
1896, 0.0661, 0.952
1897, 0.1499, 0.888
1898, 0.0874, 0.777
1899, 0.0953, 0.786
1900, 0.0897, 0.837
1901, 0.1027, 0.872
1902, 0.1630, 0.900
1903, 0.1996, 0.848
1904, 0.2253, 0.856
1905, 0.0656, 0.795
1906, 0.1020, 0.855
1907, 0.1940, 0.918
1908, 0.1191, 0.890
1909, 0.1309, 0.825
1910, 0.0678, 0.760
1911, 0.0839, 0.861
1912, 0.1401, 0.887
1913, 0.1220, 0.827
1914, 0.1735, 0.869
1915, 0.1492, 0.830
1916, 0.1374, 0.837
1917, 0.1665, 0.828
1918, 0.1931, 0.910
1919, 0.2106, 0.882
1920, 0.1390, 0.786
1921, 0.1597, 0.780
1922, 0.1862, 0.867
1923, 0.2078, 0.887
1924, 0.2099, 0.842
1925, 0.2117, 0.774
1926, 0.3464, 0.876
1927, 0.2963, 0.849
1928, 0.1770, 0.908
1929, 0.1630, 0.738
1930, 0.0982, 0.850
1931, 0.2172, 0.875
1932, 0.1555, 0.874
1933, 0.1240, 0.921
1934, 0.1014, 0.881
1935, 0.1253, 0.807
1936, 0.1793, 0.993
1937, 0.1560, 0.826
1938, 0.1540, 0.831
1939, 0.0798, 0.855
1940, 0.1790, 0.875
1941, 0.2605, 0.905
1942, 0.1569, 0.876
1943, 0.1509, 0.837
1944, 0.3680, 0.877
1945, 0.1652, 0.845
1946, 0.1137, 0.819
1947, 0.1835, 0.833
1948, 0.0997, 0.879
1949, 0.2266, 0.860
1950, 0.0793, 0.929
1951, 0.1554, 0.907
1952, 0.1972, 0.874
1953, 0.1727, 0.842
1954, 0.2189, 0.848
1955, 0.1268, 0.759
1956, 0.1421, 0.888
1957, 0.1586, 0.955
1958, 0.1527, 0.875
1959, 0.2387, 0.711
1960, 0.1764, 0.801
1961, 0.2439, 0.798
1962, 0.1525, 0.852
1963, 0.1485, 0.873
1964, 0.1014, 0.811
1965, 0.0783, 0.827
1966, 0.1165, 0.806
1967, 0.0632, 0.848
1968, 0.1524, 0.768
1969, 0.2310, 0.846
1970, 0.2099, 0.771
1971, 0.1904, 0.825
1972, 0.1672, 0.794
1973, 0.1319, 0.830
1974, 0.1354, 0.881
1975, 0.2401, 0.888
1976, 0.1108, 0.938
1977, 0.1809, 0.932
1978, 0.1834, 0.913
1979, 0.1991, 0.918
1980, 0.1807, 0.865
1981, 0.2160, 0.786
1982, 0.1729, 0.819
1983, 0.1811, 0.859
1984, 0.0937, 0.948
1985, 0.1817, 0.847
1986, 0.1979, 0.856
1987, 0.1463, 0.858
1988, 0.1912, 0.760
1989, 0.1050, 0.811
1990, 0.1423, 0.874
1991, 0.2206, 0.954
1992, 0.2678, 0.891
1993, 0.1994, 0.830
1994, 0.1181, 0.880
1995, 0.3317, 0.813
1996, 0.2527, 0.859
1997, 0.3064, 0.806
1998, 0.1543, 0.949
1999, 0.1309, 0.818
2000, 0.1194, 0.793
2001, 0.1347, 0.788
2002, 0.2059, 0.794
2003, 0.1898, 0.829
2004, 0.1132, 0.888
2005, 0.1562, 0.899
2006, 0.1736, 0.913
2007, 0.0840, 0.870
2008, 0.2232, 0.840
2009, 0.1914, 0.888
2010, 0.1693, 0.882
2011, 0.1208, 0.854
2012, 0.3212, 0.912
2013, 0.1907, 0.959
2014, 0.1423, 0.855
2015, 0.2169, 0.767
2016, 0.1347, 0.907
2017, 0.1418, 0.890
2018, 0.2425, 0.750
2019, 0.1395, 0.793
2020, 0.1570, 0.869
2021, 0.1259, 0.951
2022, 0.1676, 0.784
2023, 0.1507, 0.784
2024, 0.2298, 0.892
2025, 0.1282, 0.769
2026, 0.1679, 0.869
2027, 0.1816, 0.823
2028, 0.1873, 0.797
2029, 0.1802, 0.870
2030, 0.1145, 0.861
2031, 0.1638, 0.851
2032, 0.1022, 0.891
2033, 0.2095, 0.853
2034, 0.1350, 0.770
2035, 0.1309, 0.822
2036, 0.2195, 0.851
2037, 0.1474, 0.896
2038, 0.2169, 0.925
2039, 0.1787, 0.833
2040, 0.1430, 0.769
2041, 0.3160, 0.790
2042, 0.2933, 0.825
2043, 0.1277, 0.950
2044, 0.1355, 0.951
2045, 0.1275, 0.830
2046, 0.0886, 0.858
2047, 0.2025, 0.870
2048, 0.1302, 0.887
2049, 0.1377, 0.879
2050, 0.1584, 0.846
2051, 0.0555, 0.832
2052, 0.1144, 0.823
2053, 0.1842, 0.880
2054, 0.1636, 0.898
2055, 0.0859, 0.800
2056, 0.1293, 0.785
2057, 0.1195, 0.953
2058, 0.0928, 0.838
2059, 0.2035, 0.771
2060, 0.1060, 0.809
2061, 0.2070, 0.772
2062, 0.1437, 0.871
2063, 0.0765, 0.913
2064, 0.1872, 0.907
2065, 0.1428, 0.853
2066, 0.1263, 0.859
2067, 0.2170, 0.754
2068, 0.1882, 0.789
2069, 0.1808, 0.812
2070, 0.1796, 0.910
2071, 0.1669, 0.945
2072, 0.1849, 0.826
2073, 0.1654, 0.779
2074, 0.1041, 0.811
2075, 0.1719, 0.791
2076, 0.1083, 0.887
2077, 0.0753, 0.871
2078, 0.1108, 0.799
2079, 0.1189, 0.796
2080, 0.1086, 0.878
2081, 0.1713, 0.806
2082, 0.1410, 0.859
2083, 0.0711, 0.873
2084, 0.0399, 0.849
2085, 0.1184, 0.823
2086, 0.1363, 0.799
2087, 0.1076, 0.817
2088, 0.1138, 0.836
2089, 0.1504, 0.885
2090, 0.1264, 0.954
2091, 0.1881, 0.861
2092, 0.1945, 0.816
2093, 0.1550, 0.787
2094, 0.1349, 0.871
2095, 0.1739, 0.790
2096, 0.1975, 0.821
2097, 0.1486, 0.899
2098, 0.1883, 0.913
2099, 0.2043, 0.868
2100, 0.0990, 0.927
2101, 0.0969, 0.789
2102, 0.1459, 0.792
2103, 0.2278, 0.833
2104, 0.1423, 0.835
2105, 0.0911, 0.851
2106, 0.1137, 0.803
2107, 0.1685, 0.858
2108, 0.0900, 0.876
2109, 0.1346, 0.885
2110, 0.1888, 0.865
2111, 0.1387, 0.913
2112, 0.1930, 0.847
2113, 0.1481, 0.815
2114, 0.1297, 0.819
2115, 0.0971, 0.953
2116, 0.2669, 0.875
2117, 0.1668, 0.808
2118, 0.1547, 0.841
2119, 0.2132, 0.766
2120, 0.1773, 0.850
2121, 0.1409, 0.786
2122, 0.1866, 0.842
2123, 0.1588, 0.876
2124, 0.1901, 0.840
2125, 0.1281, 0.872
2126, 0.2268, 0.876
2127, 0.1003, 0.758
2128, 0.1055, 0.813
2129, 0.1970, 0.816
2130, 0.1171, 0.883
2131, 0.1616, 0.872
2132, 0.1038, 0.868
2133, 0.0943, 0.903
2134, 0.2272, 0.927
2135, 0.1888, 0.836
2136, 0.2329, 0.863
2137, 0.2239, 0.796
2138, 0.1277, 0.775
2139, 0.0723, 0.832
2140, 0.2378, 0.866
2141, 0.2167, 0.783
2142, 0.0941, 0.828
2143, 0.1445, 0.963
2144, 0.1101, 0.813
2145, 0.1629, 0.840
2146, 0.0800, 0.912
2147, 0.1304, 0.897
2148, 0.1791, 0.876
2149, 0.1463, 0.905
2150, 0.1047, 0.907
2151, 0.1453, 0.773
2152, 0.1173, 0.805
2153, 0.1845, 0.851
2154, 0.1916, 0.877
2155, 0.2300, 0.836
2156, 0.1340, 0.785
2157, 0.2573, 0.880
2158, 0.1183, 0.918
2159, 0.1759, 0.864
2160, 0.2068, 0.726
2161, 0.2066, 0.858
2162, 0.0570, 0.834
2163, 0.1873, 0.820
2164, 0.1772, 0.760
2165, 0.0983, 0.849
2166, 0.0737, 0.907
2167, 0.1114, 0.878
2168, 0.2202, 0.877
2169, 0.1128, 0.830
2170, 0.1335, 0.802
2171, 0.1890, 0.878
2172, 0.1852, 0.870
2173, 0.2523, 0.842
2174, 0.2107, 0.782
2175, 0.1968, 0.804
2176, 0.2576, 0.850
2177, 0.1912, 0.770
2178, 0.1911, 0.873
2179, 0.1742, 0.853
2180, 0.1311, 0.805
2181, 0.0980, 0.871
2182, 0.1221, 0.899
2183, 0.1020, 0.808
2184, 0.2537, 0.821
2185, 0.2214, 0.823
2186, 0.0706, 0.838
2187, 0.1770, 0.857
2188, 0.1458, 0.834
2189, 0.1080, 0.845
2190, 0.2186, 0.830
2191, 0.1753, 0.850
2192, 0.1811, 0.888
2193, 0.1420, 0.939
2194, 0.1191, 0.868
2195, 0.1034, 0.782
2196, 0.1754, 0.777
2197, 0.1221, 0.748
2198, 0.1753, 0.803
2199, 0.1306, 0.889
2200, 0.1798, 0.860
2201, 0.1744, 0.863
2202, 0.1147, 0.818
2203, 0.1472, 0.890
2204, 0.1746, 0.876
2205, 0.1861, 0.769
2206, 0.1631, 0.893
2207, 0.1049, 0.919
2208, 0.1824, 0.860
2209, 0.1323, 0.813
2210, 0.1803, 0.743
2211, 0.1550, 0.819
2212, 0.2620, 0.882
2213, 0.2146, 0.814
2214, 0.1737, 0.779
2215, 0.1808, 0.787
2216, 0.0691, 0.840
2217, 0.1543, 0.821
2218, 0.2062, 0.791
2219, 0.1350, 0.825
2220, 0.1237, 0.950
2221, 0.2380, 0.751
2222, 0.2354, 0.841
2223, 0.1299, 0.940
2224, 0.1464, 0.832
2225, 0.1401, 0.777
2226, 0.1274, 0.892
2227, 0.1335, 0.874
2228, 0.1143, 0.876
2229, 0.1419, 0.778
2230, 0.1621, 0.859
2231, 0.2386, 0.888
2232, 0.0947, 0.860
2233, 0.1691, 0.829
2234, 0.2054, 0.989
2235, 0.1601, 0.859
2236, 0.0877, 0.795
2237, 0.1559, 0.790
2238, 0.1362, 0.811
2239, 0.1841, 0.858
2240, 0.1710, 0.754
2241, 0.1317, 0.877
2242, 0.1633, 0.825
2243, 0.1429, 0.802
2244, 0.1664, 0.803
2245, 0.1759, 0.882
2246, 0.1317, 0.817
2247, 0.1791, 0.900
2248, 0.1285, 0.823
2249, 0.1604, 0.808
2250, 0.1762, 0.853
2251, 0.1352, 0.877
2252, 0.1581, 0.897
2253, 0.2423, 0.857
2254, 0.2241, 0.863
2255, 0.1758, 0.779
2256, 0.1761, 0.925
2257, 0.1133, 0.890
2258, 0.0766, 0.796
2259, 0.1164, 0.793
2260, 0.1028, 0.874
2261, 0.2375, 0.903
2262, 0.1917, 0.871
2263, 0.2103, 0.871
2264, 0.1337, 0.805
2265, 0.2457, 0.814
2266, 0.2202, 0.885
2267, 0.1634, 0.830
2268, 0.2236, 0.810
2269, 0.1151, 0.832
2270, 0.1104, 0.848
2271, 0.1450, 0.865
2272, 0.1634, 0.846
2273, 0.1517, 0.798
2274, 0.1863, 0.854
2275, 0.1787, 0.894
2276, 0.1918, 0.878
2277, 0.1411, 0.891
2278, 0.1333, 0.940
2279, 0.1252, 0.868
2280, 0.2380, 0.740
2281, 0.2634, 0.947
2282, 0.2076, 0.897
2283, 0.1797, 0.868
2284, 0.1585, 0.855
2285, 0.1504, 0.829
2286, 0.2644, 0.861
2287, 0.2082, 0.908
2288, 0.1811, 0.881
2289, 0.2135, 0.958
2290, 0.1439, 0.870
2291, 0.1252, 0.822
2292, 0.1755, 0.897
2293, 0.1514, 0.840
2294, 0.1982, 0.844
2295, 0.1383, 0.791
2296, 0.1283, 0.856
2297, 0.1579, 0.928
2298, 0.2019, 0.842
2299, 0.1748, 0.818
2300, 0.1805, 0.894
2301, 0.1518, 0.907
2302, 0.1640, 0.868
2303, 0.1803, 0.859
2304, 0.1184, 0.916
2305, 0.1389, 0.884
2306, 0.1596, 0.922
2307, 0.2470, 0.887
2308, 0.1823, 0.774
2309, 0.2087, 0.793
2310, 0.1482, 0.842
2311, 0.2527, 0.871
2312, 0.1626, 0.849
2313, 0.1609, 0.857
2314, 0.1733, 0.812
2315, 0.1636, 0.797
2316, 0.1648, 0.807
2317, 0.4737, 0.921
2318, 0.2798, 0.812
2319, 0.1386, 0.834
2320, 0.0920, 0.845
2321, 0.1222, 0.872
2322, 0.2522, 0.793
2323, 0.1976, 0.804
2324, 0.2774, 0.960
2325, 0.1917, 0.907
2326, 0.1377, 0.839
2327, 0.2716, 0.807
2328, 0.2296, 0.840
2329, 0.1850, 0.880
2330, 0.2807, 0.823
2331, 0.2146, 0.836
2332, 0.3090, 0.834
2333, 0.1879, 0.846
2334, 0.1791, 0.859
2335, 0.2056, 0.760
2336, 0.2167, 0.834
2337, 0.2182, 0.942
2338, 0.2589, 0.835
2339, 0.1886, 0.794
2340, 0.1936, 0.845
2341, 0.1728, 0.883
2342, 0.1407, 0.956
2343, 0.1444, 0.919
2344, 0.2008, 0.929
2345, 0.1290, 0.912
2346, 0.2145, 0.871
2347, 0.1860, 0.861
2348, 0.1346, 0.860
2349, 0.1791, 0.886
2350, 0.2115, 0.885
2351, 0.1057, 0.887
2352, 0.2146, 0.826
2353, 0.1107, 0.861
2354, 0.1817, 0.915
2355, 0.2073, 0.918
2356, 0.1577, 0.846
2357, 0.2419, 0.828
2358, 0.0809, 0.894
2359, 0.2095, 0.838
2360, 0.1443, 0.923
2361, 0.1040, 0.888
2362, 0.1852, 0.930
2363, 0.1490, 0.736
2364, 0.1104, 0.812
2365, 0.2095, 0.866
2366, 0.1981, 0.830
2367, 0.1420, 0.950
2368, 0.1375, 0.865
2369, 0.1891, 0.903
2370, 0.1437, 0.877
2371, 0.1173, 0.885
2372, 0.0861, 0.814
2373, 0.0892, 0.804
2374, 0.1509, 0.862
2375, 0.2987, 0.783
2376, 0.1669, 0.807
2377, 0.1470, 0.926
2378, 0.1186, 0.962
2379, 0.1638, 0.783
2380, 0.1681, 0.769
2381, 0.1566, 0.806
2382, 0.1335, 0.839
2383, 0.2271, 0.846
2384, 0.1656, 0.893
2385, 0.1822, 0.913
2386, 0.2021, 0.832
2387, 0.1949, 0.865
2388, 0.1252, 0.760
2389, 0.1264, 0.806
2390, 0.1861, 0.893
2391, 0.2349, 0.865
2392, 0.2385, 0.844
2393, 0.2510, 0.804
2394, 0.1498, 0.863
2395, 0.1805, 0.854
2396, 0.1723, 0.880
2397, 0.2023, 0.936
2398, 0.1868, 0.914
2399, 0.1668, 0.912
2400, 0.0881, 0.882
2401, 0.0378, 0.772
2402, 0.2543, 0.807
2403, 0.1768, 0.944
2404, 0.2009, 0.821
2405, 0.2194, 0.777
2406, 0.1714, 0.956
2407, 0.1620, 0.804
2408, 0.1086, 0.797
2409, 0.1568, 0.859
2410, 0.1665, 0.769
2411, 0.1451, 0.987
2412, 0.1474, 0.829
2413, 0.1227, 0.766
2414, 0.1876, 0.895
2415, 0.1158, 0.820
2416, 0.1073, 0.874
2417, 0.2128, 0.872
2418, 0.0718, 0.910
2419, 0.1656, 0.869
2420, 0.1599, 0.763
2421, 0.2391, 0.862
2422, 0.2478, 0.913
2423, 0.1676, 0.855
2424, 0.0991, 0.771
2425, 0.0990, 0.935
2426, 0.1696, 0.818
2427, 0.2385, 0.789
2428, 0.0994, 0.806
2429, 0.1512, 0.869
2430, 0.1646, 0.879
2431, 0.1293, 0.889
2432, 0.1809, 0.772
2433, 0.1903, 0.793
2434, 0.1552, 0.921
2435, 0.1650, 0.786
2436, 0.1507, 0.851
2437, 0.1598, 0.866
2438, 0.0893, 0.877
2439, 0.1210, 0.927
2440, 0.1550, 0.819
2441, 0.2503, 0.880
2442, 0.1556, 0.857
2443, 0.1690, 0.796
2444, 0.1630, 0.798
2445, 0.1630, 0.894
2446, 0.1190, 0.717
2447, 0.2214, 0.838
2448, 0.1235, 0.847
2449, 0.2153, 0.867
2450, 0.2658, 0.759
2451, 0.1975, 0.841
2452, 0.1404, 0.793
2453, 0.1181, 0.857
2454, 0.1442, 0.868
2455, 0.1788, 0.807
2456, 0.0962, 0.856
2457, 0.1587, 0.860
2458, 0.2429, 0.826
2459, 0.1699, 0.904
2460, 0.1180, 0.887
2461, 0.1237, 0.897
2462, 0.0829, 0.940
2463, 0.1582, 0.895
2464, 0.1619, 0.905
2465, 0.1249, 0.990
2466, 0.1096, 0.866
2467, 0.1110, 0.883
2468, 0.1404, 0.778
2469, 0.1102, 0.852
2470, 0.1233, 0.806
2471, 0.1786, 0.820
2472, 0.1458, 0.723
2473, 0.1030, 0.851
2474, 0.1492, 0.852
2475, 0.1645, 0.895
2476, 0.1056, 0.919
2477, 0.1481, 0.793
2478, 0.1504, 0.915
2479, 0.1170, 0.764
2480, 0.1347, 0.906
2481, 0.1153, 0.761
2482, 0.2211, 0.877
2483, 0.2111, 0.876
2484, 0.1787, 0.889
2485, 0.1513, 0.878
2486, 0.1271, 0.894
2487, 0.2025, 0.864
2488, 0.1964, 0.777
2489, 0.1101, 0.807
2490, 0.2093, 0.822
2491, 0.1975, 0.858
2492, 0.1898, 0.924
2493, 0.1537, 0.883
2494, 0.1357, 0.814
2495, 0.1045, 0.806
2496, 0.2159, 0.772
2497, 0.1329, 0.889
2498, 0.2111, 0.863
2499, 0.2062, 0.775
2500, 0.1277, 0.803
2501, 0.1481, 0.921
2502, 0.1530, 0.878
2503, 0.2411, 0.862
2504, 0.2030, 0.830
2505, 0.0664, 0.807
2506, 0.0737, 0.833
2507, 0.1493, 0.853
2508, 0.1520, 0.849
2509, 0.1432, 0.809
2510, 0.1411, 0.868
2511, 0.1374, 0.862
2512, 0.1313, 0.854
2513, 0.1933, 0.860
2514, 0.1162, 0.887
2515, 0.1212, 0.906
2516, 0.1916, 0.848
2517, 0.1940, 0.870
2518, 0.1600, 0.816
2519, 0.1263, 0.797
2520, 0.1004, 0.870
2521, 0.1723, 0.879
2522, 0.1650, 0.884
2523, 0.1160, 0.911
2524, 0.1491, 0.878
2525, 0.0804, 0.915
2526, 0.1003, 0.887
2527, 0.1618, 0.891
2528, 0.1908, 0.775
2529, 0.1745, 0.795
2530, 0.2465, 0.872
2531, 0.2312, 0.858
2532, 0.1475, 0.794
2533, 0.1165, 0.739
2534, 0.1773, 0.770
2535, 0.0701, 0.861
2536, 0.1020, 0.915
2537, 0.1601, 0.890
2538, 0.0891, 0.927
2539, 0.1392, 0.814
2540, 0.1770, 0.829
2541, 0.1963, 0.879
2542, 0.1927, 0.828
2543, 0.1638, 0.853
2544, 0.1013, 0.909
2545, 0.1408, 0.827
2546, 0.1124, 0.883
2547, 0.1257, 0.838
2548, 0.1586, 0.819
2549, 0.1988, 0.803
2550, 0.2230, 0.816
2551, 0.2129, 0.867
2552, 0.1777, 0.874
2553, 0.0856, 0.898
2554, 0.1729, 0.899
2555, 0.1691, 0.964
2556, 0.1909, 0.864
2557, 0.1456, 0.807
2558, 0.0630, 0.765
2559, 0.1288, 0.825
2560, 0.2320, 0.840
2561, 0.0954, 0.768
2562, 0.1515, 0.773
2563, 0.1606, 0.858
2564, 0.1268, 0.869
2565, 0.1069, 0.866
2566, 0.1011, 0.846
2567, 0.1984, 0.741
2568, 0.1712, 0.905
2569, 0.1952, 0.883
2570, 0.1311, 0.834
2571, 0.1662, 0.860
2572, 0.1855, 0.855
2573, 0.1566, 0.881
2574, 0.1700, 0.834
2575, 0.1252, 0.723
2576, 0.1512, 0.851
2577, 0.1262, 0.913
2578, 0.1387, 0.879
2579, 0.1508, 0.787
2580, 0.1348, 0.844
2581, 0.1584, 0.925
2582, 0.0750, 0.889
2583, 0.2366, 0.819
2584, 0.1328, 0.884
2585, 0.1647, 0.733
2586, 0.1246, 0.874
2587, 0.1975, 0.955
2588, 0.1809, 0.841
2589, 0.1503, 0.800
2590, 0.1965, 0.859
2591, 0.1269, 0.853
2592, 0.1823, 0.821
2593, 0.1463, 0.889
2594, 0.0884, 0.824
2595, 0.1219, 0.898
2596, 0.1830, 0.838
2597, 0.1334, 0.856
2598, 0.1237, 0.807
2599, 0.1680, 0.830
2600, 0.0993, 0.851
2601, 0.1913, 0.819
2602, 0.0946, 0.895
2603, 0.1657, 0.447
2604, 0.1886, 0.896
2605, 0.1226, 0.949
2606, 0.1441, 0.905
2607, 0.2013, 0.871
2608, 0.1577, 0.528
2609, 0.0876, 0.746
2610, 0.2374, 0.861
2611, 0.1782, 0.780
2612, 0.1392, 0.855
2613, 0.1741, 0.948
2614, 0.1365, 0.859
2615, 0.2104, 0.858
2616, 0.0916, 0.790
2617, 0.1561, 0.765
2618, 0.1830, 0.864
2619, 0.1793, 0.712
2620, 0.1736, 0.436
2621, 0.1930, 0.449
2622, 0.1208, 0.805
2623, 0.0733, 0.839
2624, 0.1216, 0.797
2625, 0.1725, 0.606
2626, 0.1474, 0.814
2627, 0.0822, 0.775
2628, 0.2005, 0.850
2629, 0.1518, 0.782
2630, 0.1952, 0.794
2631, 0.1239, 0.878
2632, 0.1841, 0.552
2633, 0.1230, 0.785
2634, 0.1678, 0.745
2635, 0.1759, 0.617
2636, 0.2188, 0.901
2637, 0.1953, 0.850
2638, 0.1085, 0.503
2639, 0.0987, 0.830
2640, 0.1791, 0.427
2641, 0.1560, 0.453
2642, 0.1168, 0.423
2643, 0.1129, 0.844
2644, 0.1107, 0.696
2645, 0.1957, 0.738
2646, 0.1454, 0.753
2647, 0.1121, 0.884
2648, 0.1848, 1.006
2649, 0.1332, 0.813
2650, 0.1510, 0.673
2651, 0.1245, 0.906
2652, 0.0723, 0.842
2653, 0.2578, 0.452
2654, 0.1047, 0.821
2655, 0.2603, 0.569
2656, 0.1736, 0.801
2657, 0.1883, 0.774
2658, 0.1479, 0.553
2659, 0.1714, 0.432
2660, 0.1557, 0.446
2661, 0.1217, 1.330
2662, 0.1572, 0.468
2663, 0.1146, 0.577
2664, 0.1439, 0.803
2665, 0.1823, 0.923
2666, 0.1497, 0.889
2667, 0.1834, 0.469
2668, 0.1367, 0.525
2669, 0.1675, 0.581
2670, 0.1570, 0.485
2671, 0.2190, 0.689
2672, 0.1766, 0.465
2673, 0.1658, 0.907
2674, 0.1989, 0.911
2675, 0.1465, 0.834
2676, 0.1451, 0.538
2677, 0.1630, 0.592
2678, 0.1256, 1.235
2679, 0.1541, 0.437
2680, 0.0580, 0.429
2681, 0.1357, 0.439
2682, 0.2021, 0.471
2683, 0.0943, 0.468
2684, 0.0768, 0.437
2685, 0.2098, 0.426
2686, 0.2315, 0.420
2687, 0.0686, 0.431
2688, 0.1148, 0.452
2689, 0.2155, 0.513
2690, 0.2269, 0.455
2691, 0.1970, 0.507
2692, 0.1105, 0.489
2693, 0.1134, 0.479
2694, 0.1043, 0.489
2695, 0.1863, 0.438
2696, 0.0680, 0.436
2697, 0.0955, 0.437
2698, 0.1837, 0.436
2699, 0.1538, 0.728
2700, 0.5884, 0.433
2701, 0.1897, 0.453
2702, 0.1930, 0.453
2703, 0.1654, 0.421
2704, 0.1589, 0.458
2705, 0.2288, 0.473
2706, 0.2061, 0.467
2707, 0.1604, 0.447
2708, 0.1961, 0.482
2709, 0.2021, 2.425
2710, 0.1210, 0.461
2711, 0.1717, 1.084
2712, 0.1483, 1.124
2713, 0.1845, 0.463
2714, 0.1311, 0.438
2715, 0.1924, 1.183
2716, 0.1984, 1.399
2717, 0.1651, 0.440
2718, 0.2339, 0.448
2719, 0.1451, 0.466
2720, 0.1305, 0.451
2721, 0.1141, 0.679
2722, 0.1636, 0.448
2723, 0.1131, 0.446
2724, 0.1580, 0.444
2725, 0.1384, 0.696
2726, 0.1458, 0.865
2727, 0.1632, 1.251
2728, 0.1127, 0.447
2729, 0.1546, 0.454
2730, 0.1765, 0.468
2731, 0.0886, 0.969
2732, 0.0839, 0.484
2733, 0.1693, 0.510
2734, 0.1601, 0.512
2735, 0.1837, 0.501
2736, 0.2039, 0.495
2737, 0.1848, 0.501
2738, 0.1099, 0.631
2739, 0.0993, 0.488
2740, 0.1079, 0.476
2741, 0.0878, 1.891
2742, 0.1581, 0.441
2743, 0.0737, 0.481
2744, 0.1541, 1.129
2745, 0.1307, 0.454
2746, 0.1296, 0.464
2747, 0.1885, 0.789
2748, 0.2402, 0.447
2749, 0.1514, 0.464
2750, 0.0757, 0.467
2751, 0.1350, 0.442
2752, 0.1595, 0.439
2753, 0.1572, 1.102
2754, 0.2113, 1.194
2755, 0.1647, 0.461
2756, 0.1553, 0.474
2757, 0.1721, 0.493
2758, 0.1515, 0.448
2759, 0.1471, 0.446
2760, 0.1396, 0.465
2761, 0.1486, 0.505
2762, 0.1451, 0.412
2763, 0.1907, 0.479
2764, 0.1618, 0.479
2765, 0.1185, 0.474
2766, 0.1498, 0.485
2767, 0.1474, 0.999
2768, 0.1703, 0.474
2769, 0.1315, 0.458
2770, 0.1587, 0.782
2771, 0.1547, 1.837
2772, 0.1264, 0.488
2773, 0.1090, 0.469
2774, 0.1500, 0.485
2775, 0.2306, 0.478
2776, 0.1618, 0.479
2777, 0.1891, 1.941
2778, 0.1374, 1.972
2779, 0.1329, 0.472
2780, 0.1062, 0.478
2781, 0.1338, 0.476
2782, 0.1489, 0.453
2783, 0.1265, 0.991
2784, 0.1845, 0.553
2785, 0.1208, 0.471
2786, 0.1779, 0.450
2787, 0.1942, 1.076
2788, 0.1049, 1.069
2789, 0.1322, 1.028
2790, 0.2076, 0.464
2791, 0.1679, 0.436
2792, 0.1016, 0.434
2793, 0.1707, 0.733
2794, 0.0996, 0.461
2795, 0.1775, 0.762
2796, 0.1430, 0.444
2797, 0.2071, 0.442
2798, 0.0976, 0.442
2799, 0.1595, 0.434
2800, 0.1261, 0.470
2801, 0.1565, 0.879
2802, 0.1116, 0.419
2803, 0.0538, 0.422
2804, 0.2392, 0.466
2805, 0.2116, 0.460
2806, 0.1179, 0.609
2807, 0.0880, 0.502
2808, 0.1210, 0.481
2809, 0.1105, 0.505
2810, 0.0953, 0.480
2811, 0.1804, 0.463
2812, 0.1795, 1.321
2813, 0.1721, 0.495
2814, 0.1835, 0.478
2815, 0.1600, 0.445
2816, 0.1461, 1.028
2817, 0.2191, 0.479
2818, 0.2071, 0.460
2819, 0.1789, 1.888
2820, 0.1120, 0.482
2821, 0.1887, 0.732
2822, 0.1575, 1.028
2823, 0.1089, 0.444
2824, 0.1578, 0.442
2825, 0.1830, 0.452
2826, 0.0975, 0.462
2827, 0.1216, 0.478
2828, 0.1452, 0.472
2829, 0.1457, 0.452
2830, 0.1184, 0.451
2831, 0.1026, 0.456
2832, 0.0891, 0.463
2833, 0.1308, 1.219
2834, 0.1001, 0.616
2835, 0.1067, 0.459
2836, 0.1249, 0.461
2837, 0.0606, 0.457
2838, 0.0958, 0.761
2839, 0.1722, 1.394
2840, 0.0945, 0.450
2841, 0.1250, 0.444
2842, 0.1815, 0.519
2843, 0.1707, 0.485
2844, 0.1505, 0.580
2845, 0.1145, 0.470
2846, 0.1062, 0.469
2847, 0.1765, 0.460
2848, 0.1251, 0.476
2849, 0.1132, 0.524
2850, 0.1574, 0.755
2851, 0.1540, 1.413
2852, 0.1712, 0.483
2853, 0.1365, 0.455
2854, 0.0874, 0.451
2855, 0.1084, 0.429
2856, 0.1478, 0.463
2857, 0.1757, 0.749
2858, 0.2334, 0.441
2859, 0.1675, 0.450
2860, 0.1433, 0.425
2861, 0.1858, 0.431
2862, 0.1410, 0.461
2863, 0.1035, 0.439
2864, 0.1034, 0.449
2865, 0.2027, 0.491
2866, 0.1640, 0.439
2867, 0.1565, 0.964
2868, 0.1648, 0.450
2869, 0.1765, 0.464
2870, 0.1222, 0.456
2871, 0.0699, 0.463
2872, 0.1348, 0.467
2873, 0.1483, 0.464
2874, 0.1539, 0.464
2875, 0.0794, 0.479
2876, 0.0923, 0.465
2877, 0.1285, 0.453
2878, 0.1917, 0.532
2879, 0.1881, 0.438
2880, 0.1868, 0.453
2881, 0.1727, 0.456
2882, 0.1651, 0.517
2883, 0.1323, 0.498
2884, 0.1069, 0.816
2885, 0.0725, 0.469
2886, 0.1756, 0.470
2887, 0.1333, 0.653
2888, 0.1041, 0.455
2889, 0.1703, 0.601
2890, 0.1651, 0.480
2891, 0.1480, 0.470
2892, 0.1602, 0.466
2893, 0.1030, 0.492
2894, 0.1739, 0.450
2895, 0.2341, 0.461
2896, 0.1514, 0.484
2897, 0.2703, 0.478
2898, 0.1346, 0.450
2899, 0.1227, 0.488
2900, 0.1530, 1.269
2901, 0.1795, 0.460
2902, 0.1830, 0.454
2903, 0.1486, 0.450
2904, 0.1134, 0.980
2905, 0.0845, 0.733
2906, 0.2104, 0.493
2907, 0.1945, 0.477
2908, 0.1734, 0.459
2909, 0.0823, 0.490
2910, 0.2443, 1.428
2911, 0.1314, 0.500
2912, 0.1768, 0.484
2913, 0.1538, 0.469
2914, 0.1920, 0.762
2915, 0.1615, 0.444
2916, 0.0780, 0.488
2917, 0.0822, 0.473
2918, 0.1514, 0.473
2919, 0.1600, 0.543
2920, 0.1380, 1.129
2921, 0.0809, 0.437
2922, 0.0897, 0.461
2923, 0.1312, 0.437
2924, 0.0730, 0.431
2925, 0.0900, 1.226
2926, 0.1150, 0.889
2927, 0.0714, 0.441
2928, 0.1566, 0.464
2929, 0.1156, 0.433
2930, 0.0970, 0.442
2931, 0.0912, 0.446
2932, 0.0585, 2.119
2933, 0.0424, 0.449
2934, 0.1643, 0.442
2935, 0.0765, 0.603
2936, 0.2136, 0.491
2937, 0.2145, 0.546
2938, 0.0739, 0.439
2939, 0.0815, 0.464
2940, 0.0920, 0.436
2941, 0.1031, 0.445
2942, 0.0918, 0.453
2943, 0.1008, 0.460
2944, 0.1788, 0.527
2945, 0.1241, 0.470
2946, 0.1520, 0.462
2947, 0.1774, 0.464
2948, 0.1174, 0.497
2949, 0.1665, 1.857
2950, 0.1864, 0.448
2951, 0.1501, 0.470
2952, 0.1474, 0.491
2953, 0.1282, 0.456
2954, 0.0948, 0.441
2955, 0.1627, 0.442
2956, 0.1426, 0.438
2957, 0.1318, 0.440
2958, 0.1326, 0.446
2959, 0.1688, 0.438
2960, 0.1076, 0.452
2961, 0.1863, 0.456
2962, 0.1753, 0.571
2963, 0.1767, 0.447
2964, 0.1256, 0.438
2965, 0.2166, 1.100
2966, 0.1140, 0.605
2967, 0.1038, 0.477
2968, 0.2082, 0.778
2969, 0.1608, 0.443
2970, 0.1742, 0.454
2971, 0.1631, 0.460
2972, 0.1666, 0.491
2973, 0.1259, 0.463
2974, 0.1984, 0.475
2975, 0.1131, 0.466
2976, 0.1202, 0.471
2977, 0.1371, 0.480
2978, 0.2041, 0.462
2979, 0.2066, 0.435
2980, 0.1485, 0.444
2981, 0.0964, 0.449
2982, 0.0944, 0.467
2983, 0.0931, 0.487
2984, 0.2341, 0.441
2985, 0.1439, 0.449
2986, 0.1126, 0.440
2987, 0.0449, 0.440
2988, 0.1251, 0.437
2989, 0.1699, 0.467
2990, 0.1318, 0.468
2991, 0.1077, 0.479
2992, 0.1897, 0.454
2993, 0.0877, 0.470
2994, 0.1270, 0.456
2995, 0.1530, 0.785
2996, 0.2097, 0.485
2997, 0.2372, 0.454
2998, 0.1586, 0.448
2999, 0.1105, 0.470
3000, 0.1412, 0.471
3001, 0.1171, 0.474
3002, 0.1184, 0.448
3003, 0.1924, 0.479
3004, 0.1951, 0.523
3005, 0.1646, 0.490
3006, 0.0942, 0.476
3007, 0.1323, 0.502
3008, 0.0945, 0.450
3009, 0.1528, 0.466
3010, 0.1177, 0.459
3011, 0.2115, 0.444
3012, 0.1133, 0.457
3013, 0.1042, 0.463
3014, 0.1524, 0.461
3015, 0.1787, 0.965
3016, 0.1147, 0.468
3017, 0.1338, 0.473
3018, 0.1836, 1.132
3019, 0.2170, 0.482
3020, 0.2301, 0.476
3021, 0.1202, 0.452
3022, 0.1155, 0.490
3023, 0.1104, 0.464
3024, 0.1299, 0.451
3025, 0.1737, 0.454
3026, 0.1860, 0.431
3027, 0.1142, 0.443
3028, 0.1878, 0.448
3029, 0.0821, 0.442
3030, 0.0842, 0.437
3031, 0.1450, 0.432
3032, 0.1323, 0.421
3033, 0.1857, 0.428
3034, 0.1907, 0.436
3035, 0.0957, 0.433
3036, 0.1846, 0.433
3037, 0.1452, 0.474
3038, 0.1925, 0.473
3039, 0.2146, 0.464
3040, 0.1385, 0.466
3041, 0.1162, 0.450
3042, 0.0644, 0.444
3043, 0.1769, 0.465
3044, 0.0925, 0.448
3045, 0.0995, 0.772
3046, 0.1366, 0.448
3047, 0.1237, 0.460
3048, 0.1973, 0.827
3049, 0.1092, 0.448
3050, 0.1100, 0.446
3051, 0.2403, 0.425
3052, 0.1381, 0.533
3053, 0.1197, 0.440
3054, 0.1058, 0.437
3055, 0.1318, 0.458
3056, 0.2085, 0.426
3057, 0.1617, 0.440
3058, 0.1385, 0.464
3059, 0.1049, 0.450
3060, 0.2022, 0.445
3061, 0.1999, 0.453
3062, 0.2387, 0.449
3063, 0.1309, 0.452
3064, 0.2201, 0.491
3065, 0.0973, 0.440
3066, 0.1175, 1.044
3067, 0.1233, 0.726
3068, 0.1135, 0.463
3069, 0.1527, 0.875
3070, 0.0717, 0.441
3071, 0.1006, 0.447
3072, 0.1174, 2.004
3073, 0.1484, 0.445
3074, 0.0971, 0.482
3075, 0.1095, 0.479
3076, 0.1370, 0.478
3077, 0.1683, 0.453
3078, 0.1780, 0.454
3079, 0.0955, 0.476
3080, 0.1338, 0.452
3081, 0.1396, 0.456
3082, 0.1294, 0.448
3083, 0.1545, 0.475
3084, 0.1640, 1.935
3085, 0.1367, 0.485
3086, 0.2084, 0.434
3087, 0.2168, 0.436
3088, 0.2306, 0.552
3089, 0.2073, 0.464
3090, 0.1877, 0.476
3091, 0.1236, 0.470
3092, 0.1838, 0.475
3093, 0.1781, 0.434
3094, 0.2488, 0.524
3095, 0.1826, 0.427
3096, 0.1657, 0.432
3097, 0.1379, 0.449
3098, 0.1459, 0.435
3099, 0.1865, 0.441
3100, 0.0981, 0.450
3101, 0.0625, 0.455
3102, 0.1169, 0.436
3103, 0.1532, 0.460
3104, 0.2086, 0.448
3105, 0.1991, 0.437
3106, 0.0897, 0.441
3107, 0.2167, 0.453
3108, 0.1737, 0.447
3109, 0.1413, 0.454
3110, 0.0912, 0.435
3111, 0.1719, 0.431
3112, 0.2135, 0.430
3113, 0.1096, 0.427
3114, 0.2014, 0.427
3115, 0.1486, 0.462
3116, 0.1575, 0.442
3117, 0.2061, 0.424
3118, 0.1349, 0.444
3119, 0.1691, 0.438
3120, 0.1256, 0.420
3121, 0.1730, 0.422
3122, 0.1536, 0.454
3123, 0.0896, 0.436
3124, 0.1869, 0.428
3125, 0.0799, 0.435
3126, 0.1336, 0.431
3127, 0.1464, 0.434
3128, 0.1062, 0.430
3129, 0.1900, 0.437
3130, 0.0939, 0.444
3131, 0.0952, 0.452
3132, 0.1542, 0.432
3133, 0.1341, 0.431
3134, 0.0957, 0.445
3135, 0.2315, 0.439
3136, 0.1295, 0.426
3137, 0.2145, 0.432
3138, 0.1520, 0.428
3139, 0.1767, 0.459
3140, 0.1938, 0.480
3141, 0.0908, 0.427
3142, 0.0799, 0.444
3143, 0.1854, 0.441
3144, 0.1620, 0.446
3145, 0.1544, 0.434
3146, 0.1770, 0.436
3147, 0.0982, 0.457
3148, 0.1312, 0.472
3149, 0.1423, 0.435
3150, 0.1678, 0.425
3151, 0.1502, 0.427
3152, 0.0866, 0.430
3153, 0.2315, 0.432
3154, 0.1249, 0.444
3155, 0.1047, 0.446
3156, 0.0894, 0.428
3157, 0.1325, 0.436
3158, 0.1390, 0.430
3159, 0.1104, 0.424
3160, 0.1872, 0.421
3161, 0.2509, 0.424
3162, 0.1529, 0.432
3163, 0.1449, 0.460
3164, 0.0726, 0.455
3165, 0.0775, 0.454
3166, 0.0530, 0.426
3167, 0.0272, 0.440
3168, 0.0787, 0.427
3169, 0.0885, 0.430
3170, 0.0968, 0.431
3171, 0.1007, 0.438
3172, 0.1604, 0.436
3173, 0.1264, 0.432
3174, 0.1956, 0.439
3175, 0.1807, 0.440
3176, 0.1741, 0.455
3177, 0.2608, 0.467
3178, 0.1732, 0.434
3179, 0.1325, 0.441
3180, 0.2031, 0.439
3181, 0.1653, 0.467
3182, 0.1441, 0.443
3183, 0.1858, 0.435
3184, 0.1842, 0.421
3185, 0.2052, 0.422
3186, 0.1207, 0.440
3187, 0.0646, 0.429
3188, 0.1090, 0.426
3189, 0.0877, 0.427
3190, 0.0298, 0.435
3191, 0.1915, 0.421
3192, 0.1890, 0.426
3193, 0.1289, 0.433
3194, 0.1459, 0.436
3195, 0.1671, 0.423
3196, 0.0698, 0.427
3197, 0.0914, 0.438
3198, 0.1111, 0.454
3199, 0.2760, 0.433
3200, 0.1589, 0.433
3201, 0.1923, 0.426
3202, 0.2601, 0.441
3203, 0.0620, 0.455
3204, 0.0656, 0.447
3205, 0.1299, 0.533
3206, 0.1426, 0.428
3207, 0.2419, 0.430
3208, 0.1849, 0.428
3209, 0.2320, 0.430
3210, 0.2157, 0.432
3211, 0.1169, 0.446
3212, 0.1948, 0.449
3213, 0.0907, 0.437
3214, 0.1719, 0.433
3215, 0.1222, 0.431
3216, 0.1479, 0.435
3217, 0.1696, 0.433
3218, 0.0995, 0.427
3219, 0.1124, 0.431
3220, 0.1015, 0.422
3221, 0.1418, 0.448
3222, 0.2735, 0.439
3223, 0.1832, 0.430
3224, 0.1772, 0.431
3225, 0.1385, 0.437
3226, 0.1796, 0.424
3227, 0.1216, 0.436
3228, 0.0681, 0.429
3229, 0.0823, 0.440
3230, 0.1209, 0.426
3231, 0.1349, 0.430
3232, 0.0859, 0.430
3233, 0.0938, 0.444
3234, 0.1393, 0.452
3235, 0.1337, 0.430
3236, 0.0866, 0.451
3237, 0.1690, 0.430
3238, 0.1341, 0.428
3239, 0.1217, 0.485
3240, 0.2283, 0.421
3241, 0.2064, 0.440
3242, 0.1585, 0.433
3243, 0.1304, 0.429
3244, 0.1306, 0.424
3245, 0.0774, 0.434
3246, 0.0985, 0.454
3247, 0.1264, 0.430
3248, 0.1114, 0.443
3249, 0.0975, 0.440
3250, 0.1559, 0.432
3251, 0.0956, 0.432
3252, 0.1276, 0.428
3253, 0.1487, 0.431
3254, 0.1416, 0.431
3255, 0.1676, 0.432
3256, 0.2607, 0.429
3257, 0.1906, 0.429
3258, 0.1739, 0.431
3259, 0.1159, 0.438
3260, 0.1017, 0.431
3261, 0.1352, 0.431
3262, 0.1264, 0.430
3263, 0.1451, 0.430
3264, 0.1567, 0.431
3265, 0.2549, 0.428
3266, 0.0667, 0.429
3267, 0.1302, 0.432
3268, 0.2543, 0.432
3269, 0.1560, 0.432
3270, 0.1321, 0.426
3271, 0.1386, 0.427
3272, 0.1070, 0.428
3273, 0.2053, 0.445
3274, 0.1720, 0.433
3275, 0.2663, 0.454
3276, 0.1453, 0.433
3277, 0.1538, 0.451
3278, 0.1311, 0.429
3279, 0.1598, 0.435
3280, 0.1513, 0.438
3281, 0.1143, 0.433
3282, 0.1576, 0.433
3283, 0.1718, 0.432
3284, 0.1698, 0.444
3285, 0.1755, 0.434
3286, 0.1411, 0.431
3287, 0.1834, 0.437
3288, 0.1546, 0.527
3289, 0.1172, 0.436
3290, 0.2929, 0.429
3291, 0.1526, 0.430
3292, 0.1439, 0.428
3293, 0.0464, 0.437
3294, 0.1295, 0.456
3295, 0.1055, 0.447
3296, 0.1269, 0.446
3297, 0.1030, 0.465
3298, 0.0929, 0.439
3299, 0.1073, 0.429
3300, 0.1234, 0.423
3301, 0.1246, 0.428
3302, 0.1894, 0.449
3303, 0.1439, 0.437
3304, 0.1411, 0.437
3305, 0.1390, 0.429
3306, 0.1559, 0.452
3307, 0.1633, 0.425
3308, 0.1244, 0.431
3309, 0.1337, 0.429
3310, 0.1431, 0.441
3311, 0.1476, 0.458
3312, 0.1352, 0.462
3313, 0.1598, 0.440
3314, 0.1352, 0.423
3315, 0.1734, 0.438
3316, 0.1461, 0.428
3317, 0.1530, 0.435
3318, 0.1385, 0.422
3319, 0.0913, 0.440
3320, 0.2272, 0.442
3321, 0.1047, 0.417
3322, 0.1352, 0.421
3323, 0.1445, 0.433
3324, 0.0954, 0.441
3325, 0.1921, 0.427
3326, 0.1443, 0.438
3327, 0.1054, 0.425
3328, 0.1600, 0.428
3329, 0.1062, 0.422
3330, 0.1972, 0.416
3331, 0.2365, 0.425
3332, 0.2477, 0.424
3333, 0.1632, 0.423
3334, 0.1746, 0.430
3335, 0.1717, 0.435
3336, 0.0844, 0.439
3337, 0.1336, 0.426
3338, 0.1459, 0.426
3339, 0.0937, 0.424
3340, 0.0842, 0.425
3341, 0.1158, 0.421
3342, 0.1213, 0.424
3343, 0.1332, 0.436
3344, 0.0955, 0.420
3345, 0.1286, 0.422
3346, 0.1809, 0.423
3347, 0.3152, 0.431
3348, 0.2027, 0.420
3349, 0.1196, 0.430
3350, 0.1834, 0.437
3351, 0.1199, 0.423
3352, 0.1171, 0.424
3353, 0.1147, 0.427
3354, 0.1745, 0.422
3355, 0.1581, 0.424
3356, 0.1272, 0.421
3357, 0.1977, 0.438
3358, 0.2455, 0.421
3359, 0.1495, 0.426
3360, 0.1034, 0.422
3361, 0.1317, 0.422
3362, 0.1314, 0.423
3363, 0.0877, 0.424
3364, 0.1680, 0.431
3365, 0.1467, 0.423
3366, 0.1753, 0.422
3367, 0.1002, 0.421
3368, 0.0610, 0.425
3369, 0.0844, 0.424
3370, 0.1453, 0.424
3371, 0.1870, 0.424
3372, 0.0854, 0.422
3373, 0.0978, 0.422
3374, 0.0746, 0.422
3375, 0.1221, 0.433
3376, 0.0418, 0.431
3377, 0.1130, 0.437
3378, 0.1156, 0.421
3379, 0.1672, 0.437
3380, 0.1179, 0.432
3381, 0.1395, 0.438
3382, 0.1729, 0.429
3383, 0.0647, 0.432
3384, 0.0515, 0.431
3385, 0.1218, 0.439
3386, 0.0743, 0.444
3387, 0.0756, 0.430
3388, 0.1412, 0.437
3389, 0.1235, 0.430
3390, 0.1735, 0.436
3391, 0.1131, 0.436
3392, 0.1262, 0.436
3393, 0.1228, 0.436
3394, 0.1029, 0.438
3395, 0.1640, 0.435
3396, 0.1326, 0.438
3397, 0.1116, 0.436
3398, 0.1250, 0.431
3399, 0.1193, 0.436
3400, 0.1299, 0.432
3401, 0.2866, 0.458
3402, 0.1585, 0.434
3403, 0.0982, 0.435
3404, 0.1126, 0.443
3405, 0.1264, 0.480
3406, 0.1085, 0.432
3407, 0.0693, 0.430
3408, 0.2069, 0.430
3409, 0.2065, 0.429
3410, 0.1177, 0.438
3411, 0.1289, 0.435
3412, 0.1069, 0.476
3413, 0.1605, 0.483
3414, 0.1275, 0.481
3415, 0.1190, 0.470
3416, 0.1969, 0.471
3417, 0.1057, 0.467
3418, 0.0911, 0.473
3419, 0.0689, 0.424
3420, 0.1345, 0.430
3421, 0.0764, 0.429
3422, 0.1133, 0.439
3423, 0.1499, 0.440
3424, 0.1310, 0.443
3425, 0.1132, 0.433
3426, 0.1242, 0.431
3427, 0.1591, 0.430
3428, 0.1894, 0.438
3429, 0.2289, 0.438
3430, 0.1200, 0.436
3431, 0.1704, 0.438
3432, 0.1478, 0.433
3433, 0.2156, 0.442
3434, 0.1445, 0.430
3435, 0.2258, 0.437
3436, 0.0939, 0.440
3437, 0.1375, 0.429
3438, 0.2045, 0.429
3439, 0.1388, 0.426
3440, 0.1481, 0.436
3441, 0.1085, 0.433
3442, 0.1316, 0.433
3443, 0.1286, 0.432
3444, 0.1043, 0.450
3445, 0.1340, 0.429
3446, 0.2006, 0.446
3447, 0.1774, 0.433
3448, 0.1208, 0.428
3449, 0.0904, 0.452
3450, 0.1321, 0.430
3451, 0.1183, 0.435
3452, 0.1243, 0.430
3453, 0.0944, 0.456
3454, 0.1402, 0.430
3455, 0.1495, 0.435
3456, 0.1170, 0.436
3457, 0.1850, 0.440
3458, 0.1358, 0.428
3459, 0.0813, 0.432
3460, 0.1825, 0.442
3461, 0.1460, 0.438
3462, 0.1398, 0.444
3463, 0.1759, 0.446
3464, 0.2172, 0.430
3465, 0.1934, 0.443
3466, 0.0573, 0.432
3467, 0.1871, 0.449
3468, 0.0831, 0.430
3469, 0.1170, 0.433
3470, 0.1730, 0.430
3471, 0.1326, 0.431
3472, 0.1184, 0.428
3473, 0.0792, 0.429
3474, 0.1691, 0.433
3475, 0.0815, 0.435
3476, 0.1653, 0.436
3477, 0.1426, 0.429
3478, 0.1541, 0.428
3479, 0.1197, 0.432
3480, 0.1709, 0.430
3481, 0.0724, 0.432
3482, 0.1422, 0.430
3483, 0.2175, 0.436
3484, 0.0863, 0.464
3485, 0.1255, 0.436
3486, 0.1185, 0.442
3487, 0.1881, 0.433
3488, 0.1132, 0.435
3489, 0.1783, 0.441
3490, 0.1459, 0.441
3491, 0.0826, 0.444
3492, 0.0858, 0.448
3493, 0.0625, 0.443
3494, 0.1101, 0.437
3495, 0.1077, 0.435
3496, 0.0910, 0.428
3497, 0.1540, 0.425
3498, 0.2187, 0.430
3499, 0.1448, 0.429
3500, 0.1166, 0.427
3501, 0.1594, 0.429
3502, 0.2291, 0.440
3503, 0.1780, 0.470
3504, 0.1558, 0.470
3505, 0.2142, 0.433
3506, 0.1732, 0.426
3507, 0.2036, 0.430
3508, 0.1369, 0.427
3509, 0.1673, 0.429
3510, 0.0882, 0.433
3511, 0.1387, 0.428
3512, 0.1403, 0.442
3513, 0.0787, 0.433
3514, 0.1130, 0.427
3515, 0.2340, 0.432
3516, 0.2088, 0.436
3517, 0.0938, 0.438
3518, 0.1228, 0.425
3519, 0.0599, 0.427
3520, 0.1257, 0.433
3521, 0.1410, 0.429
3522, 0.1159, 0.439
3523, 0.1258, 0.428
3524, 0.1166, 0.434
3525, 0.1120, 0.430
3526, 0.1188, 0.425
3527, 0.0788, 0.442
3528, 0.1421, 0.425
3529, 0.1621, 0.431
3530, 0.1579, 0.430
3531, 0.0819, 0.422
3532, 0.1715, 0.427
3533, 0.1242, 0.428
3534, 0.1311, 0.423
3535, 0.2120, 0.431
3536, 0.2487, 0.429
3537, 0.1078, 0.427
3538, 0.1114, 0.435
3539, 0.1386, 0.438
3540, 0.1457, 0.436
3541, 0.1889, 0.431
3542, 0.1246, 0.431
3543, 0.1501, 0.423
3544, 0.0796, 0.425
3545, 0.1176, 0.424
3546, 0.0765, 0.424
3547, 0.1817, 0.424
3548, 0.1236, 0.422
3549, 0.1105, 0.425
3550, 0.1291, 0.419
3551, 0.0873, 0.422
3552, 0.1961, 0.422
3553, 0.1656, 0.435
3554, 0.1248, 0.421
3555, 0.0758, 0.438
3556, 0.1642, 0.439
3557, 0.1081, 0.421
3558, 0.2175, 0.422
3559, 0.1787, 0.421
3560, 0.1111, 0.423
3561, 0.1370, 0.421
3562, 0.1390, 0.423
3563, 0.1657, 0.433
3564, 0.0848, 0.422
3565, 0.1972, 0.418
3566, 0.0941, 0.424
3567, 0.0891, 0.425
3568, 0.2638, 0.423
3569, 0.1069, 0.435
3570, 0.1187, 0.419
3571, 0.1083, 0.424
3572, 0.2103, 0.423
3573, 0.1087, 0.420
3574, 0.1089, 0.422
3575, 0.1627, 0.423
3576, 0.1675, 0.421
3577, 0.1371, 0.437
3578, 0.1421, 0.439
3579, 0.1651, 0.438
3580, 0.1618, 0.426
3581, 0.1920, 0.423
3582, 0.1213, 0.422
3583, 0.0901, 0.426
3584, 0.1068, 0.422
3585, 0.1119, 0.435
3586, 0.1273, 0.425
3587, 0.1504, 0.421
3588, 0.1467, 0.423
3589, 0.0858, 0.423
3590, 0.1259, 0.426
3591, 0.1123, 0.436
3592, 0.1824, 0.430
3593, 0.1629, 0.421
3594, 0.1418, 0.428
3595, 0.0765, 0.435
3596, 0.1390, 0.446
3597, 0.1542, 0.423
3598, 0.1544, 0.424
3599, 0.2071, 0.430
3600, 0.0791, 0.428
3601, 0.2102, 0.424
3602, 0.1150, 0.436
3603, 0.1853, 0.435
3604, 0.2259, 0.458
3605, 0.1239, 0.515
3606, 0.1567, 0.440
3607, 0.1943, 0.430
3608, 0.1424, 0.428
3609, 0.1149, 0.431
3610, 0.1189, 0.436
3611, 0.1152, 0.446
3612, 0.1651, 0.432
3613, 0.1505, 0.437
3614, 0.1382, 0.432
3615, 0.1368, 0.433
3616, 0.1587, 0.429
3617, 0.1633, 0.433
3618, 0.0743, 0.428
3619, 0.1163, 0.446
3620, 0.0900, 0.436
3621, 0.0999, 0.432
3622, 0.0806, 0.435
3623, 0.1342, 0.438
3624, 0.1118, 0.427
3625, 0.1593, 0.430
3626, 0.1847, 0.430
3627, 0.1210, 0.445
3628, 0.1390, 0.442
3629, 0.1526, 0.433
3630, 0.2216, 0.432
3631, 0.1251, 0.430
3632, 0.0670, 0.434
3633, 0.1490, 0.446
3634, 0.1468, 0.429
3635, 0.2183, 0.437
3636, 0.1753, 0.435
3637, 0.1577, 0.447
3638, 0.0934, 0.436
3639, 0.1672, 0.435
3640, 0.1380, 0.435
3641, 0.1290, 0.445
3642, 0.1070, 0.430
3643, 0.0410, 0.433
3644, 0.1099, 0.446
3645, 0.1096, 0.432
3646, 0.2215, 0.431
3647, 0.1804, 0.430
3648, 0.1707, 0.432
3649, 0.2688, 0.430
3650, 0.1813, 0.433
3651, 0.0861, 0.433
3652, 0.1297, 0.440
3653, 0.1615, 0.436
3654, 0.1069, 0.434
3655, 0.0704, 0.430
3656, 0.1196, 0.431
3657, 0.0927, 0.430
3658, 0.1933, 0.432
3659, 0.0904, 0.432
3660, 0.1226, 0.431
3661, 0.1551, 0.435
3662, 0.1516, 0.448
3663, 0.1032, 0.430
3664, 0.0894, 0.426
3665, 0.0997, 0.432
3666, 0.2108, 0.449
3667, 0.1700, 0.429
3668, 0.0658, 0.437
3669, 0.1940, 0.434
3670, 0.1748, 0.444
3671, 0.1074, 0.432
3672, 0.0897, 0.431
3673, 0.2014, 0.431
3674, 0.1093, 0.435
3675, 0.1387, 0.430
3676, 0.0969, 0.430
3677, 0.1037, 0.437
3678, 0.0970, 0.446
3679, 0.2115, 0.429
3680, 0.1830, 0.433
3681, 0.0644, 0.447
3682, 0.1473, 0.436
3683, 0.0821, 0.444
3684, 0.1580, 0.430
3685, 0.1357, 0.429
3686, 0.1323, 0.434
3687, 0.2198, 0.437
3688, 0.1781, 0.435
3689, 0.1450, 0.444
3690, 0.1052, 0.466
3691, 0.2088, 0.432
3692, 0.1077, 0.430
3693, 0.1457, 0.428
3694, 0.2224, 0.432
3695, 0.1062, 0.430
3696, 0.1081, 0.429
3697, 0.0814, 0.426
3698, 0.1803, 0.419
3699, 0.1137, 0.429
3700, 0.1412, 0.426
3701, 0.2128, 0.431
3702, 0.1868, 0.427
3703, 0.1296, 0.419
3704, 0.0968, 0.424
3705, 0.1260, 0.444
3706, 0.1413, 0.435
3707, 0.2385, 0.437
3708, 0.1321, 0.441
3709, 0.0921, 0.424
3710, 0.0945, 0.426
3711, 0.1263, 0.423
3712, 0.1694, 0.435
3713, 0.1175, 0.441
3714, 0.1599, 0.435
3715, 0.1111, 0.439
3716, 0.1660, 0.424
3717, 0.1706, 0.421
3718, 0.1470, 0.429
3719, 0.0915, 0.440
3720, 0.1283, 0.432
3721, 0.2131, 0.430
3722, 0.1722, 0.428
3723, 0.1049, 0.430
3724, 0.1037, 0.429
3725, 0.1425, 0.423
3726, 0.1153, 0.423
3727, 0.1148, 0.453
3728, 0.1945, 0.427
3729, 0.1202, 0.424
3730, 0.0798, 0.425
3731, 0.1955, 0.425
3732, 0.1181, 0.437
3733, 0.1331, 0.438
3734, 0.1275, 0.439
3735, 0.1578, 0.447
3736, 0.1279, 0.441
3737, 0.0792, 0.434
3738, 0.0989, 0.430
3739, 0.1722, 0.430
3740, 0.1621, 0.423
3741, 0.1100, 0.421
3742, 0.2035, 0.423
3743, 0.1756, 0.420
3744, 0.2028, 0.427
3745, 0.1388, 0.425
3746, 0.1870, 0.418
3747, 0.1779, 0.436
3748, 0.1899, 0.434
3749, 0.1065, 0.432
3750, 0.1006, 0.420
3751, 0.1321, 0.420
3752, 0.1495, 0.420
3753, 0.1482, 0.423
3754, 0.1070, 0.422
3755, 0.1600, 0.439
3756, 0.1817, 0.438
3757, 0.1171, 0.429
3758, 0.1472, 0.425
3759, 0.0943, 0.427
3760, 0.0974, 0.428
3761, 0.1484, 0.432
3762, 0.1457, 0.427
3763, 0.1643, 0.432
3764, 0.0721, 0.439
3765, 0.1544, 0.435
3766, 0.0961, 0.436
3767, 0.1568, 0.436
3768, 0.1963, 0.431
3769, 0.0761, 0.436
3770, 0.1606, 0.429
3771, 0.1522, 0.432
3772, 0.0922, 0.444
3773, 0.1363, 0.437
3774, 0.0631, 0.432
3775, 0.1040, 0.433
3776, 0.1795, 0.435
3777, 0.2177, 0.438
3778, 0.1361, 0.435
3779, 0.1465, 0.434
3780, 0.1577, 0.433
3781, 0.1951, 0.439
3782, 0.1957, 0.433
3783, 0.2150, 0.435
3784, 0.1960, 0.431
3785, 0.2406, 0.434
3786, 0.1546, 0.455
3787, 0.2678, 0.431
3788, 0.1357, 0.431
3789, 0.0678, 0.431
3790, 0.0971, 0.436
3791, 0.1844, 0.430
3792, 0.1296, 0.431
3793, 0.2165, 0.447
3794, 0.1493, 0.434
3795, 0.1278, 0.436
3796, 0.1481, 0.433
3797, 0.2027, 0.440
3798, 0.1110, 0.431
3799, 0.1875, 0.433
3800, 0.1462, 0.437
3801, 0.1238, 0.417
3802, 0.1189, 0.436
3803, 0.1227, 0.433
3804, 0.1165, 0.434
3805, 0.1922, 0.456
3806, 0.1782, 0.437
3807, 0.1514, 0.441
3808, 0.0775, 0.422
3809, 0.2090, 0.426
3810, 0.1861, 0.427
3811, 0.1162, 0.431
3812, 0.1124, 0.434
3813, 0.0669, 0.433
3814, 0.1565, 0.456
3815, 0.1080, 0.489
3816, 0.1572, 0.430
3817, 0.1589, 0.427
3818, 0.1750, 0.429
3819, 0.1461, 0.438
3820, 0.2417, 0.430
3821, 0.2019, 0.429
3822, 0.1513, 0.431
3823, 0.1060, 0.425
3824, 0.0949, 0.440
3825, 0.1767, 0.422
3826, 0.1553, 0.445
3827, 0.0966, 0.434
3828, 0.1178, 0.438
3829, 0.0911, 0.423
3830, 0.0960, 0.425
3831, 0.0786, 0.429
3832, 0.1369, 0.438
3833, 0.1290, 0.426
3834, 0.1467, 0.427
3835, 0.1455, 0.428
3836, 0.1836, 0.430
3837, 0.1001, 0.423
3838, 0.1052, 0.447
3839, 0.1305, 0.472
3840, 0.0937, 0.483
3841, 0.1372, 0.445
3842, 0.0950, 0.434
3843, 0.1018, 0.435
3844, 0.1002, 0.445
3845, 0.0952, 0.446
3846, 0.1382, 0.438
3847, 0.1361, 0.435
3848, 0.0947, 0.433
3849, 0.1570, 0.432
3850, 0.1145, 0.428
3851, 0.1743, 0.432
3852, 0.1049, 0.442
3853, 0.1217, 0.441
3854, 0.1192, 0.436
3855, 0.1603, 0.439
3856, 0.1110, 0.440
3857, 0.1174, 0.443
3858, 0.1631, 0.432
3859, 0.1613, 0.448
3860, 0.1467, 0.429
3861, 0.1254, 0.432
3862, 0.1457, 0.426
3863, 0.2129, 0.434
3864, 0.1395, 0.439
3865, 0.1627, 0.437
3866, 0.1604, 0.428
3867, 0.0996, 0.419
3868, 0.1408, 0.421
3869, 0.1807, 0.425
3870, 0.1459, 0.422
3871, 0.1316, 0.424
3872, 0.1126, 0.422
3873, 0.2004, 0.421
3874, 0.1476, 0.426
3875, 0.1497, 0.430
3876, 0.1650, 0.430
3877, 0.1708, 0.424
3878, 0.1885, 0.424
3879, 0.1688, 0.427
3880, 0.1988, 0.467
3881, 0.1423, 0.428
3882, 0.1529, 0.432
3883, 0.1908, 0.428
3884, 0.3400, 0.426
3885, 0.1926, 0.424
3886, 0.1532, 0.427
3887, 0.2374, 0.426
3888, 0.2197, 0.442
3889, 0.2457, 0.440
3890, 0.1524, 0.432
3891, 0.1071, 0.426
3892, 0.2400, 0.437
3893, 0.1815, 0.428
3894, 0.1023, 0.432
3895, 0.1251, 0.427
3896, 0.1777, 0.432
3897, 0.1316, 0.431
3898, 0.1660, 0.428
3899, 0.1720, 0.446
3900, 0.1047, 0.430
3901, 0.1550, 0.436
3902, 0.1031, 0.443
3903, 0.0690, 0.441
3904, 0.1336, 0.449
3905, 0.0810, 0.427
3906, 0.0879, 0.428
3907, 0.1553, 0.444
3908, 0.1348, 0.443
3909, 0.1118, 0.445
3910, 0.1858, 0.441
3911, 0.1587, 0.431
3912, 0.0702, 0.428
3913, 0.1567, 0.441
3914, 0.1295, 0.438
3915, 0.1204, 0.428
3916, 0.1585, 0.429
3917, 0.1534, 0.426
3918, 0.2477, 0.440
3919, 0.1004, 0.428
3920, 0.1666, 0.431
3921, 0.1067, 0.466
3922, 0.0967, 0.465
3923, 0.1369, 0.462
3924, 0.1512, 0.463
3925, 0.1228, 0.468
3926, 0.1926, 0.469
3927, 0.1335, 0.430
3928, 0.0642, 0.428
3929, 0.1697, 0.429
3930, 0.1460, 0.443
3931, 0.1547, 0.434
3932, 0.1473, 0.426
3933, 0.1556, 0.437
3934, 0.1111, 0.429
3935, 0.0574, 0.424
3936, 0.1107, 0.428
3937, 0.1191, 0.450
3938, 0.1525, 0.433
3939, 0.0934, 0.441
3940, 0.1487, 0.460
3941, 0.1044, 0.447
3942, 0.0782, 0.439
3943, 0.1065, 0.436
3944, 0.1361, 0.432
3945, 0.1839, 0.423
3946, 0.1083, 0.422
3947, 0.1712, 0.429
3948, 0.0887, 0.434
3949, 0.0788, 0.447
3950, 0.1886, 0.430
3951, 0.1395, 0.431
3952, 0.1490, 0.421
3953, 0.1924, 0.430
3954, 0.0968, 0.442
3955, 0.0957, 0.426
3956, 0.1189, 0.425
3957, 0.1358, 0.429
3958, 0.1388, 0.428
3959, 0.2410, 0.426
3960, 0.1532, 0.424
3961, 0.2077, 0.425
3962, 0.1152, 0.426
3963, 0.0619, 0.422
3964, 0.1094, 0.424
3965, 0.1358, 0.429
3966, 0.1539, 0.428
3967, 0.1211, 0.433
3968, 0.1586, 0.427
3969, 0.2140, 0.439
3970, 0.1180, 0.425
3971, 0.1332, 0.432
3972, 0.0542, 0.441
3973, 0.1329, 0.427
3974, 0.2216, 0.429
3975, 0.1739, 0.422
3976, 0.0785, 0.426
3977, 0.0617, 0.420
3978, 0.0613, 0.424
3979, 0.1379, 0.438
3980, 0.1480, 0.423
3981, 0.0971, 0.422
3982, 0.0949, 0.425
3983, 0.1356, 0.426
3984, 0.2068, 0.442
3985, 0.1924, 0.435
3986, 0.1180, 0.427
3987, 0.1036, 0.424
3988, 0.1235, 0.429
3989, 0.0953, 0.436
3990, 0.1296, 0.424
3991, 0.1374, 0.421
3992, 0.1764, 0.427
3993, 0.1411, 0.423
3994, 0.1506, 0.419
3995, 0.1271, 0.429
3996, 0.0842, 0.426
3997, 0.0873, 0.424
3998, 0.1370, 0.436
3999, 0.2326, 0.435
4000, 0.1602, 0.424
4001, 0.1612, 0.415
4002, 0.2423, 0.434
4003, 0.0889, 0.448
4004, 0.2454, 0.442
4005, 0.1693, 0.456
4006, 0.1445, 0.433
4007, 0.1486, 0.433
4008, 0.0906, 0.432
4009, 0.1419, 0.437
4010, 0.1242, 0.446
4011, 0.1131, 0.446
4012, 0.1566, 0.436
4013, 0.1379, 0.432
4014, 0.2052, 0.432
4015, 0.1374, 0.432
4016, 0.1357, 0.441
4017, 0.0694, 0.433
4018, 0.0788, 0.430
4019, 0.1320, 0.432
4020, 0.1104, 0.436
4021, 0.1077, 0.432
4022, 0.1228, 0.430
4023, 0.1053, 0.429
4024, 0.1838, 0.433
4025, 0.1246, 0.439
4026, 0.1714, 0.437
4027, 0.1257, 0.436
4028, 0.1898, 0.442
4029, 0.1390, 0.477
4030, 0.0670, 0.474
4031, 0.1282, 0.444
4032, 0.1714, 0.433
4033, 0.1729, 0.453
4034, 0.2063, 0.431
4035, 0.1662, 0.432
4036, 0.1518, 0.433
4037, 0.1272, 0.436
4038, 0.1611, 0.432
4039, 0.1880, 0.430
4040, 0.1477, 0.431
4041, 0.1172, 0.433
4042, 0.1614, 0.435
4043, 0.1166, 0.433
4044, 0.1079, 0.436
4045, 0.1064, 0.442
4046, 0.1545, 0.436
4047, 0.1538, 0.431
4048, 0.1144, 0.441
4049, 0.1478, 0.436
4050, 0.1619, 0.430
4051, 0.0807, 0.435
4052, 0.1670, 0.434
4053, 0.1367, 0.437
4054, 0.1788, 0.442
4055, 0.1150, 0.435
4056, 0.1508, 0.436
4057, 0.1595, 0.429
4058, 0.1333, 0.437
4059, 0.1806, 0.435
4060, 0.1969, 0.435
4061, 0.1055, 0.433
4062, 0.1908, 0.434
4063, 0.2273, 0.437
4064, 0.0954, 0.433
4065, 0.1706, 0.439
4066, 0.0783, 0.436
4067, 0.1825, 0.437
4068, 0.1425, 0.432
4069, 0.1113, 0.436
4070, 0.1078, 0.432
4071, 0.1077, 0.431
4072, 0.0759, 0.438
4073, 0.0680, 0.435
4074, 0.0736, 0.448
4075, 0.1108, 0.460
4076, 0.0832, 0.541
4077, 0.1935, 0.433
4078, 0.1028, 0.436
4079, 0.1667, 0.433
4080, 0.1113, 0.435
4081, 0.0718, 0.433
4082, 0.1650, 0.439
4083, 0.1413, 0.455
4084, 0.1913, 0.440
4085, 0.0956, 0.428
4086, 0.1311, 0.433
4087, 0.0981, 0.431
4088, 0.0757, 0.442
4089, 0.1792, 0.424
4090, 0.2043, 0.424
4091, 0.1578, 0.425
4092, 0.0688, 0.441
4093, 0.1528, 0.425
4094, 0.1364, 0.451
4095, 0.1463, 0.427
4096, 0.1500, 0.432
4097, 0.1178, 0.425
4098, 0.1302, 0.430
4099, 0.1483, 0.432
4100, 0.1238, 0.425
4101, 0.1717, 0.427
4102, 0.1394, 0.429
4103, 0.0731, 0.436
4104, 0.0868, 0.464
4105, 0.1543, 0.443
4106, 0.1748, 0.428
4107, 0.1456, 0.461
4108, 0.1048, 0.426
4109, 0.1120, 0.421
4110, 0.1153, 0.426
4111, 0.1838, 0.426
4112, 0.1372, 0.431
4113, 0.1987, 0.431
4114, 0.1978, 0.461
4115, 0.1133, 0.427
4116, 0.0813, 0.430
4117, 0.1131, 0.451
4118, 0.1599, 0.422
4119, 0.1230, 0.426
4120, 0.1289, 0.434
4121, 0.1510, 0.432
4122, 0.1711, 0.431
4123, 0.1908, 0.436
4124, 0.2214, 0.438
4125, 0.1029, 0.437
4126, 0.1627, 0.432
4127, 0.2116, 0.435
4128, 0.2041, 0.457
4129, 0.1446, 0.434
4130, 0.1505, 0.439
4131, 0.1512, 0.436
4132, 0.1740, 0.432
4133, 0.1550, 0.428
4134, 0.1347, 0.429
4135, 0.1232, 0.432
4136, 0.1214, 0.428
4137, 0.1551, 0.432
4138, 0.1051, 0.447
4139, 0.1352, 0.426
4140, 0.1568, 0.427
4141, 0.1123, 0.431
4142, 0.0605, 0.427
4143, 0.1244, 0.427
4144, 0.0697, 0.429
4145, 0.1878, 0.434
4146, 0.0825, 0.437
4147, 0.1601, 0.429
4148, 0.1809, 0.472
4149, 0.1814, 0.469
4150, 0.1152, 0.450
4151, 0.1284, 0.430
4152, 0.0870, 0.430
4153, 0.1976, 0.432
4154, 0.0655, 0.440
4155, 0.0763, 0.433
4156, 0.1566, 0.433
4157, 0.1058, 0.435
4158, 0.1500, 0.441
4159, 0.1669, 0.437
4160, 0.1753, 0.433
4161, 0.0688, 0.438
4162, 0.0755, 0.432
4163, 0.1791, 0.441
4164, 0.1717, 0.432
4165, 0.0686, 0.436
4166, 0.1380, 0.441
4167, 0.0898, 0.438
4168, 0.1570, 0.431
4169, 0.1370, 0.433
4170, 0.1598, 0.432
4171, 0.1389, 0.431
4172, 0.2183, 0.431
4173, 0.1341, 0.430
4174, 0.1814, 0.430
4175, 0.1590, 0.431
4176, 0.1780, 0.435
4177, 0.1533, 0.436
4178, 0.0426, 0.434
4179, 0.0868, 0.445
4180, 0.1046, 0.434
4181, 0.1477, 0.452
4182, 0.1230, 0.439
4183, 0.1948, 0.434
4184, 0.1684, 0.433
4185, 0.1085, 0.432
4186, 0.1054, 0.434
4187, 0.2289, 0.446
4188, 0.1339, 0.429
4189, 0.2119, 0.434
4190, 0.1277, 0.439
4191, 0.1519, 0.438
4192, 0.1349, 0.439
4193, 0.1908, 0.432
4194, 0.0884, 0.442
4195, 0.1064, 0.436
4196, 0.1186, 0.432
4197, 0.1782, 0.433
4198, 0.2349, 0.429
4199, 0.0965, 0.434
4200, 0.0892, 0.439
4201, 0.1584, 0.425
4202, 0.1297, 0.431
4203, 0.1018, 0.428
4204, 0.2464, 0.439
4205, 0.1380, 0.505
4206, 0.1446, 0.432
4207, 0.1057, 0.447
4208, 0.1399, 0.466
4209, 0.1135, 0.470
4210, 0.1269, 0.475
4211, 0.1571, 0.430
4212, 0.1891, 0.434
4213, 0.1169, 0.437
4214, 0.0345, 0.439
4215, 0.0628, 0.431
4216, 0.1155, 0.439
4217, 0.1076, 0.433
4218, 0.1534, 0.431
4219, 0.1221, 0.438
4220, 0.1249, 0.435
4221, 0.0851, 0.431
4222, 0.0974, 0.479
4223, 0.0839, 0.474
4224, 0.1393, 0.472
4225, 0.1658, 0.442
4226, 0.1495, 0.444
4227, 0.1127, 0.440
4228, 0.2314, 0.429
4229, 0.0481, 0.433
4230, 0.0672, 0.449
4231, 0.0996, 0.438
4232, 0.1986, 0.434
4233, 0.1476, 0.431
4234, 0.1481, 0.438
4235, 0.1339, 0.487
4236, 0.2054, 0.471
4237, 0.1815, 0.441
4238, 0.0929, 0.444
4239, 0.0855, 0.449
4240, 0.0905, 0.442
4241, 0.1040, 0.448
4242, 0.0893, 0.434
4243, 0.2292, 0.434
4244, 0.1514, 0.429
4245, 0.1633, 0.434
4246, 0.1650, 0.437
4247, 0.1196, 0.437
4248, 0.1199, 0.460
4249, 0.1517, 0.435
4250, 0.0512, 0.430
4251, 0.0941, 0.435
4252, 0.1095, 0.432
4253, 0.1502, 0.436
4254, 0.1394, 0.443
4255, 0.1883, 0.430
4256, 0.2024, 0.429
4257, 0.1598, 0.435
4258, 0.0795, 0.429
4259, 0.1518, 0.433
4260, 0.1357, 0.430
4261, 0.1417, 0.434
4262, 0.1216, 0.449
4263, 0.0826, 0.431
4264, 0.1515, 0.432
4265, 0.1278, 0.434
4266, 0.1639, 0.450
4267, 0.1992, 0.435
4268, 0.1218, 0.436
4269, 0.0910, 0.439
4270, 0.1083, 0.431
4271, 0.1027, 0.447
4272, 0.1875, 0.434
4273, 0.2211, 0.488
4274, 0.1579, 0.429
4275, 0.1822, 0.428
4276, 0.0787, 0.429
4277, 0.0908, 0.429
4278, 0.1186, 0.431
4279, 0.1651, 0.434
4280, 0.1268, 0.432
4281, 0.1563, 0.454
4282, 0.1394, 0.449
4283, 0.0935, 0.450
4284, 0.0988, 0.437
4285, 0.1532, 0.449
4286, 0.1994, 0.447
4287, 0.1184, 0.428
4288, 0.1479, 0.437
4289, 0.1204, 0.435
4290, 0.1826, 0.437
4291, 0.1179, 0.475
4292, 0.1406, 0.477
4293, 0.1460, 0.466
4294, 0.1187, 0.435
4295, 0.1218, 0.435
4296, 0.1375, 0.433
4297, 0.0990, 0.433
4298, 0.1325, 0.433
4299, 0.1286, 0.434
4300, 0.1284, 0.439
4301, 0.1098, 0.438
4302, 0.1100, 0.433
4303, 0.1509, 0.445
4304, 0.1684, 0.444
4305, 0.1414, 0.441
4306, 0.1094, 0.434
4307, 0.1258, 0.432
4308, 0.2272, 0.441
4309, 0.1148, 0.442
4310, 0.2181, 0.434
4311, 0.1571, 0.429
4312, 0.1548, 0.426
4313, 0.1611, 0.423
4314, 0.1553, 0.425
4315, 0.1462, 0.428
4316, 0.1446, 0.430
4317, 0.2190, 0.428
4318, 0.0596, 0.429
4319, 0.1544, 0.440
4320, 0.1105, 0.438
4321, 0.2000, 0.442
4322, 0.2383, 0.428
4323, 0.1699, 0.433
4324, 0.1545, 0.447
4325, 0.1268, 0.436
4326, 0.1465, 0.441
4327, 0.1794, 0.471
4328, 0.2324, 0.430
4329, 0.1768, 0.428
4330, 0.2155, 0.441
4331, 0.1340, 0.428
4332, 0.1277, 0.429
4333, 0.1413, 0.426
4334, 0.1266, 0.428
4335, 0.1159, 0.423
4336, 0.1924, 0.431
4337, 0.1861, 0.445
4338, 0.1547, 0.424
4339, 0.2092, 0.425
4340, 0.1264, 0.437
4341, 0.1657, 0.426
4342, 0.0717, 0.431
4343, 0.1196, 0.423
4344, 0.1576, 0.438
4345, 0.1729, 0.422
4346, 0.1158, 0.444
4347, 0.0998, 0.429
4348, 0.1678, 0.432
4349, 0.1438, 0.426
4350, 0.2135, 0.486
4351, 0.1501, 0.441
4352, 0.2583, 0.427
4353, 0.2134, 0.417
4354, 0.1163, 0.432
4355, 0.1935, 0.450
4356, 0.2371, 0.447
4357, 0.1418, 0.439
4358, 0.1762, 0.428
4359, 0.1661, 0.435
4360, 0.1288, 0.474
4361, 0.1743, 0.437
4362, 0.1452, 0.563
4363, 0.1945, 0.435
4364, 0.1234, 0.427
4365, 0.0923, 0.442
4366, 0.2077, 0.455
4367, 0.1226, 0.465
4368, 0.1495, 0.423
4369, 0.0961, 0.432
4370, 0.1457, 0.435
4371, 0.2445, 0.426
4372, 0.1243, 0.428
4373, 0.1431, 0.436
4374, 0.1952, 0.442
4375, 0.1077, 0.427
4376, 0.1058, 0.423
4377, 0.1428, 0.420
4378, 0.0921, 0.429
4379, 0.1331, 0.430
4380, 0.0886, 0.431
4381, 0.1057, 0.416
4382, 0.1268, 0.418
4383, 0.1435, 0.425
4384, 0.1541, 0.420
4385, 0.1646, 0.418
4386, 0.1181, 0.422
4387, 0.1460, 0.426
4388, 0.1111, 0.415
4389, 0.1416, 0.414
4390, 0.0644, 0.415
4391, 0.1100, 0.418
4392, 0.0739, 0.417
4393, 0.2487, 0.413
4394, 0.2842, 0.413
4395, 0.1196, 0.415
4396, 0.1728, 0.422
4397, 0.0915, 0.425
4398, 0.1168, 0.419
4399, 0.1376, 0.414
4400, 0.1572, 0.413
4401, 0.1230, 0.404
4402, 0.1155, 0.411
4403, 0.1030, 0.413
4404, 0.2044, 0.421
4405, 0.1016, 0.518
4406, 0.1239, 0.426
4407, 0.1913, 0.419
4408, 0.1234, 0.419
4409, 0.1993, 0.414
4410, 0.1494, 0.414
4411, 0.0914, 0.431
4412, 0.1217, 0.415
4413, 0.1062, 0.414
4414, 0.1725, 0.416
4415, 0.1515, 0.425
4416, 0.1841, 0.432
4417, 0.1665, 0.411
4418, 0.1454, 0.433
4419, 0.0879, 0.422
4420, 0.1005, 0.428
4421, 0.1305, 0.440
4422, 0.1498, 0.441
4423, 0.0896, 2.112
4424, 0.1297, 0.426
4425, 0.1340, 0.427
4426, 0.1814, 0.432
4427, 0.1858, 0.448
4428, 0.1504, 1.480
4429, 0.1171, 0.433
4430, 0.1275, 0.701
4431, 0.1292, 0.430
4432, 0.1232, 0.418
4433, 0.1491, 0.424
4434, 0.1186, 0.436
4435, 0.1306, 0.443
4436, 0.1308, 0.461
4437, 0.0899, 0.435
4438, 0.2310, 0.431
4439, 0.1008, 0.437
4440, 0.1061, 0.443
4441, 0.0982, 0.440
4442, 0.1454, 0.439
4443, 0.1601, 0.437
4444, 0.1983, 0.433
4445, 0.0934, 0.432
4446, 0.1508, 0.444
4447, 0.1266, 0.454
4448, 0.1308, 0.473
4449, 0.1335, 0.496
4450, 0.0761, 0.577
4451, 0.0629, 0.468
4452, 0.1258, 0.452
4453, 0.1178, 0.449
4454, 0.1287, 0.464
4455, 0.1320, 0.466
4456, 0.2034, 0.432
4457, 0.0841, 0.879
4458, 0.1339, 0.436
4459, 0.1471, 0.430
4460, 0.1770, 0.780
4461, 0.1257, 0.443
4462, 0.1386, 0.447
4463, 0.1446, 0.987
4464, 0.1866, 0.454
4465, 0.0521, 0.433
4466, 0.1757, 0.441
4467, 0.1270, 0.451
4468, 0.1345, 0.455
4469, 0.1388, 0.432
4470, 0.1359, 0.436
4471, 0.1544, 0.451
4472, 0.1320, 0.447
4473, 0.1595, 1.111
4474, 0.0939, 0.799
4475, 0.1083, 1.128
4476, 0.1554, 1.346
4477, 0.1637, 0.448
4478, 0.1609, 0.453
4479, 0.1859, 0.449
4480, 0.1251, 1.093
4481, 0.1697, 0.445
4482, 0.1437, 0.445
4483, 0.1763, 0.455
4484, 0.1703, 0.485
4485, 0.1519, 0.458
4486, 0.1639, 0.454
4487, 0.1050, 0.452
4488, 0.1594, 0.445
4489, 0.1302, 0.869
4490, 0.1172, 0.443
4491, 0.1545, 0.648
4492, 0.0300, 0.796
4493, 0.1740, 0.447
4494, 0.0856, 0.451
4495, 0.1155, 0.514
4496, 0.1346, 0.450
4497, 0.1071, 0.431
4498, 0.2004, 0.812
4499, 0.0988, 0.448
4500, 0.0984, 0.458
4501, 0.1426, 0.434
4502, 0.1155, 0.442
4503, 0.1223, 0.443
4504, 0.0920, 0.440
4505, 0.1350, 0.452
4506, 0.1226, 0.461
4507, 0.1788, 0.442
4508, 0.1360, 0.443
4509, 0.2071, 0.447
4510, 0.0930, 0.440
4511, 0.1096, 0.439
4512, 0.1123, 0.440
4513, 0.1444, 0.451
4514, 0.1085, 0.446
4515, 0.0940, 0.459
4516, 0.1169, 0.441
4517, 0.2168, 0.444
4518, 0.1175, 0.443
4519, 0.0552, 1.688
4520, 0.1026, 0.440
4521, 0.0996, 0.458
4522, 0.1496, 0.434
4523, 0.2326, 0.431
4524, 0.1410, 0.476
4525, 0.1026, 0.448
4526, 0.1497, 0.454
4527, 0.1913, 0.445
4528, 0.0879, 0.453
4529, 0.1435, 1.112
4530, 0.0953, 0.467
4531, 0.1092, 0.461
4532, 0.1543, 0.458
4533, 0.0972, 0.437
4534, 0.0912, 0.439
4535, 0.1357, 0.438
4536, 0.1337, 0.854
4537, 0.1370, 0.435
4538, 0.0759, 0.431
4539, 0.1009, 0.446
4540, 0.1316, 0.478
4541, 0.0997, 0.988
4542, 0.1585, 0.440
4543, 0.1559, 0.881
4544, 0.2093, 0.439
4545, 0.1378, 0.443
4546, 0.1666, 0.452
4547, 0.1154, 0.457
4548, 0.1001, 0.440
4549, 0.1298, 0.438
4550, 0.1319, 0.583
4551, 0.1317, 0.472
4552, 0.1203, 0.453
4553, 0.1153, 0.963
4554, 0.1629, 0.449
4555, 0.1989, 0.444
4556, 0.1722, 0.468
4557, 0.1534, 0.472
4558, 0.0890, 0.481
4559, 0.1445, 0.485
4560, 0.1823, 1.181
4561, 0.1398, 0.494
4562, 0.1572, 0.449
4563, 0.1675, 0.443
4564, 0.1149, 1.286
4565, 0.1349, 0.453
4566, 0.1930, 0.444
4567, 0.1940, 0.656
4568, 0.1212, 0.456
4569, 0.1356, 0.435
4570, 0.1464, 1.173
4571, 0.1150, 0.449
4572, 0.0928, 0.452
4573, 0.1107, 0.445
4574, 0.1496, 0.440
4575, 0.1445, 0.451
4576, 0.1110, 1.002
4577, 0.1526, 0.446
4578, 0.1891, 0.448
4579, 0.1009, 0.443
4580, 0.1802, 0.444
4581, 0.1432, 0.468
4582, 0.1718, 0.467
4583, 0.1203, 1.241
4584, 0.1782, 0.439
4585, 0.1232, 0.452
4586, 0.1617, 0.427
4587, 0.2076, 0.430
4588, 0.1589, 0.436
4589, 0.1205, 0.441
4590, 0.0943, 1.433
4591, 0.0901, 0.448
4592, 0.1019, 0.433
4593, 0.1007, 1.041
4594, 0.1419, 0.451
4595, 0.1093, 0.453
4596, 0.0673, 1.051
4597, 0.1759, 0.443
4598, 0.1350, 0.436
4599, 0.1783, 0.545
4600, 0.1406, 0.430
4601, 0.1428, 0.413
4602, 0.1493, 0.408
4603, 0.1713, 0.432
4604, 0.1220, 0.449
4605, 0.1734, 0.457
4606, 0.1713, 0.433
4607, 0.1705, 0.458
4608, 0.1673, 0.740
4609, 0.1572, 0.461
4610, 0.1664, 0.449
4611, 0.1904, 0.442
4612, 0.1509, 0.458
4613, 0.1334, 0.450
4614, 0.2316, 0.447
4615, 0.0940, 0.571
4616, 0.1473, 0.455
4617, 0.1721, 0.664
4618, 0.2240, 0.453
4619, 0.0702, 0.465
4620, 0.1369, 0.446
4621, 0.1337, 0.446
4622, 0.1394, 0.467
4623, 0.0903, 0.477
4624, 0.1003, 0.454
4625, 0.1144, 0.462
4626, 0.1485, 0.449
4627, 0.1584, 0.444
4628, 0.1688, 0.454
4629, 0.1248, 0.454
4630, 0.1008, 0.440
4631, 0.1344, 0.453
4632, 0.1376, 0.452
4633, 0.1988, 1.026
4634, 0.1107, 0.454
4635, 0.1609, 0.453
4636, 0.1530, 1.881
4637, 0.1021, 0.440
4638, 0.1042, 0.444
4639, 0.0978, 0.445
4640, 0.1981, 0.890
4641, 0.1328, 0.457
4642, 0.1819, 0.460
4643, 0.1459, 1.121
4644, 0.1192, 0.435
4645, 0.1333, 0.443
4646, 0.1271, 0.450
4647, 0.1050, 0.906
4648, 0.1681, 0.463
4649, 0.1025, 0.444
4650, 0.1522, 0.460
4651, 0.0770, 0.457
4652, 0.1177, 0.699
4653, 0.1485, 0.465
4654, 0.1308, 0.437
4655, 0.1316, 0.451
4656, 0.1469, 1.037
4657, 0.0971, 0.448
4658, 0.1252, 0.451
4659, 0.1059, 0.458
4660, 0.1989, 0.461
4661, 0.1634, 0.480
4662, 0.1152, 0.466
4663, 0.1306, 0.457
4664, 0.2637, 0.435
4665, 0.1937, 0.435
4666, 0.1251, 0.435
4667, 0.1728, 0.476
4668, 0.1309, 0.446
4669, 0.1246, 0.792
4670, 0.1241, 0.463
4671, 0.1717, 0.434
4672, 0.1009, 0.463
4673, 0.0994, 0.552
4674, 0.1369, 0.450
4675, 0.1814, 0.446
4676, 0.0916, 0.452
4677, 0.1279, 0.457
4678, 0.1291, 1.149
4679, 0.1910, 0.451
4680, 0.2087, 0.452
4681, 0.0910, 0.459
4682, 0.1730, 1.114
4683, 0.2035, 0.891
4684, 0.1667, 0.430
4685, 0.1797, 0.454
4686, 0.1532, 0.450
4687, 0.1283, 0.446
4688, 0.1632, 0.452
4689, 0.1463, 0.457
4690, 0.1058, 0.454
4691, 0.1765, 0.444
4692, 0.1175, 0.473
4693, 0.1707, 0.456
4694, 0.1340, 0.453
4695, 0.1689, 0.444
4696, 0.1080, 0.787
4697, 0.1055, 0.466
4698, 0.0984, 0.684
4699, 0.1672, 1.222
4700, 0.1541, 0.447
4701, 0.2037, 0.449
4702, 0.1796, 0.467
4703, 0.1200, 0.509
4704, 0.1467, 0.443
4705, 0.1327, 0.460
4706, 0.1609, 0.442
4707, 0.1196, 0.439
4708, 0.1237, 0.451
4709, 0.1438, 0.438
4710, 0.0831, 0.469
4711, 0.1260, 0.461
4712, 0.1534, 0.454
4713, 0.1757, 0.438
4714, 0.1789, 0.427
4715, 0.1665, 0.966
4716, 0.1190, 1.271
4717, 0.1822, 0.450
4718, 0.1240, 0.442
4719, 0.1632, 0.482
4720, 0.0759, 2.440
4721, 0.1164, 0.442
4722, 0.0866, 0.444
4723, 0.0952, 0.431
4724, 0.1298, 0.433
4725, 0.2019, 0.437
4726, 0.0870, 0.445
4727, 0.1158, 0.451
4728, 0.0917, 0.441
4729, 0.1105, 0.434
4730, 0.1301, 0.460
4731, 0.2068, 0.486
4732, 0.1674, 0.437
4733, 0.1416, 0.425
4734, 0.1476, 0.425
4735, 0.1480, 0.442
4736, 0.0922, 0.431
4737, 0.1028, 0.432
4738, 0.1703, 0.427
4739, 0.1087, 0.430
4740, 0.1320, 0.450
4741, 0.0958, 0.434
4742, 0.1864, 0.495
4743, 0.1928, 0.428
4744, 0.1480, 0.431
4745, 0.1148, 0.427
4746, 0.1671, 0.427
4747, 0.1910, 0.426
4748, 0.1990, 0.425
4749, 0.1452, 0.428
4750, 0.2002, 0.425
4751, 0.0455, 0.424
4752, 0.1098, 0.438
4753, 0.1293, 0.424
4754, 0.1008, 0.427
4755, 0.1797, 0.443
4756, 0.1512, 0.433
4757, 0.1210, 0.442
4758, 0.1389, 0.437
4759, 0.0932, 0.432
4760, 0.0908, 0.437
4761, 0.1757, 0.474
4762, 0.1343, 0.437
4763, 0.1391, 0.433
4764, 0.1467, 0.445
4765, 0.2145, 0.467
4766, 0.1121, 0.433
4767, 0.1027, 0.428
4768, 0.1467, 0.437
4769, 0.1522, 0.435
4770, 0.1520, 0.433
4771, 0.1473, 0.432
4772, 0.1890, 0.438
4773, 0.1490, 0.440
4774, 0.1149, 0.435
4775, 0.1697, 0.475
4776, 0.1306, 0.481
4777, 0.1070, 0.466
4778, 0.1994, 0.426
4779, 0.1604, 0.430
4780, 0.1651, 0.433
4781, 0.1617, 0.432
4782, 0.1544, 0.426
4783, 0.1613, 0.431
4784, 0.1298, 0.434
4785, 0.2941, 0.437
4786, 0.1730, 0.434
4787, 0.1708, 0.465
4788, 0.1678, 0.436
4789, 0.1692, 0.446
4790, 0.1596, 0.429
4791, 0.0924, 0.438
4792, 0.1390, 0.434
4793, 0.2173, 0.424
4794, 0.1428, 0.436
4795, 0.1603, 0.427
4796, 0.2248, 0.447
4797, 0.2124, 0.433
4798, 0.1687, 0.432
4799, 0.1175, 0.440
4800, 0.1454, 0.451
4801, 0.1070, 0.420
4802, 0.1162, 0.437
4803, 0.0535, 0.437
4804, 0.1468, 0.445
4805, 0.2023, 0.543
4806, 0.1810, 0.425
4807, 0.1125, 0.423
4808, 0.1697, 0.419
4809, 0.1476, 0.427
4810, 0.1725, 0.426
4811, 0.1523, 0.431
4812, 0.1906, 0.426
4813, 0.1070, 0.428
4814, 0.1051, 0.424
4815, 0.0990, 0.438
4816, 0.1097, 0.424
4817, 0.1177, 0.434
4818, 0.1000, 0.458
4819, 0.2069, 0.426
4820, 0.0928, 0.478
4821, 0.1269, 0.471
4822, 0.1391, 0.471
4823, 0.2815, 0.469
4824, 0.0625, 0.481
4825, 0.1085, 0.424
4826, 0.0648, 0.424
4827, 0.1364, 0.425
4828, 0.1314, 0.443
4829, 0.1463, 0.441
4830, 0.1405, 0.421
4831, 0.1699, 0.430
4832, 0.1810, 0.426
4833, 0.1392, 0.426
4834, 0.1166, 0.426
4835, 0.1763, 0.432
4836, 0.1898, 0.449
4837, 0.1097, 0.436
4838, 0.1735, 0.439
4839, 0.1422, 0.437
4840, 0.1023, 0.438
4841, 0.1577, 0.421
4842, 0.1375, 0.438
4843, 0.1384, 0.429
4844, 0.2144, 0.426
4845, 0.1233, 0.420
4846, 0.1069, 0.433
4847, 0.1559, 0.428
4848, 0.1305, 0.423
4849, 0.1321, 0.435
4850, 0.1007, 0.427
4851, 0.1356, 0.427
4852, 0.0883, 0.437
4853, 0.1089, 0.433
4854, 0.1499, 0.424
4855, 0.1482, 0.422
4856, 0.1404, 0.422
4857, 0.1498, 0.420
4858, 0.1448, 0.420
4859, 0.1517, 0.427
4860, 0.0889, 0.432
4861, 0.1808, 0.433
4862, 0.1588, 0.425
4863, 0.1156, 0.424
4864, 0.1633, 0.425
4865, 0.0614, 0.426
4866, 0.1162, 0.435
4867, 0.1492, 0.431
4868, 0.1734, 0.427
4869, 0.1548, 0.424
4870, 0.1196, 0.423
4871, 0.2059, 0.421
4872, 0.1340, 0.418
4873, 0.0890, 0.426
4874, 0.1672, 0.423
4875, 0.1915, 0.424
4876, 0.0874, 0.418
4877, 0.1930, 0.421
4878, 0.1482, 0.422
4879, 0.1702, 0.435
4880, 0.1462, 0.426
4881, 0.1747, 0.429
4882, 0.2031, 0.429
4883, 0.2060, 0.425
4884, 0.2596, 0.424
4885, 0.1581, 0.461
4886, 0.1700, 0.466
4887, 0.1296, 0.429
4888, 0.1480, 0.424
4889, 0.0765, 0.426
4890, 0.2827, 0.428
4891, 0.2000, 0.438
4892, 0.1594, 0.423
4893, 0.2381, 0.426
4894, 0.0959, 0.422
4895, 0.1766, 0.425
4896, 0.0812, 0.423
4897, 0.1314, 0.425
4898, 0.1384, 0.424
4899, 0.1743, 0.432
4900, 0.1655, 0.416
4901, 0.1670, 0.419
4902, 0.1468, 0.423
4903, 0.1772, 0.435
4904, 0.0839, 0.425
4905, 0.0817, 0.432
4906, 0.1922, 0.422
4907, 0.1176, 0.423
4908, 0.2175, 0.430
4909, 0.2050, 0.425
4910, 0.1426, 0.428
4911, 0.1431, 0.430
4912, 0.0403, 0.432
4913, 0.0262, 0.431
4914, 0.1491, 0.430
4915, 0.1077, 0.442
4916, 0.1836, 0.428
4917, 0.1089, 0.428
4918, 0.2060, 0.448
4919, 0.0951, 0.428
4920, 0.2238, 0.427
4921, 0.1810, 0.434
4922, 0.2004, 0.432
4923, 0.1975, 0.438
4924, 0.2713, 0.431
4925, 0.1567, 0.439
4926, 0.1214, 0.430
4927, 0.1719, 0.427
4928, 0.1595, 0.427
4929, 0.1066, 0.427
4930, 0.1309, 0.432
4931, 0.1005, 0.427
4932, 0.1689, 0.427
4933, 0.2446, 0.430
4934, 0.1653, 0.430
4935, 0.2044, 0.430
4936, 0.1792, 0.440
4937, 0.1852, 0.430
4938, 0.0910, 0.426
4939, 0.1546, 0.428
4940, 0.1612, 0.430
4941, 0.2249, 0.430
4942, 0.2029, 0.468
4943, 0.0746, 0.426
4944, 0.1923, 0.424
4945, 0.1496, 0.438
4946, 0.0700, 0.426
4947, 0.1636, 0.426
4948, 0.1582, 0.427
4949, 0.1253, 0.428
4950, 0.1654, 0.427
4951, 0.1461, 0.424
4952, 0.1969, 0.427
4953, 0.1266, 0.423
4954, 0.1358, 0.424
4955, 0.0621, 0.424
4956, 0.1068, 0.434
4957, 0.1085, 0.429
4958, 0.1666, 0.426
4959, 0.1200, 0.438
4960, 0.0899, 0.428
4961, 0.1588, 0.426
4962, 0.1108, 0.427
4963, 0.1561, 0.425
4964, 0.1203, 0.427
4965, 0.1830, 0.427
4966, 0.1317, 0.431
4967, 0.1514, 0.432
4968, 0.1470, 0.427
4969, 0.1630, 0.474
4970, 0.1222, 0.428
4971, 0.1056, 0.426
4972, 0.1452, 0.429
4973, 0.1879, 0.440
4974, 0.1643, 0.426
4975, 0.1409, 0.426
4976, 0.0940, 0.425
4977, 0.1226, 0.427
4978, 0.0765, 0.427
4979, 0.1557, 0.432
4980, 0.0654, 0.428
4981, 0.1471, 0.429
4982, 0.0782, 0.428
4983, 0.0774, 0.426
4984, 0.1255, 0.435
4985, 0.2053, 0.425
4986, 0.1502, 0.427
4987, 0.1412, 0.427
4988, 0.1571, 0.425
4989, 0.1626, 0.426
4990, 0.2398, 0.428
4991, 0.2190, 0.432
4992, 0.1651, 0.429
4993, 0.0989, 0.431
4994, 0.0736, 0.450
4995, 0.0831, 0.429
4996, 0.1318, 0.426
4997, 0.1631, 0.453
4998, 0.2246, 0.427
4999, 0.0792, 0.427
5000, 0.1363, 0.428
