0, 0.5010, 2.008
1, 0.4928, 0.427
2, 0.4987, 0.458
3, 0.4924, 0.444
4, 0.5051, 0.430
5, 0.4860, 0.439
6, 0.4844, 0.472
7, 0.5055, 0.440
8, 0.4978, 0.436
9, 0.5012, 0.424
10, 0.4973, 0.431
11, 0.4870, 0.464
12, 0.4864, 0.441
13, 0.4933, 0.462
14, 0.4895, 0.441
15, 0.5035, 0.441
16, 0.4881, 0.438
17, 0.4825, 0.420
18, 0.4813, 0.419
19, 0.4855, 0.420
20, 0.5012, 0.421
21, 0.5132, 0.466
22, 0.5023, 0.439
23, 0.4768, 0.441
24, 0.4876, 0.433
25, 0.4967, 0.475
26, 0.4960, 0.459
27, 0.4900, 0.459
28, 0.4939, 0.497
29, 0.5110, 0.457
30, 0.4916, 0.450
31, 0.4970, 0.453
32, 0.4990, 0.460
33, 0.4892, 0.553
34, 0.4975, 0.444
35, 0.4888, 0.439
36, 0.4888, 0.430
37, 0.4924, 0.430
38, 0.5029, 0.436
39, 0.4899, 0.433
40, 0.4889, 0.437
41, 0.5044, 0.451
42, 0.5067, 0.441
43, 0.4969, 0.450
44, 0.4929, 0.440
45, 0.4944, 0.451
46, 0.5168, 0.454
47, 0.4959, 0.436
48, 0.4822, 0.468
49, 0.4902, 0.457
50, 0.4995, 0.442
51, 0.4803, 0.442
52, 0.4880, 0.442
53, 0.4918, 0.429
54, 0.4818, 0.435
55, 0.4932, 0.432
56, 0.4950, 0.430
57, 0.4886, 0.426
58, 0.4906, 0.425
59, 0.4967, 0.438
60, 0.4934, 0.452
61, 0.4907, 0.449
62, 0.4861, 0.438
63, 0.4912, 0.430
64, 0.4934, 0.421
65, 0.4932, 0.443
66, 0.4842, 0.440
67, 0.4943, 0.460
68, 0.4886, 0.433
69, 0.5031, 0.420
70, 0.4978, 0.433
71, 0.4979, 0.446
72, 0.5035, 0.438
73, 0.5011, 0.433
74, 0.4932, 0.436
75, 0.4960, 0.449
76, 0.4854, 0.439
77, 0.4965, 0.451
78, 0.4990, 0.436
79, 0.4963, 0.439
80, 0.4864, 0.433
81, 0.4950, 0.438
82, 0.4909, 0.447
83, 0.4976, 0.445
84, 0.4990, 0.434
85, 0.4896, 0.427
86, 0.4886, 0.488
87, 0.4823, 0.438
88, 0.4973, 0.420
89, 0.4855, 0.429
90, 0.4982, 0.438
91, 0.4973, 0.434
92, 0.5008, 0.430
93, 0.4810, 0.420
94, 0.5001, 0.431
95, 0.4931, 0.432
96, 0.4994, 0.424
97, 0.4875, 0.432
98, 0.5040, 0.439
99, 0.5044, 0.438
100, 0.4813, 0.433
101, 0.4844, 0.432
102, 0.4831, 0.440
103, 0.4934, 0.425
104, 0.4870, 0.420
105, 0.5037, 0.421
106, 0.4957, 0.421
107, 0.4823, 0.421
108, 0.4740, 0.425
109, 0.4970, 0.423
110, 0.5009, 0.434
111, 0.4909, 0.432
112, 0.4928, 0.425
113, 0.4873, 0.430
114, 0.4937, 0.431
115, 0.4769, 0.426
116, 0.4751, 0.436
117, 0.4873, 0.422
118, 0.4798, 0.432
119, 0.5028, 0.434
120, 0.4908, 0.426
121, 0.4833, 0.429
122, 0.5011, 0.442
123, 0.4754, 0.426
124, 0.4924, 0.426
125, 0.4883, 0.424
126, 0.4924, 0.431
127, 0.4931, 0.451
128, 0.4893, 0.425
129, 0.4720, 0.454
130, 0.4787, 0.434
131, 0.4782, 0.439
132, 0.4853, 0.429
133, 0.4790, 0.423
134, 0.4820, 0.425
135, 0.4816, 0.420
136, 0.4924, 0.424
137, 0.5032, 0.438
138, 0.4992, 0.435
139, 0.4877, 0.421
140, 0.4770, 0.421
141, 0.4789, 0.424
142, 0.4903, 0.425
143, 0.4944, 0.435
144, 0.4985, 0.432
145, 0.5013, 0.439
146, 0.4960, 0.433
147, 0.4976, 0.422
148, 0.5021, 0.421
149, 0.5024, 0.427
150, 0.5062, 0.431
151, 0.5092, 0.440
152, 0.4847, 0.421
153, 0.5010, 0.439
154, 0.5100, 0.437
155, 0.4928, 0.425
156, 0.5020, 0.429
157, 0.4863, 0.430
158, 0.4800, 0.437
159, 0.5110, 0.436
160, 0.4911, 0.426
161, 0.4912, 0.430
162, 0.4981, 0.435
163, 0.4796, 0.428
164, 0.4920, 0.422
165, 0.4921, 0.423
166, 0.5032, 0.430
167, 0.5001, 0.442
168, 0.4835, 0.423
169, 0.4773, 0.430
170, 0.4805, 0.438
171, 0.5051, 0.433
172, 0.4972, 0.441
173, 0.4986, 0.428
174, 0.4741, 0.429
175, 0.5080, 0.427
176, 0.4910, 0.429
177, 0.4978, 0.427
178, 0.4821, 0.427
179, 0.4888, 0.451
180, 0.4868, 0.426
181, 0.4902, 0.424
182, 0.4735, 0.423
183, 0.4944, 0.430
184, 0.4874, 0.425
185, 0.4975, 0.426
186, 0.4922, 0.425
187, 0.4803, 0.425
188, 0.5006, 0.424
189, 0.4894, 0.423
190, 0.4937, 0.436
191, 0.4852, 0.437
192, 0.5064, 0.425
193, 0.4996, 0.427
194, 0.4950, 0.479
195, 0.4927, 0.452
196, 0.4876, 0.480
197, 0.4930, 0.477
198, 0.4830, 0.476
199, 0.4947, 0.469
200, 0.4890, 0.470
201, 0.5114, 0.441
202, 0.5260, 0.423
203, 0.5046, 0.428
204, 0.5100, 0.424
205, 0.4831, 0.462
206, 0.5167, 0.430
207, 0.4921, 0.420
208, 0.4960, 0.424
209, 0.4943, 0.428
210, 0.4797, 0.424
211, 0.4890, 0.433
212, 0.4881, 0.440
213, 0.4825, 0.449
214, 0.4664, 0.443
215, 0.4949, 0.447
216, 0.4869, 0.460
217, 0.4778, 0.457
218, 0.4991, 0.455
219, 0.4924, 0.455
220, 0.4886, 0.455
221, 0.4899, 0.462
222, 0.4954, 0.488
223, 0.4840, 0.445
224, 0.4900, 0.425
225, 0.4981, 0.430
226, 0.4901, 0.430
227, 0.4967, 0.427
228, 0.5015, 0.426
229, 0.4743, 0.424
230, 0.4919, 0.418
231, 0.4745, 0.414
232, 0.4930, 0.418
233, 0.4871, 0.429
234, 0.4782, 0.457
235, 0.4825, 0.439
236, 0.5007, 0.438
237, 0.4676, 0.442
238, 0.4642, 0.414
239, 0.4806, 0.416
240, 0.4896, 0.424
241, 0.4832, 0.428
242, 0.4914, 0.607
243, 0.4848, 0.427
244, 0.4809, 0.424
245, 0.4864, 0.433
246, 0.5025, 0.425
247, 0.4951, 0.434
248, 0.4749, 0.474
249, 0.4851, 0.422
250, 0.4910, 0.429
251, 0.4873, 0.447
252, 0.4785, 0.423
253, 0.4933, 0.426
254, 0.4943, 0.428
255, 0.4976, 0.435
256, 0.5154, 0.436
257, 0.4820, 0.432
258, 0.4786, 0.423
259, 0.5006, 0.434
260, 0.4918, 0.424
261, 0.4868, 0.427
262, 0.5081, 0.430
263, 0.4921, 0.427
264, 0.5025, 0.444
265, 0.4868, 0.424
266, 0.4722, 0.443
267, 0.5013, 0.429
268, 0.4930, 0.431
269, 0.4762, 0.433
270, 0.4956, 0.429
271, 0.4877, 0.432
272, 0.4811, 0.428
273, 0.4821, 0.420
274, 0.4874, 0.437
275, 0.4966, 0.423
276, 0.4858, 0.431
277, 0.4977, 0.429
278, 0.5035, 0.431
279, 0.5057, 0.420
280, 0.4736, 0.421
281, 0.4974, 0.416
282, 0.4896, 0.423
283, 0.5006, 0.423
284, 0.4929, 0.418
285, 0.4988, 0.425
286, 0.5032, 0.418
287, 0.4977, 0.434
288, 0.4670, 0.431
289, 0.4960, 0.424
290, 0.4941, 0.425
291, 0.4699, 0.422
292, 0.4894, 0.420
293, 0.4711, 0.424
294, 0.4901, 0.425
295, 0.4616, 0.427
296, 0.5233, 0.418
297, 0.4728, 0.428
298, 0.4772, 0.419
299, 0.4945, 0.422
300, 0.4795, 0.418
301, 0.4848, 0.429
302, 0.4840, 0.423
303, 0.4817, 0.419
304, 0.4770, 0.424
305, 0.4748, 0.418
306, 0.4590, 0.422
307, 0.4984, 0.417
308, 0.4741, 0.418
309, 0.5137, 0.429
310, 0.4866, 0.418
311, 0.4726, 0.423
312, 0.4896, 0.420
313, 0.4812, 0.428
314, 0.4793, 0.430
315, 0.4871, 0.454
316, 0.4969, 0.432
317, 0.4785, 0.423
318, 0.4950, 0.424
319, 0.4934, 0.421
320, 0.4865, 0.424
321, 0.4669, 0.422
322, 0.4891, 0.422
323, 0.4820, 0.421
324, 0.4706, 0.432
325, 0.4908, 0.420
326, 0.4902, 0.425
327, 0.4815, 0.425
328, 0.4820, 0.423
329, 0.4933, 0.454
330, 0.4962, 0.425
331, 0.4680, 0.422
332, 0.4913, 0.415
333, 0.5056, 0.420
334, 0.4762, 0.423
335, 0.4779, 0.424
336, 0.4905, 0.421
337, 0.5175, 0.424
338, 0.5203, 0.427
339, 0.4957, 0.428
340, 0.4833, 0.419
341, 0.4821, 0.421
342, 0.4842, 0.432
343, 0.4726, 0.433
344, 0.4986, 0.431
345, 0.4904, 0.417
346, 0.4846, 0.423
347, 0.4846, 0.419
348, 0.4713, 0.428
349, 0.4832, 0.422
350, 0.4787, 0.422
351, 0.4895, 0.423
352, 0.4608, 0.423
353, 0.4862, 0.417
354, 0.4863, 0.422
355, 0.4999, 0.420
356, 0.4815, 0.423
357, 0.4751, 0.422
358, 0.4809, 0.424
359, 0.4764, 0.437
360, 0.4850, 0.442
361, 0.4918, 0.433
362, 0.4858, 0.421
363, 0.4885, 0.422
364, 0.4926, 0.422
365, 0.4923, 0.434
366, 0.5038, 0.435
367, 0.5065, 0.435
368, 0.5116, 0.441
369, 0.4793, 0.426
370, 0.4832, 0.427
371, 0.4874, 0.422
372, 0.4877, 0.420
373, 0.5017, 0.421
374, 0.4952, 0.426
375, 0.4517, 0.426
376, 0.4905, 0.420
377, 0.4849, 0.414
378, 0.4980, 0.415
379, 0.5013, 0.417
380, 0.4927, 0.416
381, 0.4894, 0.419
382, 0.5044, 0.431
383, 0.4951, 0.419
384, 0.4661, 0.424
385, 0.4839, 0.422
386, 0.4857, 0.425
387, 0.4848, 0.420
388, 0.4740, 0.417
389, 0.4893, 0.417
390, 0.4899, 0.422
391, 0.4654, 0.424
392, 0.4802, 0.429
393, 0.4825, 0.428
394, 0.4955, 0.429
395, 0.4707, 0.427
396, 0.4685, 0.523
397, 0.4965, 0.430
398, 0.4890, 0.428
399, 0.5179, 0.433
400, 0.4907, 0.431
401, 0.4935, 0.413
402, 0.5016, 0.431
403, 0.4723, 0.428
404, 0.4402, 0.430
405, 0.5124, 0.438
406, 0.4513, 0.427
407, 0.4882, 0.425
408, 0.4929, 0.425
409, 0.4858, 0.423
410, 0.4766, 0.422
411, 0.4984, 0.434
412, 0.4971, 0.427
413, 0.4713, 0.426
414, 0.4932, 0.431
415, 0.4811, 0.439
416, 0.4997, 0.439
417, 0.4748, 0.503
418, 0.4717, 0.426
419, 0.5028, 0.424
420, 0.4852, 0.424
421, 0.4769, 0.425
422, 0.4893, 0.426
423, 0.4757, 0.424
424, 0.4827, 0.425
425, 0.4992, 0.431
426, 0.4768, 0.435
427, 0.4845, 0.426
428, 0.4767, 0.431
429, 0.4861, 0.443
430, 0.4508, 0.426
431, 0.4553, 0.429
432, 0.4875, 0.431
433, 0.4922, 0.430
434, 0.4786, 0.442
435, 0.4848, 0.429
436, 0.4792, 0.434
437, 0.4614, 0.428
438, 0.4753, 0.460
439, 0.4968, 0.552
440, 0.4622, 0.425
441, 0.4669, 0.425
442, 0.4661, 0.447
443, 0.4692, 0.423
444, 0.4846, 0.429
445, 0.4784, 0.424
446, 0.4792, 0.428
447, 0.4723, 0.432
448, 0.4812, 0.429
449, 0.4916, 0.433
450, 0.4829, 0.443
451, 0.4544, 0.446
452, 0.4840, 0.420
453, 0.4769, 0.421
454, 0.5037, 0.436
455, 0.5100, 0.432
456, 0.4872, 0.420
457, 0.4749, 0.431
458, 0.5032, 0.420
459, 0.4727, 0.431
460, 0.4933, 0.421
461, 0.4775, 0.423
462, 0.4699, 0.421
463, 0.4730, 0.423
464, 0.4993, 0.427
465, 0.4914, 0.431
466, 0.4802, 0.418
467, 0.4724, 0.425
468, 0.4533, 0.423
469, 0.5055, 0.420
470, 0.4878, 0.418
471, 0.4644, 0.423
472, 0.4778, 0.425
473, 0.4650, 0.420
474, 0.5163, 0.421
475, 0.4660, 0.420
476, 0.4943, 0.420
477, 0.4946, 0.420
478, 0.5399, 0.424
479, 0.5035, 0.420
480, 0.5022, 0.422
481, 0.5099, 0.425
482, 0.4720, 0.432
483, 0.4980, 0.428
484, 0.4986, 0.418
485, 0.4966, 0.446
486, 0.4486, 0.424
487, 0.4285, 0.438
488, 0.4734, 0.423
489, 0.4915, 0.421
490, 0.4840, 0.426
491, 0.4547, 0.423
492, 0.4664, 0.422
493, 0.4598, 0.426
494, 0.4767, 0.422
495, 0.4372, 0.421
496, 0.4653, 0.423
497, 0.4794, 0.461
498, 0.3985, 0.423
499, 0.4319, 0.420
500, 0.5060, 0.421
501, 0.4773, 0.417
502, 0.4921, 0.428
503, 0.4529, 0.419
504, 0.4726, 0.420
505, 0.4338, 0.428
506, 0.5135, 0.424
507, 0.4636, 0.420
508, 0.4539, 0.418
509, 0.4469, 0.433
510, 0.4782, 0.431
511, 0.4835, 0.421
512, 0.4551, 0.430
513, 0.4545, 0.435
514, 0.4996, 0.431
515, 0.4863, 0.453
516, 0.4607, 0.450
517, 0.4787, 0.435
518, 0.4505, 0.421
519, 0.4621, 0.421
520, 0.4665, 0.423
521, 0.4423, 0.431
522, 0.4745, 0.419
523, 0.4866, 0.423
524, 0.4755, 0.431
525, 0.4601, 0.420
526, 0.4989, 0.437
527, 0.4377, 0.460
528, 0.4826, 0.458
529, 0.4658, 0.453
530, 0.5054, 0.453
531, 0.4798, 0.458
532, 0.3846, 0.458
533, 0.5005, 0.454
534, 0.5119, 0.454
535, 0.4613, 0.455
536, 0.4424, 0.430
537, 0.4590, 0.432
538, 0.4770, 0.435
539, 0.4510, 0.422
540, 0.4841, 0.420
541, 0.4546, 0.417
542, 0.4398, 0.422
543, 0.4624, 0.425
544, 0.5065, 0.428
545, 0.4880, 0.437
546, 0.4393, 0.421
547, 0.4693, 0.419
548, 0.4993, 0.452
549, 0.5052, 0.458
550, 0.4699, 0.457
551, 0.4676, 0.454
552, 0.4383, 0.456
553, 0.4744, 0.455
554, 0.4776, 0.454
555, 0.4841, 0.426
556, 0.4442, 0.420
557, 0.4848, 0.418
558, 0.4727, 0.422
559, 0.4560, 0.425
560, 0.4581, 0.417
561, 0.4416, 0.424
562, 0.4814, 0.418
563, 0.4807, 0.414
564, 0.4847, 0.433
565, 0.4915, 0.419
566, 0.4920, 0.422
567, 0.4609, 0.433
568, 0.4505, 0.425
569, 0.4811, 0.440
570, 0.4777, 0.421
571, 0.4251, 0.430
572, 0.4316, 0.419
573, 0.4687, 0.423
574, 0.4913, 0.422
575, 0.4490, 0.417
576, 0.4275, 0.420
577, 0.4474, 0.417
578, 0.4493, 0.433
579, 0.4460, 0.418
580, 0.4738, 0.423
581, 0.4458, 0.417
582, 0.4063, 0.422
583, 0.4256, 0.425
584, 0.4468, 0.442
585, 0.4481, 0.420
586, 0.4924, 0.419
587, 0.4729, 0.419
588, 0.4511, 0.415
589, 0.4603, 0.417
590, 0.4900, 0.412
591, 0.4257, 0.413
592, 0.4839, 0.414
593, 0.4551, 0.411
594, 0.4630, 0.410
595, 0.5130, 0.411
596, 0.5147, 0.411
597, 0.4768, 0.413
598, 0.4593, 0.419
599, 0.4518, 0.426
600, 0.4859, 0.422
601, 0.4042, 0.408
602, 0.4097, 0.421
603, 0.4337, 0.423
604, 0.4341, 0.425
605, 0.4292, 0.442
606, 0.4679, 0.426
607, 0.4765, 0.427
608, 0.4516, 0.425
609, 0.4577, 0.425
610, 0.4596, 0.443
611, 0.4739, 0.423
612, 0.4896, 0.458
613, 0.4711, 0.425
614, 0.4996, 0.442
615, 0.4538, 0.527
616, 0.4647, 0.423
617, 0.4617, 0.425
618, 0.4564, 0.429
619, 0.4418, 0.443
620, 0.4329, 0.427
621, 0.3878, 0.426
622, 0.5052, 0.422
623, 0.4527, 0.439
624, 0.4463, 0.428
625, 0.5052, 0.429
626, 0.5249, 0.431
627, 0.5033, 0.436
628, 0.5190, 0.439
629, 0.4653, 0.447
630, 0.4546, 0.455
631, 0.4531, 0.441
632, 0.4344, 0.426
633, 0.4203, 0.431
634, 0.4440, 0.427
635, 0.4565, 0.427
636, 0.4622, 0.429
637, 0.4631, 0.462
638, 0.4581, 0.461
639, 0.4727, 0.564
640, 0.4784, 0.435
641, 0.4925, 0.432
642, 0.4785, 0.430
643, 0.4685, 0.442
644, 0.4500, 0.444
645, 0.4524, 0.447
646, 0.4068, 0.435
647, 0.4339, 0.445
648, 0.4108, 0.433
649, 0.4843, 0.435
650, 0.4528, 0.426
651, 0.4891, 0.426
652, 0.4507, 0.425
653, 0.4451, 0.429
654, 0.4263, 0.444
655, 0.3844, 0.428
656, 0.4696, 0.429
657, 0.4220, 0.426
658, 0.4585, 0.426
659, 0.3945, 0.434
660, 0.4662, 0.433
661, 0.4486, 0.430
662, 0.4779, 0.428
663, 0.4529, 0.430
664, 0.4572, 0.429
665, 0.4164, 0.446
666, 0.4658, 0.429
667, 0.4610, 0.427
668, 0.4779, 0.441
669, 0.4482, 0.467
670, 0.4571, 0.468
671, 0.4433, 0.473
672, 0.4383, 0.469
673, 0.4801, 0.452
674, 0.4444, 0.456
675, 0.4571, 0.444
676, 0.4409, 0.433
677, 0.4674, 0.444
678, 0.5146, 0.430
679, 0.4227, 0.449
680, 0.5027, 0.453
681, 0.4411, 0.429
682, 0.3890, 0.441
683, 0.4436, 0.428
684, 0.4964, 0.425
685, 0.4417, 0.443
686, 0.4575, 0.435
687, 0.4668, 0.436
688, 0.4484, 0.442
689, 0.4382, 0.443
690, 0.4793, 0.447
691, 0.4715, 0.439
692, 0.4571, 0.445
693, 0.4510, 0.443
694, 0.4083, 0.430
695, 0.4212, 0.434
696, 0.3810, 0.416
697, 0.4562, 0.421
698, 0.4317, 0.425
699, 0.4826, 0.422
700, 0.3851, 0.422
701, 0.4097, 0.424
702, 0.3728, 0.425
703, 0.3644, 0.435
704, 0.4720, 0.423
705, 0.4345, 0.421
706, 0.4518, 0.424
707, 0.4251, 0.425
708, 0.4306, 0.425
709, 0.4034, 0.432
710, 0.3542, 0.424
711, 0.4671, 0.428
712, 0.4422, 0.425
713, 0.4427, 0.456
714, 0.4448, 0.425
715, 0.4381, 0.421
716, 0.4681, 0.419
717, 0.3985, 0.415
718, 0.4639, 0.415
719, 0.4216, 0.428
720, 0.4060, 0.431
721, 0.5061, 0.421
722, 0.4546, 0.429
723, 0.4415, 0.421
724, 0.3734, 0.424
725, 0.4598, 0.430
726, 0.4876, 0.437
727, 0.4494, 0.420
728, 0.4851, 0.428
729, 0.4798, 0.427
730, 0.4705, 0.419
731, 0.4827, 0.420
732, 0.4529, 0.420
733, 0.4567, 0.421
734, 0.4213, 0.432
735, 0.3630, 0.421
736, 0.4810, 0.425
737, 0.4917, 0.422
738, 0.4413, 0.420
739, 0.4119, 0.423
740, 0.4123, 0.421
741, 0.4682, 0.431
742, 0.4404, 0.428
743, 0.4062, 0.423
744, 0.4518, 0.423
745, 0.4814, 0.430
746, 0.4826, 0.432
747, 0.4493, 0.429
748, 0.5253, 0.422
749, 0.3697, 0.420
750, 0.4497, 0.422
751, 0.4632, 0.433
752, 0.4655, 0.431
753, 0.4505, 0.421
754, 0.4196, 0.429
755, 0.4269, 0.433
756, 0.4415, 0.427
757, 0.4964, 0.422
758, 0.4342, 0.450
759, 0.3853, 0.441
760, 0.4520, 0.432
761, 0.4355, 0.446
762, 0.4255, 0.421
763, 0.4641, 0.423
764, 0.4577, 0.432
765, 0.4633, 0.421
766, 0.3682, 0.432
767, 0.4585, 0.432
768, 0.4231, 0.451
769, 0.3967, 0.425
770, 0.3910, 0.438
771, 0.4608, 0.446
772, 0.3285, 0.433
773, 0.3911, 0.425
774, 0.4615, 0.427
775, 0.4215, 0.432
776, 0.3310, 0.429
777, 0.4140, 0.443
778, 0.4887, 0.495
779, 0.4466, 0.464
780, 0.4508, 0.459
781, 0.4287, 0.455
782, 0.4235, 0.426
783, 0.4070, 0.425
784, 0.4253, 0.430
785, 0.4779, 0.460
786, 0.4555, 0.457
787, 0.4561, 0.456
788, 0.4948, 0.424
789, 0.4529, 0.427
790, 0.4141, 0.431
791, 0.4965, 0.475
792, 0.4470, 0.464
793, 0.4217, 0.448
794, 0.4012, 0.427
795, 0.4466, 0.423
796, 0.4328, 0.430
797, 0.4108, 0.436
798, 0.3716, 0.427
799, 0.3434, 0.440
800, 0.4117, 0.431
801, 0.4465, 0.422
802, 0.4249, 0.442
803, 0.4301, 0.479
804, 0.4773, 0.431
805, 0.3348, 0.443
806, 0.4342, 0.427
807, 0.3955, 0.439
808, 0.4404, 0.440
809, 0.4836, 0.443
810, 0.4821, 0.433
811, 0.4351, 0.432
812, 0.4562, 0.432
813, 0.4286, 0.441
814, 0.3636, 0.429
815, 0.5000, 0.428
816, 0.3741, 0.429
817, 0.3977, 0.437
818, 0.4129, 0.513
819, 0.4345, 0.424
820, 0.3327, 0.424
821, 0.3816, 0.434
822, 0.4372, 0.436
823, 0.4300, 0.426
824, 0.3444, 0.436
825, 0.3567, 0.443
826, 0.4452, 0.437
827, 0.4236, 0.442
828, 0.3425, 0.428
829, 0.4154, 0.431
830, 0.4835, 0.446
831, 0.4296, 0.444
832, 0.4016, 0.439
833, 0.4059, 0.434
834, 0.4343, 0.453
835, 0.3861, 0.431
836, 0.3242, 0.461
837, 0.3772, 0.431
838, 0.3071, 0.469
839, 0.3810, 0.486
840, 0.3447, 0.428
841, 0.4221, 0.431
842, 0.2768, 0.441
843, 0.2705, 0.428
844, 0.3821, 0.427
845, 0.3473, 0.446
846, 0.4404, 0.443
847, 0.4271, 0.433
848, 0.4217, 0.427
849, 0.3905, 0.435
850, 0.4149, 0.429
851, 0.4388, 0.424
852, 0.3686, 0.424
853, 0.4391, 0.431
854, 0.4092, 0.432
855, 0.3970, 0.430
856, 0.3810, 0.434
857, 0.3755, 0.436
858, 0.3075, 0.423
859, 0.2778, 0.430
860, 0.4598, 0.442
861, 0.3557, 0.425
862, 0.3875, 0.435
863, 0.3769, 0.443
864, 0.4026, 0.444
865, 0.4238, 0.426
866, 0.3163, 0.429
867, 0.3200, 0.424
868, 0.4579, 0.437
869, 0.3612, 0.426
870, 0.4431, 0.441
871, 0.3138, 0.433
872, 0.3721, 0.432
873, 0.4089, 0.430
874, 0.2841, 0.429
875, 0.2625, 0.422
876, 0.2470, 0.422
877, 0.3092, 0.420
878, 0.2975, 0.419
879, 0.4047, 0.422
880, 0.3015, 0.418
881, 0.2683, 0.421
882, 0.3193, 0.425
883, 0.3110, 0.419
884, 0.2306, 0.422
885, 0.4098, 0.423
886, 0.3611, 0.426
887, 0.2826, 0.420
888, 0.4179, 0.429
889, 0.3552, 0.420
890, 0.2998, 0.422
891, 0.3657, 0.419
892, 0.2548, 0.418
893, 0.2892, 0.413
894, 0.3394, 0.427
895, 0.3394, 0.441
896, 0.3267, 0.445
897, 0.3249, 0.430
898, 0.3672, 0.426
899, 0.2971, 0.423
900, 0.3494, 0.425
901, 0.3160, 0.420
902, 0.3544, 0.430
903, 0.3720, 0.431
904, 0.3590, 0.439
905, 0.3496, 0.433
906, 0.3386, 0.434
907, 0.3834, 0.433
908, 0.3442, 0.438
909, 0.3983, 0.442
910, 0.3374, 0.439
911, 0.3196, 0.428
912, 0.3268, 0.432
913, 0.3306, 0.428
914, 0.4655, 0.426
915, 0.3658, 0.424
916, 0.3519, 0.421
917, 0.2812, 0.428
918, 0.4655, 0.428
919, 0.4197, 0.432
920, 0.4289, 0.437
921, 0.3868, 0.430
922, 0.3541, 0.429
923, 0.3082, 0.437
924, 0.3083, 0.430
925, 0.2977, 0.436
926, 0.3393, 0.428
927, 0.3065, 0.429
928, 0.3307, 0.429
929, 0.4013, 0.431
930, 0.3216, 0.426
931, 0.2622, 0.432
932, 0.3913, 0.426
933, 0.4170, 0.427
934, 0.4535, 0.433
935, 0.3249, 0.430
936, 0.3806, 0.428
937, 0.3724, 0.429
938, 0.3414, 0.420
939, 0.4074, 0.426
940, 0.3598, 0.422
941, 0.3499, 0.430
942, 0.3310, 0.432
943, 0.3943, 0.423
944, 0.2952, 0.429
945, 0.3168, 0.429
946, 0.3629, 0.424
947, 0.3972, 0.428
948, 0.4221, 0.430
949, 0.3954, 0.430
950, 0.2453, 0.439
951, 0.4435, 0.430
952, 0.4237, 0.433
953, 0.2594, 0.433
954, 0.3629, 0.421
955, 0.4364, 0.428
956, 0.3595, 0.426
957, 0.3722, 0.425
958, 0.3971, 0.423
959, 0.3197, 0.429
960, 0.3436, 0.421
961, 0.3596, 0.428
962, 0.3087, 0.437
963, 0.2877, 0.425
964, 0.4003, 0.430
965, 0.2873, 0.427
966, 0.4536, 0.431
967, 0.2808, 0.444
968, 0.2925, 0.426
969, 0.3264, 0.432
970, 0.3292, 0.431
971, 0.3250, 0.470
972, 0.3903, 0.424
973, 0.2763, 0.423
974, 0.3750, 0.423
975, 0.2233, 0.420
976, 0.3849, 0.436
977, 0.3781, 0.422
978, 0.4268, 0.431
979, 0.3189, 0.435
980, 0.4510, 0.433
981, 0.2655, 0.430
982, 0.2901, 0.426
983, 0.3816, 0.422
984, 0.4116, 0.442
985, 0.4063, 0.427
986, 0.3518, 0.441
987, 0.4055, 0.425
988, 0.3917, 0.438
989, 0.4021, 0.463
990, 0.3289, 0.424
991, 0.3515, 0.438
992, 0.3554, 0.422
993, 0.3977, 0.420
994, 0.3152, 0.420
995, 0.3629, 0.422
996, 0.3312, 0.425
997, 0.3251, 0.421
998, 0.3783, 0.424
999, 0.3357, 0.426
1000, 0.3218, 0.423
1001, 0.4038, 0.419
1002, 0.3403, 0.439
1003, 0.3170, 0.424
1004, 0.2291, 0.424
1005, 0.2578, 0.421
1006, 0.3553, 0.419
1007, 0.4759, 0.421
1008, 0.3616, 0.422
1009, 0.3676, 0.432
1010, 0.3814, 0.430
1011, 0.3398, 0.426
1012, 0.3383, 0.431
1013, 0.3912, 0.422
1014, 0.3403, 0.427
1015, 0.3720, 0.500
1016, 0.4390, 0.425
1017, 0.3158, 0.423
1018, 0.3614, 0.427
1019, 0.3804, 0.431
1020, 0.4155, 0.427
1021, 0.3463, 0.426
1022, 0.3376, 0.429
1023, 0.4235, 0.429
1024, 0.3602, 0.445
1025, 0.4023, 0.426
1026, 0.3298, 0.422
1027, 0.3337, 0.424
1028, 0.3018, 0.444
1029, 0.3843, 0.439
1030, 0.3475, 0.422
1031, 0.2995, 0.429
1032, 0.2458, 0.424
1033, 0.3723, 0.430
1034, 0.2723, 0.431
1035, 0.2947, 0.444
1036, 0.3871, 0.431
1037, 0.3617, 0.422
1038, 0.2918, 0.421
1039, 0.3281, 0.428
1040, 0.3645, 0.433
1041, 0.3275, 0.424
1042, 0.3604, 0.427
1043, 0.2636, 0.429
1044, 0.2903, 0.443
1045, 0.4116, 0.425
1046, 0.3503, 0.428
1047, 0.3392, 0.440
1048, 0.3394, 0.447
1049, 0.3031, 0.433
1050, 0.3227, 0.431
1051, 0.3862, 0.433
1052, 0.3363, 0.430
1053, 0.3031, 0.426
1054, 0.3843, 0.424
1055, 0.2685, 0.427
1056, 0.3081, 0.435
1057, 0.3276, 0.441
1058, 0.2154, 0.431
1059, 0.3547, 0.427
1060, 0.4083, 0.423
1061, 0.3860, 0.425
1062, 0.3732, 0.425
1063, 0.3169, 0.419
1064, 0.3376, 0.418
1065, 0.4158, 0.423
1066, 0.3308, 0.422
1067, 0.4177, 0.421
1068, 0.3617, 0.424
1069, 0.4198, 0.429
1070, 0.4868, 0.425
1071, 0.3405, 0.423
1072, 0.3617, 0.423
1073, 0.3793, 0.422
1074, 0.3703, 0.423
1075, 0.2982, 0.422
1076, 0.3174, 0.421
1077, 0.3457, 0.426
1078, 0.3633, 0.425
1079, 0.3153, 0.429
1080, 0.3340, 0.433
1081, 0.3133, 0.423
1082, 0.2909, 0.427
1083, 0.3931, 0.434
1084, 0.4084, 0.456
1085, 0.3246, 0.450
1086, 0.3256, 0.460
1087, 0.3022, 0.454
1088, 0.3384, 0.455
1089, 0.3721, 0.453
1090, 0.4588, 0.453
1091, 0.3581, 0.451
1092, 0.4262, 0.456
1093, 0.2620, 0.451
1094, 0.2657, 0.423
1095, 0.3527, 0.421
1096, 0.3041, 0.423
1097, 0.3249, 0.433
1098, 0.3497, 0.426
1099, 0.2289, 0.421
1100, 0.3066, 0.425
1101, 0.3551, 0.440
1102, 0.2840, 0.424
1103, 0.2728, 0.426
1104, 0.3436, 0.432
1105, 0.3274, 0.425
1106, 0.3445, 0.418
1107, 0.3273, 0.429
1108, 0.3032, 0.419
1109, 0.3729, 0.429
1110, 0.3475, 0.431
1111, 0.3790, 0.424
1112, 0.3079, 0.424
1113, 0.3945, 0.417
1114, 0.2933, 0.422
1115, 0.3174, 0.422
1116, 0.2513, 0.429
1117, 0.3404, 0.421
1118, 0.2885, 0.419
1119, 0.3208, 0.425
1120, 0.4412, 0.422
1121, 0.3658, 0.469
1122, 0.3423, 0.456
1123, 0.3184, 0.450
1124, 0.3537, 0.450
1125, 0.2749, 0.451
1126, 0.3467, 0.454
1127, 0.3225, 0.424
1128, 0.3121, 0.419
1129, 0.3119, 0.427
1130, 0.2546, 0.417
1131, 0.2990, 0.432
1132, 0.3729, 0.420
1133, 0.3776, 0.428
1134, 0.4101, 0.424
1135, 0.3661, 0.414
1136, 0.3152, 0.452
1137, 0.3125, 0.424
1138, 0.2838, 0.425
1139, 0.4122, 0.424
1140, 0.3203, 0.416
1141, 0.3238, 0.424
1142, 0.3124, 0.427
1143, 0.2813, 0.427
1144, 0.3362, 0.428
1145, 0.3203, 0.414
1146, 0.3204, 0.423
1147, 0.3474, 0.420
1148, 0.3154, 0.420
1149, 0.2905, 0.422
1150, 0.2301, 0.431
1151, 0.2967, 0.415
1152, 0.3407, 0.425
1153, 0.3241, 0.424
1154, 0.3315, 0.431
1155, 0.3302, 0.422
1156, 0.2881, 0.428
1157, 0.3641, 0.440
1158, 0.3675, 0.434
1159, 0.3376, 0.435
1160, 0.2934, 0.448
1161, 0.3020, 0.430
1162, 0.2408, 0.430
1163, 0.3835, 0.430
1164, 0.3000, 0.430
1165, 0.2749, 0.433
1166, 0.2849, 0.431
1167, 0.2450, 0.425
1168, 0.3106, 0.421
1169, 0.3162, 0.423
1170, 0.3153, 0.423
1171, 0.2316, 0.425
1172, 0.2959, 0.430
1173, 0.2146, 0.423
1174, 0.2989, 0.444
1175, 0.2864, 0.426
1176, 0.4354, 0.435
1177, 0.2967, 0.431
1178, 0.2736, 0.430
1179, 0.2862, 0.435
1180, 0.3023, 0.432
1181, 0.2840, 0.434
1182, 0.3687, 0.431
1183, 0.3012, 0.442
1184, 0.2884, 0.422
1185, 0.3616, 0.423
1186, 0.2766, 0.422
1187, 0.3217, 0.426
1188, 0.2916, 0.420
1189, 0.3139, 0.420
1190, 0.2709, 0.424
1191, 0.2893, 0.425
1192, 0.1597, 0.427
1193, 0.2689, 0.424
1194, 0.2397, 0.422
1195, 0.2660, 0.424
1196, 0.3517, 0.429
1197, 0.2238, 0.428
1198, 0.2966, 0.429
1199, 0.2867, 0.426
1200, 0.3900, 0.423
1201, 0.2979, 0.411
1202, 0.2820, 0.425
1203, 0.2604, 0.421
1204, 0.2696, 0.420
1205, 0.2790, 0.424
1206, 0.2929, 0.422
1207, 0.2515, 0.428
1208, 0.3187, 0.425
1209, 0.2947, 0.426
1210, 0.3245, 0.425
1211, 0.3117, 0.432
1212, 0.3335, 0.429
1213, 0.3021, 0.424
1214, 0.2938, 0.428
1215, 0.3666, 0.515
1216, 0.3637, 0.423
1217, 0.3724, 0.422
1218, 0.2935, 0.435
1219, 0.2795, 0.426
1220, 0.3098, 0.421
1221, 0.2180, 0.424
1222, 0.2395, 0.428
1223, 0.2881, 0.423
1224, 0.2871, 0.428
1225, 0.3123, 0.431
1226, 0.2219, 0.438
1227, 0.3929, 0.426
1228, 0.3494, 0.426
1229, 0.3234, 0.436
1230, 0.2163, 0.429
1231, 0.2441, 0.432
1232, 0.2279, 0.424
1233, 0.2643, 0.422
1234, 0.2998, 0.423
1235, 0.3311, 0.439
1236, 0.2637, 0.435
1237, 0.2975, 0.428
1238, 0.2387, 0.427
1239, 0.3197, 0.421
1240, 0.3049, 0.444
1241, 0.2484, 0.426
1242, 0.3331, 0.432
1243, 0.2639, 0.422
1244, 0.3684, 0.428
1245, 0.3373, 0.430
1246, 0.2818, 0.423
1247, 0.2859, 0.431
1248, 0.2837, 0.427
1249, 0.3014, 0.425
1250, 0.2767, 0.430
1251, 0.2932, 0.433
1252, 0.4003, 0.433
1253, 0.3747, 0.452
1254, 0.3595, 0.446
1255, 0.3308, 0.429
1256, 0.3247, 0.427
1257, 0.2852, 0.425
1258, 0.2969, 0.502
1259, 0.3343, 0.432
1260, 0.3331, 0.425
1261, 0.2274, 0.426
1262, 0.2279, 0.429
1263, 0.3210, 0.423
1264, 0.3340, 0.434
1265, 0.2654, 0.436
1266, 0.2001, 0.434
1267, 0.2928, 0.438
1268, 0.4123, 0.438
1269, 0.2737, 0.431
1270, 0.2724, 0.429
1271, 0.3807, 0.436
1272, 0.4553, 0.424
1273, 0.2297, 0.427
1274, 0.2837, 0.430
1275, 0.3102, 0.421
1276, 0.2794, 0.428
1277, 0.2694, 0.427
1278, 0.2381, 0.430
1279, 0.3224, 0.434
1280, 0.2687, 0.432
1281, 0.2793, 0.428
1282, 0.2785, 0.431
1283, 0.3587, 0.419
1284, 0.3593, 0.429
1285, 0.2145, 0.419
1286, 0.1974, 0.423
1287, 0.2550, 0.417
1288, 0.2842, 0.432
1289, 0.3115, 0.425
1290, 0.2947, 0.420
1291, 0.2860, 0.424
1292, 0.3585, 0.421
1293, 0.3277, 0.424
1294, 0.4249, 0.428
1295, 0.3655, 0.436
1296, 0.3152, 0.420
1297, 0.2451, 0.426
1298, 0.2666, 0.421
1299, 0.3234, 0.420
1300, 0.2003, 0.424
1301, 0.2724, 0.433
1302, 0.2004, 0.423
1303, 0.3339, 0.426
1304, 0.3100, 0.419
1305, 0.3795, 0.424
1306, 0.3806, 0.425
1307, 0.3504, 0.421
1308, 0.2948, 0.420
1309, 0.2985, 0.425
1310, 0.2799, 0.427
1311, 0.2258, 0.425
1312, 0.2551, 0.423
1313, 0.3601, 0.423
1314, 0.3255, 0.418
1315, 0.2854, 0.420
1316, 0.2887, 0.422
1317, 0.3077, 0.424
1318, 0.2741, 0.423
1319, 0.2760, 0.423
1320, 0.2099, 0.416
1321, 0.3323, 0.422
1322, 0.2644, 0.422
1323, 0.2878, 0.428
1324, 0.3456, 0.424
1325, 0.3328, 0.426
1326, 0.3047, 0.424
1327, 0.3066, 0.422
1328, 0.2986, 0.430
1329, 0.2890, 0.433
1330, 0.4271, 0.418
1331, 0.3353, 0.425
1332, 0.2959, 0.427
1333, 0.3110, 0.424
1334, 0.2560, 0.421
1335, 0.3385, 0.422
1336, 0.3133, 0.417
1337, 0.3288, 0.421
1338, 0.2965, 0.420
1339, 0.2978, 0.431
1340, 0.2687, 0.416
1341, 0.2690, 0.436
1342, 0.2887, 0.427
1343, 0.2846, 0.432
1344, 0.3034, 0.432
1345, 0.2243, 0.420
1346, 0.3277, 0.417
1347, 0.3014, 0.423
1348, 0.2310, 0.435
1349, 0.3356, 0.422
1350, 0.3441, 0.421
1351, 0.3714, 0.419
1352, 0.2160, 0.418
1353, 0.3135, 0.421
1354, 0.2895, 0.420
1355, 0.3216, 0.419
1356, 0.3147, 0.436
1357, 0.1746, 0.420
1358, 0.3358, 0.430
1359, 0.2549, 0.436
1360, 0.3171, 0.423
1361, 0.2946, 0.423
1362, 0.2958, 0.420
1363, 0.2387, 0.428
1364, 0.3038, 0.425
1365, 0.3903, 0.440
1366, 0.3368, 0.426
1367, 0.4011, 0.423
1368, 0.3264, 0.422
1369, 0.2498, 0.429
1370, 0.3284, 0.430
1371, 0.2713, 0.430
1372, 0.3089, 0.421
1373, 0.2914, 0.423
1374, 0.2271, 0.423
1375, 0.2459, 0.424
1376, 0.3119, 0.422
1377, 0.3608, 0.420
1378, 0.2407, 0.424
1379, 0.2812, 0.429
1380, 0.3987, 0.425
1381, 0.2692, 0.424
1382, 0.3209, 0.424
1383, 0.3163, 0.421
1384, 0.3508, 0.425
1385, 0.3078, 0.429
1386, 0.3149, 0.435
1387, 0.2847, 0.427
1388, 0.3339, 0.420
1389, 0.3403, 0.423
1390, 0.3269, 0.424
1391, 0.1815, 0.421
1392, 0.2058, 0.433
1393, 0.3073, 0.422
1394, 0.3215, 0.432
1395, 0.3435, 0.423
1396, 0.2884, 0.435
1397, 0.2236, 0.423
1398, 0.2358, 0.433
1399, 0.4185, 0.446
1400, 0.3255, 0.424
1401, 0.3093, 0.419
1402, 0.2314, 0.432
1403, 0.2793, 0.426
1404, 0.2422, 0.422
1405, 0.3090, 0.437
1406, 0.2760, 0.427
1407, 0.2884, 0.423
1408, 0.3024, 0.421
1409, 0.2703, 0.423
1410, 0.2752, 0.432
1411, 0.2716, 0.434
1412, 0.3326, 0.426
1413, 0.3369, 0.428
1414, 0.3061, 0.431
1415, 0.2771, 0.462
1416, 0.3115, 0.427
1417, 0.3445, 0.425
1418, 0.2759, 0.420
1419, 0.2718, 0.424
1420, 0.1868, 0.421
1421, 0.3560, 0.421
1422, 0.3195, 0.425
1423, 0.3369, 0.426
1424, 0.3058, 0.428
1425, 0.3287, 0.424
1426, 0.2962, 0.425
1427, 0.2089, 0.428
1428, 0.2989, 0.425
1429, 0.1863, 0.428
1430, 0.2646, 0.425
1431, 0.2865, 0.440
1432, 0.3045, 0.457
1433, 0.2748, 0.459
1434, 0.2973, 0.456
1435, 0.3800, 0.455
1436, 0.3002, 0.492
1437, 0.4227, 0.491
1438, 0.2862, 0.469
1439, 0.2234, 0.429
1440, 0.3073, 0.481
1441, 0.2650, 0.465
1442, 0.2696, 0.472
1443, 0.2662, 0.427
1444, 0.2641, 0.422
1445, 0.3217, 0.433
1446, 0.2096, 0.424
1447, 0.2979, 0.427
1448, 0.3294, 0.431
1449, 0.2668, 0.429
1450, 0.2814, 0.432
1451, 0.2844, 0.428
1452, 0.2778, 0.432
1453, 0.2788, 0.433
1454, 0.3234, 0.431
1455, 0.3032, 0.436
1456, 0.2926, 0.436
1457, 0.3147, 0.438
1458, 0.2885, 0.437
1459, 0.2158, 0.433
1460, 0.1921, 0.422
1461, 0.2674, 0.426
1462, 0.2700, 0.431
1463, 0.2735, 0.444
1464, 0.3384, 0.438
1465, 0.2721, 0.421
1466, 0.2482, 0.426
1467, 0.3552, 0.432
1468, 0.2111, 0.441
1469, 0.2955, 0.435
1470, 0.2187, 0.442
1471, 0.2996, 0.431
1472, 0.2901, 0.426
1473, 0.1915, 0.423
1474, 0.2188, 0.429
1475, 0.2444, 0.433
1476, 0.3352, 0.426
1477, 0.3055, 0.439
1478, 0.4064, 0.438
1479, 0.2813, 0.430
1480, 0.2531, 0.429
1481, 0.3199, 0.427
1482, 0.2164, 0.426
1483, 0.2519, 0.429
1484, 0.2729, 0.430
1485, 0.2442, 0.423
1486, 0.2711, 0.431
1487, 0.2473, 0.423
1488, 0.3093, 0.418
1489, 0.2338, 0.419
1490, 0.2516, 0.425
1491, 0.2856, 0.427
1492, 0.3127, 0.423
1493, 0.3205, 0.434
1494, 0.2048, 0.423
1495, 0.2412, 0.431
1496, 0.2579, 0.422
1497, 0.2793, 0.422
1498, 0.3023, 0.418
1499, 0.3117, 0.423
1500, 0.2305, 0.425
1501, 0.2895, 0.419
1502, 0.2670, 0.417
1503, 0.2250, 0.425
1504, 0.2492, 0.421
1505, 0.3155, 0.420
1506, 0.2934, 0.421
1507, 0.2122, 0.423
1508, 0.3776, 0.420
1509, 0.2274, 0.437
1510, 0.3677, 0.426
1511, 0.2565, 0.424
1512, 0.2599, 0.432
1513, 0.2735, 0.445
1514, 0.3187, 0.417
1515, 0.2866, 0.417
1516, 0.2545, 0.420
1517, 0.3394, 0.420
1518, 0.2631, 0.419
1519, 0.2502, 0.453
1520, 0.3040, 0.424
1521, 0.3390, 0.423
1522, 0.2906, 0.424
1523, 0.4775, 0.420
1524, 0.3940, 0.421
1525, 0.2532, 0.428
1526, 0.2675, 0.424
1527, 0.2283, 0.432
1528, 0.2906, 0.419
1529, 0.3218, 0.420
1530, 0.2672, 0.422
1531, 0.2864, 0.424
1532, 0.2671, 0.423
1533, 0.3596, 0.419
1534, 0.2934, 0.414
1535, 0.3418, 0.455
1536, 0.2057, 0.456
1537, 0.2653, 0.452
1538, 0.2131, 0.466
1539, 0.2281, 0.435
1540, 0.2624, 0.429
1541, 0.2351, 0.430
1542, 0.3491, 0.426
1543, 0.2901, 0.425
1544, 0.2235, 0.428
1545, 0.3623, 0.430
1546, 0.3502, 0.437
1547, 0.3402, 0.431
1548, 0.2727, 0.424
1549, 0.3447, 0.420
1550, 0.3031, 0.423
1551, 0.2750, 0.432
1552, 0.3033, 0.433
1553, 0.2317, 0.423
1554, 0.2502, 0.433
1555, 0.3222, 0.423
1556, 0.3367, 0.419
1557, 0.2882, 0.419
1558, 0.2242, 0.470
1559, 0.2539, 0.417
1560, 0.2301, 0.430
1561, 0.2986, 0.427
1562, 0.2465, 0.431
1563, 0.2532, 0.427
1564, 0.2417, 0.422
1565, 0.2100, 0.430
1566, 0.3093, 0.431
1567, 0.3738, 0.426
1568, 0.3066, 0.424
1569, 0.2458, 0.427
1570, 0.2309, 0.423
1571, 0.2301, 0.424
1572, 0.2777, 0.424
1573, 0.2654, 0.427
1574, 0.2868, 0.429
1575, 0.1808, 0.425
1576, 0.1646, 0.420
1577, 0.2174, 0.422
1578, 0.3191, 0.425
1579, 0.3451, 0.423
1580, 0.2140, 0.420
1581, 0.2168, 0.425
1582, 0.2380, 0.422
1583, 0.2183, 0.421
1584, 0.1887, 0.425
1585, 0.1958, 0.426
1586, 0.2201, 0.425
1587, 0.1979, 0.426
1588, 0.2002, 0.423
1589, 0.2517, 0.424
1590, 0.2699, 0.424
1591, 0.2720, 0.423
1592, 0.2263, 0.423
1593, 0.3064, 0.422
1594, 0.2174, 0.423
1595, 0.2190, 0.425
1596, 0.1979, 0.422
1597, 0.1513, 0.424
1598, 0.2042, 0.424
1599, 0.2967, 0.426
1600, 0.2036, 0.432
1601, 0.2532, 0.416
1602, 0.2298, 0.426
1603, 0.1979, 0.428
1604, 0.2031, 0.427
1605, 0.2238, 0.441
1606, 0.3015, 0.428
1607, 0.1920, 0.423
1608, 0.3266, 0.423
1609, 0.2385, 0.422
1610, 0.1750, 0.468
1611, 0.3190, 0.451
1612, 0.2221, 0.424
1613, 0.2308, 0.422
1614, 0.2380, 0.426
1615, 0.3166, 0.427
1616, 0.2679, 0.423
1617, 0.2546, 0.420
1618, 0.3005, 0.420
1619, 0.2419, 0.425
1620, 0.2619, 0.442
1621, 0.2824, 0.434
1622, 0.2867, 0.434
1623, 0.3027, 0.432
1624, 0.2766, 0.423
1625, 0.2786, 0.428
1626, 0.2768, 0.428
1627, 0.2471, 0.431
1628, 0.2896, 0.429
1629, 0.2141, 0.426
1630, 0.2227, 0.427
1631, 0.2364, 0.428
1632, 0.2838, 0.426
1633, 0.2940, 0.421
1634, 0.2204, 0.424
1635, 0.1935, 0.424
1636, 0.2299, 0.421
1637, 0.2877, 0.425
1638, 0.3295, 0.424
1639, 0.2877, 0.471
1640, 0.2506, 0.468
1641, 0.3029, 0.465
1642, 0.2268, 0.461
1643, 0.2524, 0.424
1644, 0.3234, 0.425
1645, 0.2854, 0.428
1646, 0.3152, 0.430
1647, 0.3273, 0.423
1648, 0.3262, 0.422
1649, 0.2744, 0.431
1650, 0.2792, 0.426
1651, 0.2580, 0.423
1652, 0.2675, 0.429
1653, 0.2863, 0.434
1654, 0.3802, 0.431
1655, 0.2092, 0.424
1656, 0.2136, 0.433
1657, 0.2390, 0.439
1658, 0.2395, 0.425
1659, 0.3171, 0.429
1660, 0.2158, 0.424
1661, 0.2586, 0.434
1662, 0.1764, 0.437
1663, 0.2238, 0.427
1664, 0.1849, 0.426
1665, 0.1697, 0.421
1666, 0.3663, 0.422
1667, 0.2466, 0.425
1668, 0.2512, 0.427
1669, 0.2656, 0.426
1670, 0.2440, 0.423
1671, 0.2687, 0.426
1672, 0.2723, 0.426
1673, 0.2199, 0.421
1674, 0.2289, 0.426
1675, 0.3450, 0.429
1676, 0.2537, 0.429
1677, 0.2604, 0.434
1678, 0.2177, 0.441
1679, 0.2263, 0.512
1680, 0.2246, 0.424
1681, 0.2117, 0.429
1682, 0.3071, 0.424
1683, 0.2736, 0.425
1684, 0.2684, 0.423
1685, 0.2081, 0.428
1686, 0.1936, 0.435
1687, 0.2150, 0.434
1688, 0.3126, 0.431
1689, 0.3002, 0.427
1690, 0.3079, 0.439
1691, 0.2478, 0.431
1692, 0.2185, 0.435
1693, 0.2886, 0.432
1694, 0.2008, 0.437
1695, 0.2094, 0.422
1696, 0.2232, 0.424
1697, 0.2075, 0.424
1698, 0.1772, 0.417
1699, 0.2103, 0.421
1700, 0.2626, 0.420
1701, 0.3548, 0.419
1702, 0.2524, 0.422
1703, 0.2337, 0.414
1704, 0.2752, 0.426
1705, 0.2762, 0.421
1706, 0.3135, 0.421
1707, 0.2543, 0.417
1708, 0.2395, 0.418
1709, 0.2157, 0.424
1710, 0.2869, 0.421
1711, 0.2428, 0.422
1712, 0.2084, 0.425
1713, 0.2491, 0.414
1714, 0.2557, 0.427
1715, 0.2654, 0.421
1716, 0.1629, 0.422
1717, 0.2003, 0.419
1718, 0.2569, 0.416
1719, 0.2999, 0.417
1720, 0.3328, 0.422
1721, 0.2590, 0.425
1722, 0.2315, 0.421
1723, 0.2260, 0.419
1724, 0.1628, 0.415
1725, 0.2009, 0.423
1726, 0.1979, 0.421
1727, 0.1840, 0.420
1728, 0.1518, 0.422
1729, 0.2308, 0.459
1730, 0.1910, 0.424
1731, 0.1623, 0.421
1732, 0.2763, 0.422
1733, 0.2761, 0.419
1734, 0.1817, 0.430
1735, 0.2996, 0.417
1736, 0.2474, 0.427
1737, 0.3192, 0.425
1738, 0.4369, 0.420
1739, 0.3369, 0.422
1740, 0.2594, 0.429
1741, 0.2606, 0.424
1742, 0.3081, 0.421
1743, 0.2508, 0.421
1744, 0.3082, 0.422
1745, 0.2730, 0.417
1746, 0.2106, 0.423
1747, 0.2134, 0.424
1748, 0.1732, 0.422
1749, 0.2821, 0.478
1750, 0.2092, 0.422
1751, 0.2366, 0.424
1752, 0.3177, 0.419
1753, 0.3233, 0.421
1754, 0.2199, 0.422
1755, 0.3039, 0.418
1756, 0.2805, 0.428
1757, 0.2356, 0.440
1758, 0.1609, 0.429
1759, 0.2056, 0.425
1760, 0.2236, 0.425
1761, 0.2597, 0.434
1762, 0.2283, 0.432
1763, 0.2976, 0.434
1764, 0.3221, 0.436
1765, 0.3506, 0.435
1766, 0.2807, 0.428
1767, 0.4092, 0.424
1768, 0.4448, 0.425
1769, 0.2143, 0.425
1770, 0.2418, 0.432
1771, 0.3036, 0.422
1772, 0.3118, 0.426
1773, 0.1835, 0.426
1774, 0.2503, 0.422
1775, 0.2675, 0.429
1776, 0.2434, 0.443
1777, 0.2713, 0.424
1778, 0.2152, 0.428
1779, 0.2391, 0.425
1780, 0.2764, 0.430
1781, 0.2853, 0.425
1782, 0.2924, 0.430
1783, 0.2627, 0.462
1784, 0.3054, 0.468
1785, 0.2344, 0.458
1786, 0.3037, 0.460
1787, 0.2306, 0.457
1788, 0.1557, 0.456
1789, 0.3154, 0.432
1790, 0.2661, 0.441
1791, 0.2071, 0.426
1792, 0.2609, 0.444
1793, 0.2375, 0.430
1794, 0.2621, 0.428
1795, 0.2701, 0.428
1796, 0.2493, 0.443
1797, 0.2761, 0.436
1798, 0.2065, 0.427
1799, 0.2962, 0.431
1800, 0.2765, 0.435
1801, 0.2232, 0.428
1802, 0.2526, 0.432
1803, 0.2711, 0.427
1804, 0.2324, 0.428
1805, 0.2191, 0.438
1806, 0.3174, 0.432
1807, 0.2517, 0.422
1808, 0.1903, 0.438
1809, 0.2587, 0.436
1810, 0.2338, 0.510
1811, 0.2067, 0.467
1812, 0.2745, 0.432
1813, 0.2563, 0.425
1814, 0.2053, 0.423
1815, 0.2577, 0.424
1816, 0.3084, 0.425
1817, 0.2684, 0.425
1818, 0.2307, 0.422
1819, 0.2106, 0.427
1820, 0.2035, 0.428
1821, 0.2024, 0.421
1822, 0.1706, 0.421
1823, 0.2150, 0.423
1824, 0.1973, 0.425
1825, 0.2303, 0.431
1826, 0.3259, 0.428
1827, 0.2061, 0.440
1828, 0.2430, 0.433
1829, 0.3448, 0.424
1830, 0.3324, 0.427
1831, 0.2929, 0.428
1832, 0.3803, 0.424
1833, 0.2820, 0.424
1834, 0.1927, 0.424
1835, 0.2304, 0.423
1836, 0.3388, 0.423
1837, 0.3854, 0.423
1838, 0.2849, 0.424
1839, 0.2238, 0.421
1840, 0.2211, 0.423
1841, 0.3011, 0.433
1842, 0.2354, 0.430
1843, 0.2494, 0.429
1844, 0.2799, 0.424
1845, 0.1734, 0.430
1846, 0.1766, 0.424
1847, 0.2392, 0.421
1848, 0.2150, 0.423
1849, 0.2191, 0.426
1850, 0.2676, 0.424
1851, 0.3160, 0.421
1852, 0.2563, 0.428
1853, 0.2464, 0.424
1854, 0.2228, 0.428
1855, 0.1026, 0.430
1856, 0.1910, 0.425
1857, 0.2094, 0.432
1858, 0.1979, 0.424
1859, 0.2817, 0.422
1860, 0.2288, 0.423
1861, 0.2031, 0.424
1862, 0.2190, 0.422
1863, 0.2284, 0.432
1864, 0.2691, 0.422
1865, 0.2093, 0.421
1866, 0.2631, 0.425
1867, 0.2370, 0.426
1868, 0.2616, 0.423
1869, 0.4540, 0.427
1870, 0.2473, 0.426
1871, 0.2392, 0.424
1872, 0.2372, 0.425
1873, 0.1623, 0.423
1874, 0.3069, 0.428
1875, 0.2575, 0.436
1876, 0.1784, 0.427
1877, 0.2212, 0.428
1878, 0.2816, 0.427
1879, 0.2401, 0.425
1880, 0.2348, 0.421
1881, 0.2269, 0.429
1882, 0.3623, 0.423
1883, 0.1774, 0.421
1884, 0.1622, 0.436
1885, 0.2283, 0.441
1886, 0.1579, 0.423
1887, 0.1747, 0.436
1888, 0.3514, 0.428
1889, 0.2158, 0.428
1890, 0.3122, 0.493
1891, 0.2983, 0.427
1892, 0.2865, 0.425
1893, 0.2034, 0.452
1894, 0.2238, 0.457
1895, 0.2233, 0.427
1896, 0.1481, 0.427
1897, 0.2830, 0.427
1898, 0.1607, 0.431
1899, 0.2276, 0.427
1900, 0.1695, 0.428
1901, 0.1599, 0.430
1902, 0.2039, 0.428
1903, 0.2509, 0.430
1904, 0.2227, 0.446
1905, 0.1649, 0.436
1906, 0.1936, 0.431
1907, 0.2766, 0.442
1908, 0.1886, 0.420
1909, 0.2728, 0.435
1910, 0.2299, 0.432
1911, 0.1783, 0.427
1912, 0.1801, 0.427
1913, 0.2271, 0.427
1914, 0.2515, 0.426
1915, 0.2493, 0.431
1916, 0.2101, 0.430
1917, 0.2947, 0.435
1918, 0.3596, 0.430
1919, 0.3712, 0.432
1920, 0.1530, 0.431
1921, 0.2753, 0.433
1922, 0.2698, 0.430
1923, 0.2967, 0.431
1924, 0.2646, 0.430
1925, 0.2622, 0.466
1926, 0.3681, 0.434
1927, 0.2817, 0.429
1928, 0.2934, 0.452
1929, 0.2751, 0.464
1930, 0.1515, 0.457
1931, 0.2617, 0.455
1932, 0.2525, 0.423
1933, 0.2313, 0.422
1934, 0.2110, 0.430
1935, 0.1963, 0.426
1936, 0.2925, 0.432
1937, 0.2230, 0.427
1938, 0.3100, 0.429
1939, 0.1861, 0.423
1940, 0.3014, 0.429
1941, 0.2733, 0.438
1942, 0.3144, 0.420
1943, 0.2620, 0.416
1944, 0.4059, 0.429
1945, 0.3089, 0.427
1946, 0.2450, 0.426
1947, 0.2630, 0.481
1948, 0.1899, 0.426
1949, 0.2734, 0.429
1950, 0.2291, 0.433
1951, 0.2572, 0.424
1952, 0.2916, 0.427
1953, 0.1855, 0.430
1954, 0.2442, 0.437
1955, 0.1868, 0.469
1956, 0.1907, 0.432
1957, 0.2621, 0.434
1958, 0.2108, 0.425
1959, 0.2467, 0.432
1960, 0.2822, 0.429
1961, 0.3029, 0.424
1962, 0.2610, 0.431
1963, 0.1724, 0.431
1964, 0.1752, 0.434
1965, 0.2268, 0.430
1966, 0.2240, 0.424
1967, 0.1712, 0.444
1968, 0.2652, 0.429
1969, 0.2796, 0.426
1970, 0.1970, 0.429
1971, 0.3411, 0.429
1972, 0.1933, 0.432
1973, 0.2772, 0.437
1974, 0.1590, 0.444
1975, 0.2501, 0.429
1976, 0.2284, 0.430
1977, 0.1880, 0.425
1978, 0.2087, 0.428
1979, 0.2592, 0.433
1980, 0.2070, 0.436
1981, 0.3016, 0.434
1982, 0.3066, 0.437
1983, 0.2533, 0.427
1984, 0.2022, 0.429
1985, 0.2365, 0.427
1986, 0.2531, 0.422
1987, 0.2998, 0.429
1988, 0.2953, 0.420
1989, 0.1740, 0.423
1990, 0.1930, 0.423
1991, 0.3857, 0.425
1992, 0.3301, 0.428
1993, 0.2204, 0.422
1994, 0.2450, 0.431
1995, 0.2983, 0.435
1996, 0.2788, 0.424
1997, 0.3153, 0.426
1998, 0.2458, 0.428
1999, 0.3100, 0.421
2000, 0.1523, 0.425
2001, 0.1698, 0.419
2002, 0.2051, 0.423
2003, 0.2295, 0.422
2004, 0.2214, 0.425
2005, 0.2064, 0.436
2006, 0.2796, 0.435
2007, 0.1338, 0.428
2008, 0.2690, 0.423
2009, 0.2038, 0.423
2010, 0.2587, 0.470
2011, 0.2496, 0.436
2012, 0.2941, 0.429
2013, 0.2257, 0.428
2014, 0.2280, 0.425
2015, 0.3105, 0.437
2016, 0.2005, 0.423
2017, 0.2382, 0.427
2018, 0.2643, 0.423
2019, 0.2695, 0.445
2020, 0.2126, 0.427
2021, 0.2238, 0.496
2022, 0.2803, 0.439
2023, 0.2160, 0.436
2024, 0.2526, 0.424
2025, 0.1777, 0.427
2026, 0.2352, 0.431
2027, 0.2140, 0.426
2028, 0.2146, 0.422
2029, 0.2499, 0.426
2030, 0.1676, 0.423
2031, 0.2648, 0.431
2032, 0.1873, 0.438
2033, 0.2220, 0.425
2034, 0.2216, 0.423
2035, 0.1798, 0.427
2036, 0.3414, 0.429
2037, 0.2664, 0.439
2038, 0.3094, 0.427
2039, 0.1977, 0.427
2040, 0.2380, 0.430
2041, 0.3336, 0.474
2042, 0.2982, 0.468
2043, 0.1980, 0.421
2044, 0.2174, 0.423
2045, 0.1501, 0.430
2046, 0.2485, 0.425
2047, 0.2219, 0.426
2048, 0.1176, 0.422
2049, 0.2568, 0.421
2050, 0.1967, 0.428
2051, 0.1832, 0.426
2052, 0.1748, 0.427
2053, 0.2712, 0.438
2054, 0.2578, 0.423
2055, 0.1347, 0.423
2056, 0.1687, 0.443
2057, 0.1862, 0.424
2058, 0.2645, 0.429
2059, 0.2678, 0.430
2060, 0.2073, 0.429
2061, 0.2320, 0.422
2062, 0.2413, 0.427
2063, 0.1843, 0.423
2064, 0.3110, 0.422
2065, 0.2951, 0.422
2066, 0.2392, 0.432
2067, 0.3014, 0.425
2068, 0.2338, 0.433
2069, 0.2373, 0.425
2070, 0.2139, 0.428
2071, 0.2338, 0.425
2072, 0.2539, 0.430
2073, 0.1877, 0.442
2074, 0.2319, 0.423
2075, 0.2791, 0.422
2076, 0.2313, 0.430
2077, 0.2785, 0.428
2078, 0.2214, 0.424
2079, 0.2487, 0.429
2080, 0.2354, 0.424
2081, 0.2728, 0.423
2082, 0.2127, 0.428
2083, 0.1818, 0.424
2084, 0.1507, 0.428
2085, 0.2060, 0.423
2086, 0.2267, 0.432
2087, 0.2075, 0.428
2088, 0.2042, 0.431
2089, 0.2674, 0.424
2090, 0.2943, 0.422
2091, 0.3192, 0.426
2092, 0.3019, 0.430
2093, 0.2201, 0.428
2094, 0.2346, 0.427
2095, 0.1851, 0.434
2096, 0.2877, 0.432
2097, 0.2769, 0.420
2098, 0.2934, 0.424
2099, 0.2595, 0.429
2100, 0.1654, 0.518
2101, 0.1995, 0.426
2102, 0.2670, 0.433
2103, 0.2868, 0.426
2104, 0.1988, 0.431
2105, 0.2158, 0.424
2106, 0.2246, 0.424
2107, 0.2453, 0.423
2108, 0.1511, 0.431
2109, 0.2379, 0.448
2110, 0.2560, 0.436
2111, 0.3016, 0.432
2112, 0.2438, 0.430
2113, 0.1844, 0.431
2114, 0.2018, 0.432
2115, 0.2062, 0.430
2116, 0.3395, 0.435
2117, 0.2489, 0.423
2118, 0.1999, 0.427
2119, 0.2390, 0.422
2120, 0.2687, 0.428
2121, 0.1642, 0.423
2122, 0.1924, 0.421
2123, 0.1968, 0.423
2124, 0.2611, 0.423
2125, 0.2652, 0.421
2126, 0.2596, 0.426
2127, 0.1845, 0.424
2128, 0.2635, 0.419
2129, 0.2745, 0.425
2130, 0.1895, 0.420
2131, 0.2172, 0.418
2132, 0.1908, 0.425
2133, 0.1115, 0.420
2134, 0.2543, 0.421
2135, 0.2769, 0.420
2136, 0.2159, 0.427
2137, 0.2355, 0.423
2138, 0.1800, 0.418
2139, 0.1797, 0.415
2140, 0.2082, 0.421
2141, 0.2802, 0.417
2142, 0.1771, 0.418
2143, 0.2135, 0.449
2144, 0.1791, 0.420
2145, 0.2284, 0.426
2146, 0.2147, 0.428
2147, 0.2054, 0.425
2148, 0.2186, 0.433
2149, 0.2541, 0.421
2150, 0.1876, 0.424
2151, 0.2090, 0.422
2152, 0.2330, 0.427
2153, 0.2975, 0.424
2154, 0.2356, 0.421
2155, 0.2725, 0.424
2156, 0.2622, 0.421
2157, 0.2965, 0.422
2158, 0.2006, 0.426
2159, 0.2243, 0.430
2160, 0.1948, 0.435
2161, 0.2606, 0.426
2162, 0.1813, 0.423
2163, 0.2330, 0.425
2164, 0.1802, 0.426
2165, 0.1651, 0.428
2166, 0.1821, 0.422
2167, 0.1769, 0.427
2168, 0.3263, 0.423
2169, 0.2649, 0.423
2170, 0.2475, 0.426
2171, 0.2759, 0.425
2172, 0.2501, 0.422
2173, 0.2632, 0.419
2174, 0.3174, 0.424
2175, 0.2198, 0.427
2176, 0.3363, 0.445
2177, 0.3345, 0.442
2178, 0.2733, 0.424
2179, 0.2565, 0.427
2180, 0.2491, 0.422
2181, 0.1974, 0.421
2182, 0.1635, 0.429
2183, 0.1813, 0.425
2184, 0.2555, 0.429
2185, 0.2455, 0.421
2186, 0.1364, 0.420
2187, 0.1870, 0.421
2188, 0.2469, 0.422
2189, 0.2391, 0.420
2190, 0.2223, 0.420
2191, 0.2350, 0.425
2192, 0.2393, 0.431
2193, 0.3076, 0.429
2194, 0.2065, 0.423
2195, 0.1723, 0.423
2196, 0.1886, 0.422
2197, 0.2748, 0.424
2198, 0.2988, 0.422
2199, 0.2054, 0.422
2200, 0.2170, 0.419
2201, 0.2572, 0.411
2202, 0.1576, 0.425
2203, 0.2108, 0.428
2204, 0.2735, 0.421
2205, 0.3131, 0.434
2206, 0.1951, 0.424
2207, 0.1445, 0.425
2208, 0.2401, 0.429
2209, 0.2585, 0.422
2210, 0.2912, 0.445
2211, 0.2905, 0.536
2212, 0.3318, 0.436
2213, 0.1942, 0.423
2214, 0.2323, 0.440
2215, 0.2658, 0.421
2216, 0.1943, 0.427
2217, 0.2102, 0.432
2218, 0.2964, 0.435
2219, 0.2275, 0.432
2220, 0.1662, 0.429
2221, 0.2945, 0.424
2222, 0.2598, 0.443
2223, 0.2728, 0.426
2224, 0.2508, 0.430
2225, 0.1869, 0.427
2226, 0.2264, 0.424
2227, 0.2270, 0.428
2228, 0.2225, 0.440
2229, 0.2601, 0.442
2230, 0.2676, 0.428
2231, 0.3101, 0.421
2232, 0.1935, 0.416
2233, 0.2547, 0.424
2234, 0.2535, 0.431
2235, 0.2249, 0.471
2236, 0.2407, 0.421
2237, 0.2413, 0.423
2238, 0.2589, 0.429
2239, 0.2094, 0.427
2240, 0.2639, 0.428
2241, 0.1745, 0.428
2242, 0.2091, 0.422
2243, 0.2280, 0.430
2244, 0.1766, 0.425
2245, 0.2272, 0.425
2246, 0.2240, 0.423
2247, 0.2324, 0.424
2248, 0.1779, 0.421
2249, 0.2045, 0.424
2250, 0.2565, 0.427
2251, 0.2426, 0.422
2252, 0.1887, 0.425
2253, 0.3126, 0.426
2254, 0.2550, 0.423
2255, 0.2187, 0.425
2256, 0.2057, 0.432
2257, 0.1399, 0.426
2258, 0.2068, 0.421
2259, 0.1756, 0.422
2260, 0.1581, 0.440
2261, 0.2525, 0.426
2262, 0.2110, 0.426
2263, 0.2863, 0.424
2264, 0.2240, 0.424
2265, 0.2080, 0.430
2266, 0.3293, 0.428
2267, 0.1747, 0.424
2268, 0.2588, 0.432
2269, 0.1698, 0.420
2270, 0.2019, 0.438
2271, 0.2383, 0.425
2272, 0.1801, 0.435
2273, 0.2151, 0.431
2274, 0.2038, 0.427
2275, 0.1665, 0.428
2276, 0.2452, 0.429
2277, 0.2023, 0.430
2278, 0.1953, 0.427
2279, 0.2111, 0.424
2280, 0.2802, 0.425
2281, 0.3197, 0.427
2282, 0.2629, 0.430
2283, 0.2270, 0.425
2284, 0.2041, 0.429
2285, 0.2214, 0.428
2286, 0.2664, 0.423
2287, 0.2491, 0.428
2288, 0.2157, 0.434
2289, 0.2286, 0.427
2290, 0.2027, 0.421
2291, 0.1688, 0.424
2292, 0.1968, 0.425
2293, 0.2484, 0.433
2294, 0.2961, 0.433
2295, 0.2278, 0.427
2296, 0.2459, 0.428
2297, 0.1937, 0.425
2298, 0.2020, 0.428
2299, 0.1951, 0.432
2300, 0.1979, 0.421
2301, 0.1708, 0.424
2302, 0.2097, 0.424
2303, 0.2394, 0.440
2304, 0.1672, 0.429
2305, 0.1713, 0.433
2306, 0.1693, 0.424
2307, 0.2717, 0.430
2308, 0.2416, 0.429
2309, 0.1578, 0.428
2310, 0.2378, 0.429
2311, 0.2768, 0.523
2312, 0.2317, 0.427
2313, 0.2643, 0.441
2314, 0.2665, 0.424
2315, 0.2424, 0.423
2316, 0.2000, 0.430
2317, 0.3667, 0.440
2318, 0.2652, 0.430
2319, 0.2061, 0.430
2320, 0.1626, 0.436
2321, 0.1856, 0.437
2322, 0.2614, 0.425
2323, 0.2182, 0.423
2324, 0.2444, 0.428
2325, 0.2360, 0.430
2326, 0.1877, 0.431
2327, 0.3650, 0.429
2328, 0.2417, 0.432
2329, 0.2169, 0.434
2330, 0.3184, 0.443
2331, 0.2402, 0.425
2332, 0.2657, 0.460
2333, 0.2497, 0.459
2334, 0.2562, 0.475
2335, 0.2297, 0.473
2336, 0.2154, 0.427
2337, 0.2254, 0.427
2338, 0.2675, 0.430
2339, 0.2052, 0.426
2340, 0.2868, 0.427
2341, 0.2368, 0.428
2342, 0.2594, 0.422
2343, 0.2378, 0.417
2344, 0.2700, 0.425
2345, 0.2863, 0.422
2346, 0.2922, 0.429
2347, 0.2735, 0.424
2348, 0.2039, 0.419
2349, 0.1954, 0.421
2350, 0.2753, 0.425
2351, 0.2788, 0.423
2352, 0.2958, 0.419
2353, 0.1953, 0.426
2354, 0.2675, 0.431
2355, 0.2740, 0.429
2356, 0.2365, 0.421
2357, 0.2134, 0.423
2358, 0.1383, 0.422
2359, 0.2532, 0.436
2360, 0.2089, 0.425
2361, 0.1652, 0.429
2362, 0.2098, 0.435
2363, 0.2404, 0.429
2364, 0.1642, 0.430
2365, 0.2238, 0.425
2366, 0.2064, 0.424
2367, 0.1829, 0.436
2368, 0.2737, 0.433
2369, 0.1920, 0.428
2370, 0.2049, 0.425
2371, 0.2293, 0.429
2372, 0.1379, 0.429
2373, 0.2526, 0.428
2374, 0.2397, 0.425
2375, 0.3799, 0.431
2376, 0.2458, 0.430
2377, 0.1819, 0.427
2378, 0.1852, 0.429
2379, 0.2435, 0.421
2380, 0.2447, 0.423
2381, 0.1962, 0.425
2382, 0.2993, 0.426
2383, 0.2913, 0.422
2384, 0.2219, 0.426
2385, 0.2372, 0.438
2386, 0.2309, 0.426
2387, 0.2114, 0.425
2388, 0.1822, 0.420
2389, 0.1983, 0.430
2390, 0.2938, 0.427
2391, 0.3547, 0.433
2392, 0.2868, 0.434
2393, 0.2344, 0.438
2394, 0.2716, 0.437
2395, 0.2635, 0.429
2396, 0.2672, 0.425
2397, 0.2383, 0.431
2398, 0.2904, 0.420
2399, 0.2001, 0.420
2400, 0.2201, 0.423
2401, 0.1333, 0.414
2402, 0.2629, 0.421
2403, 0.2670, 0.434
2404, 0.2500, 0.436
2405, 0.2914, 0.425
2406, 0.2105, 0.427
2407, 0.2201, 0.430
2408, 0.2232, 0.425
2409, 0.2009, 0.430
2410, 0.3247, 0.475
2411, 0.2261, 0.427
2412, 0.2303, 0.428
2413, 0.1985, 0.427
2414, 0.2881, 0.430
2415, 0.1928, 0.430
2416, 0.2390, 0.426
2417, 0.2552, 0.424
2418, 0.1388, 0.431
2419, 0.1798, 0.423
2420, 0.1713, 0.434
2421, 0.3296, 0.427
2422, 0.2359, 0.432
2423, 0.2214, 0.428
2424, 0.1695, 0.421
2425, 0.1295, 0.423
2426, 0.2622, 0.427
2427, 0.2488, 0.421
2428, 0.1839, 0.452
2429, 0.1813, 0.420
2430, 0.2260, 0.414
2431, 0.1869, 0.420
2432, 0.3420, 0.423
2433, 0.2789, 0.422
2434, 0.2642, 0.430
2435, 0.2731, 0.421
2436, 0.2072, 0.424
2437, 0.3448, 0.427
2438, 0.2407, 0.462
2439, 0.4199, 0.430
2440, 0.2254, 0.419
2441, 0.2329, 0.423
2442, 0.2435, 0.421
2443, 0.2054, 0.429
2444, 0.1812, 0.420
2445, 0.2721, 0.442
2446, 0.2123, 0.431
2447, 0.2458, 0.423
2448, 0.2210, 0.423
2449, 0.2696, 0.429
2450, 0.2759, 0.424
2451, 0.2802, 0.435
2452, 0.1934, 0.431
2453, 0.2102, 0.424
2454, 0.2405, 0.435
2455, 0.1963, 0.430
2456, 0.2055, 0.426
2457, 0.1841, 0.427
2458, 0.2774, 0.422
2459, 0.2390, 0.422
2460, 0.1485, 0.422
2461, 0.1903, 0.423
2462, 0.1754, 0.420
2463, 0.2506, 0.421
2464, 0.3012, 0.428
2465, 0.2848, 0.426
2466, 0.1915, 0.419
2467, 0.1420, 0.429
2468, 0.2114, 0.431
2469, 0.2937, 0.425
2470, 0.1537, 0.433
2471, 0.2699, 0.427
2472, 0.2776, 0.441
2473, 0.2609, 0.421
2474, 0.2451, 0.423
2475, 0.2252, 0.433
2476, 0.2789, 0.424
2477, 0.2551, 0.425
2478, 0.3251, 0.421
2479, 0.2177, 0.435
2480, 0.3202, 0.438
2481, 0.2364, 0.429
2482, 0.2923, 0.423
2483, 0.2990, 0.435
2484, 0.3690, 0.423
2485, 0.3451, 0.423
2486, 0.1878, 0.428
2487, 0.2208, 0.429
2488, 0.3517, 0.434
2489, 0.2311, 0.430
2490, 0.2696, 0.428
2491, 0.2737, 0.427
2492, 0.2491, 0.423
2493, 0.3652, 0.422
2494, 0.3573, 0.421
2495, 0.2950, 0.427
2496, 0.2192, 0.424
2497, 0.1949, 0.430
2498, 0.2516, 0.421
2499, 0.3034, 0.423
2500, 0.2458, 0.425
2501, 0.2457, 0.429
2502, 0.2149, 0.427
2503, 0.3031, 0.425
2504, 0.2534, 0.423
2505, 0.1370, 0.427
2506, 0.1876, 0.423
2507, 0.2255, 0.425
2508, 0.2419, 0.426
2509, 0.2210, 0.422
2510, 0.1818, 0.420
2511, 0.2570, 0.422
2512, 0.1976, 0.423
2513, 0.1725, 0.436
2514, 0.2219, 0.428
2515, 0.3091, 0.422
2516, 0.2509, 0.425
2517, 0.2674, 0.437
2518, 0.2655, 0.427
2519, 0.2780, 0.430
2520, 0.2082, 0.426
2521, 0.2603, 0.423
2522, 0.2210, 0.511
2523, 0.2326, 0.425
2524, 0.2305, 0.424
2525, 0.2418, 0.422
2526, 0.2231, 0.429
2527, 0.2541, 0.424
2528, 0.2310, 0.425
2529, 0.3145, 0.426
2530, 0.2943, 0.432
2531, 0.2481, 0.433
2532, 0.1617, 0.429
2533, 0.1615, 0.430
2534, 0.2189, 0.436
2535, 0.2461, 0.428
2536, 0.2054, 0.434
2537, 0.1995, 0.428
2538, 0.2283, 0.430
2539, 0.2256, 0.440
2540, 0.3033, 0.424
2541, 0.2438, 0.431
2542, 0.2819, 0.422
2543, 0.2229, 0.425
2544, 0.1532, 0.425
2545, 0.2913, 0.424
2546, 0.2163, 0.423
2547, 0.1740, 0.432
2548, 0.1400, 0.421
2549, 0.2663, 0.423
2550, 0.3415, 0.432
2551, 0.2493, 0.430
2552, 0.1998, 0.424
2553, 0.1870, 0.438
2554, 0.2695, 0.427
2555, 0.2148, 0.429
2556, 0.2764, 0.439
2557, 0.2015, 0.424
2558, 0.1928, 0.425
2559, 0.2335, 0.431
2560, 0.3031, 0.437
2561, 0.2273, 0.436
2562, 0.2340, 0.423
2563, 0.2663, 0.420
2564, 0.4249, 0.440
2565, 0.2588, 0.424
2566, 0.2480, 0.422
2567, 0.2606, 0.447
2568, 0.2644, 0.425
2569, 0.3038, 0.433
2570, 0.2389, 0.421
2571, 0.1934, 0.424
2572, 0.2757, 0.427
2573, 0.3370, 0.423
2574, 0.2792, 0.426
2575, 0.2461, 0.431
2576, 0.3759, 0.430
2577, 0.2646, 0.429
2578, 0.2953, 0.437
2579, 0.1958, 0.431
2580, 0.2463, 0.426
2581, 0.2139, 0.434
2582, 0.1205, 0.440
2583, 0.3140, 0.432
2584, 0.2961, 0.434
2585, 0.2926, 0.428
2586, 0.2686, 0.429
2587, 0.3044, 0.422
2588, 0.2483, 0.426
2589, 0.1927, 0.426
2590, 0.2559, 0.432
2591, 0.2349, 0.431
2592, 0.2231, 0.431
2593, 0.2957, 0.426
2594, 0.1953, 0.427
2595, 0.2049, 0.436
2596, 0.2275, 0.424
2597, 0.2346, 0.422
2598, 0.1819, 0.427
2599, 0.2498, 0.430
2600, 0.2391, 0.424
2601, 0.2688, 0.415
2602, 0.2626, 0.424
2603, 0.2021, 0.425
2604, 0.2012, 0.436
2605, 0.2475, 0.437
2606, 0.2735, 0.426
2607, 0.2352, 0.424
2608, 0.2608, 0.426
2609, 0.2124, 0.429
2610, 0.3061, 0.503
2611, 0.2316, 0.426
2612, 0.2071, 0.444
2613, 0.2499, 0.431
2614, 0.3181, 0.432
2615, 0.3195, 0.426
2616, 0.2259, 0.435
2617, 0.2478, 0.426
2618, 0.2361, 0.428
2619, 0.2427, 0.431
2620, 0.2678, 0.443
2621, 0.2701, 0.442
2622, 0.2050, 0.428
2623, 0.2120, 0.432
2624, 0.2303, 0.437
2625, 0.2624, 0.430
2626, 0.1769, 0.425
2627, 0.1807, 0.421
2628, 0.2236, 0.420
2629, 0.2595, 0.420
2630, 0.2650, 0.425
2631, 0.2500, 0.436
2632, 0.2128, 0.432
2633, 0.2040, 0.421
2634, 0.2905, 0.423
2635, 0.2931, 0.421
2636, 0.2820, 0.418
2637, 0.2796, 0.427
2638, 0.2567, 0.423
2639, 0.2278, 0.422
2640, 0.2792, 0.427
2641, 0.3274, 0.422
2642, 0.1959, 0.421
2643, 0.2118, 0.424
2644, 0.2952, 0.424
2645, 0.2977, 0.423
2646, 0.2614, 0.444
2647, 0.2086, 0.422
2648, 0.2796, 0.416
2649, 0.2255, 0.426
2650, 0.1992, 0.435
2651, 0.1811, 0.446
2652, 0.1911, 0.419
2653, 0.2956, 0.414
2654, 0.2478, 0.424
2655, 0.2583, 0.421
2656, 0.2728, 0.427
2657, 0.2940, 0.418
2658, 0.3143, 0.420
2659, 0.2412, 0.420
2660, 0.1916, 0.432
2661, 0.3064, 0.442
2662, 0.2607, 0.424
2663, 0.2567, 0.419
2664, 0.2771, 0.422
2665, 0.1975, 0.425
2666, 0.2423, 0.434
2667, 0.2679, 0.431
2668, 0.2421, 0.423
2669, 0.2284, 0.422
2670, 0.1997, 0.423
2671, 0.2294, 0.426
2672, 0.2080, 0.430
2673, 0.2296, 0.426
2674, 0.3203, 0.424
2675, 0.1839, 0.422
2676, 0.2788, 0.427
2677, 0.2715, 0.428
2678, 0.2559, 0.423
2679, 0.2083, 0.424
2680, 0.2299, 0.431
2681, 0.2415, 0.428
2682, 0.3270, 0.429
2683, 0.1868, 0.427
2684, 0.2336, 0.427
2685, 0.2284, 0.438
2686, 0.2510, 0.423
2687, 0.1777, 0.424
2688, 0.1937, 0.424
2689, 0.3358, 0.421
2690, 0.2566, 0.428
2691, 0.2629, 0.426
2692, 0.2835, 0.424
2693, 0.1649, 0.421
2694, 0.1855, 0.423
2695, 0.2604, 0.424
2696, 0.2500, 0.423
2697, 0.1893, 0.424
2698, 0.2187, 0.435
2699, 0.2394, 0.431
2700, 0.4015, 0.427
2701, 0.2280, 0.424
2702, 0.1938, 0.423
2703, 0.2385, 0.429
2704, 0.2242, 0.425
2705, 0.2718, 0.422
2706, 0.2288, 0.422
2707, 0.1726, 0.421
2708, 0.2442, 0.423
2709, 0.2814, 0.425
2710, 0.1965, 0.421
2711, 0.2341, 0.425
2712, 0.2623, 0.423
2713, 0.1880, 0.424
2714, 0.2056, 0.434
2715, 0.2252, 0.432
2716, 0.2613, 0.426
2717, 0.3069, 0.426
2718, 0.3570, 0.430
2719, 0.2018, 0.426
2720, 0.2094, 0.423
2721, 0.1861, 0.422
2722, 0.2660, 0.428
2723, 0.2602, 0.423
2724, 0.2082, 0.426
2725, 0.1999, 0.421
2726, 0.1998, 0.430
2727, 0.3523, 0.424
2728, 0.1922, 0.432
2729, 0.2211, 0.436
2730, 0.2183, 0.434
2731, 0.1839, 0.436
2732, 0.1499, 0.423
2733, 0.2546, 0.422
2734, 0.2849, 0.426
2735, 0.2824, 0.507
2736, 0.2352, 0.428
2737, 0.2170, 0.425
2738, 0.2442, 0.419
2739, 0.2219, 0.425
2740, 0.2539, 0.438
2741, 0.1493, 0.426
2742, 0.2595, 0.437
2743, 0.1701, 0.423
2744, 0.2099, 0.441
2745, 0.2559, 0.435
2746, 0.2942, 0.430
2747, 0.3072, 0.428
2748, 0.2621, 0.423
2749, 0.2193, 0.424
2750, 0.1863, 0.428
2751, 0.2263, 0.425
2752, 0.2447, 0.424
2753, 0.3033, 0.422
2754, 0.2679, 0.431
2755, 0.2539, 0.430
2756, 0.3050, 0.426
2757, 0.1684, 0.425
2758, 0.1700, 0.424
2759, 0.2292, 0.433
2760, 0.2170, 0.441
2761, 0.2488, 0.427
2762, 0.2154, 0.430
2763, 0.2420, 0.428
2764, 0.2651, 0.428
2765, 0.2146, 0.427
2766, 0.2692, 0.424
2767, 0.2460, 0.426
2768, 0.2477, 0.424
2769, 0.2954, 0.435
2770, 0.2285, 0.434
2771, 0.2040, 0.437
2772, 0.2821, 0.424
2773, 0.2664, 0.421
2774, 0.2093, 0.424
2775, 0.2971, 0.433
2776, 0.2402, 0.424
2777, 0.2574, 0.436
2778, 0.2048, 0.432
2779, 0.1602, 0.424
2780, 0.2438, 0.422
2781, 0.2839, 0.423
2782, 0.2612, 0.437
2783, 0.1745, 0.423
2784, 0.2367, 0.428
2785, 0.2847, 0.425
2786, 0.2124, 0.424
2787, 0.3029, 0.432
2788, 0.2428, 0.441
2789, 0.3129, 0.454
2790, 0.2230, 0.466
2791, 0.2711, 0.474
2792, 0.1783, 0.469
2793, 0.2255, 0.427
2794, 0.1796, 0.428
2795, 0.3047, 0.425
2796, 0.1947, 0.432
2797, 0.3380, 0.429
2798, 0.1127, 0.435
2799, 0.1916, 0.432
2800, 0.1562, 0.434
2801, 0.2862, 0.418
2802, 0.2028, 0.423
2803, 0.1567, 0.427
2804, 0.2971, 0.427
2805, 0.2270, 0.430
2806, 0.1894, 0.443
2807, 0.2571, 0.431
2808, 0.1975, 0.431
2809, 0.2226, 0.465
2810, 0.1426, 0.561
2811, 0.2681, 0.465
2812, 0.2435, 0.460
2813, 0.1803, 0.458
2814, 0.2573, 0.459
2815, 0.3911, 0.472
2816, 0.2824, 0.428
2817, 0.3134, 0.432
2818, 0.2107, 0.425
2819, 0.2406, 0.436
2820, 0.2167, 0.432
2821, 0.2741, 0.431
2822, 0.2426, 0.442
2823, 0.2195, 0.431
2824, 0.2300, 0.430
2825, 0.2649, 0.434
2826, 0.1450, 0.441
2827, 0.1692, 0.440
2828, 0.2064, 0.441
2829, 0.1966, 0.436
2830, 0.2358, 0.426
2831, 0.1428, 0.445
2832, 0.1248, 0.448
2833, 0.1971, 0.455
2834, 0.1810, 0.457
2835, 0.1861, 0.416
2836, 0.2086, 0.427
2837, 0.2039, 0.422
2838, 0.1749, 0.419
2839, 0.2297, 0.429
2840, 0.1776, 0.423
2841, 0.2246, 0.424
2842, 0.2108, 0.426
2843, 0.2542, 0.421
2844, 0.2581, 0.419
2845, 0.1533, 0.420
2846, 0.2554, 0.422
2847, 0.2178, 0.426
2848, 0.2149, 0.455
2849, 0.1911, 0.426
2850, 0.1909, 0.426
2851, 0.2456, 0.418
2852, 0.1883, 0.424
2853, 0.2242, 0.424
2854, 0.2833, 0.421
2855, 0.2298, 0.419
2856, 0.2526, 0.428
2857, 0.3173, 0.423
2858, 0.3045, 0.419
2859, 0.2425, 0.421
2860, 0.1845, 0.423
2861, 0.2231, 0.416
2862, 0.2223, 0.419
2863, 0.2015, 0.415
2864, 0.1758, 0.426
2865, 0.2381, 0.422
2866, 0.2348, 0.421
2867, 0.2082, 0.428
2868, 0.1935, 0.429
2869, 0.3500, 0.431
2870, 0.2868, 0.424
2871, 0.2177, 0.424
2872, 0.1869, 0.423
2873, 0.2094, 0.427
2874, 0.2334, 0.422
2875, 0.1694, 0.424
2876, 0.1878, 0.439
2877, 0.1771, 0.422
2878, 0.1898, 0.425
2879, 0.2448, 0.431
2880, 0.2211, 0.431
2881, 0.2016, 0.422
2882, 0.1936, 0.426
2883, 0.2640, 0.429
2884, 0.1823, 0.427
2885, 0.1804, 0.430
2886, 0.2193, 0.443
2887, 0.2068, 0.431
2888, 0.1789, 0.425
2889, 0.1889, 0.431
2890, 0.2226, 0.422
2891, 0.1793, 0.424
2892, 0.1796, 0.427
2893, 0.1703, 0.419
2894, 0.2102, 0.429
2895, 0.3291, 0.432
2896, 0.2390, 0.431
2897, 0.3227, 0.436
2898, 0.2267, 0.425
2899, 0.2841, 0.425
2900, 0.1977, 0.423
2901, 0.3272, 0.423
2902, 0.2300, 0.422
2903, 0.2945, 0.423
2904, 0.1639, 0.425
2905, 0.1713, 0.427
2906, 0.2306, 0.423
2907, 0.2047, 0.437
2908, 0.2860, 0.424
2909, 0.1469, 0.429
2910, 0.2397, 0.425
2911, 0.2176, 0.426
2912, 0.1848, 0.428
2913, 0.1986, 0.427
2914, 0.2053, 0.425
2915, 0.2398, 0.422
2916, 0.1714, 0.422
2917, 0.1887, 0.426
2918, 0.2082, 0.420
2919, 0.2339, 0.424
2920, 0.2007, 0.432
2921, 0.2365, 0.429
2922, 0.2140, 0.424
2923, 0.2076, 0.427
2924, 0.1509, 0.422
2925, 0.1096, 0.422
2926, 0.2282, 0.424
2927, 0.1077, 0.433
2928, 0.1553, 0.436
2929, 0.1863, 0.427
2930, 0.1663, 0.424
2931, 0.1847, 0.423
2932, 0.0629, 0.425
2933, 0.1125, 0.435
2934, 0.2127, 0.427
2935, 0.1927, 0.426
2936, 0.2458, 0.430
2937, 0.2608, 0.426
2938, 0.1220, 0.426
2939, 0.0771, 0.444
2940, 0.1395, 0.429
2941, 0.1566, 0.428
2942, 0.1898, 0.428
2943, 0.2521, 0.441
2944, 0.2499, 0.455
2945, 0.1559, 0.427
2946, 0.1749, 0.424
2947, 0.2159, 0.421
2948, 0.2301, 0.420
2949, 0.2392, 0.423
2950, 0.2577, 0.506
2951, 0.2242, 0.423
2952, 0.2632, 0.425
2953, 0.2551, 0.422
2954, 0.1552, 0.423
2955, 0.2840, 0.424
2956, 0.2001, 0.424
2957, 0.1927, 0.426
2958, 0.2295, 0.424
2959, 0.2213, 0.431
2960, 0.1326, 0.434
2961, 0.2036, 0.430
2962, 0.1532, 0.425
2963, 0.1512, 0.430
2964, 0.1865, 0.422
2965, 0.3004, 0.422
2966, 0.1390, 0.424
2967, 0.1840, 0.430
2968, 0.1907, 0.436
2969, 0.2518, 0.429
2970, 0.2344, 0.432
2971, 0.3216, 0.424
2972, 0.2677, 0.423
2973, 0.2859, 0.421
2974, 0.1743, 0.422
2975, 0.1774, 0.445
2976, 0.1574, 0.425
2977, 0.2067, 0.427
2978, 0.3010, 0.436
2979, 0.2595, 0.435
2980, 0.2652, 0.429
2981, 0.1682, 0.422
2982, 0.1551, 0.427
2983, 0.1020, 0.424
2984, 0.2340, 0.426
2985, 0.1574, 0.429
2986, 0.1568, 0.440
2987, 0.1052, 0.424
2988, 0.2290, 0.419
2989, 0.2191, 0.423
2990, 0.2039, 0.426
2991, 0.2587, 0.423
2992, 0.3121, 0.428
2993, 0.1926, 0.420
2994, 0.1844, 0.433
2995, 0.2191, 0.424
2996, 0.3817, 0.435
2997, 0.2414, 0.425
2998, 0.2775, 0.457
2999, 0.1528, 0.459
3000, 0.1867, 0.427
3001, 0.2597, 0.422
3002, 0.2292, 0.435
3003, 0.2516, 0.425
3004, 0.3124, 0.440
3005, 0.2719, 0.422
3006, 0.1717, 0.425
3007, 0.1816, 0.425
3008, 0.1467, 0.428
3009, 0.1839, 0.421
3010, 0.1989, 0.426
3011, 0.1866, 0.508
3012, 0.1647, 0.427
3013, 0.1632, 0.428
3014, 0.2427, 0.421
3015, 0.2232, 0.421
3016, 0.1868, 0.425
3017, 0.2223, 0.430
3018, 0.1748, 0.427
3019, 0.2616, 0.432
3020, 0.3032, 0.434
3021, 0.2520, 0.435
3022, 0.2196, 0.435
3023, 0.2801, 0.432
3024, 0.2166, 0.437
3025, 0.2062, 0.438
3026, 0.1928, 0.426
3027, 0.1747, 0.429
3028, 0.2966, 0.420
3029, 0.1442, 0.423
3030, 0.1627, 0.417
3031, 0.2968, 0.422
3032, 0.1999, 0.424
3033, 0.2177, 0.423
3034, 0.2711, 0.424
3035, 0.2116, 0.424
3036, 0.1995, 0.422
3037, 0.2166, 0.423
3038, 0.1997, 0.428
3039, 0.2316, 0.417
3040, 0.2242, 0.418
3041, 0.1829, 0.417
3042, 0.1198, 0.420
3043, 0.2222, 0.418
3044, 0.2076, 0.420
3045, 0.2126, 0.419
3046, 0.2094, 0.423
3047, 0.1534, 0.422
3048, 0.1814, 0.424
3049, 0.2260, 0.423
3050, 0.1800, 0.418
3051, 0.3360, 0.423
3052, 0.2144, 0.419
3053, 0.2466, 0.422
3054, 0.1873, 0.418
3055, 0.2954, 0.420
3056, 0.2408, 0.419
3057, 0.2878, 0.418
3058, 0.3105, 0.428
3059, 0.1922, 0.421
3060, 0.2547, 0.422
3061, 0.1889, 0.420
3062, 0.2484, 0.422
3063, 0.2402, 0.419
3064, 0.2402, 0.422
3065, 0.2191, 0.423
3066, 0.2258, 0.432
3067, 0.1620, 0.443
3068, 0.1786, 0.425
3069, 0.2880, 0.423
3070, 0.1248, 0.424
3071, 0.2216, 0.424
3072, 0.1969, 0.422
3073, 0.1922, 0.424
3074, 0.1866, 0.417
3075, 0.2581, 0.415
3076, 0.1812, 0.431
3077, 0.2389, 0.421
3078, 0.2490, 0.418
3079, 0.1454, 0.423
3080, 0.2288, 0.417
3081, 0.2358, 0.422
3082, 0.2366, 0.421
3083, 0.2687, 0.421
3084, 0.2427, 0.421
3085, 0.2237, 0.417
3086, 0.2542, 0.413
3087, 0.2313, 0.424
3088, 0.2044, 0.418
3089, 0.2862, 0.422
3090, 0.1964, 0.441
3091, 0.1909, 0.419
3092, 0.1700, 0.417
3093, 0.2832, 0.414
3094, 0.3810, 0.422
3095, 0.2113, 0.418
3096, 0.1865, 0.424
3097, 0.1935, 0.420
3098, 0.1782, 0.419
3099, 0.2358, 0.425
3100, 0.1802, 0.422
3101, 0.0953, 0.419
3102, 0.1794, 0.421
3103, 0.2042, 0.416
3104, 0.2910, 0.431
3105, 0.2261, 0.431
3106, 0.1602, 0.434
3107, 0.2170, 0.426
3108, 0.2475, 0.423
3109, 0.2527, 0.424
3110, 0.1338, 0.435
3111, 0.2060, 0.419
3112, 0.1737, 0.422
3113, 0.1728, 0.426
3114, 0.2077, 0.425
3115, 0.2261, 0.431
3116, 0.2239, 0.435
3117, 0.3378, 0.426
3118, 0.2701, 0.426
3119, 0.2533, 0.421
3120, 0.1908, 0.424
3121, 0.2904, 0.451
3122, 0.1552, 0.435
3123, 0.1271, 0.445
3124, 0.2646, 0.433
3125, 0.1234, 0.427
3126, 0.1841, 0.429
3127, 0.1894, 0.428
3128, 0.1710, 0.437
3129, 0.2379, 0.427
3130, 0.1336, 0.426
3131, 0.2089, 0.430
3132, 0.3097, 0.434
3133, 0.2503, 0.429
3134, 0.1408, 0.429
3135, 0.2952, 0.427
3136, 0.2348, 0.438
3137, 0.2840, 0.448
3138, 0.2428, 0.428
3139, 0.2711, 0.427
3140, 0.2030, 0.423
3141, 0.1872, 0.446
3142, 0.1389, 0.430
3143, 0.2647, 0.424
3144, 0.2455, 0.427
3145, 0.2317, 0.432
3146, 0.2277, 0.435
3147, 0.1502, 0.461
3148, 0.2675, 0.426
3149, 0.1890, 0.428
3150, 0.2373, 0.425
3151, 0.1730, 0.425
3152, 0.1835, 0.426
3153, 0.3006, 0.424
3154, 0.1345, 0.426
3155, 0.1516, 0.426
3156, 0.1212, 0.425
3157, 0.2064, 0.420
3158, 0.1741, 0.428
3159, 0.1843, 0.497
3160, 0.2112, 0.426
3161, 0.3338, 0.425
3162, 0.2360, 0.430
3163, 0.1910, 0.427
3164, 0.1399, 0.426
3165, 0.1467, 0.430
3166, 0.1437, 0.427
3167, 0.0703, 0.426
3168, 0.0906, 0.431
3169, 0.1272, 0.448
3170, 0.1440, 0.430
3171, 0.1478, 0.430
3172, 0.1304, 0.421
3173, 0.2776, 0.427
3174, 0.2679, 0.429
3175, 0.1873, 0.427
3176, 0.2220, 0.423
3177, 0.2083, 0.431
3178, 0.2108, 0.425
3179, 0.1514, 0.429
3180, 0.2548, 0.430
3181, 0.2710, 0.428
3182, 0.1794, 0.423
3183, 0.2260, 0.423
3184, 0.3077, 0.428
3185, 0.2510, 0.425
3186, 0.2216, 0.423
3187, 0.1413, 0.420
3188, 0.2316, 0.421
3189, 0.1526, 0.423
3190, 0.1451, 0.422
3191, 0.2406, 0.424
3192, 0.2770, 0.423
3193, 0.1826, 0.429
3194, 0.1566, 0.426
3195, 0.2365, 0.426
3196, 0.0948, 0.432
3197, 0.1586, 0.427
3198, 0.2799, 0.427
3199, 0.2856, 0.435
3200, 0.2499, 0.430
3201, 0.2748, 0.423
3202, 0.2855, 0.428
3203, 0.1755, 0.437
3204, 0.0959, 0.421
3205, 0.1870, 0.438
3206, 0.1984, 0.425
3207, 0.3373, 0.427
3208, 0.2505, 0.428
3209, 0.2640, 0.436
3210, 0.2284, 0.513
3211, 0.1851, 0.430
3212, 0.2041, 0.426
3213, 0.2333, 0.432
3214, 0.1776, 0.430
3215, 0.1993, 0.423
3216, 0.1953, 0.433
3217, 0.2896, 0.425
3218, 0.1303, 0.434
3219, 0.2103, 0.434
3220, 0.1821, 0.431
3221, 0.2292, 0.439
3222, 0.2847, 0.439
3223, 0.2219, 0.444
3224, 0.3229, 0.440
3225, 0.2178, 0.426
3226, 0.2727, 0.434
3227, 0.1835, 0.428
3228, 0.1349, 0.431
3229, 0.1250, 0.429
3230, 0.2389, 0.423
3231, 0.2794, 0.433
3232, 0.1762, 0.432
3233, 0.1810, 0.434
3234, 0.3146, 0.431
3235, 0.1926, 0.429
3236, 0.1734, 0.428
3237, 0.2165, 0.427
3238, 0.2284, 0.425
3239, 0.2358, 0.425
3240, 0.2486, 0.427
3241, 0.1981, 0.423
3242, 0.2396, 0.432
3243, 0.1806, 0.427
3244, 0.1753, 0.441
3245, 0.1985, 0.423
3246, 0.1565, 0.418
3247, 0.1632, 0.434
3248, 0.1373, 0.421
3249, 0.1783, 0.424
3250, 0.2199, 0.419
3251, 0.2943, 0.420
3252, 0.2032, 0.414
3253, 0.1660, 0.418
3254, 0.2243, 0.418
3255, 0.1854, 0.416
3256, 0.2492, 0.424
3257, 0.2404, 0.426
3258, 0.2125, 0.424
3259, 0.2196, 0.422
3260, 0.1917, 0.426
3261, 0.1939, 0.421
3262, 0.1557, 0.433
3263, 0.1631, 0.420
3264, 0.1771, 0.420
3265, 0.3311, 0.431
3266, 0.1873, 0.420
3267, 0.2190, 0.419
3268, 0.2671, 0.419
3269, 0.2557, 0.420
3270, 0.2148, 0.454
3271, 0.2803, 0.455
3272, 0.1690, 0.459
3273, 0.2277, 0.457
3274, 0.2564, 0.420
3275, 0.3251, 0.421
3276, 0.2097, 0.422
3277, 0.2768, 0.416
3278, 0.2570, 0.431
3279, 0.1827, 0.430
3280, 0.1744, 0.421
3281, 0.1558, 0.421
3282, 0.1967, 0.415
3283, 0.2136, 0.420
3284, 0.2061, 0.425
3285, 0.3147, 0.432
3286, 0.1753, 0.431
3287, 0.2124, 0.431
3288, 0.2297, 0.425
3289, 0.1420, 0.430
3290, 0.2770, 0.424
3291, 0.2035, 0.415
3292, 0.2185, 0.421
3293, 0.1387, 0.419
3294, 0.1541, 0.430
3295, 0.1650, 0.471
3296, 0.2316, 0.423
3297, 0.1678, 0.417
3298, 0.1563, 0.413
3299, 0.1920, 0.415
3300, 0.2698, 0.433
3301, 0.1742, 0.432
3302, 0.1889, 0.428
3303, 0.2354, 0.428
3304, 0.1439, 0.426
3305, 0.1951, 0.446
3306, 0.2338, 0.423
3307, 0.3132, 0.420
3308, 0.2101, 0.421
3309, 0.1973, 0.427
3310, 0.1438, 0.448
3311, 0.1860, 0.442
3312, 0.2786, 0.429
3313, 0.2289, 0.426
3314, 0.1561, 0.426
3315, 0.1894, 0.428
3316, 0.2458, 0.421
3317, 0.2202, 0.430
3318, 0.2334, 0.438
3319, 0.1432, 0.429
3320, 0.2796, 0.433
3321, 0.1805, 0.422
3322, 0.3253, 0.431
3323, 0.2695, 0.429
3324, 0.1996, 0.429
3325, 0.2582, 0.429
3326, 0.2403, 0.446
3327, 0.2629, 0.420
3328, 0.2163, 0.430
3329, 0.1561, 0.465
3330, 0.1820, 0.461
3331, 0.2778, 0.425
3332, 0.2479, 0.429
3333, 0.2378, 0.425
3334, 0.2350, 0.424
3335, 0.2587, 0.441
3336, 0.1606, 0.430
3337, 0.1746, 0.427
3338, 0.1994, 0.429
3339, 0.2294, 0.433
3340, 0.2398, 0.446
3341, 0.1742, 0.435
3342, 0.1847, 0.428
3343, 0.2111, 0.426
3344, 0.1886, 0.425
3345, 0.2199, 0.458
3346, 0.2309, 0.433
3347, 0.2677, 0.433
3348, 0.2153, 0.422
3349, 0.2138, 0.426
3350, 0.1679, 0.427
3351, 0.1512, 0.421
3352, 0.1215, 0.429
3353, 0.2263, 0.441
3354, 0.1922, 0.428
3355, 0.2354, 0.427
3356, 0.2013, 0.423
3357, 0.2778, 0.439
3358, 0.2747, 0.432
3359, 0.2533, 0.438
3360, 0.2185, 0.436
3361, 0.1727, 0.425
3362, 0.1907, 0.420
3363, 0.1451, 0.424
3364, 0.1744, 0.430
3365, 0.2375, 0.424
3366, 0.2044, 0.442
3367, 0.1779, 0.423
3368, 0.1287, 0.441
3369, 0.1996, 0.424
3370, 0.2129, 0.425
3371, 0.2538, 0.422
3372, 0.1559, 0.423
3373, 0.1471, 0.427
3374, 0.1351, 0.422
3375, 0.1408, 0.427
3376, 0.0533, 0.430
3377, 0.2237, 0.424
3378, 0.2101, 0.423
3379, 0.2257, 0.423
3380, 0.1579, 0.422
3381, 0.2277, 0.425
3382, 0.2583, 0.430
3383, 0.1704, 0.419
3384, 0.1839, 0.421
3385, 0.1765, 0.424
3386, 0.1829, 0.421
3387, 0.1813, 0.421
3388, 0.2229, 0.433
3389, 0.2542, 0.427
3390, 0.2171, 0.427
3391, 0.2241, 0.425
3392, 0.1621, 0.431
3393, 0.1774, 0.427
3394, 0.2717, 0.440
3395, 0.2397, 0.428
3396, 0.2160, 0.425
3397, 0.2350, 0.422
3398, 0.1631, 0.427
3399, 0.1782, 0.424
3400, 0.1629, 0.423
3401, 0.2766, 0.421
3402, 0.2423, 0.439
3403, 0.1286, 0.424
3404, 0.1525, 0.430
3405, 0.2081, 0.445
3406, 0.1702, 0.430
3407, 0.1583, 0.426
3408, 0.2447, 0.427
3409, 0.3177, 0.432
3410, 0.1671, 0.517
3411, 0.2316, 0.438
3412, 0.1352, 0.434
3413, 0.2686, 0.434
3414, 0.1383, 0.442
3415, 0.1769, 0.427
3416, 0.2903, 0.426
3417, 0.1654, 0.440
3418, 0.1530, 0.426
3419, 0.1669, 0.432
3420, 0.2273, 0.426
3421, 0.1507, 0.437
3422, 0.2450, 0.428
3423, 0.2042, 0.427
3424, 0.1814, 0.440
3425, 0.1688, 0.425
3426, 0.1806, 0.427
3427, 0.1863, 0.426
3428, 0.1728, 0.426
3429, 0.3028, 0.426
3430, 0.1941, 0.425
3431, 0.1812, 0.421
3432, 0.1624, 0.462
3433, 0.2697, 0.462
3434, 0.2223, 0.419
3435, 0.3095, 0.430
3436, 0.1304, 0.421
3437, 0.2301, 0.420
3438, 0.2419, 0.425
3439, 0.1649, 0.419
3440, 0.2660, 0.421
3441, 0.2287, 0.426
3442, 0.1512, 0.429
3443, 0.1650, 0.424
3444, 0.1458, 0.424
3445, 0.1706, 0.422
3446, 0.3337, 0.421
3447, 0.2866, 0.426
3448, 0.2448, 0.423
3449, 0.1867, 0.428
3450, 0.1766, 0.429
3451, 0.1868, 0.420
3452, 0.1805, 0.418
3453, 0.1321, 0.419
3454, 0.2059, 0.422
3455, 0.1612, 0.432
3456, 0.1707, 0.432
3457, 0.1932, 0.423
3458, 0.1592, 0.415
3459, 0.1476, 0.422
3460, 0.2251, 0.431
3461, 0.2964, 0.432
3462, 0.2765, 0.417
3463, 0.3590, 0.420
3464, 0.4627, 0.458
3465, 0.3634, 0.456
3466, 0.1884, 0.468
3467, 0.2517, 0.419
3468, 0.1115, 0.415
3469, 0.2646, 0.424
3470, 0.2007, 0.423
3471, 0.2272, 0.456
3472, 0.1617, 0.456
3473, 0.1803, 0.460
3474, 0.1771, 0.422
3475, 0.1165, 0.423
3476, 0.2004, 0.421
3477, 0.1477, 0.455
3478, 0.1986, 0.453
3479, 0.2286, 0.452
3480, 0.1498, 0.452
3481, 0.1381, 0.431
3482, 0.1797, 0.428
3483, 0.2702, 0.428
3484, 0.1470, 0.425
3485, 0.1635, 0.422
3486, 0.1880, 0.421
3487, 0.2643, 0.423
3488, 0.1731, 0.427
3489, 0.2399, 0.426
3490, 0.3045, 0.419
3491, 0.2198, 0.424
3492, 0.1101, 0.419
3493, 0.1245, 0.415
3494, 0.2247, 0.424
3495, 0.2217, 0.424
3496, 0.1997, 0.432
3497, 0.2137, 0.425
3498, 0.2554, 0.421
3499, 0.2084, 0.424
3500, 0.1896, 0.421
3501, 0.2701, 0.419
3502, 0.2842, 0.454
3503, 0.2319, 0.421
3504, 0.1627, 0.422
3505, 0.2312, 0.424
3506, 0.1606, 0.417
3507, 0.2397, 0.422
3508, 0.1779, 0.417
3509, 0.2032, 0.431
3510, 0.1544, 0.415
3511, 0.1646, 0.423
3512, 0.2029, 0.422
3513, 0.1780, 0.423
3514, 0.2284, 0.427
3515, 0.3658, 0.425
3516, 0.2352, 0.429
3517, 0.2207, 0.437
3518, 0.1695, 0.435
3519, 0.1346, 0.434
3520, 0.2489, 0.432
3521, 0.2554, 0.428
3522, 0.1393, 0.465
3523, 0.1998, 0.467
3524, 0.2101, 0.430
3525, 0.1537, 0.426
3526, 0.1799, 0.432
3527, 0.1044, 0.428
3528, 0.1840, 0.422
3529, 0.2862, 0.431
3530, 0.2657, 0.426
3531, 0.1790, 0.443
3532, 0.2515, 0.433
3533, 0.2165, 0.443
3534, 0.1485, 0.436
3535, 0.3151, 0.437
3536, 0.2420, 0.436
3537, 0.1625, 0.433
3538, 0.1233, 0.428
3539, 0.2602, 0.437
3540, 0.2219, 0.439
3541, 0.2260, 0.425
3542, 0.2331, 0.420
3543, 0.2368, 0.420
3544, 0.1371, 0.423
3545, 0.2448, 0.429
3546, 0.1408, 0.437
3547, 0.1913, 0.430
3548, 0.1786, 0.425
3549, 0.1607, 0.428
3550, 0.1428, 0.424
3551, 0.1431, 0.426
3552, 0.2834, 0.435
3553, 0.2131, 0.421
3554, 0.2483, 0.425
3555, 0.1247, 0.422
3556, 0.2187, 0.422
3557, 0.1856, 0.423
3558, 0.2103, 0.421
3559, 0.2011, 0.420
3560, 0.2455, 0.424
3561, 0.1797, 0.431
3562, 0.2530, 0.435
3563, 0.2501, 0.427
3564, 0.1982, 0.429
3565, 0.2021, 0.427
3566, 0.1906, 0.443
3567, 0.2326, 0.428
3568, 0.2834, 0.428
3569, 0.1896, 0.424
3570, 0.1747, 0.423
3571, 0.2079, 0.423
3572, 0.2453, 0.420
3573, 0.1571, 0.426
3574, 0.1580, 0.426
3575, 0.2584, 0.433
3576, 0.1913, 0.426
3577, 0.2279, 0.428
3578, 0.2106, 0.424
3579, 0.2465, 0.496
3580, 0.2804, 0.430
3581, 0.2470, 0.424
3582, 0.1904, 0.426
3583, 0.2165, 0.425
3584, 0.1361, 0.430
3585, 0.1154, 0.424
3586, 0.1736, 0.421
3587, 0.2367, 0.436
3588, 0.1532, 0.428
3589, 0.1314, 0.428
3590, 0.2144, 0.424
3591, 0.2091, 0.427
3592, 0.2313, 0.425
3593, 0.2184, 0.432
3594, 0.2431, 0.430
3595, 0.1248, 0.423
3596, 0.2689, 0.431
3597, 0.2508, 0.426
3598, 0.2485, 0.420
3599, 0.2283, 0.427
3600, 0.1359, 0.426
3601, 0.2429, 0.418
3602, 0.1602, 0.421
3603, 0.2648, 0.425
3604, 0.3258, 0.428
3605, 0.2300, 0.433
3606, 0.1700, 0.430
3607, 0.2064, 0.451
3608, 0.1709, 0.452
3609, 0.1911, 0.452
3610, 0.1918, 0.520
3611, 0.1869, 0.427
3612, 0.2794, 0.431
3613, 0.2414, 0.426
3614, 0.2148, 0.427
3615, 0.2557, 0.426
3616, 0.1807, 0.424
3617, 0.2230, 0.425
3618, 0.1460, 0.432
3619, 0.1316, 0.431
3620, 0.1493, 0.453
3621, 0.2402, 0.428
3622, 0.1474, 0.477
3623, 0.1765, 0.427
3624, 0.1686, 0.432
3625, 0.2365, 0.426
3626, 0.3106, 0.433
3627, 0.1196, 0.439
3628, 0.2354, 0.418
3629, 0.2330, 0.420
3630, 0.2773, 0.424
3631, 0.2868, 0.429
3632, 0.1515, 0.425
3633, 0.1662, 0.420
3634, 0.1783, 0.441
3635, 0.2107, 0.417
3636, 0.2917, 0.420
3637, 0.2135, 0.426
3638, 0.1509, 0.422
3639, 0.1880, 0.430
3640, 0.1576, 0.429
3641, 0.2078, 0.425
3642, 0.2059, 0.416
3643, 0.1848, 0.421
3644, 0.1885, 0.420
3645, 0.2003, 0.423
3646, 0.2703, 0.422
3647, 0.2343, 0.421
3648, 0.2592, 0.430
3649, 0.2529, 0.423
3650, 0.2699, 0.420
3651, 0.1494, 0.452
3652, 0.2639, 0.456
3653, 0.2412, 0.455
3654, 0.1798, 0.462
3655, 0.1682, 0.456
3656, 0.1645, 0.454
3657, 0.1594, 0.422
3658, 0.3067, 0.418
3659, 0.2160, 0.421
3660, 0.2030, 0.421
3661, 0.2626, 0.422
3662, 0.2745, 0.420
3663, 0.2011, 0.423
3664, 0.1675, 0.424
3665, 0.1567, 0.421
3666, 0.2952, 0.427
3667, 0.2396, 0.420
3668, 0.1965, 0.423
3669, 0.2876, 0.427
3670, 0.2440, 0.434
3671, 0.1447, 0.439
3672, 0.1974, 0.427
3673, 0.3266, 0.429
3674, 0.2015, 0.419
3675, 0.1779, 0.421
3676, 0.2048, 0.419
3677, 0.1557, 0.419
3678, 0.1989, 0.419
3679, 0.3084, 0.434
3680, 0.2459, 0.417
3681, 0.1926, 0.422
3682, 0.1979, 0.422
3683, 0.1679, 0.424
3684, 0.2077, 0.418
3685, 0.1913, 0.426
3686, 0.2484, 0.427
3687, 0.2978, 0.420
3688, 0.2233, 0.418
3689, 0.1787, 0.422
3690, 0.2211, 0.423
3691, 0.2416, 0.434
3692, 0.1885, 0.421
3693, 0.2190, 0.421
3694, 0.2930, 0.419
3695, 0.1379, 0.419
3696, 0.1519, 0.419
3697, 0.2177, 0.428
3698, 0.2360, 0.428
3699, 0.1661, 0.429
3700, 0.2876, 0.430
3701, 0.2746, 0.435
3702, 0.2385, 0.430
3703, 0.2023, 0.426
3704, 0.1769, 0.421
3705, 0.2033, 0.426
3706, 0.2353, 0.428
3707, 0.2688, 0.420
3708, 0.1815, 0.422
3709, 0.1245, 0.425
3710, 0.1829, 0.422
3711, 0.1926, 0.423
3712, 0.1450, 0.421
3713, 0.1657, 0.423
3714, 0.1937, 0.423
3715, 0.1644, 0.422
3716, 0.2201, 0.425
3717, 0.2187, 0.423
3718, 0.2273, 0.423
3719, 0.1947, 0.498
3720, 0.1794, 0.424
3721, 0.2541, 0.427
3722, 0.2697, 0.424
3723, 0.1904, 0.440
3724, 0.2115, 0.431
3725, 0.2028, 0.422
3726, 0.1590, 0.421
3727, 0.2753, 0.427
3728, 0.2952, 0.431
3729, 0.2200, 0.431
3730, 0.1655, 0.426
3731, 0.2484, 0.426
3732, 0.2320, 0.425
3733, 0.1789, 0.428
3734, 0.2162, 0.436
3735, 0.2097, 0.429
3736, 0.1877, 0.425
3737, 0.1636, 0.424
3738, 0.1052, 0.419
3739, 0.2057, 0.425
3740, 0.2347, 0.421
3741, 0.2204, 0.421
3742, 0.2967, 0.424
3743, 0.2513, 0.425
3744, 0.3484, 0.423
3745, 0.2201, 0.424
3746, 0.2063, 0.428
3747, 0.2349, 0.432
3748, 0.2146, 0.429
3749, 0.2264, 0.429
3750, 0.1406, 0.426
3751, 0.1679, 0.427
3752, 0.2884, 0.429
3753, 0.2533, 0.498
3754, 0.2468, 0.422
3755, 0.1932, 0.421
3756, 0.1551, 0.421
3757, 0.1769, 0.421
3758, 0.2332, 0.420
3759, 0.1934, 0.425
3760, 0.1376, 0.423
3761, 0.2161, 0.427
3762, 0.2238, 0.423
3763, 0.1871, 0.423
3764, 0.1505, 0.425
3765, 0.2174, 0.422
3766, 0.1610, 0.423
3767, 0.1884, 0.430
3768, 0.2475, 0.428
3769, 0.0939, 0.421
3770, 0.2014, 0.420
3771, 0.2520, 0.420
3772, 0.1440, 0.419
3773, 0.2166, 0.419
3774, 0.1698, 0.425
3775, 0.2093, 0.427
3776, 0.2578, 0.432
3777, 0.2803, 0.425
3778, 0.1788, 0.422
3779, 0.2071, 0.438
3780, 0.2106, 0.437
3781, 0.2366, 0.423
3782, 0.2231, 0.426
3783, 0.2422, 0.428
3784, 0.2820, 0.438
3785, 0.2579, 0.425
3786, 0.1838, 0.425
3787, 0.2798, 0.422
3788, 0.2933, 0.422
3789, 0.1194, 0.510
3790, 0.1435, 0.424
3791, 0.2093, 0.428
3792, 0.1769, 0.434
3793, 0.2560, 0.424
3794, 0.2378, 0.422
3795, 0.2276, 0.424
3796, 0.2009, 0.426
3797, 0.2545, 0.423
3798, 0.2074, 0.420
3799, 0.2592, 0.425
3800, 0.1649, 0.435
3801, 0.1662, 0.421
3802, 0.1810, 0.425
3803, 0.2324, 0.433
3804, 0.2638, 0.433
3805, 0.2016, 0.428
3806, 0.2531, 0.438
3807, 0.2017, 0.425
3808, 0.1638, 0.424
3809, 0.2404, 0.427
3810, 0.2997, 0.426
3811, 0.1573, 0.522
3812, 0.1864, 0.425
3813, 0.1339, 0.423
3814, 0.1929, 0.425
3815, 0.2593, 0.429
3816, 0.2311, 0.424
3817, 0.1641, 0.427
3818, 0.2010, 0.430
3819, 0.1675, 0.431
3820, 0.2752, 0.425
3821, 0.2471, 0.429
3822, 0.2068, 0.430
3823, 0.1783, 0.437
3824, 0.1642, 0.436
3825, 0.2326, 0.427
3826, 0.3106, 0.431
3827, 0.1897, 0.435
3828, 0.1510, 0.429
3829, 0.1467, 0.430
3830, 0.1772, 0.421
3831, 0.1656, 0.422
3832, 0.2457, 0.425
3833, 0.2246, 0.425
3834, 0.1904, 0.421
3835, 0.2231, 0.421
3836, 0.2198, 0.419
3837, 0.1984, 0.429
3838, 0.2034, 0.428
3839, 0.1848, 0.423
3840, 0.0974, 0.442
3841, 0.1637, 0.436
3842, 0.1792, 0.423
3843, 0.2069, 0.427
3844, 0.1821, 0.424
3845, 0.1596, 0.423
3846, 0.1797, 0.422
3847, 0.2749, 0.424
3848, 0.2002, 0.426
3849, 0.1837, 0.421
3850, 0.1674, 0.424
3851, 0.2247, 0.422
3852, 0.1603, 0.424
3853, 0.1391, 0.438
3854, 0.2097, 0.430
3855, 0.2010, 0.426
3856, 0.1369, 0.460
3857, 0.1971, 0.433
3858, 0.1692, 0.435
3859, 0.2530, 0.462
3860, 0.2152, 0.456
3861, 0.2514, 0.454
3862, 0.2118, 0.464
3863, 0.3109, 0.471
3864, 0.2186, 0.425
3865, 0.2630, 0.426
3866, 0.2220, 0.424
3867, 0.1954, 0.422
3868, 0.1812, 0.425
3869, 0.2049, 0.431
3870, 0.2413, 0.434
3871, 0.2001, 0.423
3872, 0.1451, 0.427
3873, 0.2538, 0.416
3874, 0.1830, 0.429
3875, 0.2358, 0.443
3876, 0.2465, 0.422
3877, 0.2672, 0.420
3878, 0.1880, 0.422
3879, 0.2457, 0.419
3880, 0.2285, 0.434
3881, 0.2565, 0.423
3882, 0.2053, 0.423
3883, 0.2555, 0.435
3884, 0.3373, 0.425
3885, 0.2571, 0.421
3886, 0.1452, 0.424
3887, 0.3349, 0.425
3888, 0.2612, 0.421
3889, 0.2598, 0.417
3890, 0.1935, 0.422
3891, 0.1697, 0.426
3892, 0.2911, 0.422
3893, 0.1436, 0.421
3894, 0.1470, 0.419
3895, 0.1412, 0.424
3896, 0.1615, 0.418
3897, 0.2096, 0.423
3898, 0.2088, 0.423
3899, 0.2366, 0.424
3900, 0.1607, 0.424
3901, 0.1960, 0.420
3902, 0.1727, 0.424
3903, 0.1458, 0.423
3904, 0.1855, 0.421
3905, 0.1994, 0.418
3906, 0.1029, 0.418
3907, 0.1688, 0.423
3908, 0.1536, 0.431
3909, 0.1913, 0.421
3910, 0.2503, 0.421
3911, 0.2091, 0.421
3912, 0.0754, 0.426
3913, 0.3169, 0.415
3914, 0.2105, 0.420
3915, 0.1693, 0.423
3916, 0.1785, 0.432
3917, 0.2338, 0.428
3918, 0.3225, 0.424
3919, 0.1418, 0.424
3920, 0.1631, 0.433
3921, 0.1471, 0.434
3922, 0.1685, 0.421
3923, 0.1968, 0.424
3924, 0.1672, 0.420
3925, 0.1681, 0.421
3926, 0.2558, 0.420
3927, 0.2267, 0.427
3928, 0.1227, 0.423
3929, 0.2329, 0.421
3930, 0.1853, 0.432
3931, 0.2241, 0.425
3932, 0.2136, 0.431
3933, 0.2169, 0.434
3934, 0.2713, 0.427
3935, 0.1067, 0.422
3936, 0.1825, 0.422
3937, 0.2148, 0.414
3938, 0.2025, 0.421
3939, 0.2125, 0.424
3940, 0.2289, 0.422
3941, 0.2155, 0.425
3942, 0.1279, 0.426
3943, 0.1708, 0.432
3944, 0.1708, 0.422
3945, 0.2089, 0.422
3946, 0.1443, 0.427
3947, 0.2618, 0.428
3948, 0.1451, 0.428
3949, 0.2316, 0.430
3950, 0.2738, 0.426
3951, 0.1778, 0.426
3952, 0.2197, 0.426
3953, 0.2003, 0.431
3954, 0.1615, 0.451
3955, 0.2073, 0.424
3956, 0.2243, 0.422
3957, 0.2157, 0.420
3958, 0.2119, 0.422
3959, 0.2649, 0.422
3960, 0.1984, 0.421
3961, 0.2690, 0.420
3962, 0.1526, 0.423
3963, 0.1269, 0.426
3964, 0.2075, 0.424
3965, 0.1718, 0.429
3966, 0.2179, 0.424
3967, 0.1929, 0.424
3968, 0.1810, 0.423
3969, 0.1792, 0.427
3970, 0.1432, 0.422
3971, 0.1709, 0.420
3972, 0.1437, 0.418
3973, 0.2076, 0.424
3974, 0.3064, 0.422
3975, 0.2560, 0.423
3976, 0.1552, 0.423
3977, 0.1517, 0.421
3978, 0.2209, 0.420
3979, 0.2264, 0.425
3980, 0.2607, 0.423
3981, 0.2016, 0.425
3982, 0.1465, 0.421
3983, 0.1872, 0.427
3984, 0.2516, 0.427
3985, 0.2308, 0.434
3986, 0.1797, 0.431
3987, 0.1895, 0.420
3988, 0.1701, 0.422
3989, 0.1084, 0.430
3990, 0.1969, 0.426
3991, 0.1961, 0.425
3992, 0.2254, 0.424
3993, 0.1705, 0.425
3994, 0.2448, 0.436
3995, 0.1598, 0.427
3996, 0.1618, 0.426
3997, 0.1747, 0.423
3998, 0.1562, 0.440
3999, 0.2274, 0.483
4000, 0.1734, 0.435
4001, 0.1661, 0.418
4002, 0.2802, 0.433
4003, 0.2429, 0.428
4004, 0.2934, 0.443
4005, 0.3285, 0.447
4006, 0.2370, 0.425
4007, 0.2143, 0.423
4008, 0.1705, 0.438
4009, 0.2366, 0.429
4010, 0.2189, 0.491
4011, 0.1825, 0.430
4012, 0.1940, 0.425
4013, 0.1620, 0.465
4014, 0.1964, 0.460
4015, 0.1699, 0.456
4016, 0.1910, 0.456
4017, 0.1403, 0.458
4018, 0.1730, 0.475
4019, 0.2385, 0.479
4020, 0.1459, 0.464
4021, 0.1678, 0.468
4022, 0.1851, 0.455
4023, 0.1540, 0.464
4024, 0.3310, 0.427
4025, 0.2101, 0.435
4026, 0.2007, 0.435
4027, 0.1881, 0.452
4028, 0.1935, 0.427
4029, 0.2252, 0.430
4030, 0.1966, 0.443
4031, 0.2356, 0.430
4032, 0.2391, 0.421
4033, 0.1909, 0.423
4034, 0.2197, 0.437
4035, 0.2490, 0.419
4036, 0.2131, 0.421
4037, 0.1648, 0.433
4038, 0.2292, 0.436
4039, 0.2417, 0.427
4040, 0.2029, 0.429
4041, 0.1937, 0.456
4042, 0.1943, 0.455
4043, 0.1984, 0.419
4044, 0.1704, 0.422
4045, 0.1249, 0.428
4046, 0.2321, 0.425
4047, 0.1912, 0.423
4048, 0.2466, 0.427
4049, 0.3066, 0.419
4050, 0.2182, 0.424
4051, 0.1408, 0.418
4052, 0.2350, 0.423
4053, 0.1932, 0.419
4054, 0.2360, 0.423
4055, 0.1935, 0.422
4056, 0.1896, 0.457
4057, 0.2128, 0.453
4058, 0.1565, 0.452
4059, 0.2242, 0.426
4060, 0.2319, 0.422
4061, 0.1892, 0.417
4062, 0.2483, 0.422
4063, 0.2361, 0.432
4064, 0.2480, 0.431
4065, 0.1593, 0.417
4066, 0.1245, 0.420
4067, 0.2539, 0.416
4068, 0.1814, 0.422
4069, 0.1756, 0.425
4070, 0.1671, 0.423
4071, 0.1791, 0.424
4072, 0.1315, 0.423
4073, 0.1355, 0.431
4074, 0.1629, 0.428
4075, 0.2129, 0.432
4076, 0.1371, 0.427
4077, 0.1831, 0.421
4078, 0.1875, 0.418
4079, 0.1961, 0.424
4080, 0.1715, 0.422
4081, 0.1424, 0.423
4082, 0.2250, 0.423
4083, 0.2008, 0.420
4084, 0.1889, 0.424
4085, 0.1755, 0.423
4086, 0.2702, 0.421
4087, 0.1835, 0.421
4088, 0.1587, 0.420
4089, 0.1979, 0.430
4090, 0.1974, 0.431
4091, 0.2412, 0.423
4092, 0.1778, 0.417
4093, 0.2562, 0.429
4094, 0.1947, 0.421
4095, 0.2033, 0.432
4096, 0.1669, 0.423
4097, 0.2103, 0.433
4098, 0.1855, 0.420
4099, 0.1791, 0.418
4100, 0.2015, 0.423
4101, 0.2344, 0.416
4102, 0.2397, 0.422
4103, 0.1290, 0.457
4104, 0.1916, 0.456
4105, 0.1777, 0.448
4106, 0.1927, 0.434
4107, 0.1517, 0.420
4108, 0.2349, 0.418
4109, 0.2264, 0.431
4110, 0.1878, 0.425
4111, 0.2182, 0.423
4112, 0.2078, 0.421
4113, 0.2740, 0.423
4114, 0.2476, 0.427
4115, 0.1976, 0.424
4116, 0.1788, 0.423
4117, 0.1675, 0.420
4118, 0.1947, 0.429
4119, 0.1862, 0.420
4120, 0.2337, 0.419
4121, 0.2438, 0.427
4122, 0.2480, 0.415
4123, 0.2097, 0.416
4124, 0.2181, 0.430
4125, 0.1481, 0.417
4126, 0.2273, 0.417
4127, 0.2172, 0.416
4128, 0.2995, 0.421
4129, 0.1810, 0.422
4130, 0.1908, 0.435
4131, 0.2274, 0.422
4132, 0.2296, 0.430
4133, 0.2067, 0.421
4134, 0.2221, 0.423
4135, 0.2354, 0.426
4136, 0.2544, 0.435
4137, 0.1919, 0.416
4138, 0.2034, 0.434
4139, 0.1479, 0.439
4140, 0.2229, 0.426
4141, 0.2223, 0.416
4142, 0.2468, 0.420
4143, 0.2692, 0.424
4144, 0.1650, 0.434
4145, 0.2673, 0.421
4146, 0.1830, 0.424
4147, 0.1915, 0.427
4148, 0.2189, 0.433
4149, 0.2085, 0.452
4150, 0.2533, 0.424
4151, 0.2666, 0.428
4152, 0.1940, 0.427
4153, 0.2859, 0.431
4154, 0.1952, 0.430
4155, 0.1530, 0.440
4156, 0.1928, 0.421
4157, 0.1475, 0.424
4158, 0.2669, 0.427
4159, 0.2688, 0.424
4160, 0.2535, 0.420
4161, 0.1241, 0.420
4162, 0.1811, 0.422
4163, 0.2247, 0.425
4164, 0.2054, 0.427
4165, 0.1803, 0.425
4166, 0.1781, 0.422
4167, 0.1947, 0.422
4168, 0.1834, 0.420
4169, 0.2049, 0.422
4170, 0.1803, 0.421
4171, 0.2366, 0.424
4172, 0.2116, 0.419
4173, 0.2284, 0.420
4174, 0.3551, 0.421
4175, 0.2326, 0.424
4176, 0.1944, 0.421
4177, 0.2277, 0.421
4178, 0.1359, 0.423
4179, 0.1726, 0.425
4180, 0.2055, 0.428
4181, 0.2014, 0.423
4182, 0.2077, 0.420
4183, 0.3219, 0.424
4184, 0.2399, 0.425
4185, 0.2169, 0.423
4186, 0.1597, 0.421
4187, 0.3226, 0.426
4188, 0.2082, 0.422
4189, 0.2097, 0.419
4190, 0.2025, 0.419
4191, 0.2085, 0.419
4192, 0.2673, 0.422
4193, 0.2486, 0.425
4194, 0.1777, 0.424
4195, 0.1571, 0.429
4196, 0.2295, 0.427
4197, 0.2181, 0.425
4198, 0.1853, 0.422
4199, 0.1721, 0.429
4200, 0.1629, 0.430
4201, 0.1768, 0.415
4202, 0.1695, 0.427
4203, 0.1817, 0.429
4204, 0.1967, 0.427
4205, 0.2250, 0.463
4206, 0.2263, 0.483
4207, 0.2641, 0.421
4208, 0.2051, 0.422
4209, 0.2236, 0.423
4210, 0.2088, 0.425
4211, 0.2336, 0.428
4212, 0.2669, 0.435
4213, 0.2118, 0.436
4214, 0.1064, 0.448
4215, 0.1941, 0.468
4216, 0.2354, 0.432
4217, 0.2227, 0.438
4218, 0.2488, 0.427
4219, 0.1751, 0.431
4220, 0.1883, 0.433
4221, 0.1545, 0.429
4222, 0.1338, 0.425
4223, 0.1615, 0.420
4224, 0.1886, 0.428
4225, 0.1878, 0.424
4226, 0.2418, 0.430
4227, 0.1425, 0.432
4228, 0.3566, 0.432
4229, 0.1445, 0.432
4230, 0.1382, 0.432
4231, 0.1809, 0.435
4232, 0.2652, 0.438
4233, 0.1928, 0.427
4234, 0.1774, 0.427
4235, 0.1734, 0.423
4236, 0.2419, 0.422
4237, 0.2426, 0.415
4238, 0.1907, 0.420
4239, 0.2584, 0.423
4240, 0.1676, 0.423
4241, 0.1565, 0.426
4242, 0.1469, 0.430
4243, 0.1386, 0.426
4244, 0.1647, 0.424
4245, 0.2323, 0.422
4246, 0.2581, 0.426
4247, 0.1829, 0.416
4248, 0.2068, 0.420
4249, 0.2224, 0.429
4250, 0.1353, 0.434
4251, 0.1432, 0.422
4252, 0.1693, 0.430
4253, 0.2576, 0.419
4254, 0.2073, 0.416
4255, 0.2200, 0.425
4256, 0.2234, 0.423
4257, 0.2587, 0.423
4258, 0.1342, 0.417
4259, 0.2539, 0.431
4260, 0.2334, 0.435
4261, 0.2947, 0.419
4262, 0.2523, 0.424
4263, 0.2007, 0.424
4264, 0.1485, 0.425
4265, 0.2266, 0.420
4266, 0.2677, 0.416
4267, 0.2409, 0.424
4268, 0.2069, 0.419
4269, 0.1723, 0.419
4270, 0.2014, 0.424
4271, 0.1550, 0.427
4272, 0.2842, 0.421
4273, 0.3144, 0.421
4274, 0.2506, 0.422
4275, 0.2358, 0.419
4276, 0.1598, 0.441
4277, 0.1363, 0.429
4278, 0.2423, 0.423
4279, 0.3419, 0.422
4280, 0.2168, 0.426
4281, 0.1975, 0.436
4282, 0.2187, 0.425
4283, 0.1552, 0.433
4284, 0.1854, 0.421
4285, 0.2462, 0.421
4286, 0.2153, 0.423
4287, 0.1857, 0.420
4288, 0.1720, 0.423
4289, 0.1906, 0.423
4290, 0.1973, 0.422
4291, 0.2101, 0.420
4292, 0.2232, 0.426
4293, 0.2166, 0.421
4294, 0.1434, 0.424
4295, 0.2228, 0.424
4296, 0.2785, 0.430
4297, 0.1822, 0.424
4298, 0.2089, 0.425
4299, 0.1880, 0.421
4300, 0.1543, 0.421
4301, 0.1688, 0.417
4302, 0.1743, 0.423
4303, 0.2301, 0.421
4304, 0.2776, 0.426
4305, 0.2466, 0.421
4306, 0.2194, 0.421
4307, 0.2009, 0.427
4308, 0.2318, 0.424
4309, 0.1745, 0.429
4310, 0.2759, 0.432
4311, 0.1746, 0.427
4312, 0.2379, 0.420
4313, 0.2354, 0.422
4314, 0.2468, 0.435
4315, 0.2631, 0.434
4316, 0.1526, 0.429
4317, 0.3097, 0.426
4318, 0.1737, 0.436
4319, 0.2427, 0.426
4320, 0.1636, 0.426
4321, 0.2694, 0.422
4322, 0.2544, 0.418
4323, 0.2598, 0.423
4324, 0.2106, 0.427
4325, 0.1981, 0.430
4326, 0.1943, 0.424
4327, 0.2694, 0.420
4328, 0.2309, 0.423
4329, 0.1887, 0.424
4330, 0.2727, 0.426
4331, 0.1949, 0.425
4332, 0.2473, 0.433
4333, 0.1698, 0.423
4334, 0.1483, 0.419
4335, 0.2368, 0.427
4336, 0.2382, 0.432
4337, 0.2201, 0.421
4338, 0.1643, 0.416
4339, 0.2177, 0.425
4340, 0.1953, 0.421
4341, 0.2350, 0.427
4342, 0.1404, 0.420
4343, 0.1805, 0.415
4344, 0.2452, 0.423
4345, 0.2502, 0.425
4346, 0.1684, 0.432
4347, 0.1689, 0.422
4348, 0.2796, 0.416
4349, 0.1798, 0.422
4350, 0.3228, 0.420
4351, 0.2001, 0.422
4352, 0.2677, 0.484
4353, 0.3300, 0.426
4354, 0.1898, 0.451
4355, 0.2391, 0.440
4356, 0.3266, 0.426
4357, 0.2340, 0.421
4358, 0.1564, 0.421
4359, 0.2642, 0.427
4360, 0.2463, 0.424
4361, 0.2334, 0.439
4362, 0.1877, 0.421
4363, 0.2276, 0.420
4364, 0.1824, 0.422
4365, 0.1956, 0.422
4366, 0.2282, 0.428
4367, 0.1242, 0.430
4368, 0.2003, 0.431
4369, 0.1784, 0.430
4370, 0.2299, 0.428
4371, 0.3299, 0.425
4372, 0.1499, 0.411
4373, 0.1557, 0.410
4374, 0.2339, 0.410
4375, 0.1980, 0.412
4376, 0.1802, 0.415
4377, 0.2567, 0.414
4378, 0.1435, 0.408
4379, 0.1875, 0.410
4380, 0.1317, 0.408
4381, 0.1833, 0.410
4382, 0.2147, 0.414
4383, 0.1890, 0.416
4384, 0.2374, 0.417
4385, 0.2795, 0.418
4386, 0.2074, 0.416
4387, 0.2215, 0.414
4388, 0.1855, 0.412
4389, 0.2096, 0.412
4390, 0.1596, 0.410
4391, 0.1999, 0.413
4392, 0.1337, 0.419
4393, 0.3323, 0.422
4394, 0.3494, 0.421
4395, 0.2366, 0.420
4396, 0.2304, 0.423
4397, 0.2052, 0.436
4398, 0.2479, 0.433
4399, 0.2732, 0.429
4400, 0.2537, 0.434
4401, 0.2040, 0.430
4402, 0.1912, 0.433
4403, 0.2156, 0.469
4404, 0.2183, 0.462
4405, 0.1643, 0.475
4406, 0.1431, 0.458
4407, 0.2257, 0.456
4408, 0.2383, 0.465
4409, 0.2289, 0.462
4410, 0.1931, 0.475
4411, 0.1459, 0.454
4412, 0.1680, 0.454
4413, 0.2445, 0.454
4414, 0.2951, 0.569
4415, 0.2224, 0.533
4416, 0.2388, 0.470
4417, 0.2214, 0.462
4418, 0.1459, 0.464
4419, 0.1624, 0.487
4420, 0.2175, 0.499
4421, 0.2032, 0.481
4422, 0.2073, 0.428
4423, 0.1993, 0.430
4424, 0.1907, 0.458
4425, 0.2303, 0.458
4426, 0.2738, 0.455
4427, 0.2377, 0.442
4428, 0.2186, 0.425
4429, 0.1988, 0.437
4430, 0.1828, 0.443
4431, 0.1879, 0.437
4432, 0.2365, 0.421
4433, 0.1535, 0.422
4434, 0.1937, 0.430
4435, 0.2106, 0.421
4436, 0.2376, 0.429
4437, 0.1671, 0.430
4438, 0.2551, 0.424
4439, 0.2062, 0.420
4440, 0.1758, 0.424
4441, 0.2325, 0.419
4442, 0.3151, 0.424
4443, 0.2428, 0.426
4444, 0.2358, 0.424
4445, 0.1480, 0.423
4446, 0.1926, 0.425
4447, 0.2615, 0.421
4448, 0.2207, 0.423
4449, 0.2101, 0.433
4450, 0.1494, 0.453
4451, 0.1536, 0.458
4452, 0.2192, 0.457
4453, 0.2179, 0.432
4454, 0.2371, 0.437
4455, 0.2272, 0.423
4456, 0.1852, 0.420
4457, 0.1636, 0.420
4458, 0.2029, 0.422
4459, 0.2146, 0.420
4460, 0.2189, 0.422
4461, 0.2221, 0.425
4462, 0.1989, 0.416
4463, 0.2055, 0.415
4464, 0.3138, 0.423
4465, 0.1294, 0.424
4466, 0.2481, 0.424
4467, 0.2218, 0.425
4468, 0.1882, 0.425
4469, 0.2034, 0.423
4470, 0.1906, 0.429
4471, 0.2381, 0.422
4472, 0.1588, 0.421
4473, 0.2156, 0.421
4474, 0.1515, 0.429
4475, 0.2046, 0.417
4476, 0.2571, 0.422
4477, 0.1687, 0.421
4478, 0.2487, 0.425
4479, 0.2206, 0.423
4480, 0.2376, 0.430
4481, 0.2316, 0.424
4482, 0.1628, 0.424
4483, 0.2312, 0.421
4484, 0.1761, 0.455
4485, 0.2452, 0.451
4486, 0.1981, 0.456
4487, 0.1735, 0.457
4488, 0.1613, 0.453
4489, 0.1561, 0.422
4490, 0.2218, 0.422
4491, 0.3188, 0.421
4492, 0.1040, 0.422
4493, 0.2029, 0.421
4494, 0.1823, 0.424
4495, 0.2148, 0.438
4496, 0.1730, 0.423
4497, 0.1870, 0.427
4498, 0.3234, 0.426
4499, 0.1928, 0.424
4500, 0.1365, 0.421
4501, 0.2491, 0.426
4502, 0.1792, 0.429
4503, 0.1934, 0.451
4504, 0.2056, 0.452
4505, 0.1996, 0.455
4506, 0.2736, 0.435
4507, 0.2749, 0.420
4508, 0.1613, 0.428
4509, 0.2252, 0.426
4510, 0.1506, 0.423
4511, 0.1844, 0.421
4512, 0.2456, 0.433
4513, 0.2229, 0.418
4514, 0.2921, 0.422
4515, 0.2253, 0.426
4516, 0.2351, 0.420
4517, 0.2450, 0.425
4518, 0.2241, 0.423
4519, 0.1281, 0.429
4520, 0.2076, 0.427
4521, 0.1486, 0.442
4522, 0.2675, 0.430
4523, 0.2921, 0.421
4524, 0.2155, 0.420
4525, 0.1811, 0.425
4526, 0.1974, 0.425
4527, 0.1680, 0.425
4528, 0.1508, 0.413
4529, 0.1883, 0.416
4530, 0.1577, 0.424
4531, 0.1764, 0.431
4532, 0.1716, 0.432
4533, 0.1383, 0.420
4534, 0.1706, 0.421
4535, 0.2645, 0.437
4536, 0.2028, 0.416
4537, 0.2070, 0.420
4538, 0.2016, 0.423
4539, 0.1571, 0.423
4540, 0.2517, 0.423
4541, 0.2013, 0.427
4542, 0.2034, 0.457
4543, 0.2058, 0.463
4544, 0.2840, 0.425
4545, 0.1959, 0.422
4546, 0.2511, 0.424
4547, 0.1661, 0.444
4548, 0.1625, 0.424
4549, 0.2266, 0.424
4550, 0.2331, 0.419
4551, 0.2149, 0.416
4552, 0.1651, 0.421
4553, 0.1753, 0.421
4554, 0.2270, 0.424
4555, 0.2514, 0.425
4556, 0.2537, 0.427
4557, 0.2357, 0.425
4558, 0.1754, 0.436
4559, 0.2043, 0.430
4560, 0.1993, 0.436
4561, 0.1801, 0.427
4562, 0.2075, 0.442
4563, 0.2141, 0.424
4564, 0.1714, 0.487
4565, 0.1563, 0.413
4566, 0.2925, 0.412
4567, 0.2187, 0.413
4568, 0.1885, 0.411
4569, 0.2125, 0.417
4570, 0.1845, 0.414
4571, 0.1806, 0.414
4572, 0.1584, 0.411
4573, 0.1556, 0.411
4574, 0.2117, 0.411
4575, 0.2168, 0.414
4576, 0.2081, 0.417
4577, 0.2193, 0.416
4578, 0.2729, 0.416
4579, 0.1522, 0.415
4580, 0.2535, 0.414
4581, 0.2258, 0.412
4582, 0.2447, 0.411
4583, 0.1902, 0.413
4584, 0.2824, 0.412
4585, 0.1990, 0.411
4586, 0.2189, 0.412
4587, 0.3170, 0.414
4588, 0.1764, 0.415
4589, 0.1578, 0.413
4590, 0.1502, 0.409
4591, 0.2022, 0.416
4592, 0.1602, 0.415
4593, 0.1842, 0.415
4594, 0.2251, 0.416
4595, 0.1851, 0.416
4596, 0.1661, 0.414
4597, 0.3083, 0.417
4598, 0.2220, 0.412
4599, 0.2636, 0.414
4600, 0.2508, 0.414
4601, 0.1630, 0.407
4602, 0.2238, 0.426
4603, 0.2303, 0.428
4604, 0.2057, 0.427
4605, 0.1955, 0.433
4606, 0.1780, 0.423
4607, 0.2218, 0.421
4608, 0.1748, 0.423
4609, 0.2158, 0.428
4610, 0.2116, 0.431
4611, 0.2276, 0.431
4612, 0.2241, 0.430
4613, 0.1946, 0.426
4614, 0.2825, 0.424
4615, 0.1669, 0.451
4616, 0.1704, 0.491
4617, 0.2436, 0.420
4618, 0.2955, 0.424
4619, 0.2061, 0.425
4620, 0.1698, 0.427
4621, 0.2080, 0.423
4622, 0.2001, 0.426
4623, 0.1768, 0.428
4624, 0.2051, 0.428
4625, 0.1643, 0.450
4626, 0.1996, 0.438
4627, 0.2436, 0.428
4628, 0.2051, 0.428
4629, 0.1794, 0.441
4630, 0.1779, 0.423
4631, 0.2194, 0.425
4632, 0.1537, 0.423
4633, 0.2218, 0.420
4634, 0.1991, 0.430
4635, 0.1946, 0.424
4636, 0.2895, 0.429
4637, 0.1724, 0.427
4638, 0.1906, 0.432
4639, 0.1621, 0.429
4640, 0.2703, 0.425
4641, 0.2126, 0.425
4642, 0.2391, 0.420
4643, 0.2254, 0.422
4644, 0.2086, 0.425
4645, 0.2280, 0.419
4646, 0.2450, 0.422
4647, 0.2216, 0.421
4648, 0.2074, 0.423
4649, 0.1957, 0.420
4650, 0.2366, 0.422
4651, 0.1262, 0.421
4652, 0.1708, 0.421
4653, 0.1887, 0.427
4654, 0.1789, 0.422
4655, 0.1997, 0.426
4656, 0.1673, 0.429
4657, 0.1808, 0.426
4658, 0.2036, 0.421
4659, 0.1889, 0.424
4660, 0.2672, 0.421
4661, 0.2089, 0.421
4662, 0.1679, 0.424
4663, 0.1870, 0.419
4664, 0.3366, 0.424
4665, 0.2501, 0.420
4666, 0.2347, 0.434
4667, 0.1882, 0.426
4668, 0.2367, 0.427
4669, 0.1898, 0.430
4670, 0.2484, 0.427
4671, 0.2835, 0.432
4672, 0.1462, 0.444
4673, 0.2207, 0.419
4674, 0.2468, 0.419
4675, 0.2437, 0.427
4676, 0.1788, 0.421
4677, 0.1621, 0.420
4678, 0.2103, 0.424
4679, 0.2400, 0.422
4680, 0.2060, 0.427
4681, 0.1874, 0.423
4682, 0.2418, 0.424
4683, 0.2543, 0.421
4684, 0.1924, 0.428
4685, 0.3123, 0.425
4686, 0.2245, 0.424
4687, 0.1983, 0.427
4688, 0.2279, 0.424
4689, 0.2032, 0.446
4690, 0.1639, 0.422
4691, 0.2099, 0.422
4692, 0.1661, 0.423
4693, 0.2035, 0.422
4694, 0.1933, 0.417
4695, 0.1984, 0.462
4696, 0.1812, 0.470
4697, 0.1498, 0.463
4698, 0.1936, 0.461
4699, 0.2271, 0.420
4700, 0.1839, 0.425
4701, 0.2328, 0.476
4702, 0.2263, 0.464
4703, 0.2108, 0.460
4704, 0.1738, 0.455
4705, 0.1576, 0.467
4706, 0.2398, 0.465
4707, 0.1973, 0.458
4708, 0.1732, 0.458
4709, 0.2128, 0.462
4710, 0.1958, 0.468
4711, 0.1744, 0.461
4712, 0.2201, 0.431
4713, 0.2832, 0.427
4714, 0.2463, 0.424
4715, 0.2298, 0.428
4716, 0.1912, 0.427
4717, 0.1861, 0.428
4718, 0.2138, 0.427
4719, 0.2109, 0.431
4720, 0.1493, 0.437
4721, 0.1712, 0.436
4722, 0.1853, 0.432
4723, 0.1557, 0.423
4724, 0.2103, 0.427
4725, 0.2793, 0.425
4726, 0.1723, 0.429
4727, 0.1756, 0.434
4728, 0.1179, 0.427
4729, 0.2042, 0.434
4730, 0.1754, 0.425
4731, 0.2026, 0.426
4732, 0.2113, 0.429
4733, 0.1625, 0.418
4734, 0.2085, 0.430
4735, 0.1726, 0.447
4736, 0.1594, 0.424
4737, 0.2068, 0.428
4738, 0.1835, 0.425
4739, 0.1786, 0.422
4740, 0.1827, 0.420
4741, 0.1761, 0.421
4742, 0.2299, 0.435
4743, 0.3057, 0.418
4744, 0.1775, 0.423
4745, 0.2597, 0.422
4746, 0.2342, 0.431
4747, 0.2317, 0.419
4748, 0.2667, 0.427
4749, 0.2279, 0.437
4750, 0.2186, 0.434
4751, 0.1289, 0.424
4752, 0.2130, 0.419
4753, 0.1837, 0.423
4754, 0.1625, 0.426
4755, 0.2519, 0.426
4756, 0.1954, 0.425
4757, 0.2736, 0.431
4758, 0.1607, 0.417
4759, 0.2261, 0.417
4760, 0.1656, 0.426
4761, 0.1486, 0.453
4762, 0.1882, 0.425
4763, 0.2262, 0.425
4764, 0.2251, 0.426
4765, 0.2446, 0.426
4766, 0.1552, 0.422
4767, 0.2137, 0.425
4768, 0.2511, 0.421
4769, 0.2009, 0.423
4770, 0.2099, 0.422
4771, 0.2081, 0.426
4772, 0.2667, 0.431
4773, 0.2177, 0.425
4774, 0.2193, 0.426
4775, 0.2090, 0.430
4776, 0.1674, 0.432
4777, 0.2021, 0.428
4778, 0.2292, 0.426
4779, 0.2292, 0.425
4780, 0.2195, 0.425
4781, 0.2382, 0.425
4782, 0.1401, 0.425
4783, 0.2634, 0.428
4784, 0.1314, 0.425
4785, 0.3741, 0.421
4786, 0.2888, 0.424
4787, 0.1878, 0.423
4788, 0.2772, 0.425
4789, 0.2361, 0.425
4790, 0.1801, 0.421
4791, 0.2238, 0.427
4792, 0.2043, 0.429
4793, 0.2960, 0.428
4794, 0.2261, 0.428
4795, 0.2252, 0.422
4796, 0.2310, 0.424
4797, 0.2684, 0.423
4798, 0.1693, 0.435
4799, 0.1781, 0.425
4800, 0.2486, 0.423
4801, 0.2392, 0.411
4802, 0.2247, 0.423
4803, 0.1693, 0.425
4804, 0.2434, 0.428
4805, 0.2791, 0.454
4806, 0.2224, 0.429
4807, 0.1939, 0.448
4808, 0.2466, 0.449
4809, 0.2180, 0.433
4810, 0.2448, 0.433
4811, 0.1860, 0.423
4812, 0.2303, 0.425
4813, 0.2114, 0.424
4814, 0.1977, 0.427
4815, 0.1726, 0.485
4816, 0.1994, 0.429
4817, 0.1672, 0.425
4818, 0.2093, 0.421
4819, 0.2715, 0.426
4820, 0.1698, 0.429
4821, 0.1828, 0.429
4822, 0.1928, 0.437
4823, 0.2830, 0.427
4824, 0.1621, 0.448
4825, 0.1544, 0.440
4826, 0.1725, 0.440
4827, 0.2212, 0.434
4828, 0.1985, 0.425
4829, 0.2174, 0.502
4830, 0.2333, 0.426
4831, 0.2118, 0.436
4832, 0.2340, 0.444
4833, 0.2010, 0.431
4834, 0.1813, 0.433
4835, 0.2397, 0.423
4836, 0.2521, 0.436
4837, 0.1735, 0.433
4838, 0.2189, 0.442
4839, 0.3001, 0.431
4840, 0.2315, 0.435
4841, 0.2108, 0.434
4842, 0.2508, 0.435
4843, 0.2184, 0.435
4844, 0.3260, 0.433
4845, 0.2444, 0.428
4846, 0.1748, 0.427
4847, 0.1945, 0.432
4848, 0.1844, 0.424
4849, 0.1645, 0.430
4850, 0.1708, 0.430
4851, 0.2646, 0.420
4852, 0.1519, 0.427
4853, 0.1400, 0.417
4854, 0.1876, 0.425
4855, 0.2324, 0.425
4856, 0.2197, 0.422
4857, 0.1734, 0.436
4858, 0.2083, 0.424
4859, 0.1818, 0.425
4860, 0.1217, 0.418
4861, 0.2388, 0.418
4862, 0.1873, 0.438
4863, 0.1469, 0.426
4864, 0.2010, 0.419
4865, 0.1836, 0.422
4866, 0.2164, 0.432
4867, 0.3080, 0.428
4868, 0.2155, 0.420
4869, 0.1830, 0.420
4870, 0.1917, 0.424
4871, 0.2032, 0.423
4872, 0.1948, 0.432
4873, 0.1835, 0.421
4874, 0.1982, 0.427
4875, 0.2527, 0.421
4876, 0.2221, 0.431
4877, 0.2087, 0.434
4878, 0.2162, 0.437
4879, 0.2312, 0.423
4880, 0.2145, 0.432
4881, 0.2756, 0.431
4882, 0.2440, 0.421
4883, 0.2026, 0.420
4884, 0.2578, 0.421
4885, 0.2470, 0.420
4886, 0.2070, 0.424
4887, 0.1701, 0.435
4888, 0.2362, 0.416
4889, 0.1057, 0.422
4890, 0.2917, 0.425
4891, 0.2324, 0.420
4892, 0.1548, 0.424
4893, 0.2460, 0.425
4894, 0.1062, 0.440
4895, 0.2356, 0.424
4896, 0.0987, 0.425
4897, 0.1346, 0.422
4898, 0.1994, 0.419
4899, 0.2241, 0.420
4900, 0.1955, 0.414
4901, 0.2166, 0.443
4902, 0.1833, 0.432
4903, 0.2219, 0.429
4904, 0.1142, 0.433
4905, 0.1049, 0.431
4906, 0.2349, 0.437
4907, 0.2092, 0.433
4908, 0.2301, 0.431
4909, 0.2114, 0.431
4910, 0.2050, 0.428
4911, 0.2299, 0.422
4912, 0.0482, 0.424
4913, 0.0794, 0.417
4914, 0.2200, 0.422
4915, 0.1651, 0.419
4916, 0.2282, 0.424
4917, 0.1955, 0.424
4918, 0.2279, 0.419
4919, 0.1468, 0.428
4920, 0.2410, 0.427
4921, 0.2667, 0.426
4922, 0.2480, 0.421
4923, 0.2311, 0.426
4924, 0.2507, 0.430
4925, 0.1789, 0.413
4926, 0.1637, 0.420
4927, 0.1977, 0.418
4928, 0.2247, 0.417
4929, 0.1464, 0.421
4930, 0.1900, 0.421
4931, 0.1616, 0.423
4932, 0.2116, 0.418
4933, 0.2894, 0.421
4934, 0.1479, 0.424
4935, 0.2439, 0.423
4936, 0.1856, 0.423
4937, 0.2862, 0.422
4938, 0.1085, 0.422
4939, 0.1923, 0.428
4940, 0.2495, 0.424
4941, 0.2126, 0.419
4942, 0.2644, 0.420
4943, 0.1657, 0.415
4944, 0.2043, 0.426
4945, 0.2079, 0.423
4946, 0.1192, 0.420
4947, 0.1826, 0.432
4948, 0.2200, 0.420
4949, 0.1600, 0.429
4950, 0.2041, 0.426
4951, 0.1712, 0.423
4952, 0.2624, 0.424
4953, 0.1625, 0.426
4954, 0.1479, 0.422
4955, 0.1303, 0.423
4956, 0.1809, 0.423
4957, 0.1950, 0.420
4958, 0.1713, 0.421
4959, 0.2025, 0.426
4960, 0.1864, 0.425
4961, 0.2578, 0.429
4962, 0.1135, 0.431
4963, 0.1985, 0.429
4964, 0.1923, 0.500
4965, 0.2124, 0.434
4966, 0.1892, 0.430
4967, 0.1783, 0.437
4968, 0.1783, 0.430
4969, 0.1993, 0.428
4970, 0.1323, 0.429
4971, 0.1173, 0.428
4972, 0.1312, 0.446
4973, 0.1910, 0.441
4974, 0.1659, 0.425
4975, 0.1598, 0.421
4976, 0.1203, 0.420
4977, 0.2099, 0.421
4978, 0.1039, 0.425
4979, 0.2097, 0.429
4980, 0.1005, 0.429
4981, 0.1801, 0.429
4982, 0.1224, 0.424
4983, 0.1698, 0.422
4984, 0.2023, 0.425
4985, 0.2027, 0.424
4986, 0.1981, 0.426
4987, 0.2105, 0.431
4988, 0.1911, 0.428
4989, 0.2186, 0.427
4990, 0.2521, 0.423
4991, 0.2322, 0.422
4992, 0.2128, 0.425
4993, 0.1465, 0.422
4994, 0.1098, 0.425
4995, 0.1088, 0.428
4996, 0.2062, 0.431
4997, 0.2010, 0.429
4998, 0.2851, 0.424
4999, 0.1239, 0.424
5000, 0.1470, 0.423
