0, 0.5024, 5.689
1, 0.4793, 0.382
2, 0.4831, 0.383
3, 0.4880, 0.386
4, 0.5010, 0.389
5, 0.4852, 0.382
6, 0.4921, 0.386
7, 0.5022, 0.381
8, 0.4970, 0.580
9, 0.5094, 0.396
10, 0.4912, 0.399
11, 0.4997, 0.393
12, 0.4850, 0.417
13, 0.4891, 0.424
14, 0.5003, 0.458
15, 0.4980, 0.398
16, 0.4854, 0.420
17, 0.4679, 0.420
18, 0.4497, 0.455
19, 0.4690, 0.507
20, 0.5147, 0.400
21, 0.5067, 0.406
22, 0.4861, 0.405
23, 0.4180, 0.395
24, 0.4779, 0.401
25, 0.4382, 0.430
26, 0.4519, 0.398
27, 0.4964, 0.397
28, 0.4847, 0.400
29, 0.4814, 0.407
30, 0.3937, 0.550
31, 0.4128, 0.394
32, 0.4618, 0.767
33, 0.4658, 0.410
34, 0.5014, 0.411
35, 0.4941, 0.404
36, 0.4813, 0.408
37, 0.4097, 0.601
38, 0.4513, 0.401
39, 0.4713, 0.395
40, 0.4099, 0.395
41, 0.3879, 0.414
42, 0.3617, 0.400
43, 0.4737, 0.394
44, 0.4045, 0.388
45, 0.5185, 0.393
46, 0.4985, 0.403
47, 0.5041, 0.391
48, 0.4908, 0.387
49, 0.4912, 0.373
50, 0.5013, 1.108
51, 0.4633, 0.377
52, 0.4548, 0.375
53, 0.4252, 0.376
54, 0.4601, 0.372
55, 0.3953, 0.372
56, 0.4555, 0.371
57, 0.3803, 0.935
58, 0.4238, 0.379
59, 0.4292, 4.056
60, 0.3931, 0.405
61, 0.4039, 0.401
62, 0.3831, 0.386
63, 0.4125, 0.400
64, 0.4440, 0.399
65, 0.3830, 0.399
66, 0.4568, 0.403
67, 0.4505, 0.414
68, 0.4114, 0.494
69, 0.4314, 0.415
70, 0.3086, 0.376
71, 0.3455, 0.394
72, 0.3917, 0.392
73, 0.4223, 0.390
74, 0.4272, 0.398
75, 0.4237, 0.702
76, 0.3391, 0.399
77, 0.3186, 0.410
78, 0.3942, 0.394
79, 0.3657, 0.404
80, 0.2883, 0.406
81, 0.3593, 0.391
82, 0.3817, 0.402
83, 0.2816, 0.389
84, 0.4158, 0.392
85, 0.3788, 0.392
86, 0.3339, 0.392
87, 0.3634, 0.388
88, 0.2554, 0.394
89, 0.3252, 0.397
90, 0.3795, 0.391
91, 0.2551, 0.399
92, 0.3216, 0.398
93, 0.4416, 0.395
94, 0.3967, 0.394
95, 0.3756, 0.395
96, 0.2516, 0.398
97, 0.3832, 0.402
98, 0.3333, 0.400
99, 0.2252, 0.566
100, 0.3309, 0.395
101, 0.3921, 0.394
102, 0.2712, 0.398
103, 0.3349, 0.631
104, 0.3725, 0.400
105, 0.2889, 0.424
106, 0.3017, 0.403
107, 0.3617, 0.400
108, 0.4435, 0.421
109, 0.3349, 0.398
110, 0.2952, 0.401
111, 0.2425, 0.397
112, 0.2611, 0.447
113, 0.3660, 0.391
114, 0.3037, 0.393
115, 0.2796, 0.396
116, 0.2830, 0.395
117, 0.2980, 0.403
118, 0.3246, 0.401
119, 0.3268, 0.401
120, 0.2344, 0.399
121, 0.2413, 0.397
122, 0.2278, 0.389
123, 0.3147, 0.538
124, 0.2669, 0.393
125, 0.2121, 0.404
126, 0.2520, 0.397
127, 0.4788, 0.398
128, 0.3537, 0.394
129, 0.2985, 0.391
130, 0.2831, 0.393
131, 0.2302, 0.393
132, 0.2910, 0.398
133, 0.3056, 0.399
134, 0.2864, 0.401
135, 0.2464, 0.492
136, 0.2480, 1.493
137, 0.3116, 0.399
138, 0.2775, 0.394
139, 0.3220, 0.397
140, 0.1735, 0.393
141, 0.0638, 0.390
142, 0.1936, 0.394
143, 0.2981, 0.399
144, 0.2724, 0.393
145, 0.3418, 0.395
146, 0.1936, 0.395
147, 0.2901, 1.060
148, 0.3539, 0.399
149, 0.2801, 0.414
150, 0.3149, 0.398
151, 0.2072, 0.391
152, 0.3205, 1.005
153, 0.2665, 0.394
154, 0.3320, 0.402
155, 0.3486, 0.391
156, 0.2854, 0.397
157, 0.3085, 0.391
158, 0.2141, 1.305
159, 0.2617, 0.398
160, 0.2576, 0.392
161, 0.2580, 0.392
162, 0.2955, 0.395
163, 0.3552, 0.445
164, 0.3502, 0.394
165, 0.3393, 0.395
166, 0.3410, 0.385
167, 0.2699, 0.389
168, 0.2565, 0.388
169, 0.2936, 0.388
170, 0.2698, 0.387
171, 0.2503, 0.384
172, 0.3651, 0.386
173, 0.3000, 0.393
174, 0.2885, 0.389
175, 0.2554, 0.395
176, 0.2776, 0.390
177, 0.2418, 0.390
178, 0.2726, 0.392
179, 0.2913, 0.391
180, 0.2635, 0.398
181, 0.2658, 0.395
182, 0.2767, 0.395
183, 0.2426, 0.391
184, 0.3695, 0.395
185, 0.2930, 0.398
186, 0.2342, 0.393
187, 0.2196, 1.115
188, 0.2720, 0.391
189, 0.2309, 0.390
190, 0.3535, 0.389
191, 0.2377, 0.375
192, 0.3229, 1.002
193, 0.2931, 0.374
194, 0.2712, 0.370
195, 0.2223, 0.368
196, 0.2470, 0.366
197, 0.2696, 0.367
198, 0.3557, 2.681
199, 0.2376, 1.158
200, 0.2173, 0.540
201, 0.2714, 0.383
202, 0.0969, 0.381
203, 0.1477, 1.078
204, 0.1649, 0.403
205, 0.1860, 0.400
206, 0.1237, 0.399
207, 0.2271, 0.400
208, 0.2406, 0.408
209, 0.1830, 0.375
210, 0.1513, 0.393
211, 0.2410, 3.797
212, 0.1580, 0.396
213, 0.2364, 0.589
214, 0.2656, 0.396
215, 0.2755, 0.436
216, 0.2425, 0.400
217, 0.2428, 0.407
218, 0.3170, 1.430
219, 0.2557, 0.395
220, 0.2592, 0.396
221, 0.2696, 0.393
222, 0.2976, 0.391
223, 0.2424, 0.396
224, 0.3026, 0.392
225, 0.2386, 0.389
226, 0.2150, 0.395
227, 0.2399, 0.396
228, 0.2431, 0.401
229, 0.2497, 0.396
230, 0.1886, 0.395
231, 0.1832, 0.397
232, 0.2481, 0.392
233, 0.1265, 0.393
234, 0.2345, 0.394
235, 0.2134, 0.746
236, 0.1578, 0.399
237, 0.1760, 0.398
238, 0.1883, 0.393
239, 0.1693, 0.606
240, 0.1644, 0.399
241, 0.3201, 0.398
242, 0.2258, 0.395
243, 0.2105, 0.388
244, 0.1921, 0.390
245, 0.2883, 0.592
246, 0.2625, 0.397
247, 0.3284, 0.402
248, 0.3026, 0.398
249, 0.1938, 0.393
250, 0.2265, 0.393
251, 0.3547, 0.573
252, 0.2293, 0.392
253, 0.2892, 0.392
254, 0.2883, 0.395
255, 0.2750, 0.389
256, 0.2545, 0.386
257, 0.2232, 0.386
258, 0.1967, 0.388
259, 0.2127, 0.388
260, 0.2522, 0.393
261, 0.1613, 0.388
262, 0.3448, 0.389
263, 0.1455, 0.392
264, 0.3201, 0.389
265, 0.2723, 0.391
266, 0.2474, 0.392
267, 0.2614, 0.394
268, 0.2041, 0.397
269, 0.2690, 0.389
270, 0.2404, 0.396
271, 0.2024, 0.389
272, 0.2119, 0.389
273, 0.2076, 0.391
274, 0.1968, 0.385
275, 0.2853, 0.391
276, 0.1867, 0.399
277, 0.3517, 0.400
278, 0.3457, 0.389
279, 0.2601, 0.396
280, 0.2154, 0.392
281, 0.2697, 0.390
282, 0.2090, 0.396
283, 0.2084, 0.400
284, 0.2242, 0.390
285, 0.2293, 0.390
286, 0.2667, 0.400
287, 0.2938, 0.393
288, 0.3426, 0.391
289, 0.2216, 0.396
290, 0.2940, 0.410
291, 0.2334, 0.402
292, 0.1838, 0.394
293, 0.2080, 0.391
294, 0.2153, 0.405
295, 0.1630, 0.406
296, 0.2337, 0.395
297, 0.2638, 0.396
298, 0.2302, 0.393
299, 0.2534, 0.389
300, 0.2097, 0.388
301, 0.2272, 0.389
302, 0.2365, 0.595
303, 0.2069, 0.398
304, 0.2086, 0.390
305, 0.2074, 0.395
306, 0.1567, 0.630
307, 0.1375, 0.392
308, 0.1769, 0.392
309, 0.1835, 0.398
310, 0.1331, 0.392
311, 0.1703, 0.398
312, 0.2355, 0.398
313, 0.2454, 0.397
314, 0.2599, 0.396
315, 0.2300, 0.922
316, 0.2044, 0.393
317, 0.1691, 0.389
318, 0.1664, 0.397
319, 0.2167, 0.396
320, 0.1971, 0.403
321, 0.2371, 0.396
322, 0.2301, 0.520
323, 0.2350, 0.393
324, 0.2165, 0.385
325, 0.2961, 0.384
326, 0.2756, 1.612
327, 0.2609, 0.387
328, 0.3198, 0.373
329, 0.2353, 0.372
330, 0.2393, 0.372
331, 0.2059, 0.385
332, 0.2617, 0.375
333, 0.1847, 1.065
334, 0.2199, 0.375
335, 0.1637, 1.196
336, 0.1906, 0.377
337, 0.1700, 1.388
338, 0.1783, 0.381
339, 0.2263, 1.312
340, 0.1580, 0.377
341, 0.1906, 0.382
342, 0.1051, 0.378
343, 0.1494, 1.015
344, 0.1666, 0.380
345, 0.2113, 0.377
346, 0.1521, 0.656
347, 0.2083, 0.380
348, 0.2107, 1.080
349, 0.2199, 0.791
350, 0.1821, 0.398
351, 0.2173, 0.396
352, 0.1972, 0.413
353, 0.2212, 0.689
354, 0.2746, 1.039
355, 0.2435, 0.392
356, 0.2455, 0.394
357, 0.2287, 0.399
358, 0.1850, 0.386
359, 0.2755, 0.388
360, 0.2264, 0.388
361, 0.2227, 0.388
362, 0.2724, 0.394
363, 0.2202, 0.406
364, 0.2389, 0.392
365, 0.1931, 0.387
366, 0.2774, 0.386
367, 0.2039, 0.385
368, 0.1987, 0.383
369, 0.2332, 0.388
370, 0.2652, 0.389
371, 0.1481, 0.387
372, 0.1708, 0.388
373, 0.2148, 0.392
374, 0.1796, 0.393
375, 0.2685, 0.387
376, 0.2527, 0.389
377, 0.2910, 0.390
378, 0.1698, 0.393
379, 0.1536, 0.391
380, 0.1343, 0.393
381, 0.1592, 0.392
382, 0.2384, 0.393
383, 0.1876, 0.392
384, 0.1802, 0.392
385, 0.2426, 1.761
386, 0.2679, 0.393
387, 0.2455, 0.396
388, 0.1933, 0.392
389, 0.2577, 0.397
390, 0.1201, 0.395
391, 0.2078, 0.397
392, 0.1586, 0.398
393, 0.2057, 0.392
394, 0.1769, 0.390
395, 0.1564, 0.392
396, 0.2196, 0.395
397, 0.2070, 0.390
398, 0.1965, 0.386
399, 0.1775, 0.391
400, 0.2380, 0.386
401, 0.3149, 0.382
402, 0.1900, 0.391
403, 0.1898, 0.396
404, 0.1557, 0.389
405, 0.1887, 0.395
406, 0.1692, 0.399
407, 0.1556, 0.392
408, 0.3216, 0.420
409, 0.1519, 0.401
410, 0.1968, 0.703
411, 0.2029, 1.122
412, 0.1695, 1.440
413, 0.1426, 0.435
414, 0.2028, 0.542
415, 0.2504, 0.439
416, 0.2353, 0.431
417, 0.2508, 1.597
418, 0.2089, 1.073
419, 0.2319, 0.377
420, 0.2156, 0.397
421, 0.2226, 0.401
422, 0.2617, 0.396
423, 0.2017, 1.694
424, 0.2087, 0.396
425, 0.1616, 0.394
426, 0.1905, 1.959
427, 0.1689, 1.074
428, 0.1528, 0.404
429, 0.2050, 0.408
430, 0.3242, 0.399
431, 0.2777, 0.407
432, 0.3339, 0.401
433, 0.2078, 0.410
434, 0.1926, 1.721
435, 0.1935, 0.395
436, 0.2130, 0.395
437, 0.1828, 0.392
438, 0.2280, 0.392
439, 0.1653, 0.393
440, 0.1639, 0.396
441, 0.1979, 0.390
442, 0.2304, 0.393
443, 0.2223, 0.388
444, 0.1246, 0.392
445, 0.1942, 0.384
446, 0.1791, 0.386
447, 0.1950, 0.389
448, 0.1996, 0.384
449, 0.2452, 0.385
450, 0.2567, 0.386
451, 0.1337, 0.384
452, 0.2850, 0.371
453, 0.2369, 0.374
454, 0.2032, 0.371
455, 0.2596, 0.372
456, 0.2016, 0.371
457, 0.1535, 0.371
458, 0.1988, 0.369
459, 0.2005, 1.818
460, 0.2944, 0.662
461, 0.1593, 0.378
462, 0.2049, 0.379
463, 0.1965, 0.377
464, 0.2482, 0.379
465, 0.2962, 0.373
466, 0.1288, 0.375
467, 0.2226, 0.407
468, 0.1609, 0.378
469, 0.1822, 0.380
470, 0.1038, 0.377
471, 0.1472, 0.378
472, 0.2502, 1.105
473, 0.1770, 0.398
474, 0.2702, 1.231
475, 0.1538, 0.392
476, 0.1564, 0.392
477, 0.1787, 0.388
478, 0.1898, 0.396
479, 0.1968, 0.393
480, 0.0872, 0.395
481, 0.1679, 0.392
482, 0.2574, 0.390
483, 0.2029, 0.396
484, 0.1433, 0.396
485, 0.1831, 0.397
486, 0.1945, 0.395
487, 0.2039, 0.395
488, 0.1450, 0.389
489, 0.1885, 0.391
490, 0.1290, 0.389
491, 0.1929, 0.394
492, 0.1748, 0.396
493, 0.2516, 0.399
494, 0.3421, 0.391
495, 0.2237, 0.390
496, 0.1940, 0.400
497, 0.2374, 0.391
498, 0.1362, 0.400
499, 0.1104, 0.399
500, 0.2376, 0.395
501, 0.1807, 0.389
502, 0.1408, 0.394
503, 0.1324, 0.391
504, 0.2509, 0.403
505, 0.1970, 0.394
506, 0.3366, 0.394
507, 0.2408, 0.386
508, 0.1725, 0.388
509, 0.1941, 0.389
510, 0.1193, 0.390
511, 0.2081, 0.390
512, 0.1737, 0.397
513, 0.1624, 0.399
514, 0.2223, 0.393
515, 0.1522, 0.396
516, 0.1951, 0.396
517, 0.1817, 0.397
518, 0.2068, 0.390
519, 0.1833, 0.392
520, 0.1872, 0.392
521, 0.1614, 0.391
522, 0.1236, 0.398
523, 0.2408, 0.404
524, 0.2112, 0.397
525, 0.1656, 0.402
526, 0.1050, 0.391
527, 0.2339, 0.391
528, 0.2795, 0.389
529, 0.2227, 0.394
530, 0.1816, 0.401
531, 0.2593, 0.389
532, 0.1502, 0.397
533, 0.2032, 0.399
534, 0.1629, 0.419
535, 0.2755, 0.401
536, 0.2304, 0.403
537, 0.2577, 0.392
538, 0.1976, 0.393
539, 0.2810, 0.389
540, 0.2092, 0.530
541, 0.1920, 0.392
542, 0.1619, 0.396
543, 0.2050, 0.398
544, 0.1657, 1.058
545, 0.2735, 0.393
546, 0.1622, 0.390
547, 0.2166, 0.389
548, 0.1935, 0.395
549, 0.1771, 0.440
550, 0.1255, 0.584
551, 0.1933, 0.385
552, 0.2676, 0.392
553, 0.1503, 0.392
554, 0.1878, 1.055
555, 0.1967, 0.390
556, 0.1978, 0.395
557, 0.3906, 0.395
558, 0.1453, 0.386
559, 0.1680, 0.390
560, 0.2644, 0.388
561, 0.1296, 0.392
562, 0.1553, 0.389
563, 0.1828, 0.386
564, 0.1860, 0.390
565, 0.1554, 0.391
566, 0.1745, 0.451
567, 0.1517, 0.388
568, 0.1437, 0.391
569, 0.1948, 0.390
570, 0.1708, 0.387
571, 0.1214, 0.391
572, 0.1634, 0.387
573, 0.1416, 0.392
574, 0.2016, 0.386
575, 0.1520, 0.390
576, 0.1438, 0.393
577, 0.1219, 0.398
578, 0.1654, 0.391
579, 0.1693, 0.395
580, 0.1921, 0.396
581, 0.2647, 1.544
582, 0.2139, 0.390
583, 0.1720, 0.393
584, 0.2216, 0.392
585, 0.1658, 0.656
586, 0.1864, 0.390
587, 0.1466, 0.395
588, 0.1795, 1.598
589, 0.2495, 0.389
590, 0.2953, 0.397
591, 0.1832, 1.935
592, 0.2538, 0.399
593, 0.2336, 0.401
594, 0.1521, 0.391
595, 0.1405, 1.517
596, 0.1981, 0.382
597, 0.1248, 0.386
598, 0.1024, 0.388
599, 0.2594, 0.389
600, 0.1977, 0.373
601, 0.2232, 0.386
602, 0.1881, 0.373
603, 0.2811, 0.371
604, 0.2457, 0.370
605, 0.1571, 0.372
606, 0.2383, 0.372
607, 0.1891, 0.377
608, 0.2178, 0.700
609, 0.1801, 0.384
610, 0.1966, 2.112
611, 0.2164, 0.376
612, 0.1235, 0.386
613, 0.2193, 0.853
614, 0.0939, 0.377
615, 0.2123, 0.381
616, 0.1613, 0.768
617, 0.2391, 0.378
618, 0.1993, 1.037
619, 0.1642, 0.396
620, 0.2396, 2.144
621, 0.1593, 0.379
622, 0.1261, 0.401
623, 0.2450, 0.395
624, 0.1789, 0.393
625, 0.1802, 0.393
626, 0.1803, 0.390
627, 0.1453, 0.388
628, 0.1621, 0.392
629, 0.1044, 0.407
630, 0.1695, 0.863
631, 0.1061, 0.406
632, 0.1440, 0.392
633, 0.2192, 0.394
634, 0.2268, 0.399
635, 0.2666, 0.392
636, 0.1662, 0.399
637, 0.1725, 0.408
638, 0.1369, 0.409
639, 0.2212, 0.398
640, 0.2549, 0.393
641, 0.1511, 0.427
642, 0.1801, 0.395
643, 0.2235, 0.395
644, 0.1715, 0.512
645, 0.1447, 0.397
646, 0.1423, 0.397
647, 0.1976, 0.608
648, 0.2059, 1.018
649, 0.2064, 0.396
650, 0.1301, 0.401
651, 0.3224, 0.401
652, 0.2227, 0.397
653, 0.1826, 0.398
654, 0.1751, 0.393
655, 0.1551, 0.393
656, 0.1801, 0.388
657, 0.1411, 0.388
658, 0.1257, 0.390
659, 0.1806, 0.390
660, 0.2064, 0.390
661, 0.1790, 0.389
662, 0.1328, 0.388
663, 0.1599, 0.387
664, 0.2284, 0.387
665, 0.1624, 0.390
666, 0.1856, 0.394
667, 0.1847, 0.397
668, 0.1835, 0.389
669, 0.1644, 0.391
670, 0.2000, 0.390
671, 0.2315, 0.391
672, 0.1204, 0.396
673, 0.2638, 0.403
674, 0.1522, 0.393
675, 0.1823, 0.392
676, 0.1378, 0.389
677, 0.1634, 0.387
678, 0.1213, 0.390
679, 0.2479, 0.409
680, 0.1834, 0.394
681, 0.2201, 0.388
682, 0.2278, 0.389
683, 0.1549, 0.393
684, 0.1767, 0.396
685, 0.1588, 0.397
686, 0.2097, 0.396
687, 0.1822, 0.392
688, 0.2117, 0.395
689, 0.1715, 0.396
690, 0.1369, 0.660
691, 0.2009, 0.392
692, 0.2808, 0.914
693, 0.1536, 0.395
694, 0.2605, 0.395
695, 0.2060, 0.432
696, 0.1895, 0.432
697, 0.2020, 0.413
698, 0.1872, 0.393
699, 0.1847, 0.404
700, 0.1510, 0.403
701, 0.2141, 0.396
702, 0.2131, 0.392
703, 0.1404, 0.393
704, 0.1392, 0.400
705, 0.2466, 0.392
706, 0.3415, 0.395
707, 0.1547, 0.389
708, 0.1392, 0.391
709, 0.1575, 0.391
710, 0.1221, 0.389
711, 0.2334, 0.396
712, 0.2095, 0.391
713, 0.3489, 0.395
714, 0.2150, 0.391
715, 0.2343, 0.394
716, 0.1435, 0.409
717, 0.2128, 0.872
718, 0.1668, 0.395
719, 0.2181, 0.409
720, 0.1844, 0.400
721, 0.2120, 0.392
722, 0.2365, 0.393
723, 0.1805, 0.391
724, 0.1109, 0.436
725, 0.2214, 0.394
726, 0.2393, 0.392
727, 0.2677, 0.395
728, 0.2863, 0.391
729, 0.2028, 0.398
730, 0.2093, 0.402
731, 0.2429, 0.414
732, 0.1753, 0.404
733, 0.1938, 0.397
734, 0.1947, 0.402
735, 0.2072, 0.403
736, 0.1503, 0.658
737, 0.1658, 0.391
738, 0.1716, 0.431
739, 0.1975, 0.520
740, 0.2328, 0.699
741, 0.2348, 0.386
742, 0.1744, 0.388
743, 0.1642, 0.387
744, 0.1594, 0.394
745, 0.1876, 0.378
746, 0.0948, 0.373
747, 0.0999, 0.383
748, 0.1891, 0.370
749, 0.1714, 0.370
750, 0.2320, 0.372
751, 0.1899, 0.371
752, 0.2111, 0.378
753, 0.1940, 3.151
754, 0.1533, 0.388
755, 0.2179, 0.741
756, 0.1390, 2.198
757, 0.2000, 1.251
758, 0.1649, 0.377
759, 0.1219, 0.388
760, 0.1745, 0.378
761, 0.1940, 0.716
762, 0.1500, 0.377
763, 0.1748, 0.409
764, 0.1798, 0.985
765, 0.2517, 0.379
766, 0.2133, 0.403
767, 0.2135, 0.427
768, 0.1910, 0.395
769, 0.1459, 0.453
770, 0.2492, 0.389
771, 0.1630, 0.388
772, 0.1456, 0.388
773, 0.1624, 0.391
774, 0.1436, 0.383
775, 0.0982, 0.386
776, 0.2559, 0.388
777, 0.2205, 0.394
778, 0.2722, 0.387
779, 0.1964, 0.387
780, 0.2344, 0.396
781, 0.1490, 0.394
782, 0.1994, 0.394
783, 0.1838, 0.389
784, 0.2392, 0.392
785, 0.2366, 0.389
786, 0.1908, 0.390
787, 0.2892, 0.389
788, 0.2428, 0.389
789, 0.1570, 0.387
790, 0.1840, 0.398
791, 0.2037, 0.395
792, 0.1014, 0.396
793, 0.1999, 0.400
794, 0.1920, 0.393
795, 0.1518, 0.393
796, 0.1645, 0.393
797, 0.1688, 1.444
798, 0.1468, 0.392
799, 0.1786, 0.393
800, 0.1835, 1.123
801, 0.1433, 0.388
802, 0.1624, 0.401
803, 0.1365, 0.394
804, 0.1684, 0.405
805, 0.1394, 0.398
806, 0.1794, 1.055
807, 0.1801, 0.397
808, 0.1688, 0.397
809, 0.1003, 0.402
810, 0.1511, 0.403
811, 0.1384, 0.393
812, 0.1176, 0.393
813, 0.1157, 0.390
814, 0.1844, 0.388
815, 0.1589, 0.469
816, 0.1656, 0.392
817, 0.2014, 0.393
818, 0.2156, 0.390
819, 0.2121, 0.394
820, 0.2582, 0.394
821, 0.1826, 0.396
822, 0.1928, 0.395
823, 0.2547, 0.392
824, 0.2406, 0.393
825, 0.1898, 0.398
826, 0.1233, 0.392
827, 0.1665, 0.398
828, 0.1508, 1.588
829, 0.1775, 0.395
830, 0.1284, 0.398
831, 0.1038, 0.858
832, 0.1307, 0.392
833, 0.1725, 0.424
834, 0.1388, 0.400
835, 0.1186, 0.795
836, 0.1690, 0.395
837, 0.2108, 0.403
838, 0.2265, 0.403
839, 0.1642, 0.398
840, 0.2214, 0.393
841, 0.1983, 0.400
842, 0.1625, 0.394
843, 0.1357, 0.389
844, 0.1730, 0.398
845, 0.1306, 1.478
846, 0.1679, 0.394
847, 0.1914, 0.399
848, 0.1747, 0.403
849, 0.1862, 0.396
850, 0.1724, 0.404
851, 0.2239, 0.395
852, 0.1248, 0.389
853, 0.2351, 0.403
854, 0.1498, 0.378
855, 0.1781, 0.393
856, 0.1168, 0.407
857, 0.1779, 0.413
858, 0.1741, 0.994
859, 0.1792, 0.399
860, 0.1813, 0.432
861, 0.1263, 0.407
862, 0.2157, 0.397
863, 0.2726, 0.406
864, 0.1730, 0.397
865, 0.2648, 0.389
866, 0.1766, 0.386
867, 0.2587, 0.388
868, 0.2140, 0.386
869, 0.2031, 0.389
870, 0.2354, 0.390
871, 0.1830, 0.392
872, 0.1433, 0.392
873, 0.1554, 0.443
874, 0.1639, 0.387
875, 0.0997, 0.392
876, 0.1842, 0.396
877, 0.1143, 0.392
878, 0.1934, 0.389
879, 0.2433, 0.387
880, 0.1447, 0.374
881, 0.1722, 0.374
882, 0.1111, 0.372
883, 0.1071, 0.372
884, 0.1290, 0.370
885, 0.1221, 0.376
886, 0.1960, 0.374
887, 0.1204, 1.564
888, 0.2590, 0.377
889, 0.1438, 0.381
890, 0.1271, 0.380
891, 0.1843, 0.398
892, 0.2036, 0.406
893, 0.1963, 0.401
894, 0.1865, 0.392
895, 0.0576, 0.397
896, 0.0647, 0.394
897, 0.1468, 0.392
898, 0.1752, 0.393
899, 0.1583, 0.406
900, 0.2188, 0.392
901, 0.1503, 0.411
902, 0.1066, 0.394
903, 0.1896, 0.395
904, 0.1926, 0.393
905, 0.1197, 0.390
906, 0.0985, 0.391
907, 0.1866, 0.391
908, 0.1166, 0.389
909, 0.1501, 0.393
910, 0.1435, 0.397
911, 0.0994, 0.392
912, 0.1900, 0.405
913, 0.1951, 0.392
914, 0.2103, 0.392
915, 0.1915, 0.392
916, 0.1170, 0.396
917, 0.1554, 0.415
918, 0.1670, 0.393
919, 0.1222, 0.394
920, 0.2008, 0.395
921, 0.2043, 0.391
922, 0.2341, 0.393
923, 0.2418, 0.390
924, 0.1614, 0.398
925, 0.1454, 0.399
926, 0.1535, 0.392
927, 0.1648, 0.391
928, 0.2047, 0.401
929, 0.1145, 0.397
930, 0.1295, 0.399
931, 0.1449, 0.393
932, 0.2039, 0.397
933, 0.1210, 0.397
934, 0.1988, 0.399
935, 0.1122, 0.391
936, 0.1343, 0.389
937, 0.2504, 0.393
938, 0.1563, 0.401
939, 0.1479, 0.394
940, 0.2045, 0.399
941, 0.2726, 0.403
942, 0.1999, 0.397
943, 0.2058, 0.397
944, 0.1510, 0.395
945, 0.1648, 0.402
946, 0.2453, 0.390
947, 0.2360, 0.387
948, 0.1996, 0.397
949, 0.2040, 0.393
950, 0.1391, 0.391
951, 0.1672, 0.395
952, 0.2335, 0.471
953, 0.0590, 0.392
954, 0.1378, 0.393
955, 0.1524, 0.393
956, 0.2597, 0.392
957, 0.1732, 0.427
958, 0.2378, 0.395
959, 0.1522, 0.389
960, 0.2050, 0.393
961, 0.1488, 0.395
962, 0.1716, 0.390
963, 0.2855, 0.397
964, 0.2197, 0.392
965, 0.1075, 0.396
966, 0.2631, 0.398
967, 0.1134, 0.396
968, 0.1572, 0.391
969, 0.2304, 0.396
970, 0.1544, 0.392
971, 0.1306, 0.407
972, 0.1118, 0.404
973, 0.0944, 0.403
974, 0.1136, 0.403
975, 0.0872, 0.394
976, 0.1466, 0.394
977, 0.2173, 0.392
978, 0.2113, 0.392
979, 0.1489, 0.394
980, 0.1306, 0.397
981, 0.2512, 0.393
982, 0.1877, 0.622
983, 0.2030, 0.397
984, 0.2025, 0.397
985, 0.2263, 0.398
986, 0.1423, 0.398
987, 0.1474, 0.401
988, 0.1968, 0.399
989, 0.2050, 0.396
990, 0.2159, 0.398
991, 0.1811, 0.395
992, 0.1802, 0.393
993, 0.1699, 0.399
994, 0.1528, 0.401
995, 0.1222, 0.403
996, 0.1234, 0.406
997, 0.1627, 0.427
998, 0.1909, 0.394
999, 0.1672, 0.397
1000, 0.1254, 0.397
1001, 0.2927, 0.379
1002, 0.1808, 0.383
1003, 0.2250, 0.397
1004, 0.1395, 0.392
1005, 0.1153, 0.397
1006, 0.1647, 0.389
1007, 0.1210, 0.435
1008, 0.1356, 0.433
1009, 0.2016, 0.402
1010, 0.1601, 0.393
1011, 0.1577, 0.474
1012, 0.2140, 0.400
1013, 0.1991, 0.393
1014, 0.1629, 0.395
1015, 0.2104, 0.396
1016, 0.1993, 0.390
1017, 0.1490, 0.396
1018, 0.1538, 0.409
1019, 0.2385, 0.396
1020, 0.2760, 0.393
1021, 0.2718, 0.388
1022, 0.1617, 0.393
1023, 0.2009, 0.396
1024, 0.1115, 0.396
1025, 0.2135, 0.401
1026, 0.1673, 0.393
1027, 0.2128, 0.393
1028, 0.1784, 0.398
1029, 0.1568, 0.393
1030, 0.2126, 0.404
1031, 0.1470, 0.409
1032, 0.1283, 0.406
1033, 0.2671, 0.406
1034, 0.1561, 0.412
1035, 0.1705, 0.692
1036, 0.1766, 0.389
1037, 0.1685, 0.405
1038, 0.1696, 0.387
1039, 0.1431, 0.392
1040, 0.2189, 0.388
1041, 0.1246, 0.379
1042, 0.1734, 0.387
1043, 0.1242, 0.374
1044, 0.1720, 0.389
1045, 0.1891, 0.372
1046, 0.1409, 0.372
1047, 0.2430, 0.372
1048, 0.1978, 0.372
1049, 0.0656, 0.374
1050, 0.1319, 0.373
1051, 0.1570, 0.383
1052, 0.1806, 2.647
1053, 0.2179, 0.397
1054, 0.1701, 0.439
1055, 0.1484, 0.425
1056, 0.0453, 0.606
1057, 0.1864, 1.070
1058, 0.1344, 0.393
1059, 0.1070, 0.404
1060, 0.1975, 0.394
1061, 0.1993, 0.398
1062, 0.1492, 0.403
1063, 0.1343, 0.406
1064, 0.2285, 0.403
1065, 0.2388, 0.398
1066, 0.2126, 0.398
1067, 0.2104, 0.401
1068, 0.1528, 0.404
1069, 0.1670, 0.401
1070, 0.1954, 0.427
1071, 0.1213, 0.413
1072, 0.1898, 0.393
1073, 0.1194, 0.390
1074, 0.1905, 0.388
1075, 0.1662, 0.387
1076, 0.1234, 0.383
1077, 0.2446, 0.386
1078, 0.2040, 0.398
1079, 0.1121, 0.396
1080, 0.2128, 0.387
1081, 0.2047, 0.392
1082, 0.1366, 0.391
1083, 0.1200, 0.386
1084, 0.0876, 0.390
1085, 0.1202, 0.389
1086, 0.1500, 0.390
1087, 0.2464, 0.392
1088, 0.1227, 0.395
1089, 0.1123, 0.400
1090, 0.1667, 0.396
1091, 0.1063, 0.391
1092, 0.1997, 0.388
1093, 0.1304, 0.391
1094, 0.1222, 0.399
1095, 0.1561, 0.390
1096, 0.1224, 0.389
1097, 0.1361, 0.387
1098, 0.1674, 0.388
1099, 0.1248, 0.397
1100, 0.2083, 0.396
1101, 0.1446, 0.402
1102, 0.1469, 0.392
1103, 0.1958, 0.399
1104, 0.0940, 0.391
1105, 0.1571, 0.398
1106, 0.2566, 0.396
1107, 0.2328, 0.391
1108, 0.1454, 0.395
1109, 0.1266, 0.393
1110, 0.1309, 0.399
1111, 0.1329, 0.394
1112, 0.2184, 0.399
1113, 0.1686, 0.398
1114, 0.1087, 0.398
1115, 0.1414, 0.393
1116, 0.1222, 0.390
1117, 0.1698, 0.389
1118, 0.1467, 0.391
1119, 0.1119, 0.393
1120, 0.2333, 0.392
1121, 0.1658, 0.391
1122, 0.1601, 0.393
1123, 0.1352, 0.400
1124, 0.1531, 0.389
1125, 0.1127, 0.394
1126, 0.0794, 0.391
1127, 0.1544, 0.396
1128, 0.1593, 0.389
1129, 0.1623, 1.048
1130, 0.2422, 0.388
1131, 0.2114, 0.392
1132, 0.1338, 0.391
1133, 0.1328, 0.398
1134, 0.2364, 0.391
1135, 0.2300, 0.392
1136, 0.0592, 0.392
1137, 0.1775, 0.390
1138, 0.1253, 0.399
1139, 0.1913, 0.528
1140, 0.2610, 0.390
1141, 0.1563, 0.394
1142, 0.1291, 0.497
1143, 0.1277, 0.399
1144, 0.1655, 0.398
1145, 0.1216, 0.403
1146, 0.2025, 0.409
1147, 0.1620, 0.390
1148, 0.2014, 0.401
1149, 0.1693, 0.399
1150, 0.0795, 0.391
1151, 0.2305, 0.449
1152, 0.1252, 0.400
1153, 0.1035, 0.454
1154, 0.1560, 0.390
1155, 0.1326, 0.390
1156, 0.1156, 0.389
1157, 0.2266, 0.386
1158, 0.1983, 0.392
1159, 0.1965, 0.386
1160, 0.2168, 0.389
1161, 0.1710, 0.385
1162, 0.1606, 0.389
1163, 0.2306, 0.393
1164, 0.2327, 0.389
1165, 0.1640, 0.387
1166, 0.1376, 0.388
1167, 0.1161, 0.388
1168, 0.1111, 0.393
1169, 0.2154, 0.390
1170, 0.1703, 0.392
1171, 0.1821, 0.390
1172, 0.2149, 0.400
1173, 0.1849, 0.394
1174, 0.1564, 0.402
1175, 0.1923, 0.394
1176, 0.2368, 0.404
1177, 0.1351, 0.397
1178, 0.1275, 0.392
1179, 0.1092, 0.391
1180, 0.1467, 0.523
1181, 0.1527, 0.389
1182, 0.1900, 0.393
1183, 0.1341, 0.394
1184, 0.1254, 0.399
1185, 0.1995, 0.396
1186, 0.1656, 0.395
1187, 0.1547, 0.412
1188, 0.1675, 0.420
1189, 0.1435, 0.421
1190, 0.1831, 0.447
1191, 0.1808, 0.396
1192, 0.0808, 0.395
1193, 0.1680, 0.400
1194, 0.1238, 0.394
1195, 0.1471, 0.387
1196, 0.1499, 0.394
1197, 0.1943, 0.398
1198, 0.1466, 0.387
1199, 0.1056, 0.390
1200, 0.1406, 0.383
1201, 0.0945, 0.381
1202, 0.1573, 0.401
1203, 0.0958, 0.403
1204, 0.1829, 0.399
1205, 0.1613, 0.384
1206, 0.1888, 0.374
1207, 0.1000, 0.386
1208, 0.2029, 0.379
1209, 0.1161, 0.380
1210, 0.1515, 0.526
1211, 0.1594, 0.373
1212, 0.1492, 1.290
1213, 0.1519, 0.438
1214, 0.1451, 0.375
1215, 0.1796, 2.336
1216, 0.1984, 0.406
1217, 0.1092, 0.429
1218, 0.0970, 0.437
1219, 0.2231, 0.423
1220, 0.2286, 0.434
1221, 0.1304, 0.414
1222, 0.1847, 0.405
1223, 0.1830, 0.435
1224, 0.1407, 0.432
1225, 0.0995, 0.431
1226, 0.1190, 0.409
1227, 0.2355, 0.400
1228, 0.1402, 0.431
1229, 0.1930, 0.423
1230, 0.1777, 0.418
1231, 0.1647, 0.434
1232, 0.1694, 0.399
1233, 0.1413, 0.397
1234, 0.1747, 0.404
1235, 0.2191, 0.403
1236, 0.1630, 0.400
1237, 0.2316, 0.405
1238, 0.1704, 0.394
1239, 0.2370, 0.396
1240, 0.2084, 0.402
1241, 0.1641, 0.403
1242, 0.2119, 0.396
1243, 0.1802, 0.389
1244, 0.1549, 0.388
1245, 0.1798, 0.394
1246, 0.2399, 0.393
1247, 0.1327, 0.405
1248, 0.2227, 0.394
1249, 0.1883, 0.396
1250, 0.1946, 0.403
1251, 0.2080, 0.392
1252, 0.1975, 0.395
1253, 0.1941, 0.390
1254, 0.1866, 0.396
1255, 0.2229, 0.391
1256, 0.1201, 0.393
1257, 0.1904, 0.393
1258, 0.2048, 0.391
1259, 0.1284, 0.390
1260, 0.2107, 0.396
1261, 0.1603, 0.395
1262, 0.1949, 0.387
1263, 0.2203, 0.409
1264, 0.2543, 0.391
1265, 0.1781, 0.387
1266, 0.1117, 0.396
1267, 0.1661, 0.400
1268, 0.2422, 0.392
1269, 0.1380, 0.392
1270, 0.1870, 0.398
1271, 0.1275, 0.755
1272, 0.2239, 0.396
1273, 0.2361, 0.390
1274, 0.1728, 0.405
1275, 0.1938, 0.385
1276, 0.1962, 0.387
1277, 0.2331, 1.077
1278, 0.1392, 0.396
1279, 0.1491, 0.401
1280, 0.0976, 0.395
1281, 0.1629, 0.401
1282, 0.1443, 0.395
1283, 0.1452, 0.391
1284, 0.1926, 0.396
1285, 0.1529, 0.390
1286, 0.1257, 0.396
1287, 0.1574, 0.391
1288, 0.1736, 0.390
1289, 0.0984, 0.392
1290, 0.1251, 0.397
1291, 0.0559, 0.394
1292, 0.2209, 0.398
1293, 0.1716, 0.392
1294, 0.1376, 0.398
1295, 0.1374, 0.390
1296, 0.1338, 0.418
1297, 0.1195, 0.398
1298, 0.1426, 0.397
1299, 0.1913, 0.439
1300, 0.1151, 0.442
1301, 0.1158, 0.393
1302, 0.1571, 0.395
1303, 0.1790, 0.393
1304, 0.1662, 0.390
1305, 0.1745, 0.403
1306, 0.1721, 0.398
1307, 0.1360, 0.401
1308, 0.1651, 0.394
1309, 0.1590, 0.400
1310, 0.1898, 0.397
1311, 0.1103, 0.400
1312, 0.1578, 0.396
1313, 0.1991, 0.400
1314, 0.1458, 0.398
1315, 0.1600, 0.392
1316, 0.1586, 0.396
1317, 0.2541, 0.400
1318, 0.2441, 0.465
1319, 0.1898, 0.395
1320, 0.1335, 0.397
1321, 0.1886, 0.393
1322, 0.1651, 0.397
1323, 0.1519, 0.400
1324, 0.1900, 0.394
1325, 0.1791, 0.601
1326, 0.0878, 0.392
1327, 0.1321, 0.403
1328, 0.1356, 0.389
1329, 0.1651, 0.387
1330, 0.2575, 0.389
1331, 0.2551, 0.389
1332, 0.1692, 0.393
1333, 0.1897, 0.391
1334, 0.1658, 0.391
1335, 0.1206, 0.394
1336, 0.1852, 0.392
1337, 0.2014, 0.389
1338, 0.0995, 0.388
1339, 0.1462, 0.394
1340, 0.2010, 0.392
1341, 0.2511, 0.391
1342, 0.2268, 0.404
1343, 0.1807, 0.402
1344, 0.1760, 0.400
1345, 0.1190, 0.399
1346, 0.1299, 0.406
1347, 0.1540, 0.397
1348, 0.1471, 0.401
1349, 0.1869, 0.405
1350, 0.1103, 0.397
1351, 0.1508, 0.402
1352, 0.0732, 0.393
1353, 0.1715, 0.407
1354, 0.1829, 0.393
1355, 0.1208, 0.706
1356, 0.1765, 0.664
1357, 0.0924, 0.397
1358, 0.1944, 0.379
1359, 0.1609, 0.376
1360, 0.1725, 0.376
1361, 0.1489, 0.374
1362, 0.1839, 0.380
1363, 0.1758, 0.373
1364, 0.2087, 0.374
1365, 0.1775, 2.649
1366, 0.1636, 0.534
1367, 0.1179, 1.175
1368, 0.1473, 0.375
1369, 0.1546, 0.376
1370, 0.1628, 0.405
1371, 0.1749, 0.759
1372, 0.2292, 0.374
1373, 0.1889, 0.379
1374, 0.1131, 0.402
1375, 0.1910, 2.900
1376, 0.1846, 0.395
1377, 0.1518, 0.400
1378, 0.1611, 0.393
1379, 0.1503, 1.720
1380, 0.3353, 0.392
1381, 0.1591, 0.398
1382, 0.2030, 0.400
1383, 0.1757, 0.387
1384, 0.1774, 0.395
1385, 0.2352, 0.394
1386, 0.1816, 0.390
1387, 0.1154, 0.384
1388, 0.1334, 0.389
1389, 0.2256, 0.386
1390, 0.1051, 0.390
1391, 0.0571, 0.390
1392, 0.1257, 0.390
1393, 0.1677, 0.390
1394, 0.1906, 0.385
1395, 0.2530, 0.393
1396, 0.2095, 0.390
1397, 0.1686, 0.391
1398, 0.1732, 0.403
1399, 0.0900, 0.425
1400, 0.1749, 0.395
1401, 0.2892, 0.383
1402, 0.1850, 0.395
1403, 0.1270, 0.391
1404, 0.1293, 0.396
1405, 0.2201, 0.397
1406, 0.1253, 0.405
1407, 0.1619, 0.395
1408, 0.1572, 1.268
1409, 0.1946, 0.406
1410, 0.2011, 1.137
1411, 0.1628, 0.389
1412, 0.1551, 0.442
1413, 0.1749, 1.173
1414, 0.1685, 0.390
1415, 0.1594, 0.707
1416, 0.1567, 0.400
1417, 0.1442, 1.366
1418, 0.1737, 0.404
1419, 0.1002, 1.472
1420, 0.0938, 1.663
1421, 0.1643, 0.396
1422, 0.2460, 0.393
1423, 0.2014, 0.391
1424, 0.1214, 0.388
1425, 0.1341, 0.386
1426, 0.1519, 0.389
1427, 0.0979, 0.387
1428, 0.1750, 0.382
1429, 0.1240, 0.385
1430, 0.1907, 0.385
1431, 0.2258, 0.393
1432, 0.1295, 0.387
1433, 0.1821, 0.381
1434, 0.1488, 0.381
1435, 0.1451, 1.173
1436, 0.1827, 0.394
1437, 0.2314, 0.399
1438, 0.1868, 0.399
1439, 0.0996, 0.397
1440, 0.2298, 0.396
1441, 0.1712, 0.398
1442, 0.0922, 0.386
1443, 0.1327, 0.387
1444, 0.1163, 0.387
1445, 0.1821, 0.397
1446, 0.0790, 0.398
1447, 0.1600, 0.391
1448, 0.1827, 0.384
1449, 0.1525, 0.386
1450, 0.1632, 0.385
1451, 0.0622, 0.385
1452, 0.1612, 0.398
1453, 0.1491, 0.394
1454, 0.1642, 0.391
1455, 0.1848, 0.389
1456, 0.1818, 0.396
1457, 0.1639, 0.401
1458, 0.2220, 0.732
1459, 0.1242, 0.391
1460, 0.1212, 0.391
1461, 0.1620, 0.390
1462, 0.1995, 0.389
1463, 0.2072, 0.394
1464, 0.1763, 0.390
1465, 0.1658, 0.388
1466, 0.1533, 0.389
1467, 0.1596, 0.391
1468, 0.1147, 0.734
1469, 0.2156, 0.403
1470, 0.1837, 0.469
1471, 0.1974, 0.396
1472, 0.1288, 0.391
1473, 0.1651, 0.390
1474, 0.1915, 0.460
1475, 0.1158, 0.389
1476, 0.1664, 0.389
1477, 0.1668, 0.398
1478, 0.1883, 0.387
1479, 0.1891, 0.398
1480, 0.1861, 0.389
1481, 0.2462, 0.402
1482, 0.1600, 0.401
1483, 0.1735, 0.393
1484, 0.2213, 0.394
1485, 0.1259, 0.388
1486, 0.1915, 0.388
1487, 0.1222, 0.385
1488, 0.1625, 0.387
1489, 0.1538, 0.389
1490, 0.1851, 0.388
1491, 0.1297, 0.368
1492, 0.1558, 0.370
1493, 0.1529, 0.381
1494, 0.1378, 0.371
1495, 0.1359, 0.373
1496, 0.1374, 0.370
1497, 0.1537, 0.368
1498, 0.2217, 0.372
1499, 0.1768, 2.727
1500, 0.1331, 0.375
1501, 0.2268, 0.656
1502, 0.1451, 0.880
1503, 0.1373, 0.377
1504, 0.1649, 0.376
1505, 0.1871, 0.380
1506, 0.1660, 0.378
1507, 0.1025, 0.385
1508, 0.2195, 0.377
1509, 0.1261, 0.377
1510, 0.2036, 0.374
1511, 0.1264, 1.417
1512, 0.1336, 0.391
1513, 0.1668, 0.373
1514, 0.1326, 0.386
1515, 0.1325, 0.380
1516, 0.0705, 0.398
1517, 0.1275, 0.404
1518, 0.1419, 0.403
1519, 0.1473, 0.375
1520, 0.1233, 1.374
1521, 0.1509, 0.392
1522, 0.1212, 0.822
1523, 0.1732, 0.390
1524, 0.1970, 0.399
1525, 0.2279, 1.663
1526, 0.1420, 0.393
1527, 0.1512, 0.394
1528, 0.1603, 0.392
1529, 0.1788, 0.400
1530, 0.2203, 0.667
1531, 0.1152, 0.377
1532, 0.0978, 0.413
1533, 0.1892, 0.392
1534, 0.1527, 0.393
1535, 0.1416, 1.196
1536, 0.1059, 0.399
1537, 0.1202, 0.395
1538, 0.1142, 0.400
1539, 0.0949, 0.391
1540, 0.1162, 0.401
1541, 0.1187, 0.397
1542, 0.1071, 1.412
1543, 0.1198, 0.385
1544, 0.1543, 0.397
1545, 0.0889, 0.380
1546, 0.1242, 0.549
1547, 0.1697, 0.397
1548, 0.1237, 0.391
1549, 0.2358, 0.390
1550, 0.2079, 0.394
1551, 0.1223, 0.386
1552, 0.1510, 0.385
1553, 0.1520, 0.386
1554, 0.1060, 0.385
1555, 0.1493, 0.386
1556, 0.1782, 0.385
1557, 0.1082, 0.396
1558, 0.0661, 0.401
1559, 0.1509, 0.393
1560, 0.0960, 0.395
1561, 0.2138, 0.397
1562, 0.2086, 0.397
1563, 0.1510, 0.398
1564, 0.1335, 0.674
1565, 0.1808, 0.394
1566, 0.2351, 0.394
1567, 0.2026, 0.389
1568, 0.1594, 0.396
1569, 0.1610, 0.400
1570, 0.1218, 0.470
1571, 0.1999, 0.391
1572, 0.1811, 0.390
1573, 0.1122, 0.394
1574, 0.1416, 0.386
1575, 0.0980, 0.392
1576, 0.1523, 0.395
1577, 0.1114, 0.400
1578, 0.1882, 0.393
1579, 0.1192, 0.390
1580, 0.1788, 0.392
1581, 0.1008, 0.390
1582, 0.1407, 1.083
1583, 0.1413, 0.393
1584, 0.0540, 0.376
1585, 0.0583, 0.404
1586, 0.0739, 0.933
1587, 0.1094, 0.376
1588, 0.1391, 1.259
1589, 0.1127, 0.397
1590, 0.2265, 0.396
1591, 0.2087, 1.598
1592, 0.1080, 0.395
1593, 0.2156, 0.399
1594, 0.1550, 0.394
1595, 0.1396, 0.388
1596, 0.1641, 0.390
1597, 0.1321, 0.385
1598, 0.1561, 0.388
1599, 0.2039, 0.387
1600, 0.1292, 0.390
1601, 0.1287, 0.383
1602, 0.1310, 0.391
1603, 0.1697, 0.388
1604, 0.1356, 0.397
1605, 0.1115, 0.396
1606, 0.1504, 0.393
1607, 0.1074, 0.398
1608, 0.2044, 0.401
1609, 0.1567, 0.391
1610, 0.0755, 0.389
1611, 0.2103, 1.250
1612, 0.1515, 1.499
1613, 0.1023, 1.233
1614, 0.1534, 0.391
1615, 0.2538, 0.393
1616, 0.1428, 0.393
1617, 0.1526, 0.396
1618, 0.1737, 0.391
1619, 0.1756, 0.396
1620, 0.1858, 0.383
1621, 0.1634, 0.396
1622, 0.2433, 0.396
1623, 0.1282, 0.389
1624, 0.1292, 0.388
1625, 0.2135, 0.379
1626, 0.2209, 0.391
1627, 0.2360, 0.377
1628, 0.1019, 0.377
1629, 0.1412, 0.378
1630, 0.1292, 0.374
1631, 0.1080, 2.898
1632, 0.1399, 0.376
1633, 0.1537, 1.621
1634, 0.1769, 0.376
1635, 0.1187, 0.390
1636, 0.1566, 0.376
1637, 0.1922, 0.389
1638, 0.2362, 0.396
1639, 0.1389, 0.392
1640, 0.1357, 0.396
1641, 0.2120, 1.278
1642, 0.1429, 0.374
1643, 0.1058, 0.394
1644, 0.2035, 0.395
1645, 0.1606, 0.764
1646, 0.1628, 0.911
1647, 0.2256, 0.398
1648, 0.2028, 0.395
1649, 0.1582, 0.391
1650, 0.1606, 0.388
1651, 0.1731, 0.388
1652, 0.1914, 0.386
1653, 0.0818, 0.390
1654, 0.1617, 0.392
1655, 0.1548, 0.390
1656, 0.1099, 0.392
1657, 0.1683, 0.387
1658, 0.0700, 0.393
1659, 0.2054, 0.392
1660, 0.1266, 0.391
1661, 0.0945, 0.393
1662, 0.1739, 0.394
1663, 0.2212, 0.397
1664, 0.1499, 0.391
1665, 0.0901, 0.390
1666, 0.1741, 0.389
1667, 0.2050, 0.396
1668, 0.1801, 0.420
1669, 0.1826, 0.418
1670, 0.1219, 0.439
1671, 0.2577, 0.390
1672, 0.2348, 0.392
1673, 0.1733, 0.992
1674, 0.1065, 0.394
1675, 0.1612, 0.391
1676, 0.1089, 0.392
1677, 0.1012, 0.396
1678, 0.1098, 0.397
1679, 0.1442, 0.410
1680, 0.0895, 0.393
1681, 0.1691, 0.428
1682, 0.1769, 0.444
1683, 0.2010, 0.391
1684, 0.1318, 0.435
1685, 0.1719, 0.528
1686, 0.1241, 0.435
1687, 0.1605, 0.800
1688, 0.1568, 0.390
1689, 0.1377, 0.403
1690, 0.2122, 0.395
1691, 0.1686, 0.389
1692, 0.1625, 0.390
1693, 0.1580, 0.399
1694, 0.1197, 0.778
1695, 0.1283, 0.398
1696, 0.1100, 0.388
1697, 0.1094, 0.394
1698, 0.0841, 0.396
1699, 0.0889, 0.393
1700, 0.1895, 0.392
1701, 0.1451, 0.391
1702, 0.1992, 0.395
1703, 0.1380, 0.388
1704, 0.1912, 0.391
1705, 0.1390, 0.390
1706, 0.1249, 0.388
1707, 0.1536, 0.390
1708, 0.1586, 0.389
1709, 0.1343, 0.399
1710, 0.1470, 0.389
1711, 0.1003, 0.396
1712, 0.1126, 0.397
1713, 0.2046, 0.393
1714, 0.1434, 0.388
1715, 0.0741, 1.078
1716, 0.1133, 0.394
1717, 0.1301, 0.397
1718, 0.1691, 0.396
1719, 0.1521, 0.392
1720, 0.1315, 0.398
1721, 0.1477, 0.402
1722, 0.1702, 0.408
1723, 0.1520, 0.398
1724, 0.0833, 0.398
1725, 0.0932, 0.401
1726, 0.1439, 0.395
1727, 0.1175, 0.393
1728, 0.0663, 0.397
1729, 0.1466, 0.397
1730, 0.1001, 0.565
1731, 0.1016, 0.398
1732, 0.0941, 0.398
1733, 0.0966, 0.393
1734, 0.1099, 0.394
1735, 0.1609, 0.391
1736, 0.1408, 0.491
1737, 0.2038, 0.549
1738, 0.2847, 0.406
1739, 0.1751, 0.863
1740, 0.1528, 0.393
1741, 0.1630, 0.466
1742, 0.1804, 0.394
1743, 0.1316, 0.568
1744, 0.1045, 0.390
1745, 0.1344, 0.387
1746, 0.2015, 0.396
1747, 0.1591, 0.390
1748, 0.0830, 0.392
1749, 0.2065, 0.387
1750, 0.1335, 0.391
1751, 0.1224, 0.396
1752, 0.2164, 0.393
1753, 0.1860, 0.386
1754, 0.1072, 0.393
1755, 0.1333, 0.414
1756, 0.1553, 0.388
1757, 0.1879, 0.388
1758, 0.1136, 0.391
1759, 0.1481, 0.398
1760, 0.1414, 0.394
1761, 0.1859, 0.390
1762, 0.1490, 0.392
1763, 0.2173, 0.389
1764, 0.1997, 0.389
1765, 0.2752, 0.389
1766, 0.1413, 0.382
1767, 0.2453, 0.384
1768, 0.2956, 0.380
1769, 0.2134, 0.381
1770, 0.1641, 0.383
1771, 0.1533, 0.382
1772, 0.1665, 0.380
1773, 0.1110, 0.368
1774, 0.1128, 0.371
1775, 0.1969, 0.371
1776, 0.1210, 0.369
1777, 0.2202, 0.368
1778, 0.0738, 0.366
1779, 0.1136, 0.367
1780, 0.1944, 1.909
1781, 0.2042, 0.937
1782, 0.1567, 2.727
1783, 0.1655, 0.410
1784, 0.1941, 2.938
1785, 0.1494, 0.386
1786, 0.2815, 0.398
1787, 0.1495, 0.401
1788, 0.1007, 0.403
1789, 0.1589, 0.391
1790, 0.1900, 0.399
1791, 0.1235, 1.720
1792, 0.1134, 0.395
1793, 0.1607, 0.397
1794, 0.1452, 0.716
1795, 0.1452, 0.377
1796, 0.1591, 0.390
1797, 0.1436, 0.387
1798, 0.0852, 0.393
1799, 0.1893, 0.390
1800, 0.1881, 0.391
1801, 0.1058, 0.384
1802, 0.1102, 0.390
1803, 0.2402, 0.381
1804, 0.1229, 0.393
1805, 0.1486, 0.404
1806, 0.1719, 0.394
1807, 0.1846, 0.402
1808, 0.1320, 0.392
1809, 0.1503, 0.390
1810, 0.1335, 0.402
1811, 0.1183, 0.402
1812, 0.1361, 0.396
1813, 0.1501, 0.395
1814, 0.1268, 0.399
1815, 0.1243, 1.641
1816, 0.2231, 0.390
1817, 0.2102, 0.931
1818, 0.1339, 0.390
1819, 0.1343, 0.390
1820, 0.1048, 0.387
1821, 0.0964, 0.390
1822, 0.0407, 1.591
1823, 0.1189, 0.411
1824, 0.1225, 0.400
1825, 0.1342, 0.405
1826, 0.2639, 0.396
1827, 0.1195, 0.392
1828, 0.1392, 0.398
1829, 0.2445, 0.407
1830, 0.1899, 0.410
1831, 0.2004, 0.400
1832, 0.1947, 0.398
1833, 0.1576, 0.398
1834, 0.0908, 0.404
1835, 0.1707, 0.387
1836, 0.2268, 0.387
1837, 0.2314, 0.386
1838, 0.2379, 0.387
1839, 0.0987, 0.388
1840, 0.1058, 0.391
1841, 0.1774, 0.397
1842, 0.1575, 0.390
1843, 0.1363, 0.392
1844, 0.1844, 0.390
1845, 0.1173, 0.391
1846, 0.1118, 0.395
1847, 0.1215, 0.392
1848, 0.0675, 0.389
1849, 0.0792, 0.389
1850, 0.0711, 0.389
1851, 0.1943, 0.389
1852, 0.1705, 0.388
1853, 0.1377, 0.394
1854, 0.0557, 0.398
1855, 0.0756, 0.391
1856, 0.1295, 0.397
1857, 0.1274, 0.394
1858, 0.0810, 0.394
1859, 0.2132, 0.605
1860, 0.0991, 0.391
1861, 0.0922, 0.392
1862, 0.1422, 0.392
1863, 0.0914, 0.394
1864, 0.2044, 0.405
1865, 0.1653, 0.400
1866, 0.0614, 0.421
1867, 0.1443, 0.405
1868, 0.1775, 0.399
1869, 0.3882, 0.392
1870, 0.1937, 0.391
1871, 0.1669, 0.567
1872, 0.1956, 0.389
1873, 0.0840, 0.391
1874, 0.1262, 0.390
1875, 0.1615, 0.399
1876, 0.1277, 0.400
1877, 0.1351, 0.391
1878, 0.2110, 0.405
1879, 0.1008, 0.392
1880, 0.1663, 0.391
1881, 0.1175, 0.632
1882, 0.2275, 0.397
1883, 0.1139, 0.388
1884, 0.0989, 0.395
1885, 0.2054, 0.394
1886, 0.0697, 0.388
1887, 0.1203, 0.389
1888, 0.1511, 0.391
1889, 0.2220, 0.390
1890, 0.2020, 0.390
1891, 0.1779, 0.395
1892, 0.1336, 0.390
1893, 0.1391, 0.400
1894, 0.1570, 0.401
1895, 0.1479, 0.400
1896, 0.0734, 0.396
1897, 0.1633, 0.401
1898, 0.0850, 0.391
1899, 0.1089, 0.392
1900, 0.0861, 0.398
1901, 0.0796, 0.394
1902, 0.1731, 0.393
1903, 0.1565, 0.390
1904, 0.1654, 0.391
1905, 0.0732, 0.396
1906, 0.0823, 0.392
1907, 0.2060, 0.384
1908, 0.1012, 0.383
1909, 0.1495, 0.385
1910, 0.0651, 0.387
1911, 0.1022, 0.388
1912, 0.1675, 0.369
1913, 0.1458, 0.369
1914, 0.1633, 0.367
1915, 0.1249, 0.372
1916, 0.1073, 0.376
1917, 0.1733, 0.373
1918, 0.1808, 0.372
1919, 0.1632, 1.971
1920, 0.1058, 1.646
1921, 0.1637, 1.781
1922, 0.1665, 1.440
1923, 0.1729, 0.385
1924, 0.2199, 0.379
1925, 0.1949, 0.381
1926, 0.3705, 0.388
1927, 0.2732, 0.377
1928, 0.1692, 0.509
1929, 0.1443, 0.377
1930, 0.0816, 1.644
1931, 0.1460, 1.292
1932, 0.1540, 0.378
1933, 0.1377, 1.537
1934, 0.0978, 0.395
1935, 0.1475, 0.401
1936, 0.1517, 0.699
1937, 0.1445, 0.393
1938, 0.1721, 0.392
1939, 0.0933, 0.389
1940, 0.1673, 0.390
1941, 0.2043, 0.392
1942, 0.1773, 0.394
1943, 0.1563, 0.389
1944, 0.2809, 0.392
1945, 0.2012, 0.399
1946, 0.1458, 0.391
1947, 0.1514, 0.390
1948, 0.0935, 0.388
1949, 0.1280, 0.390
1950, 0.1029, 0.391
1951, 0.1467, 0.397
1952, 0.1810, 0.392
1953, 0.1334, 0.392
1954, 0.1847, 0.390
1955, 0.1517, 0.393
1956, 0.1002, 0.390
1957, 0.1094, 0.605
1958, 0.1211, 0.397
1959, 0.1767, 0.405
1960, 0.1721, 0.386
1961, 0.2416, 0.388
1962, 0.1411, 0.389
1963, 0.1630, 0.400
1964, 0.0905, 0.870
1965, 0.0822, 0.390
1966, 0.0950, 0.393
1967, 0.0567, 0.393
1968, 0.1792, 0.394
1969, 0.1786, 0.394
1970, 0.1712, 0.389
1971, 0.1531, 0.395
1972, 0.1983, 0.427
1973, 0.1553, 0.393
1974, 0.0886, 0.390
1975, 0.1714, 0.392
1976, 0.0503, 0.393
1977, 0.1438, 0.473
1978, 0.1321, 0.390
1979, 0.1314, 0.393
1980, 0.1098, 0.398
1981, 0.1911, 0.388
1982, 0.1972, 0.384
1983, 0.1353, 0.389
1984, 0.1168, 0.391
1985, 0.1425, 0.391
1986, 0.1520, 0.390
1987, 0.1741, 0.396
1988, 0.1336, 0.389
1989, 0.0795, 0.394
1990, 0.1090, 0.394
1991, 0.1791, 0.396
1992, 0.1490, 2.497
1993, 0.1579, 0.395
1994, 0.1064, 0.397
1995, 0.2177, 1.607
1996, 0.2906, 0.397
1997, 0.2164, 0.401
1998, 0.2138, 1.174
1999, 0.1501, 0.395
2000, 0.0882, 2.458
2001, 0.1173, 0.385
2002, 0.1701, 0.380
2003, 0.1623, 0.377
2004, 0.1259, 0.617
2005, 0.0922, 0.402
2006, 0.0975, 0.400
2007, 0.0665, 0.403
2008, 0.2065, 0.396
2009, 0.1685, 0.394
2010, 0.1716, 0.392
2011, 0.1249, 0.394
2012, 0.3218, 0.430
2013, 0.1383, 0.393
2014, 0.1457, 0.390
2015, 0.1472, 0.387
2016, 0.1574, 0.393
2017, 0.1210, 0.385
2018, 0.1947, 0.387
2019, 0.1456, 0.394
2020, 0.1331, 0.393
2021, 0.1162, 0.396
2022, 0.1687, 0.394
2023, 0.1681, 0.394
2024, 0.1378, 0.394
2025, 0.1019, 0.399
2026, 0.1238, 0.400
2027, 0.1446, 0.397
2028, 0.1809, 0.402
2029, 0.1117, 0.397
2030, 0.0608, 0.394
2031, 0.1249, 0.392
2032, 0.1372, 0.385
2033, 0.1647, 0.372
2034, 0.1267, 0.370
2035, 0.1073, 0.373
2036, 0.2266, 0.374
2037, 0.1294, 0.373
2038, 0.1966, 0.374
2039, 0.1283, 0.376
2040, 0.1315, 3.534
2041, 0.3333, 0.373
2042, 0.2672, 0.972
2043, 0.0806, 0.390
2044, 0.1888, 0.378
2045, 0.1023, 0.407
2046, 0.1076, 0.621
2047, 0.1774, 0.433
2048, 0.0985, 0.373
2049, 0.1303, 0.377
2050, 0.1592, 0.401
2051, 0.0701, 0.396
2052, 0.1399, 0.401
2053, 0.1806, 1.687
2054, 0.1633, 0.404
2055, 0.0665, 0.403
2056, 0.1362, 0.394
2057, 0.1947, 0.392
2058, 0.0946, 0.396
2059, 0.1683, 0.461
2060, 0.1470, 0.392
2061, 0.1699, 0.389
2062, 0.1374, 0.392
2063, 0.0576, 0.396
2064, 0.2312, 0.405
2065, 0.1685, 0.399
2066, 0.1474, 1.220
2067, 0.2413, 0.398
2068, 0.1642, 0.413
2069, 0.1363, 0.397
2070, 0.1564, 0.393
2071, 0.1560, 0.390
2072, 0.1393, 0.389
2073, 0.1204, 0.399
2074, 0.1093, 0.397
2075, 0.1767, 0.392
2076, 0.1222, 0.388
2077, 0.1085, 0.401
2078, 0.0649, 0.392
2079, 0.1342, 0.389
2080, 0.1165, 0.394
2081, 0.1638, 0.389
2082, 0.1095, 0.398
2083, 0.0827, 0.405
2084, 0.0375, 0.395
2085, 0.1463, 0.395
2086, 0.1096, 0.402
2087, 0.0918, 0.411
2088, 0.1298, 0.395
2089, 0.1251, 0.392
2090, 0.1311, 0.395
2091, 0.1510, 0.400
2092, 0.1820, 0.391
2093, 0.1431, 0.389
2094, 0.1402, 0.388
2095, 0.1179, 0.393
2096, 0.1748, 0.396
2097, 0.1815, 0.395
2098, 0.1636, 0.394
2099, 0.1502, 0.439
2100, 0.0933, 0.394
2101, 0.1112, 0.400
2102, 0.1285, 0.399
2103, 0.2056, 0.398
2104, 0.1118, 0.395
2105, 0.1120, 0.396
2106, 0.1182, 0.397
2107, 0.0749, 0.390
2108, 0.0941, 0.396
2109, 0.1313, 0.391
2110, 0.2338, 0.400
2111, 0.1345, 0.402
2112, 0.2043, 0.399
2113, 0.1239, 0.642
2114, 0.1098, 0.398
2115, 0.0816, 0.440
2116, 0.2182, 0.979
2117, 0.1192, 0.392
2118, 0.1488, 0.410
2119, 0.2017, 0.653
2120, 0.1514, 0.655
2121, 0.1346, 0.400
2122, 0.1733, 0.393
2123, 0.1547, 0.389
2124, 0.1652, 0.389
2125, 0.1523, 0.388
2126, 0.1838, 0.385
2127, 0.0711, 0.387
2128, 0.1039, 0.389
2129, 0.2150, 0.397
2130, 0.1208, 0.398
2131, 0.1207, 0.412
2132, 0.1514, 0.403
2133, 0.0639, 0.394
2134, 0.2099, 0.406
2135, 0.2170, 1.449
2136, 0.1908, 0.397
2137, 0.2539, 0.396
2138, 0.1310, 0.401
2139, 0.0926, 0.394
2140, 0.1989, 0.539
2141, 0.2583, 0.403
2142, 0.0904, 0.391
2143, 0.1460, 0.390
2144, 0.1392, 0.390
2145, 0.1363, 0.390
2146, 0.1021, 0.394
2147, 0.1574, 0.391
2148, 0.1721, 0.394
2149, 0.1094, 0.389
2150, 0.0916, 0.389
2151, 0.1098, 0.764
2152, 0.1251, 0.392
2153, 0.1323, 0.392
2154, 0.1701, 0.411
2155, 0.2144, 0.391
2156, 0.1752, 0.397
2157, 0.2129, 0.396
2158, 0.1632, 0.399
2159, 0.1233, 0.395
2160, 0.1527, 0.399
2161, 0.1605, 0.405
2162, 0.0675, 0.389
2163, 0.1269, 0.394
2164, 0.0923, 0.389
2165, 0.1091, 0.386
2166, 0.0919, 0.405
2167, 0.1234, 0.405
2168, 0.2164, 0.403
2169, 0.1663, 0.402
2170, 0.1108, 0.401
2171, 0.1632, 1.008
2172, 0.1815, 0.422
2173, 0.2063, 0.391
2174, 0.2012, 0.396
2175, 0.1975, 0.391
2176, 0.1895, 0.390
2177, 0.1607, 0.385
2178, 0.1464, 0.386
2179, 0.1592, 0.381
2180, 0.1088, 0.381
2181, 0.1168, 0.381
2182, 0.0886, 0.379
2183, 0.0970, 0.379
2184, 0.2040, 0.370
2185, 0.2273, 0.367
2186, 0.0750, 0.367
2187, 0.1280, 0.371
2188, 0.1048, 0.366
2189, 0.1622, 0.367
2190, 0.1653, 0.366
2191, 0.1376, 4.448
2192, 0.2582, 0.406
2193, 0.1420, 1.528
2194, 0.1637, 0.413
2195, 0.1083, 0.425
2196, 0.1538, 0.451
2197, 0.1152, 0.448
2198, 0.1767, 0.457
2199, 0.1607, 0.446
2200, 0.1680, 0.503
2201, 0.1425, 0.433
2202, 0.1047, 0.431
2203, 0.1471, 0.431
2204, 0.1812, 0.394
2205, 0.1495, 0.377
2206, 0.1346, 0.407
2207, 0.0501, 0.395
2208, 0.0890, 0.388
2209, 0.0864, 0.398
2210, 0.1568, 0.400
2211, 0.2118, 1.772
2212, 0.2044, 0.390
2213, 0.1659, 0.940
2214, 0.1894, 0.385
2215, 0.1670, 0.696
2216, 0.1117, 0.433
2217, 0.1374, 1.433
2218, 0.2240, 0.397
2219, 0.1207, 0.406
2220, 0.1064, 0.402
2221, 0.1388, 1.070
2222, 0.1470, 0.379
2223, 0.1708, 0.394
2224, 0.1328, 0.393
2225, 0.1434, 0.391
2226, 0.1317, 0.389
2227, 0.1122, 0.393
2228, 0.1450, 0.391
2229, 0.1071, 0.393
2230, 0.0963, 0.388
2231, 0.1580, 0.389
2232, 0.0783, 0.389
2233, 0.1314, 0.397
2234, 0.1756, 0.394
2235, 0.1152, 0.397
2236, 0.0549, 0.399
2237, 0.1528, 0.401
2238, 0.1058, 0.400
2239, 0.1613, 0.397
2240, 0.1368, 0.398
2241, 0.0847, 0.406
2242, 0.1533, 0.403
2243, 0.1409, 0.392
2244, 0.1446, 0.389
2245, 0.1435, 0.387
2246, 0.1346, 0.385
2247, 0.1120, 0.388
2248, 0.1180, 0.387
2249, 0.1367, 0.392
2250, 0.1462, 0.401
2251, 0.1130, 0.392
2252, 0.1367, 0.393
2253, 0.1643, 0.393
2254, 0.1834, 0.396
2255, 0.1452, 0.402
2256, 0.1756, 0.404
2257, 0.0858, 0.398
2258, 0.1577, 0.488
2259, 0.0970, 0.389
2260, 0.1166, 1.521
2261, 0.2032, 0.392
2262, 0.1954, 0.396
2263, 0.1804, 1.230
2264, 0.1828, 0.406
2265, 0.1848, 0.748
2266, 0.1828, 0.403
2267, 0.1414, 0.407
2268, 0.2054, 0.402
2269, 0.0733, 0.397
2270, 0.0816, 0.394
2271, 0.1315, 0.392
2272, 0.1829, 0.395
2273, 0.1402, 0.394
2274, 0.1239, 0.387
2275, 0.1679, 0.388
2276, 0.2190, 0.393
2277, 0.1824, 0.394
2278, 0.1186, 0.389
2279, 0.1180, 0.395
2280, 0.1865, 0.393
2281, 0.2533, 0.402
2282, 0.2206, 0.399
2283, 0.1872, 0.392
2284, 0.1553, 0.399
2285, 0.1529, 0.397
2286, 0.2713, 0.395
2287, 0.2109, 0.442
2288, 0.1998, 0.434
2289, 0.2096, 0.401
2290, 0.1545, 0.390
2291, 0.1367, 0.391
2292, 0.1239, 0.391
2293, 0.1332, 0.395
2294, 0.1700, 0.399
2295, 0.1341, 0.400
2296, 0.1242, 0.408
2297, 0.1392, 0.391
2298, 0.1807, 0.390
2299, 0.1554, 0.389
2300, 0.1625, 0.396
2301, 0.1472, 1.277
2302, 0.1155, 0.399
2303, 0.1784, 0.395
2304, 0.1439, 0.393
2305, 0.1456, 1.158
2306, 0.1337, 0.388
2307, 0.2079, 0.398
2308, 0.1394, 0.398
2309, 0.1912, 0.394
2310, 0.1487, 0.393
2311, 0.1935, 0.389
2312, 0.1256, 0.391
2313, 0.1630, 0.373
2314, 0.1824, 0.389
2315, 0.1460, 0.388
2316, 0.1762, 0.374
2317, 0.3909, 0.376
2318, 0.2670, 0.373
2319, 0.1808, 0.371
2320, 0.1096, 0.371
2321, 0.1070, 0.373
2322, 0.1872, 2.649
2323, 0.1707, 0.376
2324, 0.1531, 0.785
2325, 0.1926, 1.302
2326, 0.0964, 0.379
2327, 0.2099, 0.375
2328, 0.1909, 0.379
2329, 0.1501, 0.387
2330, 0.2664, 0.491
2331, 0.1649, 0.398
2332, 0.2165, 0.400
2333, 0.1674, 0.394
2334, 0.0911, 0.395
2335, 0.1733, 0.396
2336, 0.2000, 0.393
2337, 0.1449, 0.401
2338, 0.1739, 0.392
2339, 0.1299, 0.391
2340, 0.1829, 0.397
2341, 0.1507, 0.390
2342, 0.1277, 0.390
2343, 0.1517, 0.400
2344, 0.1891, 0.401
2345, 0.1635, 0.398
2346, 0.2010, 0.562
2347, 0.1228, 0.395
2348, 0.1789, 0.390
2349, 0.1748, 0.389
2350, 0.2094, 0.399
2351, 0.1211, 0.400
2352, 0.1668, 0.403
2353, 0.0946, 0.403
2354, 0.0923, 0.399
2355, 0.1096, 0.391
2356, 0.0672, 0.397
2357, 0.2138, 0.394
2358, 0.0731, 0.390
2359, 0.1673, 0.394
2360, 0.1252, 0.393
2361, 0.1404, 0.395
2362, 0.1839, 0.399
2363, 0.1434, 0.394
2364, 0.1235, 0.398
2365, 0.1804, 0.392
2366, 0.1650, 0.977
2367, 0.1414, 0.398
2368, 0.1635, 0.399
2369, 0.1394, 0.392
2370, 0.1278, 0.403
2371, 0.1219, 0.404
2372, 0.0402, 0.399
2373, 0.1201, 0.405
2374, 0.1393, 0.395
2375, 0.3335, 0.395
2376, 0.1929, 0.396
2377, 0.1358, 0.399
2378, 0.1127, 0.391
2379, 0.1814, 0.397
2380, 0.1219, 0.394
2381, 0.1425, 0.400
2382, 0.1497, 0.402
2383, 0.2060, 0.403
2384, 0.1102, 0.399
2385, 0.1148, 0.392
2386, 0.1408, 0.394
2387, 0.1414, 0.395
2388, 0.1227, 0.402
2389, 0.1265, 1.308
2390, 0.1408, 0.406
2391, 0.2685, 0.403
2392, 0.2497, 0.399
2393, 0.2315, 0.432
2394, 0.0975, 0.387
2395, 0.1151, 0.393
2396, 0.1845, 0.387
2397, 0.1819, 0.386
2398, 0.2720, 0.421
2399, 0.1281, 0.396
2400, 0.1155, 0.396
2401, 0.0560, 0.386
2402, 0.2697, 0.400
2403, 0.1614, 2.085
2404, 0.1425, 0.396
2405, 0.1821, 0.394
2406, 0.1572, 1.001
2407, 0.1352, 1.692
2408, 0.1184, 0.401
2409, 0.1686, 0.400
2410, 0.1627, 0.393
2411, 0.2036, 0.393
2412, 0.1690, 0.401
2413, 0.1069, 0.400
2414, 0.1522, 0.391
2415, 0.1063, 0.389
2416, 0.1163, 0.393
2417, 0.2026, 0.397
2418, 0.0598, 0.388
2419, 0.1297, 0.396
2420, 0.1539, 0.398
2421, 0.2734, 0.403
2422, 0.2552, 0.429
2423, 0.1551, 0.439
2424, 0.1182, 0.404
2425, 0.1327, 0.408
2426, 0.1595, 0.401
2427, 0.2500, 1.719
2428, 0.1260, 0.392
2429, 0.1122, 0.393
2430, 0.1423, 0.404
2431, 0.1017, 1.845
2432, 0.1636, 0.397
2433, 0.1454, 0.404
2434, 0.1679, 0.395
2435, 0.1780, 0.402
2436, 0.1138, 0.393
2437, 0.1770, 0.395
2438, 0.0951, 0.401
2439, 0.1241, 0.383
2440, 0.1699, 0.392
2441, 0.1504, 1.132
2442, 0.1156, 0.390
2443, 0.1822, 0.751
2444, 0.1826, 0.390
2445, 0.2058, 0.393
2446, 0.1463, 0.374
2447, 0.1956, 0.375
2448, 0.1538, 0.389
2449, 0.1646, 0.367
2450, 0.1946, 0.367
2451, 0.2094, 0.368
2452, 0.1057, 0.371
2453, 0.1407, 3.859
2454, 0.1406, 1.181
2455, 0.1463, 0.406
2456, 0.0679, 0.404
2457, 0.1296, 0.408
2458, 0.2123, 0.406
2459, 0.1567, 0.408
2460, 0.0976, 1.117
2461, 0.1167, 0.410
2462, 0.0731, 1.332
2463, 0.1854, 1.092
2464, 0.1471, 0.571
2465, 0.1176, 0.395
2466, 0.0545, 1.394
2467, 0.1061, 0.380
2468, 0.1499, 0.399
2469, 0.0948, 0.403
2470, 0.0950, 1.399
2471, 0.1438, 0.435
2472, 0.1571, 0.412
2473, 0.1539, 0.396
2474, 0.1375, 0.390
2475, 0.1426, 0.399
2476, 0.0862, 0.393
2477, 0.1605, 0.402
2478, 0.1274, 0.395
2479, 0.1299, 0.391
2480, 0.1305, 0.392
2481, 0.0869, 0.397
2482, 0.1601, 0.395
2483, 0.2035, 0.389
2484, 0.1072, 0.389
2485, 0.1492, 0.392
2486, 0.1718, 0.391
2487, 0.1909, 0.395
2488, 0.1647, 0.396
2489, 0.1030, 0.400
2490, 0.1505, 0.391
2491, 0.1692, 0.391
2492, 0.1717, 0.398
2493, 0.1668, 0.883
2494, 0.1494, 0.394
2495, 0.0925, 0.396
2496, 0.1630, 0.395
2497, 0.1094, 0.388
2498, 0.1909, 0.397
2499, 0.1821, 0.507
2500, 0.1250, 0.398
2501, 0.1426, 0.385
2502, 0.1365, 0.401
2503, 0.1974, 0.394
2504, 0.1686, 0.394
2505, 0.0525, 0.443
2506, 0.0515, 0.403
2507, 0.1106, 0.400
2508, 0.1207, 0.402
2509, 0.1193, 0.401
2510, 0.0914, 0.399
2511, 0.1492, 0.408
2512, 0.1423, 0.501
2513, 0.1543, 0.390
2514, 0.1282, 0.578
2515, 0.1282, 0.391
2516, 0.1976, 0.392
2517, 0.1547, 0.389
2518, 0.1110, 0.388
2519, 0.1233, 0.388
2520, 0.1339, 0.389
2521, 0.1532, 0.397
2522, 0.1528, 0.386
2523, 0.1342, 0.399
2524, 0.1099, 0.870
2525, 0.1013, 0.396
2526, 0.1252, 0.394
2527, 0.1320, 0.399
2528, 0.2068, 0.393
2529, 0.1506, 0.392
2530, 0.1970, 0.392
2531, 0.1822, 0.392
2532, 0.0944, 0.390
2533, 0.1014, 0.390
2534, 0.1610, 0.393
2535, 0.1255, 0.403
2536, 0.1262, 0.404
2537, 0.1584, 0.400
2538, 0.1062, 0.526
2539, 0.1190, 0.404
2540, 0.1681, 0.547
2541, 0.1126, 0.394
2542, 0.1355, 0.394
2543, 0.1221, 0.402
2544, 0.1054, 0.689
2545, 0.1411, 0.394
2546, 0.1299, 0.388
2547, 0.0835, 0.388
2548, 0.1087, 0.390
2549, 0.1527, 0.396
2550, 0.1618, 0.802
2551, 0.2102, 0.385
2552, 0.1427, 0.392
2553, 0.0771, 0.392
2554, 0.1614, 0.390
2555, 0.1266, 0.394
2556, 0.1631, 0.396
2557, 0.1368, 0.396
2558, 0.0560, 0.394
2559, 0.1262, 0.393
2560, 0.2544, 0.795
2561, 0.1067, 0.391
2562, 0.2054, 0.398
2563, 0.1485, 0.401
2564, 0.1347, 0.669
2565, 0.1433, 0.394
2566, 0.1239, 0.398
2567, 0.1382, 1.057
2568, 0.1429, 0.394
2569, 0.2258, 0.400
2570, 0.1374, 1.021
2571, 0.1924, 0.389
2572, 0.1645, 0.388
2573, 0.1241, 0.390
2574, 0.1358, 0.395
2575, 0.1417, 0.392
2576, 0.2013, 0.388
2577, 0.1059, 0.391
2578, 0.1404, 0.388
2579, 0.1528, 0.383
2580, 0.1080, 0.385
2581, 0.1470, 0.386
2582, 0.0587, 0.385
2583, 0.2045, 0.385
2584, 0.1458, 0.383
2585, 0.1958, 0.372
2586, 0.1228, 0.371
2587, 0.1808, 0.369
2588, 0.1997, 0.368
2589, 0.1360, 0.368
2590, 0.1720, 0.367
2591, 0.1322, 0.369
2592, 0.1060, 2.263
2593, 0.1324, 0.381
2594, 0.1126, 0.376
2595, 0.1389, 0.388
2596, 0.1211, 3.366
2597, 0.1300, 0.377
2598, 0.1088, 0.396
2599, 0.1619, 0.394
2600, 0.0838, 0.393
2601, 0.1779, 0.381
2602, 0.1380, 0.384
2603, 0.1632, 0.389
2604, 0.1648, 0.388
2605, 0.1381, 0.404
2606, 0.1207, 0.394
2607, 0.1640, 0.386
2608, 0.1881, 0.389
2609, 0.1062, 2.514
2610, 0.1887, 0.396
2611, 0.1580, 0.393
2612, 0.1524, 2.076
2613, 0.1935, 0.395
2614, 0.1749, 1.272
2615, 0.1608, 0.392
2616, 0.0794, 0.392
2617, 0.1799, 0.394
2618, 0.1497, 0.387
2619, 0.1401, 0.394
2620, 0.1432, 0.405
2621, 0.1450, 0.390
2622, 0.1135, 0.387
2623, 0.0962, 0.399
2624, 0.1039, 0.407
2625, 0.1424, 0.691
2626, 0.1040, 0.507
2627, 0.0990, 0.393
2628, 0.2126, 0.391
2629, 0.1629, 0.393
2630, 0.2429, 0.391
2631, 0.1382, 0.393
2632, 0.1596, 0.392
2633, 0.1279, 0.390
2634, 0.1886, 0.398
2635, 0.1586, 0.400
2636, 0.1812, 0.393
2637, 0.1842, 0.392
2638, 0.1030, 0.394
2639, 0.0888, 0.392
2640, 0.1699, 0.394
2641, 0.1457, 0.395
2642, 0.0990, 0.393
2643, 0.1262, 0.403
2644, 0.0842, 0.919
2645, 0.1628, 0.398
2646, 0.1181, 0.396
2647, 0.0981, 0.391
2648, 0.1244, 0.394
2649, 0.1114, 0.387
2650, 0.1093, 0.394
2651, 0.0885, 0.390
2652, 0.0791, 0.388
2653, 0.1963, 0.385
2654, 0.1168, 0.393
2655, 0.2398, 0.389
2656, 0.1908, 0.399
2657, 0.1699, 0.393
2658, 0.1710, 0.402
2659, 0.1690, 0.406
2660, 0.1388, 0.390
2661, 0.1245, 0.394
2662, 0.1634, 0.391
2663, 0.1243, 0.522
2664, 0.1590, 0.386
2665, 0.1566, 0.393
2666, 0.1159, 0.395
2667, 0.1630, 0.403
2668, 0.1632, 0.392
2669, 0.1428, 0.397
2670, 0.1464, 0.793
2671, 0.1682, 0.403
2672, 0.1210, 0.393
2673, 0.1419, 0.396
2674, 0.1945, 0.397
2675, 0.1622, 0.392
2676, 0.1207, 0.400
2677, 0.1611, 0.395
2678, 0.1346, 0.397
2679, 0.1140, 0.397
2680, 0.0999, 0.396
2681, 0.1152, 0.396
2682, 0.2068, 0.389
2683, 0.1252, 0.389
2684, 0.0856, 0.389
2685, 0.1793, 0.401
2686, 0.2035, 0.391
2687, 0.0616, 0.390
2688, 0.1331, 0.390
2689, 0.2128, 0.396
2690, 0.2173, 0.393
2691, 0.1754, 0.401
2692, 0.1265, 0.394
2693, 0.0845, 0.391
2694, 0.0903, 0.392
2695, 0.1641, 0.391
2696, 0.1052, 0.398
2697, 0.1034, 0.395
2698, 0.1923, 0.396
2699, 0.1560, 0.392
2700, 0.4241, 0.388
2701, 0.1245, 0.397
2702, 0.2015, 0.389
2703, 0.1410, 0.394
2704, 0.1403, 0.389
2705, 0.1990, 0.391
2706, 0.1809, 0.395
2707, 0.1006, 0.399
2708, 0.1531, 0.400
2709, 0.2383, 0.393
2710, 0.1292, 0.397
2711, 0.1445, 0.398
2712, 0.0993, 0.552
2713, 0.1685, 0.429
2714, 0.1192, 0.741
2715, 0.0792, 0.393
2716, 0.1887, 0.388
2717, 0.1554, 0.391
2718, 0.1831, 0.527
2719, 0.1198, 0.389
2720, 0.1279, 0.390
2721, 0.1222, 0.387
2722, 0.1435, 0.382
2723, 0.0854, 0.384
2724, 0.0841, 0.388
2725, 0.1243, 0.369
2726, 0.1303, 0.379
2727, 0.2329, 0.371
2728, 0.1478, 0.372
2729, 0.1136, 0.376
2730, 0.1334, 0.375
2731, 0.0914, 0.371
2732, 0.0954, 0.370
2733, 0.2008, 0.368
2734, 0.1482, 3.202
2735, 0.1606, 0.382
2736, 0.1823, 0.389
2737, 0.2023, 0.378
2738, 0.1202, 0.377
2739, 0.0646, 0.390
2740, 0.1016, 0.400
2741, 0.0882, 0.395
2742, 0.1535, 0.392
2743, 0.0851, 0.389
2744, 0.1780, 0.391
2745, 0.1276, 0.389
2746, 0.1117, 0.385
2747, 0.1715, 0.386
2748, 0.2307, 0.393
2749, 0.1206, 0.394
2750, 0.0800, 0.398
2751, 0.1411, 0.394
2752, 0.1939, 0.388
2753, 0.1351, 0.389
2754, 0.1290, 0.392
2755, 0.2009, 0.395
2756, 0.1561, 0.400
2757, 0.1360, 0.847
2758, 0.1021, 0.393
2759, 0.1548, 0.392
2760, 0.0791, 0.397
2761, 0.1641, 0.390
2762, 0.1364, 0.395
2763, 0.1081, 0.393
2764, 0.1598, 0.393
2765, 0.1174, 0.403
2766, 0.1459, 0.405
2767, 0.1344, 0.391
2768, 0.1059, 0.401
2769, 0.1064, 0.391
2770, 0.1248, 0.388
2771, 0.1431, 0.393
2772, 0.1123, 0.393
2773, 0.0877, 0.769
2774, 0.1429, 0.963
2775, 0.2243, 0.399
2776, 0.1606, 0.394
2777, 0.2154, 0.398
2778, 0.0965, 0.396
2779, 0.1069, 1.712
2780, 0.0801, 0.397
2781, 0.1245, 0.391
2782, 0.1712, 0.393
2783, 0.1659, 0.388
2784, 0.1735, 0.389
2785, 0.1451, 0.390
2786, 0.1093, 0.392
2787, 0.2400, 0.395
2788, 0.1233, 0.393
2789, 0.1483, 0.390
2790, 0.1794, 0.391
2791, 0.1715, 0.387
2792, 0.0490, 0.390
2793, 0.1889, 0.397
2794, 0.1017, 0.392
2795, 0.1570, 0.388
2796, 0.1099, 0.390
2797, 0.1867, 0.394
2798, 0.0970, 0.395
2799, 0.1742, 0.394
2800, 0.1280, 0.397
2801, 0.1029, 0.387
2802, 0.0620, 0.397
2803, 0.0607, 0.396
2804, 0.1806, 0.400
2805, 0.1671, 0.394
2806, 0.1213, 1.438
2807, 0.1167, 0.525
2808, 0.0659, 0.400
2809, 0.0918, 0.396
2810, 0.0786, 0.392
2811, 0.1655, 0.392
2812, 0.1845, 3.175
2813, 0.0947, 0.399
2814, 0.1110, 0.375
2815, 0.1840, 0.404
2816, 0.1667, 0.774
2817, 0.1803, 1.517
2818, 0.1898, 1.276
2819, 0.1582, 0.385
2820, 0.1133, 0.403
2821, 0.1843, 0.398
2822, 0.1529, 0.393
2823, 0.0663, 0.395
2824, 0.1601, 0.402
2825, 0.1773, 0.385
2826, 0.0679, 0.392
2827, 0.1089, 0.393
2828, 0.1107, 0.397
2829, 0.1589, 0.391
2830, 0.1358, 0.394
2831, 0.1157, 0.390
2832, 0.0738, 0.389
2833, 0.0843, 0.389
2834, 0.1063, 0.408
2835, 0.0812, 0.400
2836, 0.1379, 0.403
2837, 0.0727, 0.398
2838, 0.1018, 0.395
2839, 0.1803, 0.405
2840, 0.0818, 0.406
2841, 0.1074, 0.404
2842, 0.1397, 0.396
2843, 0.1448, 0.393
2844, 0.1410, 0.398
2845, 0.0813, 0.393
2846, 0.1109, 0.395
2847, 0.1305, 0.397
2848, 0.1174, 0.406
2849, 0.1154, 0.406
2850, 0.1121, 0.406
2851, 0.1701, 0.406
2852, 0.1159, 0.404
2853, 0.1225, 0.816
2854, 0.1069, 0.413
2855, 0.0943, 0.396
2856, 0.1520, 0.392
2857, 0.2132, 0.391
2858, 0.2686, 0.385
2859, 0.1470, 0.391
2860, 0.1711, 0.370
2861, 0.1832, 0.384
2862, 0.1268, 0.372
2863, 0.0948, 0.377
2864, 0.1036, 0.375
2865, 0.1808, 0.375
2866, 0.1544, 0.372
2867, 0.1150, 0.366
2868, 0.1576, 4.108
2869, 0.1707, 0.375
2870, 0.0918, 0.374
2871, 0.0398, 0.411
2872, 0.1496, 1.664
2873, 0.1076, 0.378
2874, 0.1106, 0.379
2875, 0.0715, 0.379
2876, 0.0922, 1.352
2877, 0.1384, 0.999
2878, 0.1511, 0.380
2879, 0.2160, 0.378
2880, 0.1359, 0.376
2881, 0.1343, 0.873
2882, 0.1409, 0.379
2883, 0.1369, 1.494
2884, 0.0975, 0.675
2885, 0.0421, 0.378
2886, 0.1634, 1.547
2887, 0.1450, 0.374
2888, 0.1049, 0.386
2889, 0.1260, 0.389
2890, 0.1520, 0.393
2891, 0.1344, 0.394
2892, 0.1512, 0.389
2893, 0.0902, 0.393
2894, 0.1858, 0.412
2895, 0.2410, 0.391
2896, 0.1660, 0.397
2897, 0.2546, 0.398
2898, 0.1106, 0.385
2899, 0.1000, 0.398
2900, 0.1136, 0.405
2901, 0.1448, 0.389
2902, 0.1343, 0.391
2903, 0.1666, 0.394
2904, 0.0739, 0.389
2905, 0.1056, 0.927
2906, 0.1965, 0.396
2907, 0.1523, 0.399
2908, 0.1559, 0.398
2909, 0.1363, 0.389
2910, 0.2141, 0.390
2911, 0.1606, 0.399
2912, 0.1260, 0.405
2913, 0.1395, 0.403
2914, 0.1003, 0.411
2915, 0.1065, 0.404
2916, 0.0713, 0.418
2917, 0.0564, 0.401
2918, 0.1639, 0.394
2919, 0.1077, 0.412
2920, 0.0815, 0.397
2921, 0.0517, 0.392
2922, 0.0902, 0.573
2923, 0.0901, 0.388
2924, 0.0654, 0.386
2925, 0.0697, 0.394
2926, 0.0925, 0.402
2927, 0.0454, 0.422
2928, 0.1303, 0.411
2929, 0.0870, 0.406
2930, 0.1037, 0.416
2931, 0.0681, 0.553
2932, 0.0356, 0.399
2933, 0.0599, 0.396
2934, 0.1420, 0.395
2935, 0.0626, 0.398
2936, 0.0866, 0.398
2937, 0.2037, 0.900
2938, 0.0954, 0.391
2939, 0.0581, 0.388
2940, 0.1047, 0.390
2941, 0.1028, 0.386
2942, 0.0884, 0.389
2943, 0.0622, 0.390
2944, 0.1185, 0.391
2945, 0.0989, 0.389
2946, 0.1201, 0.393
2947, 0.1641, 0.396
2948, 0.1245, 0.390
2949, 0.1743, 0.390
2950, 0.1788, 0.388
2951, 0.1474, 0.389
2952, 0.1800, 0.389
2953, 0.1310, 0.406
2954, 0.0796, 0.406
2955, 0.1855, 0.399
2956, 0.1237, 0.399
2957, 0.1133, 0.399
2958, 0.1329, 0.389
2959, 0.1129, 0.392
2960, 0.1071, 0.398
2961, 0.1307, 0.395
2962, 0.0749, 0.412
2963, 0.1089, 0.386
2964, 0.0942, 0.392
2965, 0.1806, 1.284
2966, 0.0748, 0.392
2967, 0.0703, 0.392
2968, 0.1825, 0.392
2969, 0.1315, 0.392
2970, 0.1572, 0.394
2971, 0.1350, 0.394
2972, 0.1440, 0.391
2973, 0.1393, 0.393
2974, 0.0976, 0.394
2975, 0.0830, 0.392
2976, 0.1340, 1.710
2977, 0.1610, 0.378
2978, 0.2301, 1.957
2979, 0.2129, 0.389
2980, 0.1010, 1.451
2981, 0.0844, 0.387
2982, 0.1007, 0.392
2983, 0.0797, 0.390
2984, 0.1679, 0.393
2985, 0.1137, 0.390
2986, 0.1238, 0.387
2987, 0.0713, 0.383
2988, 0.1638, 0.385
2989, 0.1397, 0.383
2990, 0.1245, 0.387
2991, 0.1223, 0.386
2992, 0.1541, 0.385
2993, 0.1006, 0.370
2994, 0.1174, 0.371
2995, 0.1513, 0.370
2996, 0.1730, 0.368
2997, 0.2018, 0.371
2998, 0.2137, 0.369
2999, 0.1191, 0.372
3000, 0.1489, 1.709
3001, 0.1062, 0.378
3002, 0.0865, 0.404
3003, 0.1562, 0.408
3004, 0.2192, 0.410
3005, 0.1432, 0.395
3006, 0.1123, 0.394
3007, 0.1276, 0.392
3008, 0.0962, 0.389
3009, 0.1097, 0.433
3010, 0.1086, 0.428
3011, 0.1510, 0.692
3012, 0.1363, 0.392
3013, 0.1010, 0.459
3014, 0.0917, 1.475
3015, 0.1774, 0.394
3016, 0.1211, 0.392
3017, 0.1232, 0.398
3018, 0.1600, 0.393
3019, 0.1770, 0.392
3020, 0.1213, 0.391
3021, 0.1337, 0.396
3022, 0.1197, 0.392
3023, 0.0964, 0.395
3024, 0.0927, 0.398
3025, 0.1604, 0.393
3026, 0.1194, 0.411
3027, 0.0974, 0.396
3028, 0.1845, 0.390
3029, 0.0570, 0.395
3030, 0.1143, 0.390
3031, 0.1808, 0.400
3032, 0.1365, 0.969
3033, 0.1866, 0.393
3034, 0.1837, 0.392
3035, 0.0871, 0.398
3036, 0.1520, 0.400
3037, 0.1323, 0.392
3038, 0.1531, 0.398
3039, 0.2279, 0.573
3040, 0.1019, 0.395
3041, 0.1468, 0.658
3042, 0.0512, 0.397
3043, 0.1517, 0.394
3044, 0.0740, 0.392
3045, 0.0910, 0.391
3046, 0.1708, 0.394
3047, 0.1212, 0.391
3048, 0.1665, 0.402
3049, 0.1152, 0.393
3050, 0.0783, 0.387
3051, 0.2528, 0.392
3052, 0.1174, 0.396
3053, 0.0908, 0.401
3054, 0.1174, 0.394
3055, 0.0886, 0.397
3056, 0.1762, 0.391
3057, 0.1660, 0.390
3058, 0.2019, 0.397
3059, 0.1280, 0.397
3060, 0.1576, 0.395
3061, 0.1404, 0.402
3062, 0.2238, 0.396
3063, 0.1549, 0.388
3064, 0.2133, 0.398
3065, 0.1504, 0.390
3066, 0.1176, 0.393
3067, 0.0619, 0.388
3068, 0.1308, 0.405
3069, 0.1741, 0.406
3070, 0.0827, 0.402
3071, 0.0833, 0.393
3072, 0.0873, 1.037
3073, 0.1068, 0.396
3074, 0.0869, 0.391
3075, 0.1524, 0.390
3076, 0.1285, 0.399
3077, 0.1952, 0.397
3078, 0.1333, 0.391
3079, 0.0925, 0.404
3080, 0.1140, 0.404
3081, 0.1385, 0.391
3082, 0.1061, 0.399
3083, 0.1304, 0.389
3084, 0.1328, 0.390
3085, 0.1486, 0.393
3086, 0.1817, 0.389
3087, 0.2359, 0.390
3088, 0.1906, 0.391
3089, 0.1880, 0.391
3090, 0.1558, 0.389
3091, 0.1333, 0.389
3092, 0.1680, 0.391
3093, 0.1725, 0.390
3094, 0.2065, 0.389
3095, 0.1497, 0.389
3096, 0.0979, 0.400
3097, 0.0942, 0.407
3098, 0.0856, 0.398
3099, 0.1907, 0.391
3100, 0.0718, 0.395
3101, 0.0542, 0.392
3102, 0.0876, 0.399
3103, 0.1170, 0.393
3104, 0.1789, 0.391
3105, 0.2003, 0.393
3106, 0.0963, 0.395
3107, 0.1484, 0.397
3108, 0.1450, 0.393
3109, 0.1295, 0.392
3110, 0.0830, 0.393
3111, 0.1985, 0.399
3112, 0.1912, 0.393
3113, 0.0944, 0.395
3114, 0.1474, 0.395
3115, 0.1117, 0.392
3116, 0.1472, 0.392
3117, 0.1936, 0.395
3118, 0.1301, 0.398
3119, 0.1564, 0.578
3120, 0.0841, 0.397
3121, 0.1762, 1.148
3122, 0.1420, 0.392
3123, 0.0760, 0.393
3124, 0.1609, 0.389
3125, 0.1377, 0.393
3126, 0.1162, 0.399
3127, 0.1144, 1.061
3128, 0.1105, 0.399
3129, 0.1648, 0.393
3130, 0.0989, 0.395
3131, 0.0972, 0.466
3132, 0.1201, 0.388
3133, 0.1029, 0.388
3134, 0.0960, 0.391
3135, 0.1687, 0.432
3136, 0.1015, 0.386
3137, 0.1927, 0.387
3138, 0.0947, 0.386
3139, 0.1309, 0.386
3140, 0.1701, 0.390
3141, 0.1024, 0.387
3142, 0.0819, 0.371
3143, 0.1583, 0.374
3144, 0.1681, 0.387
3145, 0.1355, 0.370
3146, 0.1564, 0.371
3147, 0.0866, 0.373
3148, 0.1153, 0.374
3149, 0.1510, 0.371
3150, 0.1711, 1.890
3151, 0.1311, 0.419
3152, 0.1022, 0.374
3153, 0.1860, 0.493
3154, 0.0891, 0.393
3155, 0.0854, 0.399
3156, 0.0535, 0.401
3157, 0.0785, 0.392
3158, 0.1186, 0.389
3159, 0.1324, 0.390
3160, 0.1356, 0.395
3161, 0.1918, 0.392
3162, 0.1426, 0.390
3163, 0.1074, 0.388
3164, 0.0675, 0.394
3165, 0.0730, 0.394
3166, 0.0665, 0.392
3167, 0.0271, 0.389
3168, 0.0807, 0.392
3169, 0.0609, 0.389
3170, 0.0407, 0.396
3171, 0.0891, 0.396
3172, 0.1070, 0.395
3173, 0.1238, 0.395
3174, 0.1561, 0.394
3175, 0.1274, 1.689
3176, 0.1614, 0.395
3177, 0.1614, 0.398
3178, 0.1164, 0.993
3179, 0.0784, 0.393
3180, 0.1679, 2.015
3181, 0.2155, 0.401
3182, 0.1138, 0.391
3183, 0.1681, 0.390
3184, 0.1791, 0.397
3185, 0.2061, 1.216
3186, 0.1211, 0.389
3187, 0.0899, 0.405
3188, 0.0958, 0.390
3189, 0.0948, 0.388
3190, 0.0349, 0.386
3191, 0.1875, 0.391
3192, 0.1500, 0.393
3193, 0.0924, 0.389
3194, 0.1037, 0.387
3195, 0.1232, 0.388
3196, 0.0719, 0.388
3197, 0.1077, 0.390
3198, 0.1278, 0.397
3199, 0.2273, 0.404
3200, 0.1186, 0.396
3201, 0.1980, 0.390
3202, 0.2201, 0.395
3203, 0.0946, 0.406
3204, 0.0306, 0.394
3205, 0.1404, 0.401
3206, 0.0966, 0.399
3207, 0.2167, 1.888
3208, 0.1737, 0.412
3209, 0.2145, 0.399
3210, 0.2015, 0.399
3211, 0.1063, 0.399
3212, 0.1511, 0.398
3213, 0.1082, 2.248
3214, 0.1491, 1.145
3215, 0.1043, 0.378
3216, 0.1466, 0.395
3217, 0.1503, 0.930
3218, 0.0754, 0.401
3219, 0.0910, 0.500
3220, 0.0992, 0.399
3221, 0.1078, 0.406
3222, 0.2004, 0.394
3223, 0.1995, 0.390
3224, 0.1989, 0.389
3225, 0.1079, 0.402
3226, 0.0836, 0.394
3227, 0.1063, 0.393
3228, 0.0855, 0.390
3229, 0.0650, 0.394
3230, 0.1143, 0.396
3231, 0.1468, 0.400
3232, 0.0497, 0.391
3233, 0.0600, 0.389
3234, 0.1197, 0.390
3235, 0.1165, 0.388
3236, 0.0892, 0.394
3237, 0.1570, 0.400
3238, 0.1312, 0.404
3239, 0.0840, 0.398
3240, 0.1684, 0.392
3241, 0.1385, 0.385
3242, 0.1537, 1.150
3243, 0.0942, 0.392
3244, 0.1317, 0.385
3245, 0.0693, 0.390
3246, 0.0938, 0.390
3247, 0.1410, 0.397
3248, 0.1397, 0.391
3249, 0.0807, 0.400
3250, 0.1083, 0.393
3251, 0.1306, 0.394
3252, 0.1335, 0.389
3253, 0.1591, 0.395
3254, 0.1575, 0.401
3255, 0.1504, 0.397
3256, 0.2126, 0.399
3257, 0.1601, 0.729
3258, 0.1627, 0.399
3259, 0.1316, 0.677
3260, 0.0834, 0.389
3261, 0.1423, 0.399
3262, 0.0772, 1.067
3263, 0.1335, 0.394
3264, 0.2082, 0.485
3265, 0.2589, 0.397
3266, 0.1033, 0.398
3267, 0.1355, 0.391
3268, 0.2346, 0.401
3269, 0.1258, 0.395
3270, 0.1574, 0.388
3271, 0.1172, 0.385
3272, 0.1015, 0.386
3273, 0.1642, 0.385
3274, 0.1151, 0.368
3275, 0.2591, 0.386
3276, 0.1169, 0.375
3277, 0.1669, 0.370
3278, 0.0960, 0.371
3279, 0.1204, 0.367
3280, 0.1167, 0.366
3281, 0.1124, 0.374
3282, 0.1001, 2.364
3283, 0.1758, 0.378
3284, 0.1501, 0.373
3285, 0.1901, 1.335
3286, 0.1189, 0.371
3287, 0.1140, 0.371
3288, 0.1678, 0.371
3289, 0.1027, 0.374
3290, 0.2264, 0.390
3291, 0.1245, 1.339
3292, 0.1480, 0.379
3293, 0.0428, 0.587
3294, 0.1118, 0.384
3295, 0.0658, 0.394
3296, 0.0470, 0.396
3297, 0.0864, 0.395
3298, 0.0817, 0.744
3299, 0.1390, 0.734
3300, 0.1330, 0.395
3301, 0.1156, 1.104
3302, 0.1676, 0.394
3303, 0.1149, 0.388
3304, 0.1107, 0.390
3305, 0.1086, 0.413
3306, 0.1295, 1.153
3307, 0.1766, 0.401
3308, 0.1009, 0.394
3309, 0.1212, 0.394
3310, 0.0841, 0.396
3311, 0.1357, 0.394
3312, 0.1769, 0.386
3313, 0.1405, 0.387
3314, 0.1278, 0.387
3315, 0.1709, 0.390
3316, 0.1233, 0.397
3317, 0.1371, 0.393
3318, 0.1526, 0.398
3319, 0.0865, 0.393
3320, 0.2055, 0.955
3321, 0.1150, 0.407
3322, 0.1141, 0.401
3323, 0.1490, 1.113
3324, 0.0785, 0.393
3325, 0.1810, 0.402
3326, 0.1531, 0.782
3327, 0.1120, 1.206
3328, 0.0973, 0.392
3329, 0.0751, 0.389
3330, 0.1638, 0.388
3331, 0.1815, 0.391
3332, 0.1981, 0.393
3333, 0.1670, 0.387
3334, 0.1273, 0.387
3335, 0.1644, 0.386
3336, 0.0952, 0.388
3337, 0.1609, 0.404
3338, 0.0969, 0.396
3339, 0.0950, 0.387
3340, 0.0706, 0.393
3341, 0.1263, 0.390
3342, 0.0656, 0.386
3343, 0.0981, 0.389
3344, 0.0980, 0.393
3345, 0.0814, 0.394
3346, 0.1598, 0.395
3347, 0.2988, 0.391
3348, 0.1213, 0.388
3349, 0.1631, 0.386
3350, 0.1307, 0.388
3351, 0.0901, 0.391
3352, 0.1293, 0.391
3353, 0.0790, 0.498
3354, 0.1700, 0.395
3355, 0.1621, 0.396
3356, 0.1498, 0.401
3357, 0.2266, 1.602
3358, 0.1703, 2.187
3359, 0.1266, 0.396
3360, 0.0877, 1.262
3361, 0.1296, 0.396
3362, 0.1205, 0.730
3363, 0.0823, 0.393
3364, 0.1546, 0.463
3365, 0.1429, 0.391
3366, 0.1538, 0.394
3367, 0.0866, 0.388
3368, 0.0934, 0.386
3369, 0.1156, 0.384
3370, 0.1212, 0.387
3371, 0.1820, 0.384
3372, 0.0857, 0.389
3373, 0.0948, 0.391
3374, 0.0632, 0.398
3375, 0.0962, 0.392
3376, 0.0483, 1.897
3377, 0.1183, 0.398
3378, 0.1055, 0.398
3379, 0.1197, 2.782
3380, 0.1041, 0.396
3381, 0.1359, 2.123
3382, 0.1734, 0.393
3383, 0.0657, 1.137
3384, 0.0448, 0.391
3385, 0.1278, 0.389
3386, 0.0715, 0.391
3387, 0.0434, 0.400
3388, 0.1563, 0.394
3389, 0.1142, 0.396
3390, 0.1058, 0.396
3391, 0.1315, 0.395
3392, 0.1051, 0.725
3393, 0.0935, 0.369
3394, 0.1001, 0.383
3395, 0.1143, 0.370
3396, 0.1313, 0.368
3397, 0.0966, 0.369
3398, 0.1142, 0.369
3399, 0.1165, 0.370
3400, 0.1301, 0.366
3401, 0.2608, 0.388
3402, 0.1322, 0.382
3403, 0.1063, 0.394
3404, 0.0489, 0.392
3405, 0.0894, 0.399
3406, 0.1126, 0.387
3407, 0.0892, 0.394
3408, 0.2111, 0.392
3409, 0.1791, 0.393
3410, 0.1178, 0.396
3411, 0.1203, 0.453
3412, 0.1080, 0.394
3413, 0.1388, 0.390
3414, 0.1339, 0.391
3415, 0.1110, 1.246
3416, 0.1666, 0.396
3417, 0.1246, 0.399
3418, 0.0633, 0.415
3419, 0.0640, 0.413
3420, 0.1573, 0.409
3421, 0.0597, 0.406
3422, 0.1106, 0.414
3423, 0.1353, 0.404
3424, 0.1231, 0.397
3425, 0.1237, 1.104
3426, 0.1033, 0.395
3427, 0.1115, 0.396
3428, 0.0996, 1.780
3429, 0.1723, 0.399
3430, 0.1080, 0.403
3431, 0.0858, 0.393
3432, 0.1162, 0.402
3433, 0.2321, 0.591
3434, 0.1414, 0.391
3435, 0.1790, 0.392
3436, 0.0993, 0.418
3437, 0.1150, 0.390
3438, 0.1896, 0.396
3439, 0.1712, 0.390
3440, 0.1419, 0.402
3441, 0.0911, 0.388
3442, 0.1318, 0.419
3443, 0.1366, 0.400
3444, 0.0884, 0.394
3445, 0.1312, 0.406
3446, 0.2244, 0.405
3447, 0.1666, 0.395
3448, 0.1606, 0.401
3449, 0.1162, 0.391
3450, 0.1313, 0.391
3451, 0.1453, 0.391
3452, 0.1373, 0.400
3453, 0.0861, 0.390
3454, 0.0748, 0.391
3455, 0.1188, 0.391
3456, 0.1324, 0.410
3457, 0.1348, 0.409
3458, 0.0984, 0.388
3459, 0.0836, 0.385
3460, 0.2085, 0.389
3461, 0.0917, 0.381
3462, 0.1467, 0.399
3463, 0.1962, 0.398
3464, 0.1763, 0.393
3465, 0.1956, 0.393
3466, 0.0602, 0.389
3467, 0.1944, 0.396
3468, 0.0736, 0.395
3469, 0.1399, 0.389
3470, 0.1483, 0.391
3471, 0.1041, 0.389
3472, 0.0924, 0.390
3473, 0.0750, 0.393
3474, 0.1509, 0.387
3475, 0.0674, 0.389
3476, 0.1305, 0.388
3477, 0.0877, 0.386
3478, 0.1696, 0.393
3479, 0.1421, 0.387
3480, 0.1868, 0.390
3481, 0.0522, 0.390
3482, 0.0959, 0.392
3483, 0.1441, 0.393
3484, 0.0823, 0.394
3485, 0.0964, 0.391
3486, 0.1505, 0.392
3487, 0.1349, 0.393
3488, 0.1391, 0.391
3489, 0.1687, 0.392
3490, 0.1551, 0.399
3491, 0.0972, 0.394
3492, 0.0732, 0.389
3493, 0.0837, 0.386
3494, 0.1229, 0.386
3495, 0.0838, 0.397
3496, 0.1345, 0.388
3497, 0.0893, 0.391
3498, 0.1301, 0.391
3499, 0.1460, 0.390
3500, 0.1143, 0.387
3501, 0.1773, 0.392
3502, 0.1825, 0.393
3503, 0.1292, 0.389
3504, 0.1374, 0.392
3505, 0.2099, 0.388
3506, 0.1210, 0.392
3507, 0.1377, 0.430
3508, 0.1469, 0.392
3509, 0.1726, 0.395
3510, 0.0416, 0.394
3511, 0.1301, 0.397
3512, 0.1057, 0.391
3513, 0.1228, 0.391
3514, 0.1075, 0.393
3515, 0.2227, 0.396
3516, 0.1956, 0.396
3517, 0.0749, 0.399
3518, 0.1311, 0.392
3519, 0.0743, 0.391
3520, 0.1301, 0.393
3521, 0.1040, 0.388
3522, 0.1100, 0.395
3523, 0.1161, 0.400
3524, 0.1432, 0.391
3525, 0.0869, 0.389
3526, 0.0940, 0.389
3527, 0.0900, 0.394
3528, 0.1447, 0.399
3529, 0.1796, 0.395
3530, 0.1555, 0.394
3531, 0.0821, 0.390
3532, 0.1558, 0.393
3533, 0.1366, 0.396
3534, 0.1117, 0.390
3535, 0.2165, 0.406
3536, 0.2617, 0.392
3537, 0.1052, 0.392
3538, 0.0929, 0.389
3539, 0.1201, 0.394
3540, 0.1349, 0.382
3541, 0.1111, 0.382
3542, 0.1135, 0.384
3543, 0.1438, 0.392
3544, 0.0768, 0.384
3545, 0.1008, 0.370
3546, 0.0485, 0.372
3547, 0.1249, 0.371
3548, 0.1452, 0.371
3549, 0.1092, 0.371
3550, 0.1019, 0.372
3551, 0.0933, 0.371
3552, 0.1746, 1.819
3553, 0.1632, 0.382
3554, 0.0807, 0.468
3555, 0.1009, 0.373
3556, 0.1860, 0.378
3557, 0.1266, 0.377
3558, 0.1697, 0.390
3559, 0.1290, 0.394
3560, 0.1490, 0.417
3561, 0.1676, 0.435
3562, 0.1308, 0.444
3563, 0.1595, 0.448
3564, 0.0624, 0.452
3565, 0.1544, 0.450
3566, 0.0773, 0.430
3567, 0.1106, 0.400
3568, 0.2757, 0.400
3569, 0.1050, 0.409
3570, 0.1825, 0.419
3571, 0.0831, 0.397
3572, 0.1418, 0.395
3573, 0.1255, 0.394
3574, 0.1017, 0.397
3575, 0.1269, 0.431
3576, 0.1218, 0.439
3577, 0.1226, 0.437
3578, 0.1352, 0.396
3579, 0.1567, 0.397
3580, 0.1789, 0.387
3581, 0.1630, 0.386
3582, 0.1457, 0.393
3583, 0.0937, 0.388
3584, 0.0861, 0.397
3585, 0.1062, 0.387
3586, 0.1111, 0.390
3587, 0.1666, 0.393
3588, 0.1180, 0.396
3589, 0.0506, 0.444
3590, 0.1469, 0.421
3591, 0.1378, 0.435
3592, 0.1977, 0.459
3593, 0.1301, 0.451
3594, 0.1721, 0.461
3595, 0.0734, 0.463
3596, 0.1409, 0.457
3597, 0.1445, 0.462
3598, 0.1510, 0.463
3599, 0.1957, 0.399
3600, 0.0718, 0.404
3601, 0.1821, 0.387
3602, 0.0939, 0.399
3603, 0.1343, 0.397
3604, 0.1633, 0.391
3605, 0.1134, 0.398
3606, 0.1271, 0.395
3607, 0.1245, 0.419
3608, 0.1426, 0.418
3609, 0.0902, 0.409
3610, 0.0983, 0.384
3611, 0.0861, 0.391
3612, 0.1212, 0.384
3613, 0.1509, 0.387
3614, 0.1412, 0.402
3615, 0.1715, 0.392
3616, 0.1500, 0.410
3617, 0.1428, 0.394
3618, 0.1095, 0.390
3619, 0.0959, 0.390
3620, 0.0727, 0.391
3621, 0.0882, 0.395
3622, 0.0808, 0.398
3623, 0.0981, 0.396
3624, 0.1046, 0.418
3625, 0.1395, 0.393
3626, 0.1993, 0.400
3627, 0.1128, 0.393
3628, 0.1211, 0.392
3629, 0.1574, 0.387
3630, 0.1920, 0.411
3631, 0.1612, 0.404
3632, 0.0869, 0.395
3633, 0.1618, 0.391
3634, 0.1348, 0.393
3635, 0.1485, 0.405
3636, 0.1438, 0.394
3637, 0.1196, 0.393
3638, 0.0607, 0.399
3639, 0.1561, 0.392
3640, 0.1075, 0.397
3641, 0.1047, 0.393
3642, 0.1443, 0.402
3643, 0.0833, 0.388
3644, 0.1105, 0.391
3645, 0.1331, 0.394
3646, 0.2144, 0.389
3647, 0.1618, 0.391
3648, 0.2200, 0.392
3649, 0.1968, 0.388
3650, 0.1822, 0.394
3651, 0.0898, 0.389
3652, 0.1751, 0.389
3653, 0.1466, 0.391
3654, 0.1022, 0.391
3655, 0.0828, 0.391
3656, 0.1038, 0.390
3657, 0.0845, 0.393
3658, 0.1501, 0.389
3659, 0.0625, 0.389
3660, 0.1508, 0.387
3661, 0.1792, 0.390
3662, 0.1326, 0.391
3663, 0.0854, 0.391
3664, 0.0990, 0.389
3665, 0.0977, 0.396
3666, 0.1985, 0.389
3667, 0.1149, 0.390
3668, 0.0597, 0.406
3669, 0.1519, 0.393
3670, 0.1183, 0.392
3671, 0.1152, 0.393
3672, 0.0811, 0.388
3673, 0.2011, 0.390
3674, 0.1052, 0.389
3675, 0.1107, 0.391
3676, 0.0332, 0.389
3677, 0.0818, 0.393
3678, 0.0991, 0.388
3679, 0.1973, 0.389
3680, 0.1460, 0.389
3681, 0.0763, 0.390
3682, 0.1240, 0.388
3683, 0.0830, 0.392
3684, 0.1302, 0.387
3685, 0.1015, 0.393
3686, 0.1167, 0.393
3687, 0.2003, 0.397
3688, 0.1474, 0.393
3689, 0.1035, 0.391
3690, 0.1018, 0.389
3691, 0.1865, 0.390
3692, 0.0908, 0.398
3693, 0.1626, 0.389
3694, 0.2540, 0.390
3695, 0.1237, 0.394
3696, 0.0967, 0.395
3697, 0.0998, 0.389
3698, 0.1608, 0.398
3699, 0.0971, 0.398
3700, 0.1123, 0.390
3701, 0.1285, 0.392
3702, 0.1577, 0.395
3703, 0.1411, 0.388
3704, 0.1052, 0.384
3705, 0.1485, 0.389
3706, 0.1165, 0.389
3707, 0.1835, 0.387
3708, 0.1390, 0.384
3709, 0.0436, 0.367
3710, 0.1143, 0.369
3711, 0.1180, 0.372
3712, 0.1563, 0.370
3713, 0.1223, 0.372
3714, 0.1301, 0.368
3715, 0.0796, 0.369
3716, 0.1788, 1.841
3717, 0.1489, 0.804
3718, 0.1545, 0.374
3719, 0.1167, 0.385
3720, 0.1173, 0.378
3721, 0.2228, 0.376
3722, 0.1500, 0.371
3723, 0.1006, 0.391
3724, 0.0999, 0.403
3725, 0.0877, 0.397
3726, 0.0927, 0.392
3727, 0.1233, 0.391
3728, 0.1951, 0.401
3729, 0.1329, 0.394
3730, 0.0971, 0.401
3731, 0.1819, 0.387
3732, 0.1623, 0.389
3733, 0.0930, 0.444
3734, 0.1261, 0.420
3735, 0.1140, 0.433
3736, 0.1779, 0.418
3737, 0.1133, 0.444
3738, 0.0782, 0.447
3739, 0.1349, 0.447
3740, 0.2148, 0.450
3741, 0.1060, 0.453
3742, 0.1593, 0.448
3743, 0.2002, 0.458
3744, 0.2636, 0.454
3745, 0.1876, 0.410
3746, 0.1602, 0.397
3747, 0.1877, 0.399
3748, 0.1568, 0.405
3749, 0.1120, 0.409
3750, 0.1040, 0.404
3751, 0.1402, 0.409
3752, 0.1590, 0.404
3753, 0.1164, 0.391
3754, 0.1109, 0.387
3755, 0.1592, 0.386
3756, 0.1193, 0.390
3757, 0.0752, 0.393
3758, 0.1188, 0.392
3759, 0.0881, 0.399
3760, 0.1110, 0.395
3761, 0.1651, 0.392
3762, 0.1344, 0.398
3763, 0.1301, 0.401
3764, 0.1024, 0.399
3765, 0.1306, 0.394
3766, 0.1056, 0.396
3767, 0.1332, 0.396
3768, 0.2234, 0.394
3769, 0.0623, 0.393
3770, 0.1425, 0.389
3771, 0.1584, 0.392
3772, 0.0729, 0.391
3773, 0.1271, 0.396
3774, 0.0345, 0.397
3775, 0.0789, 0.393
3776, 0.1478, 0.390
3777, 0.1434, 0.400
3778, 0.0849, 0.396
3779, 0.1128, 0.396
3780, 0.1478, 0.396
3781, 0.1834, 0.394
3782, 0.1775, 0.395
3783, 0.1902, 0.433
3784, 0.1677, 0.403
3785, 0.2077, 0.394
3786, 0.1365, 0.391
3787, 0.2119, 0.428
3788, 0.1659, 0.433
3789, 0.0497, 0.461
3790, 0.0821, 0.450
3791, 0.1655, 0.397
3792, 0.1358, 0.403
3793, 0.1911, 0.402
3794, 0.1685, 0.396
3795, 0.1548, 0.392
3796, 0.1069, 0.401
3797, 0.1656, 0.398
3798, 0.1426, 0.399
3799, 0.1648, 0.396
3800, 0.1615, 0.391
3801, 0.1045, 0.384
3802, 0.1165, 0.395
3803, 0.1226, 0.397
3804, 0.1646, 0.393
3805, 0.1479, 0.397
3806, 0.2172, 0.402
3807, 0.1324, 0.412
3808, 0.0710, 0.397
3809, 0.2038, 0.412
3810, 0.1631, 0.405
3811, 0.0931, 0.427
3812, 0.1211, 0.397
3813, 0.0718, 0.395
3814, 0.1177, 0.396
3815, 0.0881, 0.392
3816, 0.1284, 0.465
3817, 0.1077, 0.403
3818, 0.1784, 0.404
3819, 0.1173, 0.394
3820, 0.2065, 0.392
3821, 0.1841, 0.402
3822, 0.1498, 0.406
3823, 0.1152, 0.403
3824, 0.0926, 0.393
3825, 0.1751, 0.392
3826, 0.1137, 0.391
3827, 0.1060, 0.387
3828, 0.1165, 0.388
3829, 0.0763, 0.389
3830, 0.0930, 0.392
3831, 0.0939, 0.398
3832, 0.1347, 0.394
3833, 0.1282, 0.393
3834, 0.1509, 0.393
3835, 0.1316, 0.393
3836, 0.1296, 0.392
3837, 0.0761, 0.387
3838, 0.0896, 0.387
3839, 0.0982, 0.387
3840, 0.0390, 0.403
3841, 0.1230, 0.403
3842, 0.0646, 0.386
3843, 0.0917, 0.394
3844, 0.0818, 0.414
3845, 0.1006, 0.389
3846, 0.0886, 0.401
3847, 0.1144, 0.409
3848, 0.1160, 0.401
3849, 0.1236, 0.395
3850, 0.0826, 0.386
3851, 0.1885, 0.390
3852, 0.1162, 0.409
3853, 0.0507, 0.402
3854, 0.1086, 0.401
3855, 0.1614, 0.404
3856, 0.0679, 0.399
3857, 0.0919, 0.394
3858, 0.1514, 0.396
3859, 0.1340, 0.392
3860, 0.1054, 0.388
3861, 0.1381, 0.400
3862, 0.1195, 0.392
3863, 0.1711, 0.396
3864, 0.1679, 0.516
3865, 0.1551, 0.406
3866, 0.1686, 0.393
3867, 0.0805, 0.390
3868, 0.1160, 0.388
3869, 0.1738, 0.389
3870, 0.1117, 0.399
3871, 0.0970, 0.380
3872, 0.0864, 0.374
3873, 0.1731, 0.373
3874, 0.1603, 0.374
3875, 0.1194, 0.376
3876, 0.1969, 0.380
3877, 0.1742, 0.379
3878, 0.1470, 2.414
3879, 0.1595, 0.791
3880, 0.1693, 0.404
3881, 0.1405, 0.406
3882, 0.1355, 0.376
3883, 0.2130, 0.381
3884, 0.3207, 0.391
3885, 0.1676, 0.398
3886, 0.1227, 0.401
3887, 0.1892, 0.405
3888, 0.1523, 0.394
3889, 0.2055, 0.390
3890, 0.1516, 0.394
3891, 0.1121, 0.387
3892, 0.1466, 0.389
3893, 0.1773, 0.391
3894, 0.1436, 0.393
3895, 0.1190, 0.391
3896, 0.1406, 0.393
3897, 0.1182, 0.391
3898, 0.1153, 0.401
3899, 0.1235, 0.411
3900, 0.0882, 0.396
3901, 0.1236, 0.394
3902, 0.0852, 0.398
3903, 0.0688, 0.402
3904, 0.1112, 0.395
3905, 0.0928, 0.392
3906, 0.0979, 0.395
3907, 0.1549, 0.396
3908, 0.1084, 0.396
3909, 0.1001, 0.400
3910, 0.1818, 0.392
3911, 0.1288, 0.393
3912, 0.0442, 0.391
3913, 0.1932, 0.402
3914, 0.1255, 0.401
3915, 0.1123, 0.408
3916, 0.1054, 0.400
3917, 0.1207, 0.399
3918, 0.1611, 0.405
3919, 0.1581, 0.402
3920, 0.1658, 0.396
3921, 0.1201, 0.395
3922, 0.1101, 0.411
3923, 0.1583, 0.399
3924, 0.1327, 0.397
3925, 0.1413, 0.392
3926, 0.1697, 0.389
3927, 0.1485, 0.391
3928, 0.0722, 0.399
3929, 0.1758, 0.398
3930, 0.1336, 0.391
3931, 0.1729, 0.391
3932, 0.1410, 0.394
3933, 0.1381, 0.391
3934, 0.1417, 0.390
3935, 0.0801, 0.390
3936, 0.1027, 0.409
3937, 0.1177, 0.390
3938, 0.1361, 0.396
3939, 0.1226, 0.403
3940, 0.1813, 0.439
3941, 0.0926, 0.424
3942, 0.1001, 0.396
3943, 0.0993, 0.398
3944, 0.1155, 0.402
3945, 0.1504, 0.427
3946, 0.1093, 0.394
3947, 0.1452, 0.391
3948, 0.0585, 0.392
3949, 0.0988, 0.399
3950, 0.1570, 0.399
3951, 0.0997, 0.402
3952, 0.1810, 0.398
3953, 0.1528, 0.399
3954, 0.0645, 0.403
3955, 0.1330, 0.390
3956, 0.1422, 0.393
3957, 0.0983, 0.402
3958, 0.1325, 0.620
3959, 0.2218, 0.404
3960, 0.1091, 0.401
3961, 0.2010, 0.393
3962, 0.1267, 0.409
3963, 0.0801, 0.387
3964, 0.0869, 0.389
3965, 0.1334, 0.387
3966, 0.1147, 0.414
3967, 0.1253, 0.393
3968, 0.1843, 0.396
3969, 0.1577, 0.401
3970, 0.0899, 0.400
3971, 0.1751, 0.390
3972, 0.0912, 0.393
3973, 0.1437, 0.399
3974, 0.2221, 0.436
3975, 0.1621, 0.400
3976, 0.0858, 0.390
3977, 0.0884, 0.403
3978, 0.0955, 0.401
3979, 0.1903, 0.396
3980, 0.2093, 0.395
3981, 0.0623, 0.400
3982, 0.1217, 0.412
3983, 0.1007, 0.388
3984, 0.2018, 0.391
3985, 0.1924, 0.395
3986, 0.1222, 0.396
3987, 0.1243, 0.397
3988, 0.1069, 0.400
3989, 0.0714, 0.397
3990, 0.1278, 0.496
3991, 0.1593, 0.397
3992, 0.1289, 0.393
3993, 0.1272, 0.399
3994, 0.1402, 0.392
3995, 0.0969, 0.409
3996, 0.0970, 0.390
3997, 0.0748, 0.392
3998, 0.1130, 0.391
3999, 0.2173, 0.386
4000, 0.1153, 0.392
4001, 0.1211, 0.386
4002, 0.2393, 0.394
4003, 0.1132, 0.402
4004, 0.2363, 0.398
4005, 0.1876, 0.395
4006, 0.1973, 0.405
4007, 0.1571, 0.411
4008, 0.1207, 0.406
4009, 0.1465, 0.414
4010, 0.1174, 0.400
4011, 0.1114, 0.393
4012, 0.1164, 0.396
4013, 0.1364, 0.414
4014, 0.1356, 0.399
4015, 0.1344, 0.394
4016, 0.1272, 0.390
4017, 0.0604, 0.404
4018, 0.0869, 0.450
4019, 0.1518, 0.388
4020, 0.0988, 0.395
4021, 0.1160, 0.406
4022, 0.1161, 0.402
4023, 0.1001, 0.455
4024, 0.1863, 0.434
4025, 0.1175, 0.440
4026, 0.1393, 0.437
4027, 0.0915, 0.400
4028, 0.1414, 0.390
4029, 0.0848, 0.389
4030, 0.0855, 0.386
4031, 0.0718, 0.384
4032, 0.1543, 0.371
4033, 0.1390, 0.375
4034, 0.1564, 0.373
4035, 0.1513, 0.375
4036, 0.1445, 0.377
4037, 0.1044, 0.375
4038, 0.1454, 0.374
4039, 0.1458, 2.628
4040, 0.1689, 0.379
4041, 0.0877, 0.378
4042, 0.1392, 0.468
4043, 0.0921, 0.381
4044, 0.0547, 0.384
4045, 0.0983, 0.374
4046, 0.1482, 0.373
4047, 0.0924, 0.377
4048, 0.1330, 0.377
4049, 0.1454, 0.850
4050, 0.1682, 1.222
4051, 0.1012, 0.394
4052, 0.1445, 0.402
4053, 0.1102, 0.396
4054, 0.1475, 0.390
4055, 0.1105, 0.394
4056, 0.1146, 0.392
4057, 0.1546, 0.394
4058, 0.1237, 0.403
4059, 0.1752, 0.400
4060, 0.1290, 0.393
4061, 0.1258, 0.391
4062, 0.1596, 0.389
4063, 0.1954, 0.386
4064, 0.1190, 0.389
4065, 0.1376, 0.388
4066, 0.0553, 0.390
4067, 0.2075, 0.396
4068, 0.1362, 0.395
4069, 0.1003, 0.392
4070, 0.0722, 0.395
4071, 0.1320, 0.392
4072, 0.0597, 0.393
4073, 0.0714, 0.395
4074, 0.1011, 0.391
4075, 0.1347, 0.391
4076, 0.0624, 0.395
4077, 0.1540, 0.390
4078, 0.0979, 0.390
4079, 0.1457, 0.387
4080, 0.0935, 0.391
4081, 0.0630, 0.390
4082, 0.1501, 0.392
4083, 0.1305, 0.392
4084, 0.1786, 0.391
4085, 0.0962, 0.400
4086, 0.1487, 0.391
4087, 0.1048, 0.391
4088, 0.0677, 0.395
4089, 0.1067, 0.394
4090, 0.1531, 0.392
4091, 0.1546, 0.390
4092, 0.0731, 0.391
4093, 0.1306, 0.390
4094, 0.1142, 0.389
4095, 0.1292, 0.388
4096, 0.1172, 0.388
4097, 0.1161, 0.391
4098, 0.1214, 0.391
4099, 0.1060, 0.397
4100, 0.1058, 0.399
4101, 0.1435, 0.395
4102, 0.1150, 0.394
4103, 0.0941, 0.398
4104, 0.0743, 0.393
4105, 0.1124, 0.392
4106, 0.1303, 0.390
4107, 0.1160, 0.391
4108, 0.1151, 0.710
4109, 0.0966, 0.390
4110, 0.1153, 0.390
4111, 0.1894, 0.388
4112, 0.1156, 0.392
4113, 0.1371, 0.387
4114, 0.1643, 0.406
4115, 0.1283, 0.408
4116, 0.0795, 0.401
4117, 0.0898, 0.395
4118, 0.1419, 0.393
4119, 0.1257, 0.401
4120, 0.0955, 0.399
4121, 0.1231, 0.388
4122, 0.1602, 0.392
4123, 0.1951, 0.399
4124, 0.1646, 0.394
4125, 0.1146, 0.396
4126, 0.1626, 0.396
4127, 0.1969, 0.392
4128, 0.1666, 0.398
4129, 0.1354, 0.390
4130, 0.1327, 0.391
4131, 0.1550, 0.387
4132, 0.1679, 0.390
4133, 0.1221, 0.391
4134, 0.1219, 0.394
4135, 0.1153, 0.389
4136, 0.1207, 0.389
4137, 0.1496, 0.388
4138, 0.0893, 0.391
4139, 0.0828, 0.393
4140, 0.1287, 0.396
4141, 0.0840, 0.391
4142, 0.0678, 0.392
4143, 0.1008, 0.402
4144, 0.0710, 0.389
4145, 0.1713, 0.389
4146, 0.0640, 0.392
4147, 0.1491, 0.396
4148, 0.1866, 0.403
4149, 0.1781, 0.391
4150, 0.1023, 0.390
4151, 0.1001, 0.388
4152, 0.0853, 0.389
4153, 0.1955, 0.422
4154, 0.0891, 0.402
4155, 0.0712, 0.396
4156, 0.1193, 0.389
4157, 0.0613, 0.392
4158, 0.1474, 0.387
4159, 0.1186, 0.394
4160, 0.2229, 0.407
4161, 0.0441, 0.395
4162, 0.0843, 0.396
4163, 0.1815, 0.397
4164, 0.1761, 0.388
4165, 0.0541, 0.393
4166, 0.1234, 0.395
4167, 0.1120, 0.433
4168, 0.1315, 0.432
4169, 0.1467, 0.452
4170, 0.1588, 0.443
4171, 0.1304, 0.461
4172, 0.1883, 0.450
4173, 0.1238, 0.454
4174, 0.1851, 0.447
4175, 0.1395, 0.429
4176, 0.1688, 0.427
4177, 0.1267, 0.438
4178, 0.0401, 0.459
4179, 0.0986, 0.458
4180, 0.0816, 0.459
4181, 0.1055, 0.464
4182, 0.0966, 0.444
4183, 0.1737, 0.426
4184, 0.1872, 0.441
4185, 0.1271, 0.438
4186, 0.0985, 0.430
4187, 0.2238, 0.461
4188, 0.1446, 0.456
4189, 0.1702, 0.456
4190, 0.0882, 0.446
4191, 0.1241, 0.443
4192, 0.1359, 0.462
4193, 0.1709, 0.436
4194, 0.0897, 0.434
4195, 0.1229, 0.434
4196, 0.1288, 0.434
4197, 0.1571, 0.430
4198, 0.2008, 0.429
4199, 0.1071, 0.427
4200, 0.0750, 1.282
4201, 0.1115, 0.486
4202, 0.1102, 0.379
4203, 0.0833, 0.642
4204, 0.1940, 0.799
4205, 0.1213, 0.380
4206, 0.2007, 0.395
4207, 0.0966, 0.391
4208, 0.1238, 0.397
4209, 0.1197, 0.395
4210, 0.1217, 0.397
4211, 0.1096, 0.398
4212, 0.1667, 0.394
4213, 0.1285, 0.390
4214, 0.0360, 0.391
4215, 0.0797, 0.387
4216, 0.0882, 0.403
4217, 0.1365, 0.497
4218, 0.1609, 0.401
4219, 0.1154, 0.393
4220, 0.1523, 0.392
4221, 0.1038, 0.389
4222, 0.0862, 0.391
4223, 0.0850, 0.409
4224, 0.1264, 0.397
4225, 0.1057, 0.390
4226, 0.1339, 0.391
4227, 0.1170, 0.422
4228, 0.2111, 0.401
4229, 0.0837, 0.404
4230, 0.0613, 0.393
4231, 0.0910, 0.390
4232, 0.1669, 0.432
4233, 0.1303, 0.386
4234, 0.1364, 0.397
4235, 0.1255, 0.401
4236, 0.1557, 0.391
4237, 0.1619, 0.397
4238, 0.0924, 0.391
4239, 0.0703, 0.394
4240, 0.0616, 0.400
4241, 0.1042, 0.399
4242, 0.0926, 0.396
4243, 0.1640, 0.406
4244, 0.1621, 0.397
4245, 0.1873, 0.390
4246, 0.1369, 0.390
4247, 0.1346, 0.392
4248, 0.1220, 0.391
4249, 0.1404, 0.395
4250, 0.0616, 0.397
4251, 0.0839, 0.397
4252, 0.0880, 0.394
4253, 0.1483, 0.424
4254, 0.1355, 0.392
4255, 0.1475, 0.391
4256, 0.1527, 0.391
4257, 0.1459, 0.391
4258, 0.0378, 0.399
4259, 0.1744, 0.538
4260, 0.1236, 0.428
4261, 0.1561, 0.427
4262, 0.0859, 0.419
4263, 0.0592, 0.590
4264, 0.1011, 0.397
4265, 0.1138, 0.400
4266, 0.1753, 0.387
4267, 0.1074, 0.392
4268, 0.1293, 0.407
4269, 0.0853, 0.404
4270, 0.1286, 0.407
4271, 0.0481, 0.401
4272, 0.2038, 0.395
4273, 0.2261, 0.412
4274, 0.1377, 0.399
4275, 0.1192, 0.398
4276, 0.1014, 0.401
4277, 0.0768, 0.399
4278, 0.1570, 0.397
4279, 0.2196, 0.392
4280, 0.1584, 0.405
4281, 0.1713, 0.391
4282, 0.1140, 0.402
4283, 0.0858, 0.406
4284, 0.1405, 0.398
4285, 0.1790, 0.394
4286, 0.1576, 0.386
4287, 0.1425, 0.397
4288, 0.0847, 0.398
4289, 0.1078, 0.391
4290, 0.1663, 0.389
4291, 0.1083, 0.388
4292, 0.1449, 0.398
4293, 0.1324, 0.396
4294, 0.1076, 0.403
4295, 0.1312, 0.397
4296, 0.1219, 0.392
4297, 0.0781, 0.392
4298, 0.1128, 0.388
4299, 0.1081, 0.391
4300, 0.1135, 0.397
4301, 0.1113, 0.390
4302, 0.0982, 0.399
4303, 0.1487, 0.395
4304, 0.1682, 0.722
4305, 0.1359, 0.395
4306, 0.1227, 0.391
4307, 0.1354, 0.386
4308, 0.1803, 0.393
4309, 0.1354, 0.407
4310, 0.2027, 0.411
4311, 0.1054, 0.410
4312, 0.1288, 0.393
4313, 0.1519, 0.395
4314, 0.1246, 0.395
4315, 0.1413, 0.391
4316, 0.1212, 0.410
4317, 0.1622, 0.403
4318, 0.1119, 0.393
4319, 0.1282, 0.398
4320, 0.0904, 0.392
4321, 0.1598, 0.389
4322, 0.1921, 0.395
4323, 0.1849, 0.392
4324, 0.1228, 0.397
4325, 0.1594, 0.392
4326, 0.1379, 0.399
4327, 0.1775, 0.402
4328, 0.1837, 0.387
4329, 0.1305, 0.391
4330, 0.2007, 0.390
4331, 0.1201, 0.392
4332, 0.1396, 0.394
4333, 0.1085, 0.391
4334, 0.1024, 0.392
4335, 0.1057, 0.399
4336, 0.1711, 0.391
4337, 0.1577, 0.393
4338, 0.1059, 0.395
4339, 0.1298, 0.393
4340, 0.0979, 0.395
4341, 0.1465, 0.395
4342, 0.0759, 0.391
4343, 0.1024, 0.394
4344, 0.1289, 0.397
4345, 0.1548, 0.401
4346, 0.1179, 0.402
4347, 0.0868, 0.391
4348, 0.1545, 0.386
4349, 0.1472, 0.389
4350, 0.2178, 0.389
4351, 0.1239, 0.375
4352, 0.1878, 0.376
4353, 0.1881, 0.375
4354, 0.1258, 0.375
4355, 0.1416, 0.377
4356, 0.1819, 0.374
4357, 0.1509, 0.373
4358, 0.1282, 3.641
4359, 0.2139, 0.758
4360, 0.1178, 0.380
4361, 0.1807, 0.390
4362, 0.1486, 0.644
4363, 0.2005, 0.397
4364, 0.1526, 0.395
4365, 0.1180, 0.394
4366, 0.1673, 0.395
4367, 0.1119, 0.397
4368, 0.1150, 0.402
4369, 0.1258, 0.412
4370, 0.1058, 0.428
4371, 0.2023, 0.400
4372, 0.1279, 0.388
4373, 0.0924, 0.388
4374, 0.1466, 0.390
4375, 0.0887, 0.391
4376, 0.1219, 0.391
4377, 0.1553, 0.391
4378, 0.0938, 0.398
4379, 0.1141, 0.394
4380, 0.0616, 0.393
4381, 0.0829, 0.395
4382, 0.1263, 0.394
4383, 0.1702, 0.390
4384, 0.2014, 0.384
4385, 0.1797, 0.391
4386, 0.1425, 0.409
4387, 0.1540, 0.408
4388, 0.1227, 0.391
4389, 0.1636, 0.396
4390, 0.0747, 0.404
4391, 0.0777, 0.413
4392, 0.0717, 0.402
4393, 0.2525, 0.398
4394, 0.2446, 0.390
4395, 0.1076, 0.396
4396, 0.1862, 0.393
4397, 0.0633, 0.396
4398, 0.1075, 0.410
4399, 0.1499, 0.400
4400, 0.1840, 0.391
4401, 0.1136, 0.382
4402, 0.1183, 0.392
4403, 0.0861, 0.406
4404, 0.1994, 0.399
4405, 0.1190, 0.399
4406, 0.1208, 0.398
4407, 0.1744, 0.399
4408, 0.1295, 0.396
4409, 0.2111, 0.396
4410, 0.1367, 0.393
4411, 0.1036, 0.410
4412, 0.1201, 0.401
4413, 0.1198, 0.401
4414, 0.1443, 0.394
4415, 0.1592, 0.391
4416, 0.1702, 0.394
4417, 0.1408, 0.442
4418, 0.0951, 0.397
4419, 0.0929, 0.392
4420, 0.1189, 0.391
4421, 0.1073, 0.409
4422, 0.1451, 0.397
4423, 0.0753, 0.389
4424, 0.0973, 0.447
4425, 0.1444, 0.429
4426, 0.2103, 0.386
4427, 0.1236, 0.394
4428, 0.1399, 0.395
4429, 0.0754, 0.391
4430, 0.1017, 0.408
4431, 0.0921, 0.387
4432, 0.0974, 0.391
4433, 0.1570, 0.387
4434, 0.1257, 0.386
4435, 0.1275, 0.391
4436, 0.1323, 0.402
4437, 0.1108, 0.393
4438, 0.1809, 0.405
4439, 0.0818, 0.401
4440, 0.1190, 0.396
4441, 0.0918, 0.388
4442, 0.1850, 0.385
4443, 0.1636, 0.393
4444, 0.1708, 0.386
4445, 0.1091, 0.386
4446, 0.1104, 0.389
4447, 0.1355, 0.398
4448, 0.1018, 0.399
4449, 0.1071, 0.396
4450, 0.0609, 0.394
4451, 0.0537, 0.391
4452, 0.0971, 0.389
4453, 0.1453, 0.391
4454, 0.1071, 0.389
4455, 0.0960, 0.392
4456, 0.1582, 0.389
4457, 0.1037, 0.391
4458, 0.1564, 0.386
4459, 0.1489, 0.385
4460, 0.1715, 0.385
4461, 0.1320, 0.383
4462, 0.1108, 0.387
4463, 0.1552, 0.393
4464, 0.1361, 0.400
4465, 0.0671, 0.389
4466, 0.1644, 0.398
4467, 0.1411, 0.399
4468, 0.1167, 0.396
4469, 0.1212, 0.396
4470, 0.1378, 0.387
4471, 0.1764, 0.388
4472, 0.0912, 0.396
4473, 0.1484, 0.404
4474, 0.0698, 0.398
4475, 0.1350, 0.392
4476, 0.1736, 0.390
4477, 0.1298, 0.388
4478, 0.1760, 0.395
4479, 0.2050, 0.403
4480, 0.1337, 0.390
4481, 0.1494, 0.391
4482, 0.1221, 0.389
4483, 0.1532, 0.389
4484, 0.1355, 0.387
4485, 0.1841, 0.391
4486, 0.1789, 0.392
4487, 0.0561, 0.392
4488, 0.1374, 0.389
4489, 0.0965, 0.395
4490, 0.1362, 0.393
4491, 0.2031, 0.393
4492, 0.0332, 0.388
4493, 0.1484, 0.396
4494, 0.0998, 0.393
4495, 0.1257, 0.393
4496, 0.1054, 0.396
4497, 0.1233, 0.389
4498, 0.1973, 0.393
4499, 0.1439, 0.393
4500, 0.0788, 0.394
4501, 0.1523, 0.403
4502, 0.0995, 0.399
4503, 0.1489, 0.403
4504, 0.1177, 0.390
4505, 0.0793, 0.391
4506, 0.1402, 0.386
4507, 0.1683, 0.385
4508, 0.1243, 0.396
4509, 0.1894, 0.391
4510, 0.0691, 0.386
4511, 0.0949, 0.387
4512, 0.0914, 0.392
4513, 0.1436, 0.373
4514, 0.1089, 0.375
4515, 0.1258, 0.375
4516, 0.1746, 0.374
4517, 0.1789, 0.372
4518, 0.1082, 0.373
4519, 0.0596, 0.375
4520, 0.0865, 2.759
4521, 0.0690, 0.374
4522, 0.1494, 0.718
4523, 0.2059, 0.378
4524, 0.1368, 0.379
4525, 0.0944, 0.469
4526, 0.1023, 0.376
4527, 0.1076, 0.394
4528, 0.0684, 1.041
4529, 0.1232, 0.410
4530, 0.0851, 0.539
4531, 0.0993, 0.395
4532, 0.1163, 0.395
4533, 0.0778, 0.386
4534, 0.1109, 0.394
4535, 0.1089, 0.390
4536, 0.1267, 0.394
4537, 0.1302, 0.388
4538, 0.0817, 0.390
4539, 0.0959, 0.389
4540, 0.1241, 0.401
4541, 0.0912, 0.402
4542, 0.1648, 0.389
4543, 0.1568, 0.394
4544, 0.2132, 0.392
4545, 0.1402, 0.396
4546, 0.1257, 0.390
4547, 0.1452, 0.394
4548, 0.1365, 0.397
4549, 0.1213, 0.398
4550, 0.1501, 0.402
4551, 0.1308, 0.388
4552, 0.1187, 0.391
4553, 0.0882, 0.388
4554, 0.1413, 0.389
4555, 0.1949, 0.388
4556, 0.1183, 0.387
4557, 0.1231, 0.392
4558, 0.1056, 0.401
4559, 0.1191, 0.399
4560, 0.1632, 0.395
4561, 0.1083, 0.394
4562, 0.1054, 0.398
4563, 0.1529, 0.433
4564, 0.1379, 0.432
4565, 0.0736, 0.404
4566, 0.1250, 0.399
4567, 0.1433, 0.396
4568, 0.1249, 0.391
4569, 0.1320, 0.396
4570, 0.0999, 0.394
4571, 0.1013, 0.396
4572, 0.0855, 0.387
4573, 0.1228, 0.394
4574, 0.1509, 0.393
4575, 0.1366, 0.396
4576, 0.1077, 0.395
4577, 0.1007, 0.389
4578, 0.1314, 0.397
4579, 0.1232, 0.388
4580, 0.1939, 0.393
4581, 0.1412, 0.389
4582, 0.1579, 0.397
4583, 0.1265, 0.394
4584, 0.1541, 0.396
4585, 0.1699, 0.402
4586, 0.1223, 0.394
4587, 0.1870, 0.397
4588, 0.1151, 0.394
4589, 0.0815, 0.395
4590, 0.0782, 0.389
4591, 0.0965, 0.392
4592, 0.0907, 0.397
4593, 0.0670, 0.394
4594, 0.1036, 0.396
4595, 0.1318, 0.398
4596, 0.0902, 0.392
4597, 0.1784, 0.430
4598, 0.1196, 0.440
4599, 0.1903, 0.516
4600, 0.1241, 0.453
4601, 0.1923, 0.391
4602, 0.1306, 0.396
4603, 0.1517, 0.394
4604, 0.1150, 0.390
4605, 0.1355, 0.395
4606, 0.0940, 0.392
4607, 0.1603, 0.394
4608, 0.1599, 0.393
4609, 0.0982, 0.395
4610, 0.1398, 0.394
4611, 0.1551, 0.401
4612, 0.1321, 0.389
4613, 0.0950, 0.400
4614, 0.1922, 0.423
4615, 0.0834, 0.405
4616, 0.1021, 0.477
4617, 0.1548, 0.391
4618, 0.1721, 0.394
4619, 0.0879, 0.394
4620, 0.1525, 0.406
4621, 0.1216, 0.405
4622, 0.1558, 0.393
4623, 0.0869, 0.393
4624, 0.0993, 0.394
4625, 0.1403, 0.403
4626, 0.1564, 0.404
4627, 0.1516, 0.399
4628, 0.1815, 0.393
4629, 0.1156, 0.388
4630, 0.0977, 0.391
4631, 0.1359, 0.392
4632, 0.1205, 0.389
4633, 0.1691, 0.393
4634, 0.0670, 0.396
4635, 0.1017, 0.399
4636, 0.1532, 0.406
4637, 0.0982, 0.404
4638, 0.1323, 0.394
4639, 0.0885, 0.406
4640, 0.2299, 0.401
4641, 0.1033, 0.394
4642, 0.1629, 0.392
4643, 0.1076, 0.924
4644, 0.1302, 0.394
4645, 0.1040, 0.576
4646, 0.1037, 0.389
4647, 0.0815, 0.395
4648, 0.1942, 0.392
4649, 0.1133, 0.396
4650, 0.1074, 0.398
4651, 0.0982, 0.385
4652, 0.0924, 0.390
4653, 0.0837, 0.393
4654, 0.1207, 0.393
4655, 0.1157, 0.392
4656, 0.1037, 0.396
4657, 0.1101, 0.388
4658, 0.1427, 0.392
4659, 0.1124, 0.399
4660, 0.1327, 0.405
4661, 0.1483, 0.389
4662, 0.0990, 0.388
4663, 0.1295, 0.389
4664, 0.2253, 0.390
4665, 0.1555, 0.385
4666, 0.1243, 0.385
4667, 0.1328, 0.374
4668, 0.1354, 0.374
4669, 0.1013, 0.371
4670, 0.1218, 0.371
4671, 0.1411, 0.375
4672, 0.0731, 0.370
4673, 0.1062, 0.372
4674, 0.1434, 2.607
4675, 0.1571, 0.375
4676, 0.0822, 0.495
4677, 0.1233, 0.376
4678, 0.1363, 0.372
4679, 0.1798, 0.372
4680, 0.1510, 1.121
4681, 0.0541, 0.394
4682, 0.1544, 0.390
4683, 0.1884, 0.396
4684, 0.1432, 0.391
4685, 0.1761, 0.400
4686, 0.1724, 0.403
4687, 0.1542, 0.394
4688, 0.1667, 0.396
4689, 0.1625, 0.392
4690, 0.1069, 0.394
4691, 0.1556, 0.393
4692, 0.1315, 0.389
4693, 0.1752, 0.383
4694, 0.1335, 0.395
4695, 0.1334, 0.388
4696, 0.0997, 0.390
4697, 0.0895, 0.399
4698, 0.0821, 0.395
4699, 0.1605, 0.388
4700, 0.1449, 0.386
4701, 0.1485, 0.390
4702, 0.1482, 0.387
4703, 0.1024, 0.391
4704, 0.1177, 0.390
4705, 0.0939, 0.390
4706, 0.1213, 0.386
4707, 0.0825, 0.394
4708, 0.1136, 0.388
4709, 0.1190, 0.394
4710, 0.0807, 0.397
4711, 0.1005, 0.394
4712, 0.1114, 0.401
4713, 0.1854, 0.409
4714, 0.1722, 0.392
4715, 0.1440, 0.390
4716, 0.1441, 0.391
4717, 0.1385, 0.397
4718, 0.1532, 0.405
4719, 0.1697, 0.393
4720, 0.0561, 0.384
4721, 0.1229, 0.392
4722, 0.1052, 0.397
4723, 0.1115, 0.386
4724, 0.1057, 0.392
4725, 0.2044, 0.391
4726, 0.1107, 0.394
4727, 0.1057, 0.389
4728, 0.0887, 0.396
4729, 0.0854, 0.400
4730, 0.1067, 0.396
4731, 0.1878, 0.397
4732, 0.1538, 0.397
4733, 0.0965, 0.389
4734, 0.1449, 0.396
4735, 0.1221, 0.404
4736, 0.1059, 0.406
4737, 0.0686, 0.409
4738, 0.1392, 0.398
4739, 0.1151, 0.397
4740, 0.1426, 0.390
4741, 0.0891, 0.390
4742, 0.1843, 0.390
4743, 0.2302, 0.390
4744, 0.1363, 0.390
4745, 0.0949, 0.385
4746, 0.1443, 0.384
4747, 0.1501, 0.384
4748, 0.1912, 0.386
4749, 0.1408, 0.387
4750, 0.1474, 0.384
4751, 0.0588, 0.388
4752, 0.0842, 0.387
4753, 0.1071, 0.395
4754, 0.1149, 0.395
4755, 0.1605, 0.392
4756, 0.0974, 0.426
4757, 0.1308, 0.393
4758, 0.1210, 0.393
4759, 0.0877, 0.421
4760, 0.0854, 0.427
4761, 0.1181, 0.426
4762, 0.1469, 0.393
4763, 0.1455, 0.387
4764, 0.1172, 0.393
4765, 0.1658, 0.428
4766, 0.0650, 0.437
4767, 0.0990, 0.451
4768, 0.1692, 0.471
4769, 0.1599, 0.460
4770, 0.1464, 0.462
4771, 0.1350, 0.511
4772, 0.1674, 0.446
4773, 0.1621, 0.453
4774, 0.1187, 0.468
4775, 0.1539, 0.454
4776, 0.1462, 0.453
4777, 0.1079, 0.403
4778, 0.1212, 0.396
4779, 0.1312, 0.399
4780, 0.1747, 0.395
4781, 0.1127, 0.395
4782, 0.1005, 0.400
4783, 0.1400, 0.406
4784, 0.1475, 0.409
4785, 0.2935, 0.399
4786, 0.1428, 0.396
4787, 0.1412, 0.389
4788, 0.1026, 0.397
4789, 0.1153, 0.404
4790, 0.1631, 0.399
4791, 0.1147, 0.402
4792, 0.1347, 0.412
4793, 0.1857, 0.403
4794, 0.1008, 0.398
4795, 0.1381, 0.396
4796, 0.1872, 0.389
4797, 0.1755, 0.391
4798, 0.1668, 0.398
4799, 0.1078, 0.384
4800, 0.1964, 0.389
4801, 0.1753, 0.381
4802, 0.0644, 0.382
4803, 0.0890, 0.397
4804, 0.1291, 1.091
4805, 0.1704, 0.399
4806, 0.1455, 0.396
4807, 0.1542, 0.388
4808, 0.1762, 0.396
4809, 0.1332, 0.415
4810, 0.1872, 0.434
4811, 0.1035, 0.738
4812, 0.1578, 0.403
4813, 0.1048, 0.399
4814, 0.0926, 0.422
4815, 0.1324, 0.414
4816, 0.1085, 0.418
4817, 0.0752, 0.438
4818, 0.1072, 0.391
4819, 0.1766, 0.383
4820, 0.0912, 0.385
4821, 0.1259, 0.382
4822, 0.1206, 0.388
4823, 0.2557, 0.389
4824, 0.0940, 0.374
4825, 0.1202, 0.380
4826, 0.0830, 0.374
4827, 0.1388, 0.376
4828, 0.1164, 0.374
4829, 0.1640, 0.373
4830, 0.1032, 0.373
4831, 0.0961, 2.183
4832, 0.1893, 1.509
4833, 0.1399, 0.402
4834, 0.1335, 0.381
4835, 0.1565, 0.379
4836, 0.1285, 0.381
4837, 0.0970, 0.396
4838, 0.1329, 0.397
4839, 0.1514, 0.391
4840, 0.0986, 0.423
4841, 0.1430, 0.386
4842, 0.1380, 0.401
4843, 0.1493, 0.392
4844, 0.1950, 0.390
4845, 0.1013, 0.392
4846, 0.1109, 0.391
4847, 0.1446, 0.397
4848, 0.1004, 0.400
4849, 0.1467, 0.394
4850, 0.1057, 0.392
4851, 0.1463, 0.389
4852, 0.0705, 0.397
4853, 0.0761, 0.404
4854, 0.1150, 0.397
4855, 0.1216, 0.389
4856, 0.1355, 0.391
4857, 0.1230, 0.395
4858, 0.1472, 0.406
4859, 0.1721, 0.392
4860, 0.0732, 0.546
4861, 0.1293, 0.393
4862, 0.1569, 0.394
4863, 0.0968, 0.391
4864, 0.1590, 0.399
4865, 0.0899, 0.402
4866, 0.1061, 0.723
4867, 0.1608, 0.621
4868, 0.1611, 0.393
4869, 0.1484, 0.411
4870, 0.0892, 0.391
4871, 0.2152, 0.392
4872, 0.1353, 0.394
4873, 0.1014, 0.392
4874, 0.1564, 0.396
4875, 0.1783, 0.393
4876, 0.1008, 0.389
4877, 0.1829, 0.389
4878, 0.1690, 0.405
4879, 0.1716, 0.391
4880, 0.1191, 0.395
4881, 0.1272, 0.390
4882, 0.1955, 0.404
4883, 0.1744, 0.394
4884, 0.1934, 0.391
4885, 0.1205, 0.395
4886, 0.1338, 0.393
4887, 0.1443, 0.406
4888, 0.1353, 0.396
4889, 0.0609, 0.399
4890, 0.2783, 0.392
4891, 0.1228, 0.395
4892, 0.1438, 0.398
4893, 0.2407, 0.400
4894, 0.0707, 0.408
4895, 0.1657, 0.393
4896, 0.0697, 0.386
4897, 0.1147, 0.394
4898, 0.1260, 0.393
4899, 0.2471, 0.393
4900, 0.1477, 0.393
4901, 0.1770, 0.394
4902, 0.1534, 0.395
4903, 0.1792, 0.395
4904, 0.0679, 0.399
4905, 0.0791, 0.392
4906, 0.1532, 0.393
4907, 0.1322, 0.391
4908, 0.2009, 0.391
4909, 0.1807, 0.389
4910, 0.1621, 0.402
4911, 0.1855, 0.402
4912, 0.0450, 0.406
4913, 0.0339, 0.409
4914, 0.1488, 0.396
4915, 0.1000, 0.395
4916, 0.1685, 0.424
4917, 0.1501, 0.397
4918, 0.1784, 0.391
4919, 0.1047, 0.400
4920, 0.1652, 0.405
4921, 0.1732, 0.391
4922, 0.1045, 0.392
4923, 0.1572, 0.410
4924, 0.2247, 0.403
4925, 0.1813, 0.399
4926, 0.0954, 0.401
4927, 0.1388, 0.399
4928, 0.1215, 0.392
4929, 0.0233, 0.396
4930, 0.1204, 0.393
4931, 0.0748, 0.392
4932, 0.1465, 0.391
4933, 0.1687, 0.391
4934, 0.1361, 0.399
4935, 0.1833, 0.397
4936, 0.1215, 0.406
4937, 0.1361, 0.393
4938, 0.0888, 0.393
4939, 0.1489, 0.396
4940, 0.1316, 0.394
4941, 0.1726, 0.396
4942, 0.2346, 0.391
4943, 0.1054, 0.395
4944, 0.1336, 0.394
4945, 0.1482, 0.392
4946, 0.0643, 0.393
4947, 0.1604, 0.387
4948, 0.1283, 0.401
4949, 0.1087, 0.394
4950, 0.1189, 0.399
4951, 0.0827, 0.395
4952, 0.1235, 0.427
4953, 0.1017, 0.404
4954, 0.0933, 0.393
4955, 0.0529, 0.388
4956, 0.1351, 0.402
4957, 0.1248, 0.392
4958, 0.1550, 0.393
4959, 0.1413, 0.391
4960, 0.1243, 0.389
4961, 0.2318, 0.394
4962, 0.0721, 0.391
4963, 0.1049, 0.397
4964, 0.0810, 0.390
4965, 0.1215, 0.402
4966, 0.1315, 0.392
4967, 0.0953, 0.390
4968, 0.1412, 0.390
4969, 0.1679, 0.389
4970, 0.0790, 0.394
4971, 0.1037, 0.408
4972, 0.0994, 0.396
4973, 0.1510, 0.391
4974, 0.1105, 0.394
4975, 0.0924, 0.406
4976, 0.0766, 0.404
4977, 0.1571, 0.394
4978, 0.0607, 0.392
4979, 0.1278, 0.382
4980, 0.0688, 0.388
4981, 0.1022, 0.387
4982, 0.0826, 0.387
4983, 0.0759, 0.399
4984, 0.0865, 0.404
4985, 0.1204, 0.405
4986, 0.0933, 0.423
4987, 0.1166, 0.645
4988, 0.1603, 0.370
4989, 0.1169, 0.371
4990, 0.1691, 0.387
4991, 0.1466, 0.392
4992, 0.1289, 0.372
4993, 0.1017, 0.371
4994, 0.0880, 1.058
4995, 0.0570, 0.546
4996, 0.1223, 0.378
4997, 0.1789, 0.481
4998, 0.1824, 0.405
4999, 0.1276, 0.396
5000, 0.1130, 0.401
